customerID,SeniorCitizen,tenure,MonthlyCharges,TotalCharges,gender_Female,gender_Male,Partner_No,Partner_Yes,Dependents_No,Dependents_Yes,PhoneService_No,PhoneService_Yes,MultipleLines_No,MultipleLines_No phone service,MultipleLines_Yes,InternetService_DSL,InternetService_Fiber optic,InternetService_No,OnlineSecurity_No,OnlineSecurity_No internet service,OnlineSecurity_Yes,OnlineBackup_No,OnlineBackup_No internet service,OnlineBackup_Yes,DeviceProtection_No,DeviceProtection_No internet service,DeviceProtection_Yes,TechSupport_No,TechSupport_No internet service,TechSupport_Yes,StreamingTV_No,StreamingTV_No internet service,StreamingTV_Yes,StreamingMovies_No,StreamingMovies_No internet service,StreamingMovies_Yes,Contract_Month-to-month,Contract_One year,Contract_Two year,PaperlessBilling_No,PaperlessBilling_Yes,PaymentMethod_Bank transfer (automatic),PaymentMethod_Credit card (automatic),PaymentMethod_Electronic check,PaymentMethod_Mailed check,Churn_No,Churn_Yes,Qtd_Servicos_Contratados,CategoriaTempoContrato_Curto,CategoriaTempoContrato_Longo,CategoriaTempoContrato_Médio,GastoMedioMensal,CategoriaTempoContrato_Curto,CategoriaTempoContrato_Longo,CategoriaTempoContrato_Médio,CategoriaTempoContrato_Curto,CategoriaTempoContrato_Longo,CategoriaTempoContrato_Médio,CategoriaTempoContrato_Curto,CategoriaTempoContrato_Longo,CategoriaTempoContrato_Médio
7590-VHVEG,0,-1.2774445836787656,-1.1603229160349193,-0.9941940877241975,1.0,0.0,0.0,1.0,1.0,0.0,1.0,0.0,0.0,1.0,0.0,1.0,0.0,0.0,1.0,0.0,0.0,0.0,0.0,1.0,1.0,0.0,0.0,1.0,0.0,0.0,1.0,0.0,0.0,1.0,0.0,0.0,1.0,0.0,0.0,0.0,1.0,0.0,0.0,1.0,0.0,1.0,0.0,2.0,1.0,0.0,0.0,0.7782678798176375,1.0,0.0,0.0,1.0,0.0,0.0,1.0,0.0,0.0
5575-GNVDE,0,0.06632741908223598,-0.2596289419448806,-0.17373981825040702,0.0,1.0,1.0,0.0,1.0,0.0,0.0,1.0,1.0,0.0,0.0,1.0,0.0,0.0,0.0,0.0,1.0,1.0,0.0,0.0,0.0,0.0,1.0,1.0,0.0,0.0,1.0,0.0,0.0,1.0,0.0,0.0,0.0,1.0,0.0,1.0,0.0,0.0,0.0,0.0,1.0,1.0,0.0,4.0,0.0,0.0,1.0,-2.6194267869068733,0.0,0.0,1.0,0.0,0.0,1.0,0.0,0.0,1.0
3668-QPYBK,0,-1.2367242199587352,-0.3626603559551803,-0.9596491092068432,0.0,1.0,1.0,0.0,1.0,0.0,0.0,1.0,1.0,0.0,0.0,1.0,0.0,0.0,0.0,0.0,1.0,0.0,0.0,1.0,1.0,0.0,0.0,1.0,0.0,0.0,1.0,0.0,0.0,1.0,0.0,0.0,1.0,0.0,0.0,0.0,1.0,0.0,0.0,0.0,1.0,0.0,1.0,4.0,1.0,0.0,0.0,0.775960471800951,1.0,0.0,0.0,1.0,0.0,0.0,1.0,0.0,0.0
7795-CFOCW,0,0.5142514200025698,-0.7465354629935549,-0.19524770717404713,0.0,1.0,1.0,0.0,1.0,0.0,1.0,0.0,0.0,1.0,0.0,1.0,0.0,0.0,0.0,0.0,1.0,1.0,0.0,0.0,0.0,0.0,1.0,0.0,0.0,1.0,1.0,0.0,0.0,1.0,0.0,0.0,0.0,1.0,0.0,1.0,0.0,1.0,0.0,0.0,0.0,1.0,0.0,4.0,0.0,1.0,0.0,-0.3796736374069155,0.0,1.0,0.0,0.0,1.0,0.0,0.0,1.0,0.0
9237-HQITU,0,-1.2367242199587352,0.19736523310080326,-0.9404574544749797,1.0,0.0,1.0,0.0,1.0,0.0,0.0,1.0,1.0,0.0,0.0,0.0,1.0,0.0,1.0,0.0,0.0,1.0,0.0,0.0,1.0,0.0,0.0,1.0,0.0,0.0,1.0,0.0,0.0,1.0,0.0,0.0,1.0,0.0,0.0,0.0,1.0,0.0,0.0,1.0,0.0,0.0,1.0,2.0,1.0,0.0,0.0,0.7604423357265205,1.0,0.0,0.0,1.0,0.0,0.0,1.0,0.0,0.0
9305-CDSKC,0,-0.9924020376385531,1.1595456961969886,-0.6453692184426378,1.0,0.0,1.0,0.0,1.0,0.0,0.0,1.0,0.0,0.0,1.0,0.0,1.0,0.0,1.0,0.0,0.0,1.0,0.0,0.0,0.0,0.0,1.0,1.0,0.0,0.0,0.0,0.0,1.0,0.0,0.0,1.0,1.0,0.0,0.0,0.0,1.0,0.0,0.0,1.0,0.0,0.0,1.0,6.0,1.0,0.0,0.0,0.6503102512549359,1.0,0.0,0.0,1.0,0.0,0.0,1.0,0.0,0.0
1452-KIOVK,0,-0.4223169455581282,0.8089065291619363,-0.14731268909089845,0.0,1.0,1.0,0.0,0.0,1.0,0.0,1.0,0.0,0.0,1.0,0.0,1.0,0.0,1.0,0.0,0.0,0.0,0.0,1.0,1.0,0.0,0.0,1.0,0.0,0.0,0.0,0.0,1.0,1.0,0.0,0.0,1.0,0.0,0.0,0.0,1.0,0.0,1.0,0.0,0.0,1.0,0.0,5.0,0.0,0.0,1.0,0.3488202181804759,0.0,0.0,1.0,0.0,0.0,1.0,0.0,0.0,1.0
6713-OKOMC,0,-0.9109613101984924,-1.1636465100352518,-0.8741690378436583,1.0,0.0,1.0,0.0,1.0,0.0,1.0,0.0,0.0,1.0,0.0,1.0,0.0,0.0,0.0,0.0,1.0,1.0,0.0,0.0,1.0,0.0,0.0,1.0,0.0,0.0,1.0,0.0,0.0,1.0,0.0,0.0,1.0,0.0,0.0,1.0,0.0,0.0,0.0,0.0,1.0,1.0,0.0,2.0,1.0,0.0,0.0,0.9596115971743989,1.0,0.0,0.0,1.0,0.0,0.0,1.0,0.0,0.0
7892-POOKP,0,-0.1779947632379461,1.330710787214099,0.3365155445113559,1.0,0.0,0.0,1.0,1.0,0.0,0.0,1.0,0.0,0.0,1.0,0.0,1.0,0.0,1.0,0.0,0.0,1.0,0.0,0.0,0.0,0.0,1.0,0.0,0.0,1.0,0.0,0.0,1.0,0.0,0.0,1.0,1.0,0.0,0.0,0.0,1.0,0.0,0.0,1.0,0.0,0.0,1.0,7.0,0.0,0.0,1.0,-1.8905923881676048,0.0,0.0,1.0,0.0,0.0,1.0,0.0,0.0,1.0
6388-TABGU,0,1.2064976032430856,-0.28621769394753876,0.5314762853391825,0.0,1.0,1.0,0.0,0.0,1.0,0.0,1.0,1.0,0.0,0.0,1.0,0.0,0.0,0.0,0.0,1.0,0.0,0.0,1.0,1.0,0.0,0.0,1.0,0.0,0.0,1.0,0.0,0.0,1.0,0.0,0.0,0.0,1.0,0.0,1.0,0.0,1.0,0.0,0.0,0.0,1.0,0.0,4.0,0.0,1.0,0.0,0.440511679352338,0.0,1.0,0.0,0.0,1.0,0.0,0.0,1.0,0.0
9763-GRSKD,0,-0.7888002190384014,-0.4922805219681379,-0.7481879571842649,0.0,1.0,0.0,1.0,0.0,1.0,0.0,1.0,1.0,0.0,0.0,1.0,0.0,0.0,0.0,0.0,1.0,1.0,0.0,0.0,1.0,0.0,0.0,1.0,0.0,0.0,1.0,0.0,0.0,1.0,0.0,0.0,1.0,0.0,0.0,0.0,1.0,0.0,0.0,0.0,1.0,1.0,0.0,3.0,1.0,0.0,0.0,0.9485138811147321,1.0,0.0,0.0,1.0,0.0,0.0,1.0,0.0,0.0
7469-LKBCI,0,-0.6666391278783103,-1.5225946620711341,-0.8631834699626606,0.0,1.0,1.0,0.0,1.0,0.0,0.0,1.0,1.0,0.0,0.0,0.0,0.0,1.0,0.0,1.0,0.0,0.0,1.0,0.0,0.0,1.0,0.0,0.0,1.0,0.0,0.0,1.0,0.0,0.0,1.0,0.0,0.0,0.0,1.0,1.0,0.0,0.0,1.0,0.0,0.0,1.0,0.0,1.0,1.0,0.0,0.0,1.2948286919639496,1.0,0.0,0.0,1.0,0.0,0.0,1.0,0.0,0.0
8091-TTVAX,0,1.0436161483629645,1.182810854199314,1.4990665744239264,0.0,1.0,0.0,1.0,1.0,0.0,0.0,1.0,0.0,0.0,1.0,0.0,1.0,0.0,1.0,0.0,0.0,1.0,0.0,0.0,0.0,0.0,1.0,1.0,0.0,0.0,0.0,0.0,1.0,0.0,0.0,1.0,0.0,1.0,0.0,1.0,0.0,0.0,1.0,0.0,0.0,1.0,0.0,6.0,0.0,1.0,0.0,1.4364156560583985,0.0,1.0,0.0,0.0,1.0,0.0,0.0,1.0,0.0
0280-XJGEX,0,0.6771328748826912,1.2941512532104444,1.2145888969272467,0.0,1.0,1.0,0.0,1.0,0.0,0.0,1.0,0.0,0.0,1.0,0.0,1.0,0.0,1.0,0.0,0.0,0.0,0.0,1.0,0.0,0.0,1.0,1.0,0.0,0.0,0.0,0.0,1.0,0.0,0.0,1.0,1.0,0.0,0.0,0.0,1.0,1.0,0.0,0.0,0.0,0.0,1.0,7.0,0.0,1.0,0.0,1.7937231258158395,0.0,1.0,0.0,0.0,1.0,0.0,0.0,1.0,0.0
5129-JLPIS,0,-0.30015585439803716,1.3539759452164248,0.17768805707524452,0.0,1.0,1.0,0.0,1.0,0.0,0.0,1.0,1.0,0.0,0.0,0.0,1.0,0.0,0.0,0.0,1.0,1.0,0.0,0.0,0.0,0.0,1.0,0.0,0.0,1.0,0.0,0.0,1.0,0.0,0.0,1.0,1.0,0.0,0.0,0.0,1.0,0.0,0.0,1.0,0.0,1.0,0.0,7.0,0.0,0.0,1.0,-0.591985978189891,0.0,0.0,1.0,0.0,0.0,1.0,0.0,0.0,1.0
3655-SNQYZ,0,1.4915401492832983,1.611554480242174,2.475877681529266,1.0,0.0,0.0,1.0,0.0,1.0,0.0,1.0,0.0,0.0,1.0,0.0,1.0,0.0,0.0,0.0,1.0,0.0,0.0,1.0,0.0,0.0,1.0,0.0,0.0,1.0,0.0,0.0,1.0,0.0,0.0,1.0,0.0,0.0,1.0,1.0,0.0,0.0,1.0,0.0,0.0,1.0,0.0,9.0,0.0,1.0,0.0,1.659947057220654,0.0,1.0,0.0,0.0,1.0,0.0,0.0,1.0,0.0
8191-XWSZG,0,0.7992939660427822,-1.4660935640654862,-0.5560508161330802,1.0,0.0,1.0,0.0,1.0,0.0,0.0,1.0,1.0,0.0,0.0,0.0,0.0,1.0,0.0,1.0,0.0,0.0,1.0,0.0,0.0,1.0,0.0,0.0,1.0,0.0,0.0,1.0,0.0,0.0,1.0,0.0,0.0,1.0,0.0,1.0,0.0,0.0,0.0,0.0,1.0,1.0,0.0,1.0,0.0,1.0,0.0,-0.6956774850760196,0.0,1.0,0.0,0.0,1.0,0.0,0.0,1.0,0.0
9959-WOFKT,0,1.5729808767233588,1.393859073220412,2.2495926306793175,0.0,1.0,1.0,0.0,0.0,1.0,0.0,1.0,0.0,0.0,1.0,0.0,1.0,0.0,0.0,0.0,1.0,1.0,0.0,0.0,0.0,0.0,1.0,1.0,0.0,0.0,0.0,0.0,1.0,0.0,0.0,1.0,0.0,0.0,1.0,1.0,0.0,1.0,0.0,0.0,0.0,1.0,0.0,7.0,0.0,1.0,0.0,1.4301462045523359,0.0,1.0,0.0,0.0,1.0,0.0,0.0,1.0,0.0
4190-MFLUW,0,-0.9109613101984924,-0.31779183695069496,-0.7742621363716933,1.0,0.0,0.0,1.0,0.0,1.0,0.0,1.0,1.0,0.0,0.0,1.0,0.0,0.0,1.0,0.0,0.0,1.0,0.0,0.0,0.0,0.0,1.0,0.0,0.0,1.0,1.0,0.0,0.0,1.0,0.0,0.0,1.0,0.0,0.0,1.0,0.0,0.0,1.0,0.0,0.0,0.0,1.0,4.0,1.0,0.0,0.0,0.8499396491416159,1.0,0.0,0.0,1.0,0.0,0.0,1.0,0.0,0.0
4183-MYFRB,0,-0.46303730927815856,0.8404806721650927,-0.18547540482207522,1.0,0.0,1.0,0.0,1.0,0.0,0.0,1.0,1.0,0.0,0.0,0.0,1.0,0.0,1.0,0.0,0.0,0.0,0.0,1.0,0.0,0.0,1.0,1.0,0.0,0.0,1.0,0.0,0.0,0.0,0.0,1.0,1.0,0.0,0.0,0.0,1.0,0.0,0.0,1.0,0.0,1.0,0.0,5.0,0.0,0.0,1.0,0.40056254886073406,0.0,0.0,1.0,0.0,0.0,1.0,0.0,0.0,1.0
8779-QRDMV,1,-1.2774445836787656,-0.8346107040023594,-0.9898704505662144,0.0,1.0,1.0,0.0,1.0,0.0,1.0,0.0,0.0,1.0,0.0,1.0,0.0,0.0,1.0,0.0,0.0,1.0,0.0,0.0,0.0,0.0,1.0,1.0,0.0,0.0,1.0,0.0,0.0,0.0,0.0,1.0,1.0,0.0,0.0,0.0,1.0,0.0,0.0,1.0,0.0,0.0,1.0,3.0,1.0,0.0,0.0,0.7748832812109943,1.0,0.0,0.0,1.0,0.0,0.0,1.0,0.0,0.0
1680-VDCWW,0,-0.8295205827584317,-1.4943441130683104,-0.9181333687409041,0.0,1.0,0.0,1.0,1.0,0.0,0.0,1.0,1.0,0.0,0.0,0.0,0.0,1.0,0.0,1.0,0.0,0.0,1.0,0.0,0.0,1.0,0.0,0.0,1.0,0.0,0.0,1.0,0.0,0.0,1.0,0.0,0.0,1.0,0.0,1.0,0.0,1.0,0.0,0.0,0.0,1.0,0.0,1.0,1.0,0.0,0.0,1.1068240955369733,1.0,0.0,0.0,1.0,0.0,0.0,1.0,0.0,0.0
1066-JKSGK,0,-1.2774445836787656,-1.4827115340671475,-0.9984736061356704,0.0,1.0,1.0,0.0,1.0,0.0,0.0,1.0,1.0,0.0,0.0,0.0,0.0,1.0,0.0,1.0,0.0,0.0,1.0,0.0,0.0,1.0,0.0,0.0,1.0,0.0,0.0,1.0,0.0,0.0,1.0,0.0,1.0,0.0,0.0,1.0,0.0,0.0,0.0,0.0,1.0,0.0,1.0,1.0,1.0,0.0,0.0,0.7816179417038046,1.0,0.0,0.0,1.0,0.0,0.0,1.0,0.0,0.0
3638-WEABW,0,1.0436161483629645,-0.1615829189350795,0.5390426503656528,1.0,0.0,0.0,1.0,1.0,0.0,0.0,1.0,0.0,0.0,1.0,1.0,0.0,0.0,1.0,0.0,0.0,0.0,0.0,1.0,1.0,0.0,0.0,0.0,0.0,1.0,1.0,0.0,0.0,1.0,0.0,0.0,0.0,0.0,1.0,0.0,1.0,0.0,1.0,0.0,0.0,1.0,0.0,5.0,0.0,1.0,0.0,0.5165142866093104,0.0,1.0,0.0,0.0,1.0,0.0,0.0,1.0,0.0
6322-HRPFA,0,0.6771328748826912,-0.17155370093607614,0.30309559403000746,0.0,1.0,0.0,1.0,0.0,1.0,0.0,1.0,1.0,0.0,0.0,1.0,0.0,0.0,0.0,0.0,1.0,0.0,0.0,1.0,1.0,0.0,0.0,0.0,0.0,1.0,1.0,0.0,0.0,1.0,0.0,0.0,1.0,0.0,0.0,1.0,0.0,0.0,1.0,0.0,0.0,1.0,0.0,5.0,0.0,1.0,0.0,0.4476161256865822,0.0,1.0,0.0,0.0,1.0,0.0,0.0,1.0,0.0
6865-JZNKO,0,-0.0965540357978854,-0.31446824295036285,-0.33208199947490813,1.0,0.0,1.0,0.0,1.0,0.0,0.0,1.0,1.0,0.0,0.0,1.0,0.0,0.0,0.0,0.0,1.0,0.0,0.0,1.0,1.0,0.0,0.0,1.0,0.0,0.0,1.0,0.0,0.0,1.0,0.0,0.0,1.0,0.0,0.0,0.0,1.0,1.0,0.0,0.0,0.0,1.0,0.0,4.0,0.0,0.0,1.0,3.439338363546487,0.0,0.0,1.0,0.0,0.0,1.0,0.0,0.0,1.0
6467-CHFZW,0,0.5956921474426305,1.1495749141959914,1.0879019163236927,0.0,1.0,0.0,1.0,0.0,1.0,0.0,1.0,0.0,0.0,1.0,0.0,1.0,0.0,1.0,0.0,0.0,0.0,0.0,1.0,1.0,0.0,0.0,1.0,0.0,0.0,0.0,0.0,1.0,0.0,0.0,1.0,1.0,0.0,0.0,0.0,1.0,0.0,0.0,1.0,0.0,0.0,1.0,6.0,0.0,1.0,0.0,1.8262821173557027,0.0,1.0,0.0,0.0,1.0,0.0,0.0,1.0,0.0
8665-UTDHZ,0,-1.2774445836787656,-1.1486903370337564,-0.9940396721114124,0.0,1.0,0.0,1.0,0.0,1.0,1.0,0.0,0.0,1.0,0.0,1.0,0.0,0.0,1.0,0.0,0.0,0.0,0.0,1.0,1.0,0.0,0.0,1.0,0.0,0.0,1.0,0.0,0.0,1.0,0.0,0.0,1.0,0.0,0.0,1.0,0.0,0.0,0.0,1.0,0.0,0.0,1.0,2.0,1.0,0.0,0.0,0.7781470012959717,1.0,0.0,0.0,1.0,0.0,0.0,1.0,0.0,0.0
5248-YGIJN,0,1.6137012404433893,0.8471278601657574,1.802757966025724,0.0,1.0,0.0,1.0,1.0,0.0,0.0,1.0,0.0,0.0,1.0,1.0,0.0,0.0,0.0,0.0,1.0,0.0,0.0,1.0,0.0,0.0,1.0,0.0,0.0,1.0,0.0,0.0,1.0,0.0,0.0,1.0,0.0,0.0,1.0,0.0,1.0,0.0,1.0,0.0,0.0,1.0,0.0,9.0,0.0,1.0,0.0,1.1171572040995572,0.0,1.0,0.0,0.0,1.0,0.0,0.0,1.0,0.0
8773-HHUOZ,0,-0.62591876415828,-0.0020504069191315333,-0.5251015154562935,1.0,0.0,1.0,0.0,0.0,1.0,0.0,1.0,1.0,0.0,0.0,1.0,0.0,0.0,1.0,0.0,0.0,1.0,0.0,0.0,1.0,0.0,0.0,1.0,0.0,0.0,0.0,0.0,1.0,0.0,0.0,1.0,1.0,0.0,0.0,0.0,1.0,0.0,0.0,0.0,1.0,0.0,1.0,4.0,1.0,0.0,0.0,0.8389291798312469,1.0,0.0,0.0,1.0,0.0,0.0,1.0,0.0,0.0
3841-NFECX,1,1.5729808767233588,1.0498670941860242,1.9781299834030972,1.0,0.0,0.0,1.0,1.0,0.0,0.0,1.0,0.0,0.0,1.0,0.0,1.0,0.0,0.0,0.0,1.0,0.0,0.0,1.0,0.0,0.0,1.0,0.0,0.0,1.0,1.0,0.0,0.0,1.0,0.0,0.0,0.0,0.0,1.0,0.0,1.0,0.0,1.0,0.0,0.0,1.0,0.0,7.0,0.0,1.0,0.0,1.2575677255045181,0.0,1.0,0.0,0.0,1.0,0.0,0.0,1.0,0.0
4929-XIHVW,1,-1.2367242199587352,1.0216165451832002,-0.9272218305219705,0.0,1.0,0.0,1.0,1.0,0.0,0.0,1.0,1.0,0.0,0.0,0.0,1.0,0.0,1.0,0.0,0.0,1.0,0.0,0.0,0.0,0.0,1.0,1.0,0.0,0.0,0.0,0.0,1.0,0.0,0.0,1.0,1.0,0.0,0.0,0.0,1.0,0.0,1.0,0.0,0.0,1.0,0.0,5.0,1.0,0.0,0.0,0.7497401729165686,1.0,0.0,0.0,1.0,0.0,0.0,1.0,0.0,0.0
6827-IEAUQ,0,-0.21871512695797646,0.046141706085686136,-0.18037968960016668,1.0,0.0,0.0,1.0,0.0,1.0,0.0,1.0,1.0,0.0,0.0,1.0,0.0,0.0,0.0,0.0,1.0,0.0,0.0,1.0,0.0,0.0,1.0,0.0,0.0,1.0,1.0,0.0,0.0,1.0,0.0,0.0,0.0,1.0,0.0,1.0,0.0,0.0,0.0,0.0,1.0,1.0,0.0,6.0,0.0,0.0,1.0,0.824724343985702,0.0,0.0,1.0,0.0,0.0,1.0,0.0,0.0,1.0
7310-EGVHZ,0,-1.2774445836787656,-1.481049737066981,-0.9984515467624155,0.0,1.0,1.0,0.0,1.0,0.0,0.0,1.0,1.0,0.0,0.0,0.0,0.0,1.0,0.0,1.0,0.0,0.0,1.0,0.0,0.0,1.0,0.0,0.0,1.0,0.0,0.0,1.0,0.0,0.0,1.0,0.0,1.0,0.0,0.0,1.0,0.0,1.0,0.0,0.0,0.0,1.0,0.0,1.0,1.0,0.0,0.0,0.7816006733435669,1.0,0.0,0.0,1.0,0.0,0.0,1.0,0.0,0.0
3413-BMNZE,1,-1.2774445836787656,-0.6484894399837535,-0.9873998007616527,0.0,1.0,1.0,0.0,1.0,0.0,0.0,1.0,1.0,0.0,0.0,1.0,0.0,0.0,1.0,0.0,0.0,1.0,0.0,0.0,1.0,0.0,0.0,1.0,0.0,0.0,1.0,0.0,0.0,1.0,0.0,0.0,1.0,0.0,0.0,1.0,0.0,1.0,0.0,0.0,0.0,1.0,0.0,2.0,1.0,0.0,0.0,0.772949224864341,1.0,0.0,0.0,1.0,0.0,0.0,1.0,0.0,0.0
6234-RAAPL,0,1.6137012404433893,1.1678546811978192,2.191995607110472,1.0,0.0,0.0,1.0,0.0,1.0,0.0,1.0,0.0,0.0,1.0,0.0,1.0,0.0,0.0,0.0,1.0,0.0,0.0,1.0,1.0,0.0,0.0,0.0,0.0,1.0,0.0,0.0,1.0,1.0,0.0,0.0,0.0,0.0,1.0,1.0,0.0,1.0,0.0,0.0,0.0,1.0,0.0,7.0,0.0,1.0,0.0,1.358365199315449,0.0,1.0,0.0,0.0,1.0,0.0,0.0,1.0,0.0
6047-YHPVI,0,-1.1145631287986442,0.16412929309748078,-0.8675512258671536,0.0,1.0,1.0,0.0,1.0,0.0,0.0,1.0,1.0,0.0,0.0,0.0,1.0,0.0,1.0,0.0,0.0,1.0,0.0,0.0,1.0,0.0,0.0,1.0,0.0,0.0,1.0,0.0,0.0,1.0,0.0,0.0,1.0,0.0,0.0,0.0,1.0,0.0,0.0,1.0,0.0,0.0,1.0,2.0,1.0,0.0,0.0,0.7783778266577528,1.0,0.0,0.0,1.0,0.0,0.0,1.0,0.0,0.0
6572-ADKRS,0,0.5549717837226001,0.33363258711442517,0.5581019488579864,1.0,0.0,1.0,0.0,1.0,0.0,0.0,1.0,1.0,0.0,0.0,0.0,1.0,0.0,1.0,0.0,0.0,1.0,0.0,0.0,0.0,0.0,1.0,1.0,0.0,0.0,1.0,0.0,0.0,1.0,0.0,0.0,1.0,0.0,0.0,0.0,1.0,0.0,1.0,0.0,0.0,1.0,0.0,3.0,0.0,1.0,0.0,1.0056402239306472,0.0,1.0,0.0,0.0,1.0,0.0,0.0,1.0,0.0
5380-WJKOV,0,0.06632741908223598,1.3822264942192488,0.5585210769498316,0.0,1.0,1.0,0.0,1.0,0.0,0.0,1.0,0.0,0.0,1.0,0.0,1.0,0.0,1.0,0.0,0.0,0.0,0.0,1.0,0.0,0.0,1.0,1.0,0.0,0.0,0.0,0.0,1.0,0.0,0.0,1.0,1.0,0.0,0.0,0.0,1.0,0.0,0.0,1.0,0.0,0.0,1.0,7.0,0.0,0.0,1.0,8.42066651586955,0.0,0.0,1.0,0.0,0.0,1.0,0.0,0.0,1.0
8168-UQWWF,0,-0.8702409464784621,1.099721004191008,-0.5196749096355596,1.0,0.0,1.0,0.0,1.0,0.0,0.0,1.0,0.0,0.0,1.0,0.0,1.0,0.0,1.0,0.0,0.0,1.0,0.0,0.0,0.0,0.0,1.0,1.0,0.0,0.0,0.0,0.0,1.0,0.0,0.0,1.0,1.0,0.0,0.0,0.0,1.0,1.0,0.0,0.0,0.0,0.0,1.0,6.0,1.0,0.0,0.0,0.5971620983113799,1.0,0.0,0.0,1.0,0.0,0.0,1.0,0.0,0.0
8865-TNMNX,0,-0.9109613101984924,-0.5055748979694671,-0.7974906564092245,0.0,1.0,0.0,1.0,0.0,1.0,0.0,1.0,1.0,0.0,0.0,1.0,0.0,0.0,1.0,0.0,0.0,0.0,0.0,1.0,1.0,0.0,0.0,1.0,0.0,0.0,1.0,0.0,0.0,1.0,0.0,0.0,0.0,1.0,0.0,1.0,0.0,0.0,0.0,0.0,1.0,1.0,0.0,3.0,1.0,0.0,0.0,0.8754385586754025,1.0,0.0,0.0,1.0,0.0,0.0,1.0,0.0,0.0
9489-DEDVP,0,1.5322605130033284,0.14751132309581955,1.1422562120240511,1.0,0.0,0.0,1.0,0.0,1.0,0.0,1.0,0.0,0.0,1.0,1.0,0.0,0.0,0.0,0.0,1.0,0.0,0.0,1.0,1.0,0.0,0.0,1.0,0.0,0.0,0.0,0.0,1.0,1.0,0.0,0.0,0.0,0.0,1.0,0.0,1.0,0.0,1.0,0.0,0.0,1.0,0.0,6.0,0.0,1.0,0.0,0.7454712839823536,0.0,1.0,0.0,0.0,1.0,0.0,0.0,1.0,0.0
9867-JCZSP,0,-0.62591876415828,-1.462769970065154,-0.8228368762792373,1.0,0.0,0.0,1.0,0.0,1.0,0.0,1.0,1.0,0.0,0.0,0.0,0.0,1.0,0.0,1.0,0.0,0.0,1.0,0.0,0.0,1.0,0.0,0.0,1.0,0.0,0.0,1.0,0.0,0.0,1.0,0.0,0.0,1.0,0.0,1.0,0.0,0.0,0.0,0.0,1.0,1.0,0.0,1.0,1.0,0.0,0.0,1.314606500710628,1.0,0.0,0.0,1.0,0.0,0.0,1.0,0.0,0.0
4671-VJLCL,0,1.247217966963116,0.5014740841312035,1.1374472686544574,1.0,0.0,1.0,0.0,1.0,0.0,0.0,1.0,0.0,0.0,1.0,1.0,0.0,0.0,0.0,0.0,1.0,0.0,0.0,1.0,0.0,0.0,1.0,0.0,0.0,1.0,0.0,0.0,1.0,1.0,0.0,0.0,0.0,0.0,1.0,0.0,1.0,0.0,1.0,0.0,0.0,1.0,0.0,8.0,0.0,1.0,0.0,0.9119875585372281,0.0,1.0,0.0,0.0,1.0,0.0,0.0,1.0,0.0
4080-IIARD,0,-0.7888002190384014,0.3801629031190768,-0.574360095934743,1.0,0.0,0.0,1.0,1.0,0.0,0.0,1.0,0.0,0.0,1.0,1.0,0.0,0.0,0.0,0.0,1.0,0.0,0.0,1.0,1.0,0.0,0.0,0.0,0.0,1.0,0.0,0.0,1.0,1.0,0.0,0.0,1.0,0.0,0.0,0.0,1.0,0.0,0.0,1.0,0.0,1.0,0.0,7.0,1.0,0.0,0.0,0.7281439356532193,1.0,0.0,0.0,1.0,0.0,0.0,1.0,0.0,0.0
3714-NTNFO,0,0.6771328748826912,0.6560212051466532,0.7162235363499371,1.0,0.0,1.0,0.0,1.0,0.0,0.0,1.0,0.0,0.0,1.0,0.0,1.0,0.0,1.0,0.0,0.0,1.0,0.0,0.0,1.0,0.0,0.0,1.0,0.0,0.0,1.0,0.0,0.0,0.0,0.0,1.0,1.0,0.0,0.0,0.0,1.0,0.0,0.0,1.0,0.0,1.0,0.0,4.0,0.0,1.0,0.0,1.0577296759871806,0.0,1.0,0.0,0.0,1.0,0.0,0.0,1.0,0.0
5948-UJZLF,0,-1.2367242199587352,-0.5155456799704636,-0.9645683494427116,0.0,1.0,1.0,0.0,1.0,0.0,0.0,1.0,1.0,0.0,0.0,1.0,0.0,0.0,1.0,0.0,0.0,0.0,0.0,1.0,1.0,0.0,0.0,1.0,0.0,0.0,1.0,0.0,0.0,1.0,0.0,0.0,1.0,0.0,0.0,1.0,0.0,0.0,0.0,0.0,1.0,1.0,0.0,3.0,1.0,0.0,0.0,0.7799381089786498,1.0,0.0,0.0,1.0,0.0,0.0,1.0,0.0,0.0
7760-OYPDY,0,-1.2367242199587352,0.5280628361338618,-0.943766360463232,1.0,0.0,1.0,0.0,1.0,0.0,0.0,1.0,1.0,0.0,0.0,0.0,1.0,0.0,1.0,0.0,0.0,1.0,0.0,0.0,1.0,0.0,0.0,1.0,0.0,0.0,0.0,0.0,1.0,1.0,0.0,0.0,1.0,0.0,0.0,0.0,1.0,0.0,0.0,1.0,0.0,0.0,1.0,3.0,1.0,0.0,0.0,0.7631178764290085,1.0,0.0,0.0,1.0,0.0,0.0,1.0,0.0,0.0
7639-LIAYI,0,0.7992939660427822,0.4981504901308714,0.8534769567426435,0.0,1.0,1.0,0.0,1.0,0.0,0.0,1.0,0.0,0.0,1.0,1.0,0.0,0.0,0.0,0.0,1.0,1.0,0.0,0.0,1.0,0.0,0.0,0.0,0.0,1.0,0.0,0.0,1.0,0.0,0.0,1.0,0.0,0.0,1.0,0.0,1.0,0.0,1.0,0.0,0.0,1.0,0.0,7.0,0.0,1.0,0.0,1.0677885646605283,0.0,1.0,0.0,0.0,1.0,0.0,0.0,1.0,0.0
2954-PIBKO,0,1.4915401492832983,-0.020330173920958795,0.8694920617257849,1.0,0.0,0.0,1.0,0.0,1.0,0.0,1.0,0.0,0.0,1.0,1.0,0.0,0.0,0.0,0.0,1.0,1.0,0.0,0.0,0.0,0.0,1.0,0.0,0.0,1.0,1.0,0.0,0.0,1.0,0.0,0.0,0.0,0.0,1.0,0.0,1.0,0.0,1.0,0.0,0.0,1.0,0.0,6.0,0.0,1.0,0.0,0.5829491496716234,0.0,1.0,0.0,0.0,1.0,0.0,0.0,1.0,0.0
8012-SOUDQ,1,0.43281069256250915,0.8471278601657574,0.6862448480963711,1.0,0.0,1.0,0.0,1.0,0.0,0.0,1.0,0.0,0.0,1.0,0.0,1.0,0.0,1.0,0.0,0.0,0.0,0.0,1.0,1.0,0.0,0.0,1.0,0.0,0.0,0.0,0.0,1.0,1.0,0.0,0.0,1.0,0.0,0.0,0.0,1.0,0.0,0.0,1.0,0.0,1.0,0.0,5.0,0.0,0.0,1.0,1.585554284792212,0.0,0.0,1.0,0.0,0.0,1.0,0.0,0.0,1.0
9420-LOJKX,0,-0.7073594915983407,1.141265929195161,-0.3780537333383603,1.0,0.0,1.0,0.0,1.0,0.0,0.0,1.0,1.0,0.0,0.0,0.0,1.0,0.0,0.0,0.0,1.0,0.0,0.0,1.0,1.0,0.0,0.0,1.0,0.0,0.0,0.0,0.0,1.0,0.0,0.0,1.0,1.0,0.0,0.0,0.0,1.0,0.0,1.0,0.0,0.0,0.0,1.0,6.0,1.0,0.0,0.0,0.5344577090272936,1.0,0.0,0.0,1.0,0.0,0.0,1.0,0.0,0.0
6575-SUVOI,1,-0.30015585439803716,0.1574821050968162,-0.23411632284938433,1.0,0.0,0.0,1.0,1.0,0.0,0.0,1.0,0.0,0.0,1.0,1.0,0.0,0.0,0.0,0.0,1.0,1.0,0.0,0.0,1.0,0.0,0.0,0.0,0.0,1.0,0.0,0.0,1.0,1.0,0.0,0.0,1.0,0.0,0.0,0.0,1.0,0.0,1.0,0.0,0.0,1.0,0.0,6.0,0.0,0.0,1.0,0.7799825304720603,0.0,0.0,1.0,0.0,0.0,1.0,0.0,0.0,1.0
7495-OOKFY,1,-0.9924020376385531,0.5280628361338618,-0.7279595119094158,1.0,0.0,0.0,1.0,1.0,0.0,0.0,1.0,0.0,0.0,1.0,0.0,1.0,0.0,1.0,0.0,0.0,0.0,0.0,1.0,1.0,0.0,0.0,1.0,0.0,0.0,1.0,0.0,0.0,1.0,0.0,0.0,1.0,0.0,0.0,0.0,1.0,0.0,1.0,0.0,0.0,0.0,1.0,4.0,1.0,0.0,0.0,0.733532867023948,1.0,0.0,0.0,1.0,0.0,0.0,1.0,0.0,0.0
4667-QONEA,1,1.125056875803025,0.33529438411459117,0.9587222265423224,1.0,0.0,0.0,1.0,0.0,1.0,0.0,1.0,1.0,0.0,0.0,1.0,0.0,0.0,0.0,0.0,1.0,0.0,0.0,1.0,0.0,0.0,1.0,0.0,0.0,1.0,1.0,0.0,0.0,0.0,0.0,1.0,0.0,1.0,0.0,0.0,1.0,0.0,1.0,0.0,0.0,1.0,0.0,7.0,0.0,1.0,0.0,0.8521544529542304,0.0,1.0,0.0,0.0,1.0,0.0,0.0,1.0,0.0
1658-BYGOY,1,-0.5851984004382496,1.0199547481830342,-0.23416044159589444,0.0,1.0,1.0,0.0,1.0,0.0,0.0,1.0,0.0,0.0,1.0,0.0,1.0,0.0,1.0,0.0,0.0,1.0,0.0,0.0,1.0,0.0,0.0,1.0,0.0,0.0,0.0,0.0,1.0,0.0,0.0,1.0,1.0,0.0,0.0,0.0,1.0,0.0,0.0,1.0,0.0,0.0,1.0,5.0,1.0,0.0,0.0,0.40013855372901547,1.0,0.0,0.0,1.0,0.0,0.0,1.0,0.0,0.0
8769-KKTPH,0,1.247217966963116,1.1595456961969886,1.777058796183631,1.0,0.0,0.0,1.0,0.0,1.0,0.0,1.0,0.0,0.0,1.0,0.0,1.0,0.0,0.0,0.0,1.0,1.0,0.0,0.0,1.0,0.0,0.0,1.0,0.0,0.0,0.0,0.0,1.0,0.0,0.0,1.0,0.0,1.0,0.0,0.0,1.0,0.0,1.0,0.0,0.0,1.0,0.0,6.0,0.0,1.0,0.0,1.424818149878516,0.0,1.0,0.0,0.0,1.0,0.0,0.0,1.0,0.0
5067-XJQFU,1,1.369379058123207,1.4520219682262263,2.114633385105133,0.0,1.0,0.0,1.0,0.0,1.0,0.0,1.0,0.0,0.0,1.0,0.0,1.0,0.0,1.0,0.0,0.0,0.0,0.0,1.0,0.0,0.0,1.0,0.0,0.0,1.0,0.0,0.0,1.0,0.0,0.0,1.0,0.0,1.0,0.0,0.0,1.0,0.0,0.0,1.0,0.0,1.0,0.0,8.0,0.0,1.0,0.0,1.5442279276589268,0.0,1.0,0.0,0.0,1.0,0.0,0.0,1.0,0.0
3957-SQXML,0,0.06632741908223598,-1.3231790220511994,-0.612809583518235,1.0,0.0,0.0,1.0,0.0,1.0,0.0,1.0,0.0,0.0,1.0,0.0,0.0,1.0,0.0,1.0,0.0,0.0,1.0,0.0,0.0,1.0,0.0,0.0,1.0,0.0,0.0,1.0,0.0,0.0,1.0,0.0,0.0,0.0,1.0,1.0,0.0,0.0,1.0,0.0,0.0,1.0,0.0,2.0,0.0,0.0,1.0,-9.23915918933079,0.0,0.0,1.0,0.0,0.0,1.0,0.0,0.0,1.0
5954-BDFSG,0,1.6137012404433893,1.42044782522307,2.4575904611008585,1.0,0.0,1.0,0.0,1.0,0.0,0.0,1.0,0.0,0.0,1.0,0.0,1.0,0.0,1.0,0.0,0.0,1.0,0.0,0.0,0.0,0.0,1.0,0.0,0.0,1.0,0.0,0.0,1.0,0.0,0.0,1.0,0.0,0.0,1.0,0.0,1.0,0.0,1.0,0.0,0.0,1.0,0.0,7.0,0.0,1.0,0.0,1.5229525760453637,0.0,1.0,0.0,0.0,1.0,0.0,0.0,1.0,0.0
0434-CSFON,0,0.5956921474426305,1.1877962451998125,1.069349983416225,1.0,0.0,0.0,1.0,1.0,0.0,0.0,1.0,0.0,0.0,1.0,0.0,1.0,0.0,1.0,0.0,0.0,1.0,0.0,0.0,0.0,0.0,1.0,1.0,0.0,0.0,0.0,0.0,1.0,0.0,0.0,1.0,1.0,0.0,0.0,0.0,1.0,0.0,0.0,1.0,0.0,1.0,0.0,6.0,0.0,1.0,0.0,1.7951386265658489,0.0,1.0,0.0,0.0,1.0,0.0,0.0,1.0,0.0
1215-FIGMP,0,1.125056875803025,0.8354952811645946,1.3974169824648148,0.0,1.0,1.0,0.0,1.0,0.0,0.0,1.0,0.0,0.0,1.0,0.0,1.0,0.0,1.0,0.0,0.0,0.0,0.0,1.0,1.0,0.0,0.0,1.0,0.0,0.0,0.0,0.0,1.0,1.0,0.0,0.0,1.0,0.0,0.0,0.0,1.0,1.0,0.0,0.0,0.0,1.0,0.0,5.0,0.0,1.0,0.0,1.242085633641756,0.0,1.0,0.0,0.0,1.0,0.0,0.0,1.0,0.0
0526-SXDJP,0,1.6137012404433893,-0.7531826509942192,0.2994337380696748,0.0,1.0,0.0,1.0,1.0,0.0,1.0,0.0,0.0,1.0,0.0,1.0,0.0,0.0,0.0,0.0,1.0,0.0,0.0,1.0,0.0,0.0,1.0,1.0,0.0,0.0,1.0,0.0,0.0,1.0,0.0,0.0,0.0,0.0,1.0,1.0,0.0,1.0,0.0,0.0,0.0,1.0,0.0,4.0,0.0,1.0,0.0,0.18555710968369882,0.0,1.0,0.0,0.0,1.0,0.0,0.0,1.0,0.0
0557-ASKVU,0,-0.5851984004382496,-0.34438058895335305,-0.5851030107099355,1.0,0.0,0.0,1.0,0.0,1.0,0.0,1.0,1.0,0.0,0.0,1.0,0.0,0.0,1.0,0.0,0.0,1.0,0.0,0.0,0.0,0.0,1.0,0.0,0.0,1.0,1.0,0.0,0.0,1.0,0.0,0.0,0.0,1.0,0.0,0.0,1.0,0.0,1.0,0.0,0.0,1.0,0.0,4.0,1.0,0.0,0.0,0.999836995917551,1.0,0.0,0.0,1.0,0.0,0.0,1.0,0.0,0.0
5698-BQJOH,0,-0.9516816739185228,0.9850570111795457,-0.6291555791002015,1.0,0.0,1.0,0.0,1.0,0.0,0.0,1.0,0.0,0.0,1.0,0.0,1.0,0.0,1.0,0.0,0.0,1.0,0.0,0.0,1.0,0.0,0.0,1.0,0.0,0.0,0.0,0.0,1.0,0.0,0.0,1.0,1.0,0.0,0.0,1.0,0.0,0.0,0.0,1.0,0.0,0.0,1.0,5.0,1.0,0.0,0.0,0.6610987647893554,1.0,0.0,0.0,1.0,0.0,0.0,1.0,0.0,0.0
5122-CYFXA,0,-1.1960038562387048,0.3502505571160864,-0.8996696733264562,1.0,0.0,1.0,0.0,1.0,0.0,0.0,1.0,1.0,0.0,0.0,1.0,0.0,0.0,1.0,0.0,0.0,0.0,0.0,1.0,1.0,0.0,0.0,0.0,0.0,1.0,0.0,0.0,1.0,0.0,0.0,1.0,1.0,0.0,0.0,0.0,1.0,0.0,0.0,1.0,0.0,1.0,0.0,6.0,1.0,0.0,0.0,0.7522297429339521,1.0,0.0,0.0,1.0,0.0,0.0,1.0,0.0,0.0
8627-ZYGSZ,0,0.5956921474426305,0.46989994112804756,0.6031251296714728,0.0,1.0,0.0,1.0,1.0,0.0,0.0,1.0,0.0,0.0,1.0,0.0,1.0,0.0,1.0,0.0,0.0,0.0,0.0,1.0,1.0,0.0,0.0,1.0,0.0,0.0,1.0,0.0,0.0,1.0,0.0,0.0,0.0,1.0,0.0,0.0,1.0,0.0,0.0,1.0,0.0,1.0,0.0,4.0,0.0,1.0,0.0,1.0124778919123794,0.0,1.0,0.0,0.0,1.0,0.0,0.0,1.0,0.0
3410-YOQBQ,0,-0.055833672077855064,0.47987072312904416,0.09436980429105092,1.0,0.0,1.0,0.0,1.0,0.0,0.0,1.0,1.0,0.0,0.0,1.0,0.0,0.0,1.0,0.0,0.0,0.0,0.0,1.0,0.0,0.0,1.0,0.0,0.0,1.0,0.0,0.0,1.0,0.0,0.0,1.0,0.0,0.0,1.0,1.0,0.0,0.0,0.0,0.0,1.0,1.0,0.0,7.0,0.0,0.0,1.0,-1.6901951954630652,0.0,0.0,1.0,0.0,0.0,1.0,0.0,0.0,1.0
3170-NMYVV,0,0.7178532386027215,-1.4827115340671475,-0.5966621222955636,1.0,0.0,0.0,1.0,0.0,1.0,0.0,1.0,1.0,0.0,0.0,0.0,0.0,1.0,0.0,1.0,0.0,0.0,1.0,0.0,0.0,1.0,0.0,0.0,1.0,0.0,0.0,1.0,0.0,0.0,1.0,0.0,0.0,0.0,1.0,1.0,0.0,1.0,0.0,0.0,0.0,1.0,0.0,1.0,0.0,1.0,0.0,-0.8311756362023907,0.0,1.0,0.0,0.0,1.0,0.0,0.0,1.0,0.0
7410-OIEDU,0,-0.9109613101984924,0.5014740841312035,-0.6158758364006822,0.0,1.0,1.0,0.0,1.0,0.0,0.0,1.0,1.0,0.0,0.0,0.0,1.0,0.0,0.0,0.0,1.0,1.0,0.0,0.0,0.0,0.0,1.0,1.0,0.0,0.0,1.0,0.0,0.0,1.0,0.0,0.0,1.0,0.0,0.0,0.0,1.0,0.0,0.0,0.0,1.0,1.0,0.0,4.0,1.0,0.0,0.0,0.6760724407345983,1.0,0.0,0.0,1.0,0.0,0.0,1.0,0.0,0.0
2273-QCKXA,0,-1.2774445836787656,-0.5221928679711283,-0.9857232883942715,0.0,1.0,1.0,0.0,1.0,0.0,0.0,1.0,1.0,0.0,0.0,1.0,0.0,0.0,1.0,0.0,0.0,1.0,0.0,0.0,1.0,0.0,0.0,0.0,0.0,1.0,1.0,0.0,0.0,1.0,0.0,0.0,1.0,0.0,0.0,1.0,0.0,0.0,0.0,0.0,1.0,1.0,0.0,3.0,1.0,0.0,0.0,0.7716368294862549,1.0,0.0,0.0,1.0,0.0,0.0,1.0,0.0,0.0
0731-EBJQB,0,0.7992939660427822,-1.4744025490663168,-0.5261824247457891,1.0,0.0,0.0,1.0,0.0,1.0,0.0,1.0,1.0,0.0,0.0,0.0,0.0,1.0,0.0,1.0,0.0,0.0,1.0,0.0,0.0,1.0,0.0,0.0,1.0,0.0,0.0,1.0,0.0,0.0,1.0,0.0,0.0,1.0,0.0,0.0,1.0,0.0,0.0,1.0,0.0,1.0,0.0,1.0,0.0,1.0,0.0,-0.6583090165822986,0.0,1.0,0.0,0.0,1.0,0.0,0.0,1.0,0.0
1891-QRQSA,1,1.2879383306831464,1.5567151792366918,2.124626281189655,0.0,1.0,0.0,1.0,0.0,1.0,0.0,1.0,0.0,0.0,1.0,0.0,1.0,0.0,0.0,0.0,1.0,1.0,0.0,0.0,0.0,0.0,1.0,0.0,0.0,1.0,0.0,0.0,1.0,0.0,0.0,1.0,0.0,0.0,1.0,0.0,1.0,1.0,0.0,0.0,0.0,1.0,0.0,8.0,0.0,1.0,0.0,1.6496335504377089,0.0,1.0,0.0,0.0,1.0,0.0,0.0,1.0,0.0
8028-PNXHQ,0,1.2064976032430856,-1.3464441800535252,-0.37884787077554094,0.0,1.0,0.0,1.0,0.0,1.0,0.0,1.0,0.0,0.0,1.0,0.0,0.0,1.0,0.0,1.0,0.0,0.0,1.0,0.0,0.0,1.0,0.0,0.0,1.0,0.0,0.0,1.0,0.0,0.0,1.0,0.0,0.0,0.0,1.0,0.0,1.0,1.0,0.0,0.0,0.0,1.0,0.0,2.0,0.0,1.0,0.0,-0.3140063185846301,0.0,1.0,0.0,0.0,1.0,0.0,0.0,1.0,0.0
5630-AHZIL,0,-1.1960038562387048,-0.00869759491979612,-0.9290968772486468,1.0,0.0,1.0,0.0,0.0,1.0,0.0,1.0,1.0,0.0,0.0,1.0,0.0,0.0,0.0,0.0,1.0,1.0,0.0,0.0,1.0,0.0,0.0,0.0,0.0,1.0,1.0,0.0,0.0,0.0,0.0,1.0,1.0,0.0,0.0,0.0,1.0,1.0,0.0,0.0,0.0,1.0,0.0,5.0,1.0,0.0,0.0,0.7768343491554869,1.0,0.0,0.0,1.0,0.0,0.0,1.0,0.0,0.0
2673-CXQEU,1,0.9621754209229036,1.5201556452330371,1.701306908425908,1.0,0.0,1.0,0.0,1.0,0.0,0.0,1.0,0.0,0.0,1.0,0.0,1.0,0.0,0.0,0.0,1.0,0.0,0.0,1.0,0.0,0.0,1.0,1.0,0.0,0.0,0.0,0.0,1.0,0.0,0.0,1.0,0.0,1.0,0.0,1.0,0.0,0.0,0.0,1.0,0.0,1.0,0.0,8.0,0.0,1.0,0.0,1.7681878703511684,0.0,1.0,0.0,0.0,1.0,0.0,0.0,1.0,0.0
6416-JNVRK,0,0.5549717837226001,-0.3028356639492,0.17892338197752528,1.0,0.0,1.0,0.0,1.0,0.0,0.0,1.0,1.0,0.0,0.0,1.0,0.0,0.0,1.0,0.0,0.0,1.0,0.0,0.0,1.0,0.0,0.0,1.0,0.0,0.0,1.0,0.0,0.0,0.0,0.0,1.0,0.0,1.0,0.0,1.0,0.0,0.0,1.0,0.0,0.0,1.0,0.0,3.0,0.0,1.0,0.0,0.3224008629364105,0.0,1.0,0.0,0.0,1.0,0.0,0.0,1.0,0.0
5590-ZSKRV,0,-0.9924020376385531,-0.33607160395252245,-0.7946008785128175,1.0,0.0,0.0,1.0,0.0,1.0,0.0,1.0,1.0,0.0,0.0,1.0,0.0,0.0,0.0,0.0,1.0,0.0,0.0,1.0,1.0,0.0,0.0,1.0,0.0,0.0,1.0,0.0,0.0,1.0,0.0,0.0,1.0,0.0,0.0,1.0,0.0,0.0,0.0,0.0,1.0,1.0,0.0,4.0,1.0,0.0,0.0,0.8006844488183351,1.0,0.0,0.0,1.0,0.0,0.0,1.0,0.0,0.0
0191-ZHSKZ,1,-0.0965540357978854,0.3319707901142591,-0.07588443849115832,0.0,1.0,1.0,0.0,1.0,0.0,0.0,1.0,1.0,0.0,0.0,1.0,0.0,0.0,0.0,0.0,1.0,0.0,0.0,1.0,1.0,0.0,0.0,1.0,0.0,0.0,0.0,0.0,1.0,0.0,0.0,1.0,1.0,0.0,0.0,0.0,1.0,0.0,0.0,1.0,0.0,1.0,0.0,6.0,0.0,0.0,1.0,0.7859271532678931,0.0,0.0,1.0,0.0,0.0,1.0,0.0,0.0,1.0
3887-PBQAO,0,0.5142514200025698,-1.2916048790480432,-0.4706148635164053,1.0,0.0,0.0,1.0,0.0,1.0,0.0,1.0,0.0,0.0,1.0,0.0,0.0,1.0,0.0,1.0,0.0,0.0,1.0,0.0,0.0,1.0,0.0,0.0,1.0,0.0,0.0,1.0,0.0,0.0,1.0,0.0,0.0,1.0,0.0,0.0,1.0,0.0,1.0,0.0,0.0,1.0,0.0,2.0,0.0,1.0,0.0,-0.9151454817840922,0.0,1.0,0.0,0.0,1.0,0.0,0.0,1.0,0.0
5919-TMRGD,0,-1.2774445836787656,0.48485611412954227,-0.9723553082017322,1.0,0.0,1.0,0.0,0.0,1.0,0.0,1.0,1.0,0.0,0.0,0.0,1.0,0.0,1.0,0.0,0.0,1.0,0.0,0.0,1.0,0.0,0.0,1.0,0.0,0.0,0.0,0.0,1.0,1.0,0.0,0.0,1.0,0.0,0.0,0.0,1.0,0.0,0.0,1.0,0.0,0.0,1.0,3.0,1.0,0.0,0.0,0.7611722031820418,1.0,0.0,0.0,1.0,0.0,0.0,1.0,0.0,0.0
8108-UXRQN,0,-0.8702409464784621,-0.47233895796614456,-0.7579382001629819,1.0,0.0,0.0,1.0,0.0,1.0,1.0,0.0,0.0,1.0,0.0,1.0,0.0,0.0,0.0,0.0,1.0,1.0,0.0,0.0,1.0,0.0,0.0,1.0,0.0,0.0,0.0,0.0,1.0,0.0,0.0,1.0,1.0,0.0,0.0,1.0,0.0,0.0,0.0,1.0,0.0,1.0,0.0,4.0,1.0,0.0,0.0,0.870952123351668,1.0,0.0,0.0,1.0,0.0,0.0,1.0,0.0,0.0
9191-MYQKX,0,-1.0331224013585834,0.34526516611558833,-0.788137482149098,1.0,0.0,0.0,1.0,1.0,0.0,0.0,1.0,1.0,0.0,0.0,0.0,1.0,0.0,1.0,0.0,0.0,1.0,0.0,0.0,0.0,0.0,1.0,1.0,0.0,0.0,1.0,0.0,0.0,1.0,0.0,0.0,1.0,0.0,0.0,0.0,1.0,1.0,0.0,0.0,0.0,0.0,1.0,3.0,1.0,0.0,0.0,0.7628694151948271,1.0,0.0,0.0,1.0,0.0,0.0,1.0,0.0,0.0
9919-YLNNG,0,0.3920903288424788,1.2974748472107767,0.9018752216641474,1.0,0.0,1.0,0.0,1.0,0.0,0.0,1.0,1.0,0.0,0.0,0.0,1.0,0.0,1.0,0.0,0.0,0.0,0.0,1.0,0.0,0.0,1.0,0.0,0.0,1.0,0.0,0.0,1.0,0.0,0.0,1.0,1.0,0.0,0.0,0.0,1.0,1.0,0.0,0.0,0.0,1.0,0.0,7.0,0.0,0.0,1.0,2.300172065775367,0.0,0.0,1.0,0.0,0.0,1.0,0.0,0.0,1.0
0318-ZOPWS,0,0.6771328748826912,-1.4827115340671475,-0.5779337144020555,1.0,0.0,0.0,1.0,1.0,0.0,0.0,1.0,1.0,0.0,0.0,0.0,0.0,1.0,0.0,1.0,0.0,0.0,1.0,0.0,0.0,1.0,0.0,0.0,1.0,0.0,0.0,1.0,0.0,0.0,1.0,0.0,0.0,0.0,1.0,0.0,1.0,1.0,0.0,0.0,0.0,1.0,0.0,1.0,0.0,1.0,0.0,-0.8535011898546185,0.0,1.0,0.0,0.0,1.0,0.0,0.0,1.0,0.0
4445-ZJNMU,0,-0.9516816739185228,1.1479131171958254,-0.6020225499965324,0.0,1.0,1.0,0.0,1.0,0.0,0.0,1.0,0.0,0.0,1.0,0.0,1.0,0.0,1.0,0.0,0.0,0.0,0.0,1.0,1.0,0.0,0.0,1.0,0.0,0.0,0.0,0.0,1.0,0.0,0.0,1.0,1.0,0.0,0.0,0.0,1.0,0.0,1.0,0.0,0.0,1.0,0.0,6.0,1.0,0.0,0.0,0.6325881505290748,1.0,0.0,0.0,1.0,0.0,0.0,1.0,0.0,0.0
4808-YNLEU,0,0.10704778280226633,-0.08680205392760396,-0.029934764000961255,1.0,0.0,0.0,1.0,1.0,0.0,0.0,1.0,1.0,0.0,0.0,1.0,0.0,0.0,0.0,0.0,1.0,1.0,0.0,0.0,1.0,0.0,0.0,1.0,0.0,0.0,0.0,0.0,1.0,1.0,0.0,0.0,0.0,1.0,0.0,0.0,1.0,1.0,0.0,0.0,0.0,1.0,0.0,4.0,0.0,0.0,1.0,-0.2796392715228428,0.0,0.0,1.0,0.0,0.0,1.0,0.0,0.0,1.0
1862-QRWPE,0,0.6364125111626608,-1.4660935640654862,-0.5410283829464146,1.0,0.0,0.0,1.0,0.0,1.0,0.0,1.0,1.0,0.0,0.0,0.0,0.0,1.0,0.0,1.0,0.0,0.0,1.0,0.0,0.0,1.0,0.0,0.0,1.0,0.0,0.0,1.0,0.0,0.0,1.0,0.0,0.0,0.0,1.0,1.0,0.0,1.0,0.0,0.0,0.0,1.0,0.0,1.0,0.0,1.0,0.0,-0.8501221667657207,0.0,1.0,0.0,0.0,1.0,0.0,0.0,1.0,0.0
2796-NNUFI,0,0.5549717837226001,-1.4893587220678117,-0.5983386346629449,1.0,0.0,0.0,1.0,0.0,1.0,0.0,1.0,1.0,0.0,0.0,0.0,0.0,1.0,0.0,1.0,0.0,0.0,1.0,0.0,0.0,1.0,0.0,0.0,1.0,0.0,0.0,1.0,0.0,0.0,1.0,0.0,0.0,0.0,1.0,0.0,1.0,0.0,0.0,0.0,1.0,1.0,0.0,1.0,0.0,1.0,0.0,-1.0781424429354798,0.0,1.0,0.0,0.0,1.0,0.0,0.0,1.0,0.0
3016-KSVCP,0,-0.13727439951791576,-1.0307027500219619,-0.5620950844049544,0.0,1.0,0.0,1.0,1.0,0.0,1.0,0.0,0.0,1.0,0.0,1.0,0.0,0.0,1.0,0.0,0.0,1.0,0.0,0.0,1.0,0.0,0.0,1.0,0.0,0.0,0.0,0.0,1.0,1.0,0.0,0.0,1.0,0.0,0.0,1.0,0.0,0.0,0.0,0.0,1.0,1.0,0.0,2.0,0.0,0.0,1.0,4.094682521860859,0.0,0.0,1.0,0.0,0.0,1.0,0.0,0.0,1.0
4767-HZZHQ,0,-0.0965540357978854,0.574593152138513,0.1265764892433735,0.0,1.0,0.0,1.0,0.0,1.0,0.0,1.0,1.0,0.0,0.0,0.0,1.0,0.0,1.0,0.0,0.0,0.0,0.0,1.0,0.0,0.0,1.0,1.0,0.0,0.0,1.0,0.0,0.0,1.0,0.0,0.0,1.0,0.0,0.0,1.0,0.0,1.0,0.0,0.0,0.0,1.0,0.0,4.0,0.0,0.0,1.0,-1.3109393946860335,0.0,0.0,1.0,0.0,0.0,1.0,0.0,0.0,1.0
2424-WVHPL,1,-1.2774445836787656,0.3303089931140931,-0.9744068299144487,0.0,1.0,1.0,0.0,1.0,0.0,0.0,1.0,1.0,0.0,0.0,0.0,1.0,0.0,1.0,0.0,0.0,1.0,0.0,0.0,1.0,0.0,0.0,0.0,0.0,1.0,1.0,0.0,0.0,1.0,0.0,0.0,1.0,0.0,0.0,1.0,0.0,0.0,0.0,1.0,0.0,1.0,0.0,3.0,1.0,0.0,0.0,0.7627781606841736,1.0,0.0,0.0,1.0,0.0,0.0,1.0,0.0,0.0
7233-PAHHL,0,1.369379058123207,0.6394032351449919,1.5136919388920014,0.0,1.0,0.0,1.0,0.0,1.0,0.0,1.0,0.0,0.0,1.0,1.0,0.0,0.0,0.0,0.0,1.0,1.0,0.0,0.0,0.0,0.0,1.0,0.0,0.0,1.0,0.0,0.0,1.0,0.0,0.0,1.0,0.0,0.0,1.0,0.0,1.0,0.0,0.0,0.0,1.0,1.0,0.0,8.0,0.0,1.0,0.0,1.1053856343959148,0.0,1.0,0.0,0.0,1.0,0.0,0.0,1.0,0.0
6067-NGCEU,0,1.3286586944031769,1.5384354122348645,2.128155780910457,1.0,0.0,1.0,0.0,1.0,0.0,0.0,1.0,0.0,0.0,1.0,0.0,1.0,0.0,0.0,0.0,1.0,0.0,0.0,1.0,0.0,0.0,1.0,1.0,0.0,0.0,0.0,0.0,1.0,0.0,0.0,1.0,1.0,0.0,0.0,0.0,1.0,0.0,1.0,0.0,0.0,1.0,0.0,8.0,0.0,1.0,0.0,1.6017324764253382,0.0,1.0,0.0,0.0,1.0,0.0,0.0,1.0,0.0
9848-JQJTX,0,1.6137012404433893,1.2010906212011416,2.2834758279990215,0.0,1.0,1.0,0.0,1.0,0.0,0.0,1.0,0.0,0.0,1.0,0.0,1.0,0.0,1.0,0.0,0.0,0.0,0.0,1.0,0.0,0.0,1.0,1.0,0.0,0.0,0.0,0.0,1.0,0.0,0.0,1.0,0.0,0.0,1.0,0.0,1.0,1.0,0.0,0.0,0.0,1.0,0.0,7.0,0.0,1.0,0.0,1.4150548879615419,0.0,1.0,0.0,0.0,1.0,0.0,0.0,1.0,0.0
8637-XJIVR,0,-0.8295205827584317,0.47156173812821356,-0.5982283377966698,1.0,0.0,1.0,0.0,1.0,0.0,0.0,1.0,0.0,0.0,1.0,0.0,1.0,0.0,0.0,0.0,1.0,1.0,0.0,0.0,1.0,0.0,0.0,1.0,0.0,0.0,1.0,0.0,0.0,1.0,0.0,0.0,1.0,0.0,0.0,0.0,1.0,0.0,0.0,1.0,0.0,0.0,1.0,4.0,1.0,0.0,0.0,0.7211735913861977,1.0,0.0,0.0,1.0,0.0,0.0,1.0,0.0,0.0
9803-FTJCG,0,1.5729808767233588,0.06940686408801149,1.0877033819643975,0.0,1.0,0.0,1.0,0.0,1.0,0.0,1.0,0.0,0.0,1.0,1.0,0.0,0.0,0.0,0.0,1.0,0.0,0.0,1.0,1.0,0.0,0.0,0.0,0.0,1.0,1.0,0.0,0.0,1.0,0.0,0.0,0.0,1.0,0.0,0.0,1.0,0.0,1.0,0.0,0.0,1.0,0.0,6.0,0.0,1.0,0.0,0.6914918026404543,0.0,1.0,0.0,0.0,1.0,0.0,0.0,1.0,0.0
0278-YXOOG,0,-1.1145631287986442,-1.4527991880641573,-0.9571343406557715,0.0,1.0,1.0,0.0,1.0,0.0,0.0,1.0,1.0,0.0,0.0,0.0,0.0,1.0,0.0,1.0,0.0,0.0,1.0,0.0,0.0,1.0,0.0,0.0,1.0,0.0,0.0,1.0,0.0,0.0,1.0,0.0,1.0,0.0,0.0,1.0,0.0,0.0,0.0,0.0,1.0,0.0,1.0,1.0,1.0,0.0,0.0,0.858752919350059,1.0,0.0,0.0,1.0,0.0,0.0,1.0,0.0,0.0
3212-KXOCR,0,0.7992939660427822,-1.4544609850643233,-0.518880772198379,0.0,1.0,1.0,0.0,1.0,0.0,0.0,1.0,1.0,0.0,0.0,0.0,0.0,1.0,0.0,1.0,0.0,0.0,1.0,0.0,0.0,1.0,0.0,0.0,1.0,0.0,0.0,1.0,0.0,0.0,1.0,0.0,0.0,0.0,1.0,1.0,0.0,1.0,0.0,0.0,0.0,1.0,0.0,1.0,0.0,1.0,0.0,-0.6491738887599784,0.0,1.0,0.0,0.0,1.0,0.0,0.0,1.0,0.0
4598-XLKNJ,1,-0.30015585439803716,1.1213243651931677,0.10200234743728637,1.0,0.0,0.0,1.0,1.0,0.0,0.0,1.0,1.0,0.0,0.0,0.0,1.0,0.0,1.0,0.0,0.0,0.0,0.0,1.0,0.0,0.0,1.0,1.0,0.0,0.0,0.0,0.0,1.0,0.0,0.0,1.0,1.0,0.0,0.0,0.0,1.0,0.0,0.0,1.0,0.0,0.0,1.0,6.0,0.0,0.0,1.0,-0.3398312774603453,0.0,0.0,1.0,0.0,0.0,1.0,0.0,0.0,1.0
6380-ARCEH,0,-1.2774445836787656,-1.481049737066981,-0.9984515467624155,0.0,1.0,1.0,0.0,1.0,0.0,0.0,1.0,1.0,0.0,0.0,0.0,0.0,1.0,0.0,1.0,0.0,0.0,1.0,0.0,0.0,1.0,0.0,0.0,1.0,0.0,0.0,1.0,0.0,0.0,1.0,0.0,1.0,0.0,0.0,1.0,0.0,0.0,0.0,0.0,1.0,1.0,0.0,1.0,1.0,0.0,0.0,0.7816006733435669,1.0,0.0,0.0,1.0,0.0,0.0,1.0,0.0,0.0
3679-XASPY,0,-1.2774445836787656,-1.505976692069473,-0.9987824373612407,1.0,0.0,0.0,1.0,0.0,1.0,0.0,1.0,1.0,0.0,0.0,0.0,0.0,1.0,0.0,1.0,0.0,0.0,1.0,0.0,0.0,1.0,0.0,0.0,1.0,0.0,0.0,1.0,0.0,0.0,1.0,0.0,1.0,0.0,0.0,1.0,0.0,0.0,0.0,1.0,0.0,1.0,0.0,1.0,1.0,0.0,0.0,0.7818596987471365,1.0,0.0,0.0,1.0,0.0,0.0,1.0,0.0,0.0
7123-WQUHX,0,0.22920887396235737,1.0049985751815391,0.5833819906082339,0.0,1.0,1.0,0.0,1.0,0.0,0.0,1.0,0.0,0.0,1.0,0.0,1.0,0.0,1.0,0.0,0.0,1.0,0.0,0.0,0.0,0.0,1.0,0.0,0.0,1.0,0.0,0.0,1.0,1.0,0.0,0.0,0.0,1.0,0.0,1.0,0.0,1.0,0.0,0.0,0.0,1.0,0.0,6.0,0.0,0.0,1.0,2.545198100419279,0.0,0.0,1.0,0.0,0.0,1.0,0.0,0.0,1.0
5386-THSLQ,1,1.369379058123207,-0.6385186579827569,0.32822122016747,1.0,0.0,0.0,1.0,1.0,0.0,1.0,0.0,0.0,1.0,0.0,1.0,0.0,0.0,1.0,0.0,0.0,0.0,0.0,1.0,0.0,0.0,1.0,1.0,0.0,0.0,0.0,0.0,1.0,1.0,0.0,0.0,0.0,1.0,0.0,1.0,0.0,1.0,0.0,0.0,0.0,1.0,0.0,4.0,0.0,1.0,0.0,0.23968616886642866,0.0,1.0,0.0,0.0,1.0,0.0,0.0,1.0,0.0
3192-NQECA,0,1.4508197855632678,1.503537675231376,2.3508892726663486,0.0,1.0,0.0,1.0,1.0,0.0,0.0,1.0,0.0,0.0,1.0,0.0,1.0,0.0,1.0,0.0,0.0,0.0,0.0,1.0,0.0,0.0,1.0,0.0,0.0,1.0,0.0,0.0,1.0,0.0,0.0,1.0,0.0,0.0,1.0,0.0,1.0,1.0,0.0,0.0,0.0,0.0,1.0,8.0,0.0,1.0,0.0,1.6203868296113957,0.0,1.0,0.0,0.0,1.0,0.0,0.0,1.0,0.0
6180-YBIQI,0,-1.1145631287986442,-1.3447823830533592,-0.9631565495543908,0.0,1.0,1.0,0.0,1.0,0.0,1.0,0.0,0.0,1.0,0.0,1.0,0.0,0.0,1.0,0.0,0.0,1.0,0.0,0.0,1.0,0.0,0.0,1.0,0.0,0.0,1.0,0.0,0.0,1.0,0.0,0.0,1.0,0.0,0.0,1.0,0.0,0.0,0.0,0.0,1.0,1.0,0.0,1.0,1.0,0.0,0.0,0.8641561206071385,1.0,0.0,0.0,1.0,0.0,0.0,1.0,0.0,0.0
6728-DKUCO,0,1.6137012404433893,1.3091074262119398,2.214650583443373,1.0,0.0,0.0,1.0,0.0,1.0,0.0,1.0,0.0,0.0,1.0,0.0,1.0,0.0,0.0,0.0,1.0,0.0,0.0,1.0,1.0,0.0,0.0,1.0,0.0,0.0,0.0,0.0,1.0,0.0,0.0,1.0,0.0,1.0,0.0,0.0,1.0,0.0,0.0,1.0,0.0,1.0,0.0,7.0,0.0,1.0,0.0,1.372404338509936,0.0,1.0,0.0,0.0,1.0,0.0,0.0,1.0,0.0
9750-BOOHV,0,-0.015113308357824713,-1.150352134033923,-0.5980959815571396,1.0,0.0,1.0,0.0,1.0,0.0,1.0,0.0,0.0,1.0,0.0,1.0,0.0,0.0,0.0,0.0,1.0,1.0,0.0,0.0,1.0,0.0,0.0,1.0,0.0,0.0,1.0,0.0,0.0,1.0,0.0,0.0,0.0,1.0,0.0,1.0,0.0,0.0,0.0,0.0,1.0,1.0,0.0,2.0,0.0,0.0,1.0,39.574126815687144,0.0,0.0,1.0,0.0,0.0,1.0,0.0,0.0,1.0
8597-CWYHH,0,0.43281069256250915,0.9833952141793793,0.7226648733404017,0.0,1.0,1.0,0.0,1.0,0.0,0.0,1.0,0.0,0.0,1.0,0.0,1.0,0.0,1.0,0.0,0.0,1.0,0.0,0.0,1.0,0.0,0.0,1.0,0.0,0.0,0.0,0.0,1.0,0.0,0.0,1.0,0.0,1.0,0.0,1.0,0.0,0.0,0.0,0.0,1.0,1.0,0.0,5.0,0.0,0.0,1.0,1.6697019869397753,0.0,0.0,1.0,0.0,0.0,1.0,0.0,0.0,1.0
2848-YXSMW,0,1.6137012404433893,-1.5076384890696393,-0.4059147217594449,0.0,1.0,0.0,1.0,0.0,1.0,0.0,1.0,1.0,0.0,0.0,0.0,0.0,1.0,0.0,1.0,0.0,0.0,1.0,0.0,0.0,1.0,0.0,0.0,1.0,0.0,0.0,1.0,0.0,0.0,1.0,0.0,0.0,0.0,1.0,1.0,0.0,0.0,1.0,0.0,0.0,1.0,0.0,1.0,0.0,1.0,0.0,-0.2515426719557541,0.0,1.0,0.0,0.0,1.0,0.0,0.0,1.0,0.0
0486-HECZI,0,0.9214550572028734,1.0631614701873533,1.3039734773565692,0.0,1.0,0.0,1.0,1.0,0.0,0.0,1.0,0.0,0.0,1.0,0.0,1.0,0.0,0.0,0.0,1.0,0.0,0.0,1.0,1.0,0.0,0.0,1.0,0.0,0.0,0.0,0.0,1.0,1.0,0.0,0.0,1.0,0.0,0.0,0.0,1.0,0.0,0.0,1.0,0.0,0.0,1.0,6.0,0.0,1.0,0.0,1.4151243374960154,0.0,1.0,0.0,0.0,1.0,0.0,0.0,1.0,0.0
4549-ZDQYY,0,0.7992939660427822,-0.22639300194155818,0.33483903214397465,1.0,0.0,1.0,0.0,1.0,0.0,0.0,1.0,1.0,0.0,0.0,1.0,0.0,0.0,0.0,0.0,1.0,1.0,0.0,0.0,0.0,0.0,1.0,0.0,0.0,1.0,1.0,0.0,0.0,1.0,0.0,0.0,0.0,1.0,0.0,1.0,0.0,0.0,1.0,0.0,0.0,1.0,0.0,5.0,0.0,1.0,0.0,0.41891850354097676,0.0,1.0,0.0,0.0,1.0,0.0,0.0,1.0,0.0
5712-AHQNN,0,0.43281069256250915,0.893658176170409,0.7371358221956917,1.0,0.0,1.0,0.0,1.0,0.0,0.0,1.0,1.0,0.0,0.0,0.0,1.0,0.0,1.0,0.0,0.0,0.0,0.0,1.0,0.0,0.0,1.0,1.0,0.0,0.0,0.0,0.0,1.0,1.0,0.0,0.0,1.0,0.0,0.0,0.0,1.0,0.0,0.0,1.0,0.0,1.0,0.0,5.0,0.0,0.0,1.0,1.703136809840321,0.0,0.0,1.0,0.0,0.0,1.0,0.0,0.0,1.0
4846-WHAFZ,1,0.18848851024232702,0.39013368512007346,0.25802829447001085,1.0,0.0,0.0,1.0,1.0,0.0,0.0,1.0,0.0,0.0,1.0,0.0,1.0,0.0,1.0,0.0,0.0,1.0,0.0,0.0,1.0,0.0,0.0,1.0,0.0,0.0,1.0,0.0,0.0,1.0,0.0,0.0,1.0,0.0,0.0,0.0,1.0,0.0,0.0,1.0,0.0,0.0,1.0,3.0,0.0,0.0,1.0,1.3689338100146327,0.0,0.0,1.0,0.0,0.0,1.0,0.0,0.0,1.0
5256-SKJGO,0,1.2879383306831464,-0.33773340095268845,0.5030417532134677,1.0,0.0,0.0,1.0,0.0,1.0,1.0,0.0,0.0,1.0,0.0,1.0,0.0,0.0,1.0,0.0,0.0,0.0,0.0,1.0,1.0,0.0,0.0,0.0,0.0,1.0,0.0,0.0,1.0,0.0,0.0,1.0,0.0,0.0,1.0,0.0,1.0,0.0,0.0,1.0,0.0,1.0,0.0,5.0,0.0,1.0,0.0,0.39057906829020683,0.0,1.0,0.0,0.0,1.0,0.0,0.0,1.0,0.0
3071-VBYPO,0,-1.1960038562387048,0.8338334841644282,-0.8977725672265248,0.0,1.0,0.0,1.0,0.0,1.0,0.0,1.0,1.0,0.0,0.0,0.0,1.0,0.0,0.0,0.0,1.0,0.0,0.0,1.0,1.0,0.0,0.0,1.0,0.0,0.0,0.0,0.0,1.0,1.0,0.0,0.0,1.0,0.0,0.0,1.0,0.0,0.0,0.0,1.0,0.0,1.0,0.0,5.0,1.0,0.0,0.0,0.7506435389346626,1.0,0.0,0.0,1.0,0.0,0.0,1.0,0.0,0.0
9560-BBZXK,0,0.14776814652229667,-1.1204397880309327,-0.5104320322417082,1.0,0.0,1.0,0.0,1.0,0.0,1.0,0.0,0.0,1.0,0.0,1.0,0.0,0.0,0.0,0.0,1.0,1.0,0.0,0.0,1.0,0.0,0.0,1.0,0.0,0.0,1.0,0.0,0.0,1.0,0.0,0.0,0.0,0.0,1.0,1.0,0.0,1.0,0.0,0.0,0.0,1.0,0.0,2.0,0.0,0.0,1.0,-3.454276474698079,0.0,0.0,1.0,0.0,0.0,1.0,0.0,0.0,1.0
5299-RULOA,0,-0.9109613101984924,1.1794872601989819,-0.5376532988383972,1.0,0.0,0.0,1.0,0.0,1.0,0.0,1.0,0.0,0.0,1.0,0.0,1.0,0.0,0.0,0.0,1.0,1.0,0.0,0.0,1.0,0.0,0.0,1.0,0.0,0.0,0.0,0.0,1.0,0.0,0.0,1.0,1.0,0.0,0.0,0.0,1.0,0.0,0.0,1.0,0.0,0.0,1.0,6.0,1.0,0.0,0.0,0.5902043180310765,1.0,0.0,0.0,1.0,0.0,0.0,1.0,0.0,0.0
8402-OOOHJ,0,0.35136996512244845,-1.4660935640654862,-0.6389058220789182,1.0,0.0,1.0,0.0,1.0,0.0,0.0,1.0,1.0,0.0,0.0,0.0,0.0,1.0,0.0,1.0,0.0,0.0,1.0,0.0,0.0,1.0,0.0,0.0,1.0,0.0,0.0,1.0,0.0,0.0,1.0,0.0,0.0,0.0,1.0,1.0,0.0,0.0,0.0,0.0,1.0,1.0,0.0,1.0,0.0,0.0,1.0,-1.818327932087954,0.0,0.0,1.0,0.0,0.0,1.0,0.0,0.0,1.0
9445-ZUEQE,0,-0.21871512695797646,0.6792863631489789,-0.05810458364761597,0.0,1.0,0.0,1.0,0.0,1.0,0.0,1.0,0.0,0.0,1.0,0.0,1.0,0.0,1.0,0.0,0.0,0.0,0.0,1.0,1.0,0.0,0.0,0.0,0.0,1.0,1.0,0.0,0.0,1.0,0.0,0.0,1.0,0.0,0.0,0.0,1.0,0.0,1.0,0.0,0.0,1.0,0.0,5.0,0.0,0.0,1.0,0.2656633057611058,0.0,0.0,1.0,0.0,0.0,1.0,0.0,0.0,1.0
1091-SOZGA,0,0.9621754209229036,1.1645310871974868,1.4259838708300598,1.0,0.0,0.0,1.0,0.0,1.0,0.0,1.0,0.0,0.0,1.0,0.0,1.0,0.0,1.0,0.0,0.0,1.0,0.0,0.0,0.0,0.0,1.0,1.0,0.0,0.0,0.0,0.0,1.0,0.0,0.0,1.0,0.0,1.0,0.0,0.0,1.0,0.0,1.0,0.0,0.0,1.0,0.0,6.0,0.0,1.0,0.0,1.4820414654349394,0.0,1.0,0.0,0.0,1.0,0.0,0.0,1.0,0.0
2928-HLDBA,0,-1.0738427650786138,-1.46443176706532,-0.9576196468673818,1.0,0.0,1.0,0.0,1.0,0.0,0.0,1.0,1.0,0.0,0.0,0.0,0.0,1.0,0.0,1.0,0.0,0.0,1.0,0.0,0.0,1.0,0.0,0.0,1.0,0.0,0.0,1.0,0.0,0.0,1.0,0.0,1.0,0.0,0.0,1.0,0.0,0.0,0.0,0.0,1.0,1.0,0.0,1.0,1.0,0.0,0.0,0.8917689609775193,1.0,0.0,0.0,1.0,0.0,0.0,1.0,0.0,0.0
0404-SWRVG,0,-1.1960038562387048,0.32033821111309646,-0.9060889509436656,0.0,1.0,1.0,0.0,1.0,0.0,0.0,1.0,0.0,0.0,1.0,0.0,1.0,0.0,1.0,0.0,0.0,1.0,0.0,0.0,1.0,0.0,0.0,1.0,0.0,0.0,1.0,0.0,0.0,1.0,0.0,0.0,1.0,0.0,0.0,0.0,1.0,0.0,0.0,1.0,0.0,0.0,1.0,3.0,1.0,0.0,0.0,0.757597014605966,1.0,0.0,0.0,1.0,0.0,0.0,1.0,0.0,0.0
6497-TILVL,0,-1.0331224013585834,-0.467353566965646,-0.8527935051595483,1.0,0.0,0.0,1.0,0.0,1.0,0.0,1.0,1.0,0.0,0.0,1.0,0.0,0.0,0.0,0.0,1.0,1.0,0.0,0.0,1.0,0.0,0.0,1.0,0.0,0.0,1.0,0.0,0.0,1.0,0.0,0.0,1.0,0.0,0.0,1.0,0.0,0.0,0.0,0.0,1.0,1.0,0.0,3.0,1.0,0.0,0.0,0.8254525349930485,1.0,0.0,0.0,1.0,0.0,0.0,1.0,0.0,0.0
7219-TLZHO,0,-1.1552834925186746,-1.4594463760648215,-0.9796128420026322,1.0,0.0,0.0,1.0,0.0,1.0,0.0,1.0,1.0,0.0,0.0,0.0,0.0,1.0,0.0,1.0,0.0,0.0,1.0,0.0,0.0,1.0,0.0,0.0,1.0,0.0,0.0,1.0,0.0,0.0,1.0,0.0,1.0,0.0,0.0,1.0,0.0,0.0,0.0,0.0,1.0,1.0,0.0,1.0,1.0,0.0,0.0,0.8479415211472844,1.0,0.0,0.0,1.0,0.0,0.0,1.0,0.0,0.0
4622-YNKIJ,0,0.025607055362205634,0.8039211381614382,0.3283976951535102,0.0,1.0,1.0,0.0,1.0,0.0,0.0,1.0,1.0,0.0,0.0,0.0,1.0,0.0,0.0,0.0,1.0,1.0,0.0,0.0,1.0,0.0,0.0,0.0,0.0,1.0,0.0,0.0,1.0,1.0,0.0,0.0,0.0,0.0,1.0,0.0,1.0,0.0,0.0,1.0,0.0,1.0,0.0,5.0,0.0,0.0,1.0,12.824500533482036,0.0,0.0,1.0,0.0,0.0,1.0,0.0,0.0,1.0
4412-YLTKF,1,-0.21871512695797646,0.44164939212522314,-0.06520770183573091,1.0,0.0,1.0,0.0,1.0,0.0,0.0,1.0,0.0,0.0,1.0,0.0,1.0,0.0,1.0,0.0,0.0,1.0,0.0,0.0,0.0,0.0,1.0,1.0,0.0,0.0,1.0,0.0,0.0,1.0,0.0,0.0,1.0,0.0,0.0,0.0,1.0,0.0,0.0,1.0,0.0,0.0,1.0,4.0,0.0,0.0,1.0,0.29813988059572943,0.0,0.0,1.0,0.0,0.0,1.0,0.0,0.0,1.0
6734-PSBAW,0,1.6137012404433893,-1.3697093380558512,-0.24677840309776325,0.0,1.0,0.0,1.0,1.0,0.0,0.0,1.0,0.0,0.0,1.0,0.0,0.0,1.0,0.0,1.0,0.0,0.0,1.0,0.0,0.0,1.0,0.0,0.0,1.0,0.0,0.0,1.0,0.0,0.0,1.0,0.0,0.0,0.0,1.0,0.0,1.0,1.0,0.0,0.0,0.0,1.0,0.0,2.0,0.0,1.0,0.0,-0.15292694639681698,0.0,1.0,0.0,0.0,1.0,0.0,0.0,1.0,0.0
3930-ZGWVE,0,-1.2774445836787656,-1.4960059100684764,-0.9986500811217106,0.0,1.0,1.0,0.0,1.0,0.0,0.0,1.0,1.0,0.0,0.0,0.0,0.0,1.0,0.0,1.0,0.0,0.0,1.0,0.0,0.0,1.0,0.0,0.0,1.0,0.0,0.0,1.0,0.0,0.0,1.0,0.0,1.0,0.0,0.0,1.0,0.0,0.0,0.0,0.0,1.0,1.0,0.0,1.0,1.0,0.0,0.0,0.7817560885857086,1.0,0.0,0.0,1.0,0.0,0.0,1.0,0.0,0.0
2639-UGMAZ,1,1.5729808767233588,-0.2762469119465419,0.7509229304800764,0.0,1.0,1.0,0.0,1.0,0.0,1.0,0.0,0.0,1.0,0.0,1.0,0.0,0.0,0.0,0.0,1.0,0.0,0.0,1.0,1.0,0.0,0.0,1.0,0.0,0.0,0.0,0.0,1.0,0.0,0.0,1.0,0.0,1.0,0.0,0.0,1.0,0.0,0.0,1.0,0.0,1.0,0.0,5.0,0.0,1.0,0.0,0.4773884677125301,0.0,1.0,0.0,0.0,1.0,0.0,0.0,1.0,0.0
2876-GZYZC,0,-0.7888002190384014,0.7042133181514708,-0.4710339916082505,1.0,0.0,1.0,0.0,1.0,0.0,0.0,1.0,0.0,0.0,1.0,0.0,1.0,0.0,1.0,0.0,0.0,1.0,0.0,0.0,1.0,0.0,0.0,1.0,0.0,0.0,1.0,0.0,0.0,0.0,0.0,1.0,1.0,0.0,0.0,0.0,1.0,0.0,0.0,1.0,0.0,1.0,0.0,4.0,1.0,0.0,0.0,0.5971524604575686,1.0,0.0,0.0,1.0,0.0,0.0,1.0,0.0,0.0
6207-WIOLX,0,-0.30015585439803716,-0.2047896409393986,-0.34441318912446167,1.0,0.0,0.0,1.0,0.0,1.0,1.0,0.0,0.0,1.0,0.0,1.0,0.0,0.0,0.0,0.0,1.0,0.0,0.0,1.0,0.0,0.0,1.0,1.0,0.0,0.0,0.0,0.0,1.0,0.0,0.0,1.0,1.0,0.0,0.0,0.0,1.0,0.0,1.0,0.0,0.0,0.0,1.0,6.0,0.0,0.0,1.0,1.1474478477695618,0.0,0.0,1.0,0.0,0.0,1.0,0.0,0.0,1.0
8587-XYZSF,0,1.4100994218432374,-0.47233895796614456,0.430951721416077,0.0,1.0,1.0,0.0,1.0,0.0,0.0,1.0,1.0,0.0,0.0,1.0,0.0,0.0,1.0,0.0,0.0,1.0,0.0,0.0,1.0,0.0,0.0,0.0,0.0,1.0,1.0,0.0,0.0,1.0,0.0,0.0,0.0,0.0,1.0,1.0,0.0,1.0,0.0,0.0,0.0,1.0,0.0,3.0,0.0,1.0,0.0,0.3056179690172134,0.0,1.0,0.0,0.0,1.0,0.0,0.0,1.0,0.0
3091-FYHKI,0,-1.2774445836787656,-0.9742016520163136,-0.9917234379196358,0.0,1.0,1.0,0.0,1.0,0.0,1.0,0.0,0.0,1.0,0.0,1.0,0.0,0.0,1.0,0.0,0.0,1.0,0.0,0.0,1.0,0.0,0.0,1.0,0.0,0.0,1.0,0.0,0.0,0.0,0.0,1.0,1.0,0.0,0.0,0.0,1.0,0.0,0.0,1.0,0.0,0.0,1.0,2.0,1.0,0.0,0.0,0.7763338234709842,1.0,0.0,0.0,1.0,0.0,0.0,1.0,0.0,0.0
2372-HWUHI,0,-1.2367242199587352,-0.6784017859867437,-0.9715170520180415,0.0,1.0,1.0,0.0,1.0,0.0,0.0,1.0,1.0,0.0,0.0,1.0,0.0,0.0,1.0,0.0,0.0,1.0,0.0,0.0,1.0,0.0,0.0,1.0,0.0,0.0,1.0,0.0,0.0,1.0,0.0,0.0,1.0,0.0,0.0,1.0,0.0,0.0,0.0,1.0,0.0,0.0,1.0,2.0,1.0,0.0,0.0,0.7855567444538746,1.0,0.0,0.0,1.0,0.0,0.0,1.0,0.0,0.0
7799-LGRDP,0,0.43281069256250915,-1.2982520670487077,-0.483144587525254,1.0,0.0,1.0,0.0,1.0,0.0,0.0,1.0,0.0,0.0,1.0,0.0,0.0,1.0,0.0,1.0,0.0,0.0,1.0,0.0,0.0,1.0,0.0,0.0,1.0,0.0,0.0,1.0,0.0,0.0,1.0,0.0,0.0,0.0,1.0,0.0,1.0,0.0,1.0,0.0,0.0,1.0,0.0,2.0,0.0,0.0,1.0,-1.116295405422488,0.0,0.0,1.0,0.0,0.0,1.0,0.0,0.0,1.0
7850-VWJUU,0,-0.38159658183809786,0.3402797751150897,-0.2227116268765414,1.0,0.0,1.0,0.0,1.0,0.0,0.0,1.0,1.0,0.0,0.0,0.0,1.0,0.0,0.0,0.0,1.0,1.0,0.0,0.0,1.0,0.0,0.0,1.0,0.0,0.0,1.0,0.0,0.0,1.0,0.0,0.0,1.0,0.0,0.0,0.0,1.0,1.0,0.0,0.0,0.0,1.0,0.0,3.0,0.0,0.0,1.0,0.5836310844394107,0.0,0.0,1.0,0.0,0.0,1.0,0.0,0.0,1.0
3774-VBNXY,0,1.2879383306831464,-1.481049737066981,-0.4436362500255213,1.0,0.0,0.0,1.0,0.0,1.0,0.0,1.0,1.0,0.0,0.0,0.0,0.0,1.0,0.0,1.0,0.0,0.0,1.0,0.0,0.0,1.0,0.0,0.0,1.0,0.0,0.0,1.0,0.0,0.0,1.0,0.0,0.0,0.0,1.0,1.0,0.0,0.0,0.0,0.0,1.0,1.0,0.0,1.0,0.0,1.0,0.0,-0.3444545747700578,0.0,1.0,0.0,0.0,1.0,0.0,0.0,1.0,0.0
6217-KDYWC,0,1.002895784642934,-1.5009913010689746,-0.49093154628427454,0.0,1.0,1.0,0.0,0.0,1.0,0.0,1.0,1.0,0.0,0.0,0.0,0.0,1.0,0.0,1.0,0.0,0.0,1.0,0.0,0.0,1.0,0.0,0.0,1.0,0.0,0.0,1.0,0.0,0.0,1.0,0.0,0.0,0.0,1.0,0.0,1.0,0.0,0.0,0.0,1.0,1.0,0.0,1.0,0.0,1.0,0.0,-0.48951401910524867,0.0,1.0,0.0,0.0,1.0,0.0,0.0,1.0,0.0
0390-DCFDQ,1,-1.2774445836787656,0.18905624809997262,-0.976281876641125,1.0,0.0,0.0,1.0,1.0,0.0,0.0,1.0,1.0,0.0,0.0,0.0,1.0,0.0,1.0,0.0,0.0,1.0,0.0,0.0,1.0,0.0,0.0,1.0,0.0,0.0,1.0,0.0,0.0,1.0,0.0,0.0,1.0,0.0,0.0,0.0,1.0,0.0,0.0,0.0,1.0,0.0,1.0,2.0,1.0,0.0,0.0,0.7642459713044015,1.0,0.0,0.0,1.0,0.0,0.0,1.0,0.0,0.0
3146-MSEGF,1,1.6137012404433893,0.7740087921584478,1.8275527015643613,1.0,0.0,0.0,1.0,0.0,1.0,0.0,1.0,0.0,0.0,1.0,1.0,0.0,0.0,0.0,0.0,1.0,0.0,0.0,1.0,0.0,0.0,1.0,0.0,0.0,1.0,0.0,0.0,1.0,0.0,0.0,1.0,0.0,0.0,1.0,0.0,1.0,0.0,1.0,0.0,0.0,1.0,0.0,9.0,0.0,1.0,0.0,1.132522337940456,0.0,1.0,0.0,0.0,1.0,0.0,0.0,1.0,0.0
4080-OGPJL,0,-0.9924020376385531,0.21232140610229844,-0.7586882188536522,1.0,0.0,1.0,0.0,1.0,0.0,0.0,1.0,0.0,0.0,1.0,1.0,0.0,0.0,0.0,0.0,1.0,1.0,0.0,0.0,1.0,0.0,0.0,0.0,0.0,1.0,1.0,0.0,0.0,0.0,0.0,1.0,1.0,0.0,0.0,1.0,0.0,0.0,0.0,1.0,0.0,0.0,1.0,6.0,1.0,0.0,0.0,0.7644968370469805,1.0,0.0,0.0,1.0,0.0,0.0,1.0,0.0,0.0
1095-WGNGG,0,1.1657772395230555,1.2060760122016398,1.627077117422781,1.0,0.0,0.0,1.0,1.0,0.0,0.0,1.0,0.0,0.0,1.0,0.0,1.0,0.0,1.0,0.0,0.0,0.0,0.0,1.0,1.0,0.0,0.0,1.0,0.0,0.0,0.0,0.0,1.0,0.0,0.0,1.0,0.0,0.0,1.0,0.0,1.0,1.0,0.0,0.0,0.0,1.0,0.0,6.0,0.0,1.0,0.0,1.3957015648104891,0.0,1.0,0.0,0.0,1.0,0.0,0.0,1.0,0.0
2636-SJDOU,0,1.2879383306831464,0.6493740171459885,1.3260990287313499,0.0,1.0,1.0,0.0,1.0,0.0,0.0,1.0,0.0,0.0,1.0,0.0,1.0,0.0,0.0,0.0,1.0,0.0,0.0,1.0,1.0,0.0,0.0,1.0,0.0,0.0,1.0,0.0,0.0,1.0,0.0,0.0,0.0,1.0,0.0,0.0,1.0,0.0,1.0,0.0,0.0,1.0,0.0,5.0,0.0,1.0,0.0,1.0296292898030004,0.0,1.0,0.0,0.0,1.0,0.0,0.0,1.0,0.0
1131-QQZEB,1,1.5729808767233588,-1.3564149620545218,-0.23255010734827827,0.0,1.0,0.0,1.0,1.0,0.0,0.0,1.0,0.0,0.0,1.0,0.0,0.0,1.0,0.0,1.0,0.0,0.0,1.0,0.0,0.0,1.0,0.0,0.0,1.0,0.0,0.0,1.0,0.0,0.0,1.0,0.0,0.0,0.0,1.0,1.0,0.0,1.0,0.0,0.0,0.0,1.0,0.0,2.0,0.0,1.0,0.0,-0.14784039068084426,0.0,1.0,0.0,0.0,1.0,0.0,0.0,1.0,0.0
5716-EZXZN,0,1.3286586944031769,1.1396041321949948,1.8236040737517136,1.0,0.0,0.0,1.0,0.0,1.0,0.0,1.0,0.0,0.0,1.0,0.0,1.0,0.0,0.0,0.0,1.0,0.0,0.0,1.0,1.0,0.0,0.0,0.0,0.0,1.0,0.0,0.0,1.0,1.0,0.0,0.0,0.0,0.0,1.0,0.0,1.0,0.0,1.0,0.0,0.0,1.0,0.0,7.0,0.0,1.0,0.0,1.3725150645786144,0.0,1.0,0.0,0.0,1.0,0.0,0.0,1.0,0.0
6837-BJYDQ,0,-1.1960038562387048,-1.5009913010689746,-0.9802966825735377,0.0,1.0,1.0,0.0,1.0,0.0,0.0,1.0,1.0,0.0,0.0,0.0,0.0,1.0,0.0,1.0,0.0,0.0,1.0,0.0,0.0,1.0,0.0,0.0,1.0,0.0,0.0,1.0,0.0,0.0,1.0,0.0,0.0,1.0,0.0,1.0,0.0,0.0,0.0,0.0,1.0,1.0,0.0,1.0,1.0,0.0,0.0,0.8196434129037499,1.0,0.0,0.0,1.0,0.0,0.0,1.0,0.0,0.0
2135-RXIHG,0,-1.2774445836787656,-0.6351950639824246,-0.9872233257756126,0.0,1.0,1.0,0.0,1.0,0.0,0.0,1.0,1.0,0.0,0.0,1.0,0.0,0.0,1.0,0.0,0.0,1.0,0.0,0.0,1.0,0.0,0.0,1.0,0.0,0.0,1.0,0.0,0.0,1.0,0.0,0.0,1.0,0.0,0.0,0.0,1.0,0.0,0.0,1.0,0.0,0.0,1.0,2.0,1.0,0.0,0.0,0.7728110779824372,1.0,0.0,0.0,1.0,0.0,0.0,1.0,0.0,0.0
6440-DKQGE,0,-0.0965540357978854,-0.00869759491979612,-0.1558937852870995,0.0,1.0,1.0,0.0,0.0,1.0,0.0,1.0,1.0,0.0,0.0,1.0,0.0,0.0,1.0,0.0,0.0,0.0,0.0,1.0,0.0,0.0,1.0,1.0,0.0,0.0,0.0,0.0,1.0,1.0,0.0,0.0,0.0,1.0,0.0,1.0,0.0,0.0,1.0,0.0,0.0,1.0,0.0,5.0,0.0,0.0,1.0,1.6145755482808484,0.0,0.0,1.0,0.0,0.0,1.0,0.0,0.0,1.0
3466-BYAVD,0,-0.7073594915983407,0.1574821050968162,-0.5346752834489701,0.0,1.0,0.0,1.0,0.0,1.0,0.0,1.0,1.0,0.0,0.0,1.0,0.0,0.0,1.0,0.0,0.0,0.0,0.0,1.0,0.0,0.0,1.0,0.0,0.0,1.0,1.0,0.0,0.0,0.0,0.0,1.0,1.0,0.0,0.0,0.0,1.0,0.0,0.0,0.0,1.0,1.0,0.0,6.0,1.0,0.0,0.0,0.7558748978413006,1.0,0.0,0.0,1.0,0.0,0.0,1.0,0.0,0.0
3780-YVMFA,0,-0.9924020376385531,0.12590796209365976,-0.7583793876280821,1.0,0.0,0.0,1.0,0.0,1.0,0.0,1.0,1.0,0.0,0.0,1.0,0.0,0.0,1.0,0.0,0.0,1.0,0.0,0.0,1.0,0.0,0.0,0.0,0.0,1.0,0.0,0.0,1.0,0.0,0.0,1.0,1.0,0.0,0.0,0.0,1.0,0.0,0.0,1.0,0.0,1.0,0.0,5.0,1.0,0.0,0.0,0.7641856413683571,1.0,0.0,0.0,1.0,0.0,0.0,1.0,0.0,0.0
3874-EQOEP,0,-1.0331224013585834,1.0049985751815391,-0.7181651501841889,0.0,1.0,1.0,0.0,1.0,0.0,0.0,1.0,0.0,0.0,1.0,0.0,1.0,0.0,1.0,0.0,0.0,1.0,0.0,0.0,1.0,0.0,0.0,1.0,0.0,0.0,0.0,0.0,1.0,0.0,0.0,1.0,1.0,0.0,0.0,1.0,0.0,0.0,0.0,0.0,1.0,0.0,1.0,5.0,1.0,0.0,0.0,0.6951404298656023,1.0,0.0,0.0,1.0,0.0,0.0,1.0,0.0,0.0
1679-JRFBR,0,1.5322605130033284,1.4420511862252297,2.4914957177938173,1.0,0.0,0.0,1.0,0.0,1.0,0.0,1.0,0.0,0.0,1.0,0.0,1.0,0.0,0.0,0.0,1.0,0.0,0.0,1.0,0.0,0.0,1.0,1.0,0.0,0.0,0.0,0.0,1.0,0.0,0.0,1.0,0.0,1.0,0.0,0.0,1.0,0.0,1.0,0.0,0.0,1.0,0.0,8.0,0.0,1.0,0.0,1.6260261859194731,0.0,1.0,0.0,0.0,1.0,0.0,0.0,1.0,0.0
9073-ZZIAY,0,1.2064976032430856,0.7091987091519689,1.293539393806947,0.0,1.0,0.0,1.0,0.0,1.0,0.0,1.0,1.0,0.0,0.0,1.0,0.0,0.0,0.0,0.0,1.0,0.0,0.0,1.0,0.0,0.0,1.0,0.0,0.0,1.0,0.0,0.0,1.0,0.0,0.0,1.0,0.0,0.0,1.0,1.0,0.0,0.0,0.0,1.0,0.0,1.0,0.0,8.0,0.0,1.0,0.0,1.0721441885420175,0.0,1.0,0.0,0.0,1.0,0.0,0.0,1.0,0.0
3077-RSNTJ,0,-1.0738427650786138,-1.4976677070686424,-0.9572887562685566,1.0,0.0,0.0,1.0,0.0,1.0,0.0,1.0,1.0,0.0,0.0,0.0,0.0,1.0,0.0,1.0,0.0,0.0,1.0,0.0,0.0,1.0,0.0,0.0,1.0,0.0,0.0,1.0,0.0,0.0,1.0,0.0,1.0,0.0,0.0,1.0,0.0,0.0,0.0,0.0,1.0,1.0,0.0,1.0,1.0,0.0,0.0,0.891460824060658,1.0,0.0,0.0,1.0,0.0,0.0,1.0,0.0,0.0
6551-GNYDG,0,-0.748079855318371,0.5363718211346925,-0.498762623789805,1.0,0.0,0.0,1.0,0.0,1.0,0.0,1.0,1.0,0.0,0.0,0.0,1.0,0.0,1.0,0.0,0.0,1.0,0.0,0.0,1.0,0.0,0.0,1.0,0.0,0.0,1.0,0.0,0.0,0.0,0.0,1.0,1.0,0.0,0.0,0.0,1.0,1.0,0.0,0.0,0.0,1.0,0.0,3.0,1.0,0.0,0.0,0.6667237731960307,1.0,0.0,0.0,1.0,0.0,0.0,1.0,0.0,0.0
9167-APMXZ,0,-0.4223169455581282,0.6443886261454905,-0.2035420315179329,1.0,0.0,1.0,0.0,1.0,0.0,0.0,1.0,0.0,0.0,1.0,0.0,1.0,0.0,1.0,0.0,0.0,1.0,0.0,0.0,1.0,0.0,0.0,1.0,0.0,0.0,0.0,0.0,1.0,1.0,0.0,0.0,1.0,0.0,0.0,0.0,1.0,1.0,0.0,0.0,0.0,1.0,0.0,4.0,0.0,0.0,1.0,0.4819651062046174,0.0,0.0,1.0,0.0,0.0,1.0,0.0,0.0,1.0
2749-CTKAJ,0,-0.4223169455581282,-1.4827115340671475,-0.8221089169618218,0.0,1.0,0.0,1.0,0.0,1.0,0.0,1.0,1.0,0.0,0.0,0.0,0.0,1.0,0.0,1.0,0.0,0.0,1.0,0.0,0.0,1.0,0.0,0.0,1.0,0.0,0.0,1.0,0.0,0.0,1.0,0.0,0.0,1.0,0.0,1.0,0.0,0.0,0.0,0.0,1.0,1.0,0.0,1.0,0.0,0.0,1.0,1.946663342801303,0.0,0.0,1.0,0.0,0.0,1.0,0.0,0.0,1.0
6371-NZYEG,0,-0.6666391278783103,-0.017006579920626735,-0.5555875692947249,0.0,1.0,0.0,1.0,0.0,1.0,0.0,1.0,1.0,0.0,0.0,1.0,0.0,0.0,0.0,0.0,1.0,1.0,0.0,0.0,0.0,0.0,1.0,1.0,0.0,0.0,0.0,0.0,1.0,1.0,0.0,0.0,0.0,0.0,1.0,1.0,0.0,0.0,0.0,0.0,1.0,1.0,0.0,5.0,1.0,0.0,0.0,0.8334157808332892,1.0,0.0,0.0,1.0,0.0,0.0,1.0,0.0,0.0
7554-NEWDD,0,-0.9109613101984924,-1.2982520670487077,-0.8963607673382039,0.0,1.0,1.0,0.0,1.0,0.0,0.0,1.0,0.0,0.0,1.0,0.0,0.0,1.0,0.0,1.0,0.0,0.0,1.0,0.0,0.0,1.0,0.0,0.0,1.0,0.0,0.0,1.0,0.0,0.0,1.0,0.0,0.0,0.0,1.0,1.0,0.0,1.0,0.0,0.0,0.0,1.0,0.0,2.0,1.0,0.0,0.0,0.9839723787422903,1.0,0.0,0.0,1.0,0.0,0.0,1.0,0.0,0.0
8992-VONJD,0,-0.7888002190384014,-0.29120308494803704,-0.6700536571150002,1.0,0.0,1.0,0.0,0.0,1.0,0.0,1.0,1.0,0.0,0.0,1.0,0.0,0.0,0.0,0.0,1.0,0.0,0.0,1.0,1.0,0.0,0.0,1.0,0.0,0.0,1.0,0.0,0.0,1.0,0.0,0.0,1.0,0.0,0.0,0.0,1.0,0.0,0.0,1.0,0.0,1.0,0.0,4.0,1.0,0.0,0.0,0.8494592685735294,1.0,0.0,0.0,1.0,0.0,0.0,1.0,0.0,0.0
0867-MKZVY,0,-0.5037576729981889,0.5862257311396761,-0.304838673504964,1.0,0.0,0.0,1.0,1.0,0.0,0.0,1.0,0.0,0.0,1.0,0.0,1.0,0.0,0.0,0.0,1.0,1.0,0.0,0.0,1.0,0.0,0.0,1.0,0.0,0.0,1.0,0.0,0.0,1.0,0.0,0.0,1.0,0.0,0.0,1.0,0.0,0.0,0.0,1.0,0.0,0.0,1.0,4.0,1.0,0.0,0.0,0.6051295887776185,1.0,0.0,0.0,1.0,0.0,0.0,1.0,0.0,0.0
4482-EWFMI,0,-1.2367242199587352,0.16412929309748078,-0.94771498827588,1.0,0.0,1.0,0.0,1.0,0.0,0.0,1.0,1.0,0.0,0.0,0.0,1.0,0.0,1.0,0.0,0.0,1.0,0.0,0.0,1.0,0.0,0.0,1.0,0.0,0.0,1.0,0.0,0.0,1.0,0.0,0.0,1.0,0.0,0.0,0.0,1.0,0.0,0.0,1.0,0.0,1.0,0.0,2.0,1.0,0.0,0.0,0.7663106883339776,1.0,0.0,0.0,1.0,0.0,0.0,1.0,0.0,0.0
4648-YPBTM,0,0.8400143297628127,0.30372024111143525,0.7389667501758581,0.0,1.0,1.0,0.0,1.0,0.0,0.0,1.0,0.0,0.0,1.0,1.0,0.0,0.0,1.0,0.0,0.0,0.0,0.0,1.0,0.0,0.0,1.0,0.0,0.0,1.0,1.0,0.0,0.0,0.0,0.0,1.0,0.0,0.0,1.0,0.0,1.0,1.0,0.0,0.0,0.0,1.0,0.0,7.0,0.0,1.0,0.0,0.8797073144984485,0.0,1.0,0.0,0.0,1.0,0.0,0.0,1.0,0.0
2907-ILJBN,0,-0.8702409464784621,-1.4677553610656522,-0.9041697854704793,1.0,0.0,0.0,1.0,0.0,1.0,0.0,1.0,1.0,0.0,0.0,0.0,0.0,1.0,0.0,1.0,0.0,0.0,1.0,0.0,0.0,1.0,0.0,0.0,1.0,0.0,0.0,1.0,0.0,0.0,1.0,0.0,0.0,1.0,0.0,1.0,0.0,0.0,0.0,0.0,1.0,1.0,0.0,1.0,1.0,0.0,0.0,1.0389878678190385,1.0,0.0,0.0,1.0,0.0,0.0,1.0,0.0,0.0
6345-FZOQH,0,1.4915401492832983,-1.491020519067978,-0.4058264842664248,0.0,1.0,0.0,1.0,1.0,0.0,0.0,1.0,1.0,0.0,0.0,0.0,0.0,1.0,0.0,1.0,0.0,0.0,1.0,0.0,0.0,1.0,0.0,0.0,1.0,0.0,0.0,1.0,0.0,0.0,1.0,0.0,0.0,0.0,1.0,1.0,0.0,0.0,0.0,0.0,1.0,1.0,0.0,1.0,0.0,1.0,0.0,-0.27208552479222836,0.0,1.0,0.0,0.0,1.0,0.0,0.0,1.0,0.0
3376-BMGFE,0,-1.1552834925186746,0.20401242110146783,-0.8869193555850572,1.0,0.0,1.0,0.0,1.0,0.0,0.0,1.0,1.0,0.0,0.0,0.0,1.0,0.0,1.0,0.0,0.0,1.0,0.0,0.0,1.0,0.0,0.0,1.0,0.0,0.0,1.0,0.0,0.0,1.0,0.0,0.0,1.0,0.0,0.0,0.0,1.0,1.0,0.0,0.0,0.0,0.0,1.0,2.0,1.0,0.0,0.0,0.7677071137331434,1.0,0.0,0.0,1.0,0.0,0.0,1.0,0.0,0.0
5997-OPVFA,0,1.6137012404433893,0.8072447321617703,1.7520214075391884,0.0,1.0,0.0,1.0,1.0,0.0,0.0,1.0,0.0,0.0,1.0,1.0,0.0,0.0,0.0,0.0,1.0,0.0,0.0,1.0,0.0,0.0,1.0,0.0,0.0,1.0,0.0,0.0,1.0,0.0,0.0,1.0,0.0,0.0,1.0,0.0,1.0,1.0,0.0,0.0,0.0,1.0,0.0,9.0,0.0,1.0,0.0,1.085716093926899,0.0,1.0,0.0,0.0,1.0,0.0,0.0,1.0,0.0
3445-HXXGF,1,1.0436161483629645,-0.6468276429835875,0.1623126739164986,0.0,1.0,0.0,1.0,1.0,0.0,1.0,0.0,0.0,1.0,0.0,1.0,0.0,0.0,1.0,0.0,0.0,0.0,0.0,1.0,0.0,0.0,1.0,1.0,0.0,0.0,1.0,0.0,0.0,0.0,0.0,1.0,1.0,0.0,0.0,0.0,1.0,0.0,0.0,1.0,0.0,0.0,1.0,4.0,0.0,1.0,0.0,0.15552909388294273,0.0,1.0,0.0,0.0,1.0,0.0,0.0,1.0,0.0
1159-WFSGR,0,-0.6666391278783103,-1.4744025490663168,-0.8655658822742022,1.0,0.0,0.0,1.0,0.0,1.0,0.0,1.0,1.0,0.0,0.0,0.0,0.0,1.0,0.0,1.0,0.0,0.0,1.0,0.0,0.0,1.0,0.0,0.0,1.0,0.0,0.0,1.0,0.0,0.0,1.0,0.0,1.0,0.0,0.0,1.0,0.0,0.0,0.0,1.0,0.0,1.0,0.0,1.0,1.0,0.0,0.0,1.2984024580570441,1.0,0.0,0.0,1.0,0.0,0.0,1.0,0.0,0.0
7654-YWJUF,0,0.43281069256250915,0.6477122201458225,0.5541092022988284,0.0,1.0,0.0,1.0,1.0,0.0,0.0,1.0,1.0,0.0,0.0,0.0,1.0,0.0,0.0,0.0,1.0,1.0,0.0,0.0,0.0,0.0,1.0,0.0,0.0,1.0,1.0,0.0,0.0,1.0,0.0,0.0,0.0,1.0,0.0,0.0,1.0,1.0,0.0,0.0,0.0,1.0,0.0,5.0,0.0,0.0,1.0,1.280257654953385,0.0,0.0,1.0,0.0,0.0,1.0,0.0,0.0,1.0
1875-QIVME,0,-1.2367242199587352,1.3174164112127704,-0.9002432170310866,1.0,0.0,0.0,1.0,1.0,0.0,0.0,1.0,0.0,0.0,1.0,0.0,1.0,0.0,1.0,0.0,0.0,1.0,0.0,0.0,0.0,0.0,1.0,0.0,0.0,1.0,0.0,0.0,1.0,0.0,0.0,1.0,1.0,0.0,0.0,0.0,1.0,0.0,0.0,1.0,0.0,0.0,1.0,7.0,1.0,0.0,0.0,0.727925597722283,1.0,0.0,0.0,1.0,0.0,0.0,1.0,0.0,0.0
6727-IOTLZ,0,-0.748079855318371,0.5712695581381809,-0.485990246675151,0.0,1.0,0.0,1.0,1.0,0.0,0.0,1.0,1.0,0.0,0.0,1.0,0.0,0.0,1.0,0.0,0.0,0.0,0.0,1.0,0.0,0.0,1.0,0.0,0.0,1.0,0.0,0.0,1.0,0.0,0.0,1.0,0.0,0.0,1.0,1.0,0.0,0.0,0.0,0.0,1.0,1.0,0.0,7.0,1.0,0.0,0.0,0.649650225467335,1.0,0.0,0.0,1.0,0.0,0.0,1.0,0.0,0.0
0691-JVSYA,0,0.8400143297628127,1.0000131841810405,1.1986620294371255,1.0,0.0,0.0,1.0,1.0,0.0,0.0,1.0,1.0,0.0,0.0,0.0,1.0,0.0,1.0,0.0,0.0,1.0,0.0,0.0,0.0,0.0,1.0,1.0,0.0,0.0,0.0,0.0,1.0,0.0,0.0,1.0,0.0,1.0,0.0,0.0,1.0,1.0,0.0,0.0,0.0,0.0,1.0,5.0,0.0,1.0,0.0,1.4269542637154546,0.0,1.0,0.0,0.0,1.0,0.0,0.0,1.0,0.0
5918-VUKWP,0,-0.015113308357824713,-1.4694171580658184,-0.7185842782760342,1.0,0.0,1.0,0.0,1.0,0.0,0.0,1.0,1.0,0.0,0.0,0.0,0.0,1.0,0.0,1.0,0.0,0.0,1.0,0.0,0.0,1.0,0.0,0.0,1.0,0.0,0.0,1.0,0.0,0.0,1.0,0.0,0.0,1.0,0.0,1.0,0.0,1.0,0.0,0.0,0.0,1.0,0.0,1.0,0.0,0.0,1.0,47.546457814711154,0.0,0.0,1.0,0.0,0.0,1.0,0.0,0.0,1.0
1744-JHKYS,0,0.06632741908223598,-1.33148800705203,-0.6631490732861802,1.0,0.0,0.0,1.0,1.0,0.0,0.0,1.0,0.0,0.0,1.0,0.0,0.0,1.0,0.0,1.0,0.0,0.0,1.0,0.0,0.0,1.0,0.0,0.0,1.0,0.0,0.0,1.0,0.0,0.0,1.0,0.0,1.0,0.0,0.0,1.0,0.0,0.0,0.0,1.0,0.0,1.0,0.0,2.0,0.0,0.0,1.0,-9.99811363780001,0.0,0.0,1.0,0.0,0.0,1.0,0.0,0.0,1.0
2656-FMOKZ,1,-0.7073594915983407,0.32200000811326246,-0.5018950547920171,1.0,0.0,1.0,0.0,1.0,0.0,0.0,1.0,0.0,0.0,1.0,0.0,1.0,0.0,1.0,0.0,0.0,1.0,0.0,0.0,1.0,0.0,0.0,1.0,0.0,0.0,1.0,0.0,0.0,1.0,0.0,0.0,1.0,0.0,0.0,0.0,1.0,0.0,0.0,0.0,1.0,0.0,1.0,3.0,1.0,0.0,0.0,0.7095332157881155,1.0,0.0,0.0,1.0,0.0,0.0,1.0,0.0,0.0
2070-FNEXE,1,-1.0331224013585834,0.3884718881199074,-0.7851815261329259,1.0,0.0,1.0,0.0,1.0,0.0,0.0,1.0,1.0,0.0,0.0,0.0,1.0,0.0,0.0,0.0,1.0,1.0,0.0,0.0,1.0,0.0,0.0,1.0,0.0,0.0,1.0,0.0,0.0,1.0,0.0,0.0,1.0,0.0,0.0,1.0,0.0,1.0,0.0,0.0,0.0,0.0,1.0,3.0,1.0,0.0,0.0,0.7600082285510327,1.0,0.0,0.0,1.0,0.0,0.0,1.0,0.0,0.0
5947-SGKCL,0,-0.7073594915983407,1.3489905542159264,-0.31944197859978424,1.0,0.0,0.0,1.0,0.0,1.0,0.0,1.0,0.0,0.0,1.0,0.0,1.0,0.0,1.0,0.0,0.0,0.0,0.0,1.0,0.0,0.0,1.0,1.0,0.0,0.0,0.0,0.0,1.0,0.0,0.0,1.0,1.0,0.0,0.0,0.0,1.0,1.0,0.0,0.0,0.0,1.0,0.0,7.0,1.0,0.0,0.0,0.45159778357957303,1.0,0.0,0.0,1.0,0.0,0.0,1.0,0.0,0.0
3712-PKXZA,0,1.1657772395230555,-1.4694171580658184,-0.4549968272518543,0.0,1.0,0.0,1.0,1.0,0.0,0.0,1.0,1.0,0.0,0.0,0.0,0.0,1.0,0.0,1.0,0.0,0.0,1.0,0.0,0.0,1.0,0.0,0.0,1.0,0.0,0.0,1.0,0.0,0.0,1.0,0.0,0.0,1.0,0.0,0.0,1.0,0.0,1.0,0.0,0.0,1.0,0.0,1.0,0.0,1.0,0.0,-0.390294828056519,0.0,1.0,0.0,0.0,1.0,0.0,0.0,1.0,0.0
6317-YPKDH,0,-1.2774445836787656,-1.156999322034587,-0.9941499689776875,1.0,0.0,1.0,0.0,1.0,0.0,1.0,0.0,0.0,1.0,0.0,1.0,0.0,0.0,1.0,0.0,0.0,0.0,0.0,1.0,1.0,0.0,0.0,1.0,0.0,0.0,1.0,0.0,0.0,1.0,0.0,0.0,1.0,0.0,0.0,1.0,0.0,1.0,0.0,0.0,0.0,0.0,1.0,2.0,1.0,0.0,0.0,0.7782333430971615,1.0,0.0,0.0,1.0,0.0,0.0,1.0,0.0,0.0
6582-OIVSP,0,-1.2774445836787656,-0.6468276429835875,-0.9873777413883976,1.0,0.0,1.0,0.0,1.0,0.0,0.0,1.0,1.0,0.0,0.0,1.0,0.0,0.0,1.0,0.0,0.0,1.0,0.0,0.0,1.0,0.0,0.0,1.0,0.0,0.0,1.0,0.0,0.0,1.0,0.0,0.0,1.0,0.0,0.0,1.0,0.0,0.0,0.0,0.0,1.0,1.0,0.0,2.0,1.0,0.0,0.0,0.7729319565041031,1.0,0.0,0.0,1.0,0.0,0.0,1.0,0.0,0.0
9367-WXLCH,0,-0.9924020376385531,0.6560212051466532,-0.7150106598087216,0.0,1.0,1.0,0.0,1.0,0.0,0.0,1.0,0.0,0.0,1.0,0.0,1.0,0.0,1.0,0.0,0.0,1.0,0.0,0.0,1.0,0.0,0.0,1.0,0.0,0.0,1.0,0.0,0.0,0.0,0.0,1.0,1.0,0.0,0.0,1.0,0.0,1.0,0.0,0.0,0.0,0.0,1.0,4.0,1.0,0.0,0.0,0.7204848767845221,1.0,0.0,0.0,1.0,0.0,0.0,1.0,0.0,0.0
5524-KHNJP,0,0.025607055362205634,0.3319707901142591,0.0750016745731475,0.0,1.0,0.0,1.0,0.0,1.0,0.0,1.0,1.0,0.0,0.0,1.0,0.0,0.0,0.0,0.0,1.0,1.0,0.0,0.0,0.0,0.0,1.0,1.0,0.0,0.0,0.0,0.0,1.0,0.0,0.0,1.0,0.0,1.0,0.0,1.0,0.0,0.0,1.0,0.0,0.0,1.0,0.0,6.0,0.0,0.0,1.0,2.928945695327591,0.0,0.0,1.0,0.0,0.0,1.0,0.0,0.0,1.0
1918-ZBFQJ,0,-0.7888002190384014,0.4815325201292102,-0.5169174879786826,1.0,0.0,1.0,0.0,1.0,0.0,0.0,1.0,1.0,0.0,0.0,0.0,1.0,0.0,1.0,0.0,0.0,0.0,0.0,1.0,0.0,0.0,1.0,1.0,0.0,0.0,1.0,0.0,0.0,1.0,0.0,0.0,1.0,0.0,0.0,0.0,1.0,0.0,0.0,1.0,0.0,0.0,1.0,4.0,1.0,0.0,0.0,0.6553211770260898,1.0,0.0,0.0,1.0,0.0,0.0,1.0,0.0,0.0
1024-GUALD,0,-1.2774445836787656,-1.328164413051698,-0.996422084422954,1.0,0.0,0.0,1.0,1.0,0.0,1.0,0.0,0.0,1.0,0.0,1.0,0.0,0.0,1.0,0.0,0.0,1.0,0.0,0.0,1.0,0.0,0.0,1.0,0.0,0.0,1.0,0.0,0.0,1.0,0.0,0.0,1.0,0.0,0.0,0.0,1.0,0.0,0.0,1.0,0.0,0.0,1.0,1.0,1.0,0.0,0.0,0.780011984201673,1.0,0.0,0.0,1.0,0.0,0.0,1.0,0.0,0.0
4827-USJHP,0,-0.5037576729981889,-0.4307940329619915,-0.5556537474144899,0.0,1.0,1.0,0.0,1.0,0.0,0.0,1.0,1.0,0.0,0.0,1.0,0.0,0.0,1.0,0.0,0.0,0.0,0.0,1.0,1.0,0.0,0.0,1.0,0.0,0.0,1.0,0.0,0.0,1.0,0.0,0.0,1.0,0.0,0.0,0.0,1.0,0.0,0.0,0.0,1.0,1.0,0.0,3.0,1.0,0.0,0.0,1.1030179334191257,1.0,0.0,0.0,1.0,0.0,0.0,1.0,0.0,0.0
8167-GJLRN,0,-1.1960038562387048,-1.1420431490330922,-0.9711199832994513,0.0,1.0,1.0,0.0,1.0,0.0,1.0,0.0,0.0,1.0,0.0,1.0,0.0,0.0,1.0,0.0,0.0,1.0,0.0,0.0,1.0,0.0,0.0,0.0,0.0,1.0,1.0,0.0,0.0,1.0,0.0,0.0,1.0,0.0,0.0,1.0,0.0,0.0,0.0,1.0,0.0,1.0,0.0,2.0,1.0,0.0,0.0,0.8119706121630013,1.0,0.0,0.0,1.0,0.0,0.0,1.0,0.0,0.0
0956-SYCWG,0,-0.7888002190384014,-1.4993295040688086,-0.899360842100886,1.0,0.0,1.0,0.0,1.0,0.0,0.0,1.0,1.0,0.0,0.0,0.0,0.0,1.0,0.0,1.0,0.0,0.0,1.0,0.0,0.0,1.0,0.0,0.0,1.0,0.0,0.0,1.0,0.0,0.0,1.0,0.0,0.0,1.0,0.0,1.0,0.0,0.0,0.0,1.0,0.0,1.0,0.0,1.0,1.0,0.0,0.0,1.1401630227705377,1.0,0.0,0.0,1.0,0.0,0.0,1.0,0.0,0.0
8017-UVSZU,0,0.3106496014024181,-0.27126152094604356,0.042265564662704425,1.0,0.0,0.0,1.0,1.0,0.0,0.0,1.0,0.0,0.0,1.0,1.0,0.0,0.0,1.0,0.0,0.0,0.0,0.0,1.0,1.0,0.0,0.0,1.0,0.0,0.0,1.0,0.0,0.0,1.0,0.0,0.0,1.0,0.0,0.0,1.0,0.0,0.0,1.0,0.0,0.0,1.0,0.0,4.0,0.0,0.0,1.0,0.13605542859832373,0.0,0.0,1.0,0.0,0.0,1.0,0.0,0.0,1.0
7100-FQPRV,0,0.43281069256250915,0.2372483611047903,0.3926787088186252,0.0,1.0,0.0,1.0,0.0,1.0,0.0,1.0,0.0,0.0,1.0,1.0,0.0,0.0,0.0,0.0,1.0,1.0,0.0,0.0,1.0,0.0,0.0,0.0,0.0,1.0,1.0,0.0,0.0,0.0,0.0,1.0,0.0,1.0,0.0,0.0,1.0,0.0,1.0,0.0,0.0,1.0,0.0,6.0,0.0,0.0,1.0,0.907275895828087,0.0,0.0,1.0,0.0,0.0,1.0,0.0,0.0,1.0
2472-OVKUP,0,-1.0738427650786138,0.8720548151682491,-0.7730929895891774,0.0,1.0,0.0,1.0,1.0,0.0,0.0,1.0,1.0,0.0,0.0,0.0,1.0,0.0,1.0,0.0,0.0,0.0,0.0,1.0,0.0,0.0,1.0,1.0,0.0,0.0,1.0,0.0,0.0,0.0,0.0,1.0,1.0,0.0,0.0,0.0,1.0,0.0,0.0,1.0,0.0,0.0,1.0,5.0,1.0,0.0,0.0,0.7199312736744852,1.0,0.0,0.0,1.0,0.0,0.0,1.0,0.0,0.0
2984-RGEYA,0,1.4915401492832983,-1.4960059100684764,-0.4005542940584761,1.0,0.0,0.0,1.0,0.0,1.0,0.0,1.0,1.0,0.0,0.0,0.0,0.0,1.0,0.0,1.0,0.0,0.0,1.0,0.0,0.0,1.0,0.0,0.0,1.0,0.0,0.0,1.0,0.0,0.0,1.0,0.0,0.0,0.0,1.0,1.0,0.0,1.0,0.0,0.0,0.0,1.0,0.0,1.0,0.0,1.0,0.0,-0.26855079580053337,0.0,1.0,0.0,0.0,1.0,0.0,0.0,1.0,0.0
9680-NIAUV,0,1.6137012404433893,1.4935668932303794,2.5791817264825037,1.0,0.0,0.0,1.0,0.0,1.0,0.0,1.0,0.0,0.0,1.0,0.0,1.0,0.0,0.0,0.0,1.0,0.0,0.0,1.0,0.0,0.0,1.0,1.0,0.0,0.0,0.0,0.0,1.0,0.0,0.0,1.0,0.0,0.0,1.0,1.0,0.0,0.0,1.0,0.0,0.0,1.0,0.0,8.0,0.0,1.0,0.0,1.5983018800765338,0.0,1.0,0.0,0.0,1.0,0.0,0.0,1.0,0.0
2146-EGVDT,0,1.0843365120829946,-1.5109620830699715,-0.48115924393230264,0.0,1.0,0.0,1.0,0.0,1.0,0.0,1.0,1.0,0.0,0.0,0.0,0.0,1.0,0.0,1.0,0.0,0.0,1.0,0.0,0.0,1.0,0.0,0.0,1.0,0.0,0.0,1.0,0.0,0.0,1.0,0.0,0.0,0.0,1.0,1.0,0.0,0.0,1.0,0.0,0.0,1.0,0.0,1.0,0.0,1.0,0.0,-0.44373608983064006,0.0,1.0,0.0,0.0,1.0,0.0,0.0,1.0,0.0
2604-IJPDU,0,-0.5037576729981889,1.0565142821866886,-0.16837939054943823,1.0,0.0,0.0,1.0,1.0,0.0,0.0,1.0,1.0,0.0,0.0,0.0,1.0,0.0,0.0,0.0,1.0,0.0,0.0,1.0,1.0,0.0,0.0,0.0,0.0,1.0,0.0,0.0,1.0,1.0,0.0,0.0,1.0,0.0,0.0,0.0,1.0,0.0,0.0,1.0,0.0,1.0,0.0,6.0,1.0,0.0,0.0,0.3342468007431097,1.0,0.0,0.0,1.0,0.0,0.0,1.0,0.0,0.0
9178-JHUVJ,0,-0.3408762181180675,-1.3514295710540236,-0.74821001655752,0.0,1.0,0.0,1.0,0.0,1.0,0.0,1.0,0.0,0.0,1.0,0.0,0.0,1.0,0.0,1.0,0.0,0.0,1.0,0.0,0.0,1.0,0.0,0.0,1.0,0.0,0.0,1.0,0.0,0.0,1.0,0.0,0.0,0.0,1.0,0.0,1.0,1.0,0.0,0.0,0.0,1.0,0.0,2.0,0.0,0.0,1.0,2.1949610350885975,0.0,0.0,1.0,0.0,0.0,1.0,0.0,0.0,1.0
6168-YBYNP,0,1.0843365120829946,1.5484061942358611,1.8690684420303008,0.0,1.0,1.0,0.0,1.0,0.0,0.0,1.0,0.0,0.0,1.0,0.0,1.0,0.0,1.0,0.0,0.0,0.0,0.0,1.0,0.0,0.0,1.0,0.0,0.0,1.0,0.0,0.0,1.0,0.0,0.0,1.0,1.0,0.0,0.0,0.0,1.0,0.0,0.0,1.0,0.0,1.0,0.0,8.0,0.0,1.0,0.0,1.723697783117021,0.0,1.0,0.0,0.0,1.0,0.0,0.0,1.0,0.0
7255-SSFBC,0,1.6137012404433893,1.5783185402388515,2.5405116451664616,0.0,1.0,0.0,1.0,0.0,1.0,0.0,1.0,0.0,0.0,1.0,0.0,1.0,0.0,1.0,0.0,0.0,0.0,0.0,1.0,0.0,0.0,1.0,0.0,0.0,1.0,0.0,0.0,1.0,0.0,0.0,1.0,0.0,0.0,1.0,0.0,1.0,1.0,0.0,0.0,0.0,1.0,0.0,8.0,0.0,1.0,0.0,1.5743382861058077,0.0,1.0,0.0,0.0,1.0,0.0,0.0,1.0,0.0
3645-DEYGF,0,-1.2774445836787656,-1.462769970065154,-0.9982088936566103,0.0,1.0,1.0,0.0,0.0,1.0,0.0,1.0,1.0,0.0,0.0,0.0,0.0,1.0,0.0,1.0,0.0,0.0,1.0,0.0,0.0,1.0,0.0,0.0,1.0,0.0,0.0,1.0,0.0,0.0,1.0,0.0,1.0,0.0,0.0,1.0,0.0,0.0,0.0,0.0,1.0,1.0,0.0,1.0,1.0,0.0,0.0,0.781410721380949,1.0,0.0,0.0,1.0,0.0,0.0,1.0,0.0,0.0
9323-HGFWY,0,-0.21871512695797646,1.2343265612044643,0.17552623849625296,1.0,0.0,0.0,1.0,1.0,0.0,0.0,1.0,1.0,0.0,0.0,0.0,1.0,0.0,0.0,0.0,1.0,1.0,0.0,0.0,1.0,0.0,0.0,0.0,0.0,1.0,0.0,0.0,1.0,0.0,0.0,1.0,0.0,1.0,0.0,0.0,1.0,0.0,1.0,0.0,0.0,1.0,0.0,6.0,0.0,0.0,1.0,-0.8025336012994577,0.0,0.0,1.0,0.0,0.0,1.0,0.0,0.0,1.0
8544-GOQSH,0,-0.748079855318371,0.5081212721318681,-0.5166307161263676,1.0,0.0,1.0,0.0,1.0,0.0,0.0,1.0,1.0,0.0,0.0,0.0,1.0,0.0,1.0,0.0,0.0,0.0,0.0,1.0,1.0,0.0,0.0,0.0,0.0,1.0,1.0,0.0,0.0,1.0,0.0,0.0,1.0,0.0,0.0,0.0,1.0,0.0,1.0,0.0,0.0,1.0,0.0,4.0,1.0,0.0,0.0,0.6906090472206309,1.0,0.0,0.0,1.0,0.0,0.0,1.0,0.0,0.0
3363-DTIVD,0,1.5729808767233588,1.3556377422165908,2.2598502392429,0.0,1.0,0.0,1.0,0.0,1.0,0.0,1.0,0.0,0.0,1.0,0.0,1.0,0.0,0.0,0.0,1.0,1.0,0.0,0.0,0.0,0.0,1.0,1.0,0.0,0.0,0.0,0.0,1.0,0.0,0.0,1.0,0.0,0.0,1.0,1.0,0.0,0.0,0.0,1.0,0.0,1.0,0.0,7.0,0.0,1.0,0.0,1.4366673318688674,0.0,1.0,0.0,0.0,1.0,0.0,0.0,1.0,0.0
7018-WBJNK,0,-0.7888002190384014,0.4499583771260538,-0.5511977540169768,0.0,1.0,1.0,0.0,0.0,1.0,0.0,1.0,1.0,0.0,0.0,0.0,1.0,0.0,1.0,0.0,0.0,1.0,0.0,0.0,1.0,0.0,0.0,1.0,0.0,0.0,0.0,0.0,1.0,1.0,0.0,0.0,1.0,0.0,0.0,0.0,1.0,0.0,1.0,0.0,0.0,1.0,0.0,3.0,1.0,0.0,0.0,0.6987799200777639,1.0,0.0,0.0,1.0,0.0,0.0,1.0,0.0,0.0
9142-KZXOP,0,0.47353105628253944,0.13587874409465642,0.2980881163011188,0.0,1.0,1.0,0.0,1.0,0.0,0.0,1.0,1.0,0.0,0.0,0.0,1.0,0.0,1.0,0.0,0.0,1.0,0.0,0.0,1.0,0.0,0.0,1.0,0.0,0.0,1.0,0.0,0.0,1.0,0.0,0.0,1.0,0.0,0.0,1.0,0.0,0.0,1.0,0.0,0.0,1.0,0.0,2.0,0.0,0.0,1.0,0.6295006681109001,0.0,0.0,1.0,0.0,0.0,1.0,0.0,0.0,1.0
7674-YTAFD,0,0.025607055362205634,0.5047976781315361,0.17715863211712404,1.0,0.0,1.0,0.0,1.0,0.0,0.0,1.0,1.0,0.0,0.0,0.0,1.0,0.0,1.0,0.0,0.0,0.0,0.0,1.0,1.0,0.0,0.0,0.0,0.0,1.0,1.0,0.0,0.0,1.0,0.0,0.0,0.0,1.0,0.0,0.0,1.0,1.0,0.0,0.0,0.0,1.0,0.0,4.0,0.0,0.0,1.0,6.918352368566313,0.0,0.0,1.0,0.0,0.0,1.0,0.0,0.0,1.0
6348-SNFUS,0,1.6137012404433893,-0.3094828519498643,0.8364471205897714,0.0,1.0,0.0,1.0,0.0,1.0,1.0,0.0,0.0,1.0,0.0,1.0,0.0,0.0,0.0,0.0,1.0,0.0,0.0,1.0,0.0,0.0,1.0,0.0,0.0,1.0,1.0,0.0,0.0,0.0,0.0,1.0,0.0,0.0,1.0,0.0,1.0,0.0,1.0,0.0,0.0,1.0,0.0,6.0,0.0,1.0,0.0,0.5183407557894327,0.0,1.0,0.0,0.0,1.0,0.0,0.0,1.0,0.0
1285-OKIPP,0,-1.2774445836787656,0.50313588113137,-0.9721126550959269,0.0,1.0,1.0,0.0,1.0,0.0,0.0,1.0,1.0,0.0,0.0,0.0,1.0,0.0,1.0,0.0,0.0,1.0,0.0,0.0,1.0,0.0,0.0,1.0,0.0,0.0,1.0,0.0,0.0,0.0,0.0,1.0,1.0,0.0,0.0,1.0,0.0,0.0,0.0,1.0,0.0,0.0,1.0,3.0,1.0,0.0,0.0,0.7609822512194241,1.0,0.0,0.0,1.0,0.0,0.0,1.0,0.0,0.0
7825-ECJRF,0,-0.5444780367182193,1.3905354792200795,-0.1539084416941481,1.0,0.0,1.0,0.0,1.0,0.0,0.0,1.0,1.0,0.0,0.0,0.0,1.0,0.0,0.0,0.0,1.0,1.0,0.0,0.0,0.0,0.0,1.0,0.0,0.0,1.0,0.0,0.0,1.0,0.0,0.0,1.0,1.0,0.0,0.0,0.0,1.0,0.0,0.0,1.0,0.0,0.0,1.0,7.0,1.0,0.0,0.0,0.28267153367987824,1.0,0.0,0.0,1.0,0.0,0.0,1.0,0.0,0.0
1347-KTTTA,0,1.2879383306831464,1.2526063282062914,1.9283419779665274,0.0,1.0,0.0,1.0,1.0,0.0,0.0,1.0,1.0,0.0,0.0,0.0,1.0,0.0,1.0,0.0,0.0,0.0,0.0,1.0,0.0,0.0,1.0,0.0,0.0,1.0,0.0,0.0,1.0,0.0,0.0,1.0,0.0,1.0,0.0,0.0,1.0,0.0,1.0,0.0,0.0,1.0,0.0,7.0,0.0,1.0,0.0,1.4972316080877095,0.0,1.0,0.0,0.0,1.0,0.0,0.0,1.0,0.0
7841-TZDMQ,0,-1.2367242199587352,-0.6235624849812617,-0.9700831927564656,0.0,1.0,1.0,0.0,1.0,0.0,0.0,1.0,1.0,0.0,0.0,1.0,0.0,0.0,1.0,0.0,0.0,1.0,0.0,0.0,1.0,0.0,0.0,1.0,0.0,0.0,1.0,0.0,0.0,1.0,0.0,0.0,1.0,0.0,0.0,0.0,1.0,0.0,1.0,0.0,0.0,0.0,1.0,2.0,1.0,0.0,0.0,0.7843973434827965,1.0,0.0,0.0,1.0,0.0,0.0,1.0,0.0,0.0
4195-NZGTA,0,-1.2774445836787656,-1.3132082400502028,-0.9962235500636589,1.0,0.0,1.0,0.0,1.0,0.0,1.0,0.0,0.0,1.0,0.0,1.0,0.0,0.0,1.0,0.0,0.0,1.0,0.0,0.0,1.0,0.0,0.0,1.0,0.0,0.0,1.0,0.0,0.0,1.0,0.0,0.0,1.0,0.0,0.0,1.0,0.0,0.0,0.0,1.0,0.0,1.0,0.0,1.0,1.0,0.0,0.0,0.7798565689595313,1.0,0.0,0.0,1.0,0.0,0.0,1.0,0.0,0.0
7157-SMCFK,0,1.1657772395230555,-1.4960059100684764,-0.5113805852916739,0.0,1.0,1.0,0.0,0.0,1.0,0.0,1.0,1.0,0.0,0.0,0.0,0.0,1.0,0.0,1.0,0.0,0.0,1.0,0.0,0.0,1.0,0.0,0.0,1.0,0.0,0.0,1.0,0.0,0.0,1.0,0.0,0.0,0.0,1.0,1.0,0.0,0.0,0.0,0.0,1.0,1.0,0.0,1.0,0.0,1.0,0.0,-0.4386606359726929,0.0,1.0,0.0,0.0,1.0,0.0,0.0,1.0,0.0
4709-LKHYG,0,-0.13727439951791576,-1.4876969250676457,-0.7691002430300196,1.0,0.0,0.0,1.0,0.0,1.0,0.0,1.0,1.0,0.0,0.0,0.0,0.0,1.0,0.0,1.0,0.0,0.0,1.0,0.0,0.0,1.0,0.0,0.0,1.0,0.0,0.0,1.0,0.0,0.0,1.0,0.0,0.0,1.0,0.0,1.0,0.0,0.0,0.0,1.0,0.0,1.0,0.0,1.0,0.0,0.0,1.0,5.602648751194456,0.0,0.0,1.0,0.0,0.0,1.0,0.0,0.0,1.0
2504-DSHIH,1,-0.38159658183809786,0.7324638671542947,-0.13564328063899536,0.0,1.0,0.0,1.0,1.0,0.0,0.0,1.0,0.0,0.0,1.0,0.0,1.0,0.0,1.0,0.0,0.0,1.0,0.0,0.0,1.0,0.0,0.0,1.0,0.0,0.0,1.0,0.0,0.0,0.0,0.0,1.0,1.0,0.0,0.0,1.0,0.0,0.0,0.0,1.0,0.0,1.0,0.0,4.0,0.0,0.0,1.0,0.35546251485173286,0.0,0.0,1.0,0.0,0.0,1.0,0.0,0.0,1.0
0699-NDKJM,0,1.002895784642934,-0.19980424993890028,0.5091963183516168,1.0,0.0,0.0,1.0,1.0,0.0,1.0,0.0,0.0,1.0,0.0,1.0,0.0,0.0,0.0,0.0,1.0,0.0,0.0,1.0,0.0,0.0,1.0,1.0,0.0,0.0,0.0,0.0,1.0,0.0,0.0,1.0,1.0,0.0,0.0,0.0,1.0,1.0,0.0,0.0,0.0,1.0,0.0,6.0,0.0,1.0,0.0,0.5077260530443933,0.0,1.0,0.0,0.0,1.0,0.0,0.0,1.0,0.0
9286-BHDQG,0,1.6137012404433893,-0.6484894399837535,0.3778768693645099,0.0,1.0,0.0,1.0,0.0,1.0,1.0,0.0,0.0,1.0,0.0,1.0,0.0,0.0,0.0,0.0,1.0,0.0,0.0,1.0,0.0,0.0,1.0,0.0,0.0,1.0,1.0,0.0,0.0,1.0,0.0,0.0,0.0,0.0,1.0,1.0,0.0,0.0,1.0,0.0,0.0,1.0,0.0,5.0,0.0,1.0,0.0,0.23416780002020848,0.0,1.0,0.0,0.0,1.0,0.0,0.0,1.0,0.0
0230-WEQUW,0,1.369379058123207,-0.27126152094604356,0.6643840092006507,0.0,1.0,0.0,1.0,1.0,0.0,1.0,0.0,0.0,1.0,0.0,1.0,0.0,0.0,0.0,0.0,1.0,0.0,0.0,1.0,0.0,0.0,1.0,0.0,0.0,1.0,0.0,0.0,1.0,1.0,0.0,0.0,0.0,0.0,1.0,0.0,1.0,1.0,0.0,0.0,0.0,1.0,0.0,6.0,0.0,1.0,0.0,0.48517173185868456,0.0,1.0,0.0,0.0,1.0,0.0,0.0,1.0,0.0
2040-LDIWQ,0,1.3286586944031769,0.6460504231456565,1.3417391243691559,0.0,1.0,0.0,1.0,0.0,1.0,0.0,1.0,0.0,0.0,1.0,1.0,0.0,0.0,1.0,0.0,0.0,0.0,0.0,1.0,0.0,0.0,1.0,0.0,0.0,1.0,0.0,0.0,1.0,0.0,0.0,1.0,0.0,0.0,1.0,0.0,1.0,1.0,0.0,0.0,0.0,1.0,0.0,8.0,0.0,1.0,0.0,1.0098448382726721,0.0,1.0,0.0,0.0,1.0,0.0,0.0,1.0,0.0
6496-JDSSB,0,-0.9924020376385531,0.5064594751317021,-0.7317978428557884,1.0,0.0,1.0,0.0,1.0,0.0,0.0,1.0,1.0,0.0,0.0,0.0,1.0,0.0,1.0,0.0,0.0,1.0,0.0,0.0,1.0,0.0,0.0,1.0,0.0,0.0,0.0,0.0,1.0,1.0,0.0,0.0,1.0,0.0,0.0,0.0,1.0,1.0,0.0,0.0,0.0,1.0,0.0,3.0,1.0,0.0,0.0,0.7374005847439822,1.0,0.0,0.0,1.0,0.0,0.0,1.0,0.0,0.0
9408-SSNVZ,0,-1.1552834925186746,0.179085466098976,-0.8889708772977737,1.0,0.0,1.0,0.0,1.0,0.0,0.0,1.0,1.0,0.0,0.0,0.0,1.0,0.0,1.0,0.0,0.0,1.0,0.0,0.0,1.0,0.0,0.0,1.0,0.0,0.0,1.0,0.0,0.0,1.0,0.0,0.0,1.0,0.0,0.0,0.0,1.0,0.0,0.0,1.0,0.0,0.0,1.0,2.0,1.0,0.0,0.0,0.7694828871480685,1.0,0.0,0.0,1.0,0.0,0.0,1.0,0.0,0.0
4443-EMBNA,0,1.5729808767233588,-1.329826210051864,-0.19694627891468328,1.0,0.0,0.0,1.0,1.0,0.0,0.0,1.0,0.0,0.0,1.0,0.0,0.0,1.0,0.0,1.0,0.0,0.0,1.0,0.0,0.0,1.0,0.0,0.0,1.0,0.0,0.0,1.0,0.0,0.0,1.0,0.0,0.0,0.0,1.0,1.0,0.0,1.0,0.0,0.0,0.0,1.0,0.0,2.0,0.0,1.0,0.0,-0.12520576812410947,0.0,1.0,0.0,0.0,1.0,0.0,0.0,1.0,0.0
6469-MRVET,0,-1.2774445836787656,-1.481049737066981,-0.9984515467624155,0.0,1.0,0.0,1.0,0.0,1.0,0.0,1.0,1.0,0.0,0.0,0.0,0.0,1.0,0.0,1.0,0.0,0.0,1.0,0.0,0.0,1.0,0.0,0.0,1.0,0.0,0.0,1.0,0.0,0.0,1.0,0.0,0.0,1.0,0.0,0.0,1.0,0.0,0.0,1.0,0.0,1.0,0.0,1.0,1.0,0.0,0.0,0.7816006733435669,1.0,0.0,0.0,1.0,0.0,0.0,1.0,0.0,0.0
0742-MOABM,0,-1.1552834925186746,-0.4889569279678058,-0.9282365616917012,0.0,1.0,0.0,1.0,1.0,0.0,0.0,1.0,1.0,0.0,0.0,1.0,0.0,0.0,1.0,0.0,0.0,1.0,0.0,0.0,1.0,0.0,0.0,0.0,0.0,1.0,1.0,0.0,0.0,1.0,0.0,0.0,1.0,0.0,0.0,1.0,0.0,0.0,0.0,0.0,1.0,0.0,1.0,3.0,1.0,0.0,0.0,0.8034708084229782,1.0,0.0,0.0,1.0,0.0,0.0,1.0,0.0,0.0
5961-VUSRV,0,-0.8295205827584317,-1.5093002860698053,-0.9105890630876888,1.0,0.0,1.0,0.0,1.0,0.0,0.0,1.0,1.0,0.0,0.0,0.0,0.0,1.0,0.0,1.0,0.0,0.0,1.0,0.0,0.0,1.0,0.0,0.0,1.0,0.0,0.0,1.0,0.0,0.0,1.0,0.0,0.0,1.0,0.0,0.0,1.0,1.0,0.0,0.0,0.0,1.0,0.0,1.0,1.0,0.0,0.0,1.0977293174084692,1.0,0.0,0.0,1.0,0.0,0.0,1.0,0.0,0.0
6778-JFCMK,0,-0.3408762181180675,-0.47067716096597834,-0.43878318790941795,0.0,1.0,1.0,0.0,1.0,0.0,1.0,0.0,0.0,1.0,0.0,1.0,0.0,0.0,0.0,0.0,1.0,1.0,0.0,0.0,1.0,0.0,0.0,1.0,0.0,0.0,0.0,0.0,1.0,0.0,0.0,1.0,0.0,1.0,0.0,0.0,1.0,0.0,0.0,0.0,1.0,1.0,0.0,4.0,0.0,0.0,1.0,1.287221473917664,0.0,0.0,1.0,0.0,0.0,1.0,0.0,0.0,1.0
6341-JVQGF,0,-0.055833672077855064,0.544680806135523,0.11578945572167103,1.0,0.0,0.0,1.0,0.0,1.0,0.0,1.0,1.0,0.0,0.0,1.0,0.0,0.0,0.0,0.0,1.0,1.0,0.0,0.0,0.0,0.0,1.0,0.0,0.0,1.0,0.0,0.0,1.0,0.0,0.0,1.0,0.0,1.0,0.0,0.0,1.0,0.0,0.0,0.0,1.0,1.0,0.0,7.0,0.0,0.0,1.0,-2.0738284159460796,0.0,0.0,1.0,0.0,0.0,1.0,0.0,0.0,1.0
2232-DMLXU,0,-1.2774445836787656,-0.31779183695069496,-0.9830099854839047,1.0,0.0,0.0,1.0,1.0,0.0,0.0,1.0,1.0,0.0,0.0,1.0,0.0,0.0,1.0,0.0,0.0,1.0,0.0,0.0,1.0,0.0,0.0,1.0,0.0,0.0,0.0,0.0,1.0,1.0,0.0,0.0,1.0,0.0,0.0,1.0,0.0,0.0,0.0,0.0,1.0,0.0,1.0,3.0,1.0,0.0,0.0,0.769512821176984,1.0,0.0,0.0,1.0,0.0,0.0,1.0,0.0,0.0
4811-JBUVU,0,-0.0965540357978854,0.8354952811645946,0.19405611203046597,0.0,1.0,1.0,0.0,1.0,0.0,0.0,1.0,0.0,0.0,1.0,0.0,1.0,0.0,1.0,0.0,0.0,1.0,0.0,0.0,1.0,0.0,0.0,0.0,0.0,1.0,1.0,0.0,0.0,0.0,0.0,1.0,1.0,0.0,0.0,0.0,1.0,0.0,1.0,0.0,0.0,1.0,0.0,5.0,0.0,0.0,1.0,-2.0098187551339612,0.0,0.0,1.0,0.0,0.0,1.0,0.0,0.0,1.0
0945-TSONX,0,0.5956921474426305,0.682609957149311,0.8047036824758043,1.0,0.0,0.0,1.0,0.0,1.0,0.0,1.0,0.0,0.0,1.0,1.0,0.0,0.0,0.0,0.0,1.0,0.0,0.0,1.0,1.0,0.0,0.0,0.0,0.0,1.0,0.0,0.0,1.0,0.0,0.0,1.0,0.0,0.0,1.0,0.0,1.0,0.0,1.0,0.0,0.0,1.0,0.0,8.0,0.0,1.0,0.0,1.350871731196193,0.0,1.0,0.0,0.0,1.0,0.0,0.0,1.0,0.0
2651-ZCBXV,0,0.880734693482843,1.437065795224731,1.5341630372726556,0.0,1.0,1.0,0.0,1.0,0.0,0.0,1.0,0.0,0.0,1.0,0.0,1.0,0.0,0.0,0.0,1.0,0.0,0.0,1.0,1.0,0.0,0.0,0.0,0.0,1.0,0.0,0.0,1.0,0.0,0.0,1.0,0.0,0.0,1.0,0.0,1.0,0.0,1.0,0.0,0.0,1.0,0.0,8.0,0.0,1.0,0.0,1.7419128014656116,0.0,1.0,0.0,0.0,1.0,0.0,0.0,1.0,0.0
3316-UWXUY,0,0.7178532386027215,0.9551446651765553,1.0871739570062773,0.0,1.0,1.0,0.0,1.0,0.0,0.0,1.0,1.0,0.0,0.0,0.0,1.0,0.0,0.0,0.0,1.0,0.0,0.0,1.0,1.0,0.0,0.0,0.0,0.0,1.0,1.0,0.0,0.0,0.0,0.0,1.0,1.0,0.0,0.0,0.0,1.0,0.0,1.0,0.0,0.0,1.0,0.0,6.0,0.0,1.0,0.0,1.5144794207830374,0.0,1.0,0.0,0.0,1.0,0.0,0.0,1.0,0.0
8937-RDTHP,0,-1.2774445836787656,0.6593447991469852,-0.9700390740099556,0.0,1.0,1.0,0.0,1.0,0.0,0.0,1.0,1.0,0.0,0.0,0.0,1.0,0.0,0.0,0.0,1.0,1.0,0.0,0.0,1.0,0.0,0.0,1.0,0.0,0.0,1.0,0.0,0.0,0.0,0.0,1.0,1.0,0.0,0.0,0.0,1.0,0.0,0.0,0.0,1.0,0.0,1.0,4.0,1.0,0.0,0.0,0.7593590253570545,1.0,0.0,0.0,1.0,0.0,0.0,1.0,0.0,0.0
7083-MIOPC,0,1.6137012404433893,-1.479387940066815,-0.31606689449176684,1.0,0.0,1.0,0.0,1.0,0.0,0.0,1.0,1.0,0.0,0.0,0.0,0.0,1.0,0.0,1.0,0.0,0.0,1.0,0.0,0.0,1.0,0.0,0.0,1.0,0.0,0.0,1.0,0.0,0.0,1.0,0.0,0.0,0.0,1.0,1.0,0.0,0.0,1.0,0.0,0.0,1.0,0.0,1.0,0.0,1.0,0.0,-0.19586456685434697,0.0,1.0,0.0,0.0,1.0,0.0,0.0,1.0,0.0
1984-GPTEH,0,-0.13727439951791576,-1.3165318340505352,-0.6976499330570245,1.0,0.0,1.0,0.0,1.0,0.0,0.0,1.0,0.0,0.0,1.0,0.0,0.0,1.0,0.0,1.0,0.0,0.0,1.0,0.0,0.0,1.0,0.0,0.0,1.0,0.0,0.0,1.0,0.0,0.0,1.0,0.0,1.0,0.0,0.0,1.0,0.0,0.0,0.0,1.0,0.0,1.0,0.0,2.0,0.0,0.0,1.0,5.08215614496987,0.0,0.0,1.0,0.0,0.0,1.0,0.0,0.0,1.0
1251-KRREG,0,-1.2367242199587352,-0.34438058895335305,-0.9570240437894965,0.0,1.0,1.0,0.0,1.0,0.0,0.0,1.0,0.0,0.0,1.0,1.0,0.0,0.0,1.0,0.0,0.0,0.0,0.0,1.0,1.0,0.0,0.0,1.0,0.0,0.0,1.0,0.0,0.0,1.0,0.0,0.0,1.0,0.0,0.0,0.0,1.0,0.0,0.0,0.0,1.0,0.0,1.0,4.0,1.0,0.0,0.0,0.7738378761769772,1.0,0.0,0.0,1.0,0.0,0.0,1.0,0.0,0.0
0621-JFHOL,0,-0.9109613101984924,-1.16863190103575,-0.8754264221191942,1.0,0.0,1.0,0.0,1.0,0.0,1.0,0.0,0.0,1.0,0.0,1.0,0.0,0.0,1.0,0.0,0.0,1.0,0.0,0.0,1.0,0.0,0.0,0.0,0.0,1.0,1.0,0.0,0.0,1.0,0.0,0.0,0.0,0.0,1.0,0.0,1.0,0.0,0.0,0.0,1.0,1.0,0.0,2.0,1.0,0.0,0.0,0.9609918800266551,1.0,0.0,0.0,1.0,0.0,0.0,1.0,0.0,0.0
9903-LYSAB,0,-0.5851984004382496,0.2787932861089434,-0.4311947635096926,0.0,1.0,0.0,1.0,1.0,0.0,0.0,1.0,0.0,0.0,1.0,0.0,1.0,0.0,1.0,0.0,0.0,1.0,0.0,0.0,1.0,0.0,0.0,1.0,0.0,0.0,1.0,0.0,0.0,1.0,0.0,0.0,1.0,0.0,0.0,0.0,1.0,0.0,0.0,1.0,0.0,1.0,0.0,3.0,1.0,0.0,0.0,0.7368351710920176,1.0,0.0,0.0,1.0,0.0,0.0,1.0,0.0,0.0
0094-OIFMO,1,-0.8702409464784621,1.0049985751815391,-0.513101216405565,1.0,0.0,1.0,0.0,1.0,0.0,0.0,1.0,1.0,0.0,0.0,0.0,1.0,0.0,1.0,0.0,0.0,0.0,0.0,1.0,1.0,0.0,0.0,1.0,0.0,0.0,0.0,0.0,1.0,0.0,0.0,1.0,1.0,0.0,0.0,0.0,1.0,0.0,0.0,1.0,0.0,0.0,1.0,5.0,1.0,0.0,0.0,0.5896082211276001,1.0,0.0,0.0,1.0,0.0,0.0,1.0,0.0,0.0
9227-UAQFT,0,-0.6666391278783103,-1.4960059100684764,-0.8819118778561688,0.0,1.0,1.0,0.0,1.0,0.0,0.0,1.0,1.0,0.0,0.0,0.0,0.0,1.0,0.0,1.0,0.0,0.0,1.0,0.0,0.0,1.0,0.0,0.0,1.0,0.0,0.0,1.0,0.0,0.0,1.0,0.0,0.0,0.0,1.0,1.0,0.0,0.0,0.0,0.0,1.0,1.0,0.0,1.0,1.0,0.0,0.0,1.322922464306888,1.0,0.0,0.0,1.0,0.0,0.0,1.0,0.0,0.0
7301-ABVAD,0,1.6137012404433893,0.7258166791536301,1.7943974635620734,1.0,0.0,1.0,0.0,1.0,0.0,0.0,1.0,0.0,0.0,1.0,1.0,0.0,0.0,1.0,0.0,0.0,0.0,0.0,1.0,0.0,0.0,1.0,0.0,0.0,1.0,0.0,0.0,1.0,0.0,0.0,1.0,0.0,0.0,1.0,1.0,0.0,1.0,0.0,0.0,0.0,1.0,0.0,8.0,0.0,1.0,0.0,1.1119762559450193,0.0,1.0,0.0,0.0,1.0,0.0,0.0,1.0,0.0
6614-FHDBO,0,1.6137012404433893,1.476948923228718,2.468443672742326,0.0,1.0,1.0,0.0,1.0,0.0,0.0,1.0,0.0,0.0,1.0,0.0,1.0,0.0,1.0,0.0,0.0,0.0,0.0,1.0,0.0,0.0,1.0,0.0,0.0,1.0,0.0,0.0,1.0,0.0,0.0,1.0,0.0,0.0,1.0,1.0,0.0,1.0,0.0,0.0,0.0,1.0,0.0,8.0,0.0,1.0,0.0,1.5296782396127322,0.0,1.0,0.0,0.0,1.0,0.0,0.0,1.0,0.0
7576-ASEJU,0,0.35136996512244845,0.3303089931140931,0.3989876895695597,1.0,0.0,0.0,1.0,0.0,1.0,0.0,1.0,1.0,0.0,0.0,1.0,0.0,0.0,0.0,0.0,1.0,1.0,0.0,0.0,1.0,0.0,0.0,0.0,0.0,1.0,0.0,0.0,1.0,0.0,0.0,1.0,0.0,1.0,0.0,0.0,1.0,0.0,1.0,0.0,0.0,1.0,0.0,6.0,0.0,0.0,1.0,1.135520190038204,0.0,0.0,1.0,0.0,0.0,1.0,0.0,0.0,1.0
9058-HRZSV,1,1.3286586944031769,0.9850570111795457,1.6954170557668187,1.0,0.0,0.0,1.0,1.0,0.0,0.0,1.0,1.0,0.0,0.0,0.0,1.0,0.0,0.0,0.0,1.0,0.0,0.0,1.0,0.0,0.0,1.0,1.0,0.0,0.0,1.0,0.0,0.0,0.0,0.0,1.0,1.0,0.0,0.0,1.0,0.0,0.0,0.0,1.0,0.0,1.0,0.0,6.0,0.0,1.0,0.0,1.2760365494227897,0.0,1.0,0.0,0.0,1.0,0.0,0.0,1.0,0.0
4522-AKYLR,1,-0.7888002190384014,-0.3310862129520241,-0.6847231403295855,1.0,0.0,1.0,0.0,1.0,0.0,0.0,1.0,1.0,0.0,0.0,1.0,0.0,0.0,1.0,0.0,0.0,0.0,0.0,1.0,0.0,0.0,1.0,1.0,0.0,0.0,1.0,0.0,0.0,1.0,0.0,0.0,1.0,0.0,0.0,0.0,1.0,0.0,0.0,1.0,0.0,1.0,0.0,4.0,1.0,0.0,0.0,0.8680564784379845,1.0,0.0,0.0,1.0,0.0,0.0,1.0,0.0,0.0
0221-WMXNQ,1,-1.1552834925186746,0.35191235411625243,-0.8867428805990171,0.0,1.0,1.0,0.0,1.0,0.0,0.0,1.0,1.0,0.0,0.0,0.0,1.0,0.0,0.0,0.0,1.0,1.0,0.0,0.0,1.0,0.0,0.0,1.0,0.0,0.0,1.0,0.0,0.0,1.0,0.0,0.0,1.0,0.0,0.0,1.0,0.0,0.0,0.0,1.0,0.0,1.0,0.0,3.0,1.0,0.0,0.0,0.7675543590307843,1.0,0.0,0.0,1.0,0.0,0.0,1.0,0.0,0.0
0303-UNCIP,0,0.35136996512244845,0.00792037508186511,0.1096348905835218,0.0,1.0,1.0,0.0,1.0,0.0,0.0,1.0,0.0,0.0,1.0,1.0,0.0,0.0,1.0,0.0,0.0,1.0,0.0,0.0,0.0,0.0,1.0,1.0,0.0,0.0,1.0,0.0,0.0,0.0,0.0,1.0,0.0,1.0,0.0,1.0,0.0,0.0,0.0,0.0,1.0,1.0,0.0,5.0,0.0,0.0,1.0,0.3120212353532132,0.0,0.0,1.0,0.0,0.0,1.0,0.0,0.0,1.0
9947-OTFQU,1,-0.7073594915983407,0.32033821111309646,-0.5333958398001793,0.0,1.0,1.0,0.0,1.0,0.0,0.0,1.0,1.0,0.0,0.0,0.0,1.0,0.0,1.0,0.0,0.0,0.0,0.0,1.0,1.0,0.0,0.0,1.0,0.0,0.0,1.0,0.0,0.0,1.0,0.0,0.0,1.0,0.0,0.0,0.0,1.0,0.0,0.0,1.0,0.0,0.0,1.0,3.0,1.0,0.0,0.0,0.7540661377073272,1.0,0.0,0.0,1.0,0.0,0.0,1.0,0.0,0.0
0322-YINQP,0,-1.2774445836787656,-0.5388108379727895,-0.9859438821268216,0.0,1.0,1.0,0.0,1.0,0.0,0.0,1.0,1.0,0.0,0.0,1.0,0.0,0.0,0.0,0.0,1.0,1.0,0.0,0.0,1.0,0.0,0.0,1.0,0.0,0.0,1.0,0.0,0.0,1.0,0.0,0.0,1.0,0.0,0.0,0.0,1.0,0.0,0.0,0.0,1.0,0.0,1.0,3.0,1.0,0.0,0.0,0.7718095130886347,1.0,0.0,0.0,1.0,0.0,0.0,1.0,0.0,0.0
0959-WHOKV,0,0.3920903288424788,1.1379423351948288,0.8890587258029833,0.0,1.0,1.0,0.0,1.0,0.0,0.0,1.0,0.0,0.0,1.0,0.0,1.0,0.0,0.0,0.0,1.0,0.0,0.0,1.0,0.0,0.0,1.0,1.0,0.0,0.0,1.0,0.0,0.0,0.0,0.0,1.0,0.0,1.0,0.0,0.0,1.0,0.0,0.0,1.0,0.0,1.0,0.0,7.0,0.0,0.0,1.0,2.2674844555019877,0.0,0.0,1.0,0.0,0.0,1.0,0.0,0.0,1.0
4075-JFPGR,0,0.758573602322752,0.9551446651765553,1.0307240208466928,1.0,0.0,0.0,1.0,1.0,0.0,0.0,1.0,1.0,0.0,0.0,0.0,1.0,0.0,0.0,0.0,1.0,0.0,0.0,1.0,0.0,0.0,1.0,1.0,0.0,0.0,0.0,0.0,1.0,1.0,0.0,0.0,0.0,1.0,0.0,0.0,1.0,0.0,0.0,1.0,0.0,1.0,0.0,6.0,0.0,1.0,0.0,1.3587660019945544,0.0,1.0,0.0,0.0,1.0,0.0,0.0,1.0,0.0
4629-NRXKX,0,-1.2367242199587352,0.1873944510998066,-0.9424427980679311,1.0,0.0,0.0,1.0,0.0,1.0,0.0,1.0,1.0,0.0,0.0,0.0,1.0,0.0,1.0,0.0,0.0,1.0,0.0,0.0,1.0,0.0,0.0,1.0,0.0,0.0,1.0,0.0,0.0,1.0,0.0,0.0,1.0,0.0,0.0,1.0,0.0,0.0,0.0,1.0,0.0,0.0,1.0,2.0,1.0,0.0,0.0,0.7620476601480133,1.0,0.0,0.0,1.0,0.0,0.0,1.0,0.0,0.0
9514-JDSKI,1,-1.2774445836787656,-0.8163309370005319,-0.9896277974604093,0.0,1.0,0.0,1.0,1.0,0.0,1.0,0.0,0.0,1.0,0.0,1.0,0.0,0.0,1.0,0.0,0.0,0.0,0.0,1.0,1.0,0.0,0.0,1.0,0.0,0.0,0.0,0.0,1.0,1.0,0.0,0.0,1.0,0.0,0.0,1.0,0.0,0.0,0.0,1.0,0.0,0.0,1.0,3.0,1.0,0.0,0.0,0.7746933292483766,1.0,0.0,0.0,1.0,0.0,0.0,1.0,0.0,0.0
3282-ZISZV,0,-0.015113308357824713,0.6294324531439953,0.1544154182912032,0.0,1.0,1.0,0.0,0.0,1.0,0.0,1.0,0.0,0.0,1.0,1.0,0.0,0.0,1.0,0.0,0.0,0.0,0.0,1.0,0.0,0.0,1.0,0.0,0.0,1.0,0.0,0.0,1.0,0.0,0.0,1.0,0.0,1.0,0.0,1.0,0.0,0.0,1.0,0.0,0.0,1.0,0.0,8.0,0.0,0.0,1.0,-10.217181747056506,0.0,0.0,1.0,0.0,0.0,1.0,0.0,0.0,1.0
3675-YDUPJ,0,-0.9109613101984924,-1.4926823160681442,-0.9221922934198269,0.0,1.0,1.0,0.0,1.0,0.0,0.0,1.0,1.0,0.0,0.0,0.0,0.0,1.0,0.0,1.0,0.0,0.0,1.0,0.0,0.0,1.0,0.0,0.0,1.0,0.0,0.0,1.0,0.0,0.0,1.0,0.0,1.0,0.0,0.0,0.0,1.0,0.0,0.0,0.0,1.0,1.0,0.0,1.0,1.0,0.0,0.0,1.0123287159351337,1.0,0.0,0.0,1.0,0.0,0.0,1.0,0.0,0.0
4111-BNXIF,0,1.4100994218432374,-0.1732154979362424,0.803225704467718,1.0,0.0,0.0,1.0,0.0,1.0,1.0,0.0,0.0,1.0,0.0,1.0,0.0,0.0,1.0,0.0,0.0,0.0,0.0,1.0,0.0,0.0,1.0,0.0,0.0,1.0,0.0,0.0,1.0,0.0,0.0,1.0,0.0,0.0,1.0,0.0,1.0,0.0,0.0,1.0,0.0,1.0,0.0,6.0,0.0,1.0,0.0,0.569623454931828,0.0,1.0,0.0,0.0,1.0,0.0,0.0,1.0,0.0
7017-VFHAY,0,1.1657772395230555,1.6730409692483204,2.0845443999852917,1.0,0.0,0.0,1.0,0.0,1.0,0.0,1.0,0.0,0.0,1.0,0.0,1.0,0.0,0.0,0.0,1.0,0.0,0.0,1.0,0.0,0.0,1.0,0.0,0.0,1.0,0.0,0.0,1.0,0.0,0.0,1.0,0.0,0.0,1.0,1.0,0.0,0.0,1.0,0.0,0.0,1.0,0.0,9.0,0.0,1.0,0.0,1.7881155415575996,0.0,1.0,0.0,0.0,1.0,0.0,0.0,1.0,0.0
6655-LHBYW,0,0.7178532386027215,1.6481140142458286,1.5475971955849603,0.0,1.0,1.0,0.0,1.0,0.0,0.0,1.0,0.0,0.0,1.0,0.0,1.0,0.0,0.0,0.0,1.0,0.0,0.0,1.0,0.0,0.0,1.0,0.0,0.0,1.0,0.0,0.0,1.0,0.0,0.0,1.0,0.0,1.0,0.0,1.0,0.0,0.0,1.0,0.0,0.0,1.0,0.0,9.0,0.0,1.0,0.0,2.1558685151261683,0.0,1.0,0.0,0.0,1.0,0.0,0.0,1.0,0.0
4959-JOSRX,0,-1.2367242199587352,-0.6700928009859131,-0.9718258832436117,1.0,0.0,0.0,1.0,1.0,0.0,0.0,1.0,1.0,0.0,0.0,1.0,0.0,0.0,1.0,0.0,0.0,1.0,0.0,0.0,1.0,0.0,0.0,1.0,0.0,0.0,1.0,0.0,0.0,1.0,0.0,0.0,1.0,0.0,0.0,0.0,1.0,0.0,1.0,0.0,0.0,0.0,1.0,2.0,1.0,0.0,0.0,0.7858064615861068,1.0,0.0,0.0,1.0,0.0,0.0,1.0,0.0,0.0
5046-NUHWD,1,-0.13727439951791576,-0.6567984249845842,-0.46529855456194646,1.0,0.0,0.0,1.0,1.0,0.0,1.0,0.0,0.0,1.0,0.0,1.0,0.0,0.0,0.0,0.0,1.0,1.0,0.0,0.0,0.0,0.0,1.0,1.0,0.0,0.0,1.0,0.0,0.0,0.0,0.0,1.0,1.0,0.0,0.0,0.0,1.0,0.0,0.0,1.0,0.0,1.0,0.0,4.0,0.0,0.0,1.0,3.389550828093188,0.0,0.0,1.0,0.0,0.0,1.0,0.0,0.0,1.0
7273-TEFQD,1,-1.1960038562387048,-0.7847567939973756,-0.9490385506711809,0.0,1.0,1.0,0.0,1.0,0.0,1.0,0.0,0.0,1.0,0.0,1.0,0.0,0.0,1.0,0.0,0.0,1.0,0.0,0.0,0.0,0.0,1.0,1.0,0.0,0.0,1.0,0.0,0.0,0.0,0.0,1.0,1.0,0.0,0.0,0.0,1.0,0.0,0.0,1.0,0.0,0.0,1.0,3.0,1.0,0.0,0.0,0.7935079353805752,1.0,0.0,0.0,1.0,0.0,0.0,1.0,0.0,0.0
3606-TWKGI,1,-0.7888002190384014,1.4005062612210766,-0.40545147492108957,0.0,1.0,1.0,0.0,1.0,0.0,0.0,1.0,0.0,0.0,1.0,0.0,1.0,0.0,1.0,0.0,0.0,0.0,0.0,1.0,0.0,0.0,1.0,1.0,0.0,0.0,0.0,0.0,1.0,0.0,0.0,1.0,1.0,0.0,0.0,0.0,1.0,0.0,0.0,1.0,0.0,0.0,1.0,7.0,1.0,0.0,0.0,0.5140103477853508,1.0,0.0,0.0,1.0,0.0,0.0,1.0,0.0,0.0
7529-ZDFXI,1,1.002895784642934,0.8338334841644282,1.1656391476743675,0.0,1.0,0.0,1.0,1.0,0.0,0.0,1.0,0.0,0.0,1.0,0.0,1.0,0.0,1.0,0.0,0.0,0.0,0.0,1.0,1.0,0.0,0.0,1.0,0.0,0.0,1.0,0.0,0.0,0.0,0.0,1.0,1.0,0.0,0.0,0.0,1.0,0.0,0.0,1.0,0.0,1.0,0.0,5.0,0.0,1.0,0.0,1.1622734540552244,0.0,1.0,0.0,0.0,1.0,0.0,0.0,1.0,0.0
7605-BDWDC,0,-0.055833672077855064,-0.49560411596847015,-0.3367144678584614,1.0,0.0,1.0,0.0,1.0,0.0,1.0,0.0,0.0,1.0,0.0,1.0,0.0,0.0,0.0,0.0,1.0,0.0,0.0,1.0,1.0,0.0,0.0,0.0,0.0,1.0,1.0,0.0,0.0,0.0,0.0,1.0,0.0,0.0,1.0,0.0,1.0,1.0,0.0,0.0,0.0,1.0,0.0,5.0,0.0,0.0,1.0,6.030670298542126,0.0,0.0,1.0,0.0,0.0,1.0,0.0,0.0,1.0
1950-KSVVJ,0,0.5142514200025698,1.61321627724234,1.2128020876935903,1.0,0.0,0.0,1.0,1.0,0.0,0.0,1.0,0.0,0.0,1.0,0.0,1.0,0.0,0.0,0.0,1.0,0.0,0.0,1.0,0.0,0.0,1.0,0.0,0.0,1.0,0.0,0.0,1.0,0.0,0.0,1.0,0.0,1.0,0.0,1.0,0.0,0.0,0.0,0.0,1.0,1.0,0.0,9.0,0.0,1.0,0.0,2.3583835464907996,0.0,1.0,0.0,0.0,1.0,0.0,0.0,1.0,0.0
0123-CRBRT,0,1.1657772395230555,0.7756705891586139,1.4309692891856935,1.0,0.0,0.0,1.0,0.0,1.0,0.0,1.0,0.0,0.0,1.0,1.0,0.0,0.0,0.0,0.0,1.0,0.0,0.0,1.0,0.0,0.0,1.0,0.0,0.0,1.0,0.0,0.0,1.0,0.0,0.0,1.0,0.0,0.0,1.0,1.0,0.0,0.0,0.0,0.0,1.0,1.0,0.0,9.0,0.0,1.0,0.0,1.2274808948673024,0.0,1.0,0.0,0.0,1.0,0.0,0.0,1.0,0.0
6292-TOSSS,0,0.7178532386027215,-1.3248408190513656,-0.48003421589629686,0.0,1.0,1.0,0.0,1.0,0.0,0.0,1.0,0.0,0.0,1.0,0.0,0.0,1.0,0.0,1.0,0.0,0.0,1.0,0.0,0.0,1.0,0.0,0.0,1.0,0.0,0.0,1.0,0.0,0.0,1.0,0.0,0.0,0.0,1.0,1.0,0.0,1.0,0.0,0.0,0.0,1.0,0.0,2.0,0.0,1.0,0.0,-0.6687080172970566,0.0,1.0,0.0,0.0,1.0,0.0,0.0,1.0,0.0
3197-ARFOY,1,-0.5444780367182193,1.3373579752147637,-0.1217899942348456,1.0,0.0,1.0,0.0,1.0,0.0,0.0,1.0,1.0,0.0,0.0,0.0,1.0,0.0,0.0,0.0,1.0,0.0,0.0,1.0,1.0,0.0,0.0,0.0,0.0,1.0,0.0,0.0,1.0,0.0,0.0,1.0,1.0,0.0,0.0,0.0,1.0,0.0,0.0,0.0,1.0,1.0,0.0,7.0,1.0,0.0,0.0,0.2236821065711323,1.0,0.0,0.0,1.0,0.0,0.0,1.0,0.0,0.0
6323-AYBRX,0,1.0843365120829946,-1.5093002860698053,-0.5222337969331415,0.0,1.0,1.0,0.0,1.0,0.0,0.0,1.0,1.0,0.0,0.0,0.0,0.0,1.0,0.0,1.0,0.0,0.0,1.0,0.0,0.0,1.0,0.0,0.0,1.0,0.0,0.0,1.0,0.0,0.0,1.0,0.0,0.0,0.0,1.0,1.0,0.0,0.0,0.0,0.0,1.0,0.0,1.0,1.0,0.0,1.0,0.0,-0.4816159846263389,0.0,1.0,0.0,0.0,1.0,0.0,0.0,1.0,0.0
7014-ZZXAW,0,1.5729808767233588,-1.3464441800535252,-0.24280771591186046,1.0,0.0,0.0,1.0,1.0,0.0,0.0,1.0,0.0,0.0,1.0,0.0,0.0,1.0,0.0,1.0,0.0,0.0,1.0,0.0,0.0,1.0,0.0,0.0,1.0,0.0,0.0,1.0,0.0,0.0,1.0,0.0,0.0,0.0,1.0,0.0,1.0,0.0,1.0,0.0,0.0,1.0,0.0,2.0,0.0,1.0,0.0,-0.15436151799737563,0.0,1.0,0.0,0.0,1.0,0.0,0.0,1.0,0.0
4385-GZQXV,1,-0.6666391278783103,0.9867188081797118,-0.3406410362978541,1.0,0.0,1.0,0.0,1.0,0.0,0.0,1.0,1.0,0.0,0.0,0.0,1.0,0.0,1.0,0.0,0.0,1.0,0.0,0.0,1.0,0.0,0.0,0.0,0.0,1.0,0.0,0.0,1.0,0.0,0.0,1.0,1.0,0.0,0.0,0.0,1.0,0.0,0.0,1.0,0.0,0.0,1.0,5.0,1.0,0.0,0.0,0.5109826622118638,1.0,0.0,0.0,1.0,0.0,0.0,1.0,0.0,0.0
7633-MVPUY,0,1.002895784642934,-0.16656830993557784,0.5147993991583909,0.0,1.0,0.0,1.0,1.0,0.0,0.0,1.0,1.0,0.0,0.0,1.0,0.0,0.0,0.0,0.0,1.0,0.0,0.0,1.0,1.0,0.0,0.0,0.0,0.0,1.0,1.0,0.0,0.0,1.0,0.0,0.0,0.0,0.0,1.0,0.0,1.0,0.0,0.0,1.0,0.0,1.0,0.0,5.0,0.0,1.0,0.0,0.5133129553851674,0.0,1.0,0.0,0.0,1.0,0.0,0.0,1.0,0.0
6366-ZGQGL,0,-1.2774445836787656,-1.328164413051698,-0.996422084422954,0.0,1.0,1.0,0.0,1.0,0.0,1.0,0.0,0.0,1.0,0.0,1.0,0.0,0.0,1.0,0.0,0.0,1.0,0.0,0.0,1.0,0.0,0.0,1.0,0.0,0.0,1.0,0.0,0.0,1.0,0.0,0.0,1.0,0.0,0.0,1.0,0.0,1.0,0.0,0.0,0.0,0.0,1.0,1.0,1.0,0.0,0.0,0.780011984201673,1.0,0.0,0.0,1.0,0.0,0.0,1.0,0.0,0.0
4716-HHKQH,1,-0.5037576729981889,1.4054916522215746,-0.049082299986314526,0.0,1.0,0.0,1.0,1.0,0.0,0.0,1.0,0.0,0.0,1.0,0.0,1.0,0.0,1.0,0.0,0.0,0.0,0.0,1.0,1.0,0.0,0.0,0.0,0.0,1.0,0.0,0.0,1.0,0.0,0.0,1.0,1.0,0.0,0.0,1.0,0.0,0.0,0.0,1.0,0.0,1.0,0.0,7.0,1.0,0.0,0.0,0.09743236206050004,1.0,0.0,0.0,1.0,0.0,0.0,1.0,0.0,0.0
5940-AHUHD,0,-1.2774445836787656,0.19404163910047073,-0.9762156985213599,0.0,1.0,1.0,0.0,1.0,0.0,0.0,1.0,1.0,0.0,0.0,0.0,1.0,0.0,1.0,0.0,0.0,1.0,0.0,0.0,1.0,0.0,0.0,1.0,0.0,0.0,1.0,0.0,0.0,1.0,0.0,0.0,1.0,0.0,0.0,1.0,0.0,0.0,0.0,0.0,1.0,0.0,1.0,2.0,1.0,0.0,0.0,0.7641941662236875,1.0,0.0,0.0,1.0,0.0,0.0,1.0,0.0,0.0
6432-TWQLB,0,-1.1145631287986442,0.6859335511496436,-0.8304032413057076,0.0,1.0,0.0,1.0,1.0,0.0,0.0,1.0,0.0,0.0,1.0,0.0,1.0,0.0,1.0,0.0,0.0,0.0,0.0,1.0,1.0,0.0,0.0,0.0,0.0,1.0,1.0,0.0,0.0,1.0,0.0,0.0,1.0,0.0,0.0,0.0,1.0,0.0,0.0,1.0,0.0,0.0,1.0,5.0,1.0,0.0,0.0,0.7450481895994313,1.0,0.0,0.0,1.0,0.0,0.0,1.0,0.0,0.0
4484-GLZOU,0,0.7992939660427822,1.3390197722149297,1.474249779512034,1.0,0.0,0.0,1.0,1.0,0.0,0.0,1.0,0.0,0.0,1.0,0.0,1.0,0.0,1.0,0.0,0.0,0.0,0.0,1.0,0.0,0.0,1.0,1.0,0.0,0.0,0.0,0.0,1.0,0.0,0.0,1.0,1.0,0.0,0.0,0.0,1.0,0.0,0.0,1.0,0.0,0.0,1.0,7.0,0.0,1.0,0.0,1.844440020998638,0.0,1.0,0.0,0.0,1.0,0.0,0.0,1.0,0.0
3179-GBRWV,1,-0.46303730927815856,0.006258578081699082,-0.41626056781604714,0.0,1.0,0.0,1.0,1.0,0.0,0.0,1.0,1.0,0.0,0.0,1.0,0.0,0.0,0.0,0.0,1.0,0.0,0.0,1.0,1.0,0.0,0.0,1.0,0.0,0.0,1.0,0.0,0.0,0.0,0.0,1.0,1.0,0.0,0.0,0.0,1.0,1.0,0.0,0.0,0.0,1.0,0.0,5.0,0.0,0.0,1.0,0.8989784612928212,0.0,0.0,1.0,0.0,0.0,1.0,0.0,0.0,1.0
8645-KWHJO,0,-0.748079855318371,-0.3244390249513595,-0.6667888698732578,0.0,1.0,1.0,0.0,1.0,0.0,1.0,0.0,0.0,1.0,0.0,1.0,0.0,0.0,1.0,0.0,0.0,1.0,0.0,0.0,0.0,0.0,1.0,0.0,0.0,1.0,0.0,0.0,1.0,0.0,0.0,1.0,1.0,0.0,0.0,0.0,1.0,0.0,0.0,1.0,0.0,1.0,0.0,5.0,1.0,0.0,0.0,0.891333813005141,1.0,0.0,0.0,1.0,0.0,0.0,1.0,0.0,0.0
4130-MZLCC,0,-1.1145631287986442,-0.47233895796614456,-0.899382901474141,1.0,0.0,1.0,0.0,1.0,0.0,0.0,1.0,1.0,0.0,0.0,1.0,0.0,0.0,1.0,0.0,0.0,0.0,0.0,1.0,1.0,0.0,0.0,1.0,0.0,0.0,1.0,0.0,0.0,1.0,0.0,0.0,1.0,0.0,0.0,1.0,0.0,1.0,0.0,0.0,0.0,1.0,0.0,3.0,1.0,0.0,0.0,0.806937604730887,1.0,0.0,0.0,1.0,0.0,0.0,1.0,0.0,0.0
0314-TKOSI,0,-1.0738427650786138,-0.3194536339508612,-0.8649041010765517,1.0,0.0,1.0,0.0,1.0,0.0,0.0,1.0,1.0,0.0,0.0,1.0,0.0,0.0,0.0,0.0,1.0,0.0,0.0,1.0,1.0,0.0,0.0,1.0,0.0,0.0,1.0,0.0,0.0,1.0,0.0,0.0,1.0,0.0,0.0,1.0,0.0,0.0,0.0,0.0,1.0,1.0,0.0,4.0,1.0,0.0,0.0,0.8054289968729583,1.0,0.0,0.0,1.0,0.0,0.0,1.0,0.0,0.0
8229-MYEJZ,0,-0.9109613101984924,-0.4507355969639848,-0.7875418790712125,1.0,0.0,1.0,0.0,1.0,0.0,0.0,1.0,1.0,0.0,0.0,1.0,0.0,0.0,1.0,0.0,0.0,0.0,0.0,1.0,1.0,0.0,0.0,1.0,0.0,0.0,1.0,0.0,0.0,1.0,0.0,0.0,1.0,0.0,0.0,1.0,0.0,0.0,0.0,1.0,0.0,1.0,0.0,3.0,1.0,0.0,0.0,0.8645173733005329,1.0,0.0,0.0,1.0,0.0,0.0,1.0,0.0,0.0
2080-SRCDE,0,-1.2774445836787656,-1.3082228490497045,-0.9961573719438938,1.0,0.0,1.0,0.0,0.0,1.0,0.0,1.0,0.0,0.0,1.0,0.0,0.0,1.0,0.0,1.0,0.0,0.0,1.0,0.0,0.0,1.0,0.0,0.0,1.0,0.0,0.0,1.0,0.0,0.0,1.0,0.0,1.0,0.0,0.0,1.0,0.0,0.0,0.0,0.0,1.0,1.0,0.0,2.0,1.0,0.0,0.0,0.7798047638788173,1.0,0.0,0.0,1.0,0.0,0.0,1.0,0.0,0.0
9577-WJVCQ,0,1.4508197855632678,-0.3427187919531868,0.6196255408662243,1.0,0.0,1.0,0.0,1.0,0.0,0.0,1.0,0.0,0.0,1.0,1.0,0.0,0.0,0.0,0.0,1.0,1.0,0.0,0.0,1.0,0.0,0.0,1.0,0.0,0.0,1.0,0.0,0.0,1.0,0.0,0.0,1.0,0.0,0.0,1.0,0.0,0.0,0.0,0.0,1.0,1.0,0.0,4.0,0.0,1.0,0.0,0.4270864976008445,0.0,1.0,0.0,0.0,1.0,0.0,0.0,1.0,0.0
9512-UIBFX,0,-0.5851984004382496,1.0099839661820376,-0.2220719050521459,0.0,1.0,0.0,1.0,0.0,1.0,0.0,1.0,1.0,0.0,0.0,0.0,1.0,0.0,1.0,0.0,0.0,1.0,0.0,0.0,0.0,0.0,1.0,1.0,0.0,0.0,0.0,0.0,1.0,0.0,0.0,1.0,1.0,0.0,0.0,1.0,0.0,0.0,0.0,0.0,1.0,0.0,1.0,5.0,1.0,0.0,0.0,0.37948139449089124,1.0,0.0,0.0,1.0,0.0,0.0,1.0,0.0,0.0
6202-DYYFX,0,-0.4223169455581282,0.3735157151184122,-0.22046157080452985,1.0,0.0,1.0,0.0,1.0,0.0,0.0,1.0,0.0,0.0,1.0,0.0,1.0,0.0,1.0,0.0,0.0,1.0,0.0,0.0,1.0,0.0,0.0,1.0,0.0,0.0,1.0,0.0,0.0,1.0,0.0,0.0,0.0,1.0,0.0,0.0,1.0,0.0,1.0,0.0,0.0,1.0,0.0,3.0,0.0,0.0,1.0,0.5220287111926586,0.0,0.0,1.0,0.0,0.0,1.0,0.0,0.0,1.0
3808-HFKDE,0,-0.5037576729981889,-0.6784017859867437,-0.5983165752896897,1.0,0.0,1.0,0.0,1.0,0.0,0.0,1.0,1.0,0.0,0.0,1.0,0.0,0.0,1.0,0.0,0.0,1.0,0.0,0.0,1.0,0.0,0.0,1.0,0.0,0.0,1.0,0.0,0.0,1.0,0.0,0.0,1.0,0.0,0.0,0.0,1.0,0.0,0.0,1.0,0.0,1.0,0.0,2.0,1.0,0.0,0.0,1.1877071206255172,1.0,0.0,0.0,1.0,0.0,0.0,1.0,0.0,0.0
5583-SXDAG,0,-1.2774445836787656,0.17410007509847744,-0.97648041100042,0.0,1.0,0.0,1.0,1.0,0.0,0.0,1.0,1.0,0.0,0.0,0.0,1.0,0.0,1.0,0.0,0.0,1.0,0.0,0.0,1.0,0.0,0.0,1.0,0.0,0.0,1.0,0.0,0.0,1.0,0.0,0.0,1.0,0.0,0.0,1.0,0.0,0.0,0.0,1.0,0.0,0.0,1.0,2.0,1.0,0.0,0.0,0.7644013865465432,1.0,0.0,0.0,1.0,0.0,0.0,1.0,0.0,0.0
3488-PGMQJ,1,-0.9924020376385531,0.3236618051134285,-0.739761276600849,0.0,1.0,1.0,0.0,1.0,0.0,0.0,1.0,1.0,0.0,0.0,0.0,1.0,0.0,1.0,0.0,0.0,0.0,0.0,1.0,1.0,0.0,0.0,1.0,0.0,0.0,1.0,0.0,0.0,1.0,0.0,0.0,1.0,0.0,0.0,0.0,1.0,0.0,0.0,1.0,0.0,0.0,1.0,3.0,1.0,0.0,0.0,0.7454249875999153,1.0,0.0,0.0,1.0,0.0,0.0,1.0,0.0,0.0
3580-REOAC,0,-0.9109613101984924,-0.6617838159850825,-0.815270511252767,0.0,1.0,1.0,0.0,1.0,0.0,0.0,1.0,1.0,0.0,0.0,1.0,0.0,0.0,1.0,0.0,0.0,1.0,0.0,0.0,1.0,0.0,0.0,1.0,0.0,0.0,1.0,0.0,0.0,1.0,0.0,0.0,1.0,0.0,0.0,0.0,1.0,0.0,1.0,0.0,0.0,0.0,1.0,2.0,1.0,0.0,0.0,0.894956242516079,1.0,0.0,0.0,1.0,0.0,0.0,1.0,0.0,0.0
7534-BFESC,1,-0.3408762181180675,0.37683930911874425,-0.2517417620801417,0.0,1.0,1.0,0.0,1.0,0.0,0.0,1.0,0.0,0.0,1.0,0.0,1.0,0.0,1.0,0.0,0.0,1.0,0.0,0.0,1.0,0.0,0.0,1.0,0.0,0.0,1.0,0.0,0.0,1.0,0.0,0.0,1.0,0.0,0.0,0.0,1.0,0.0,0.0,1.0,0.0,0.0,1.0,3.0,0.0,0.0,1.0,0.7385137146556444,0.0,0.0,1.0,0.0,0.0,1.0,0.0,0.0,1.0
3727-OWVYD,0,0.10704778280226633,-0.11837619693076015,-0.11563542909669626,0.0,1.0,1.0,0.0,1.0,0.0,0.0,1.0,1.0,0.0,0.0,1.0,0.0,0.0,0.0,0.0,1.0,0.0,0.0,1.0,0.0,0.0,1.0,1.0,0.0,0.0,1.0,0.0,0.0,1.0,0.0,0.0,0.0,1.0,0.0,1.0,0.0,0.0,0.0,0.0,1.0,1.0,0.0,5.0,0.0,0.0,1.0,-1.0802225517392792,0.0,0.0,1.0,0.0,0.0,1.0,0.0,0.0,1.0
2294-SALNE,0,-0.38159658183809786,0.7324638671542947,-0.15110690129076118,0.0,1.0,0.0,1.0,0.0,1.0,0.0,1.0,1.0,0.0,0.0,0.0,1.0,0.0,1.0,0.0,0.0,0.0,0.0,1.0,0.0,0.0,1.0,0.0,0.0,1.0,1.0,0.0,0.0,1.0,0.0,0.0,0.0,1.0,0.0,1.0,0.0,0.0,0.0,0.0,1.0,1.0,0.0,5.0,0.0,0.0,1.0,0.3959859927541808,0.0,0.0,1.0,0.0,0.0,1.0,0.0,0.0,1.0
4847-TAJYI,1,-1.0738427650786138,0.8172155141627669,-0.7568572908734861,1.0,0.0,1.0,0.0,1.0,0.0,0.0,1.0,1.0,0.0,0.0,0.0,1.0,0.0,1.0,0.0,0.0,1.0,0.0,0.0,1.0,0.0,0.0,1.0,0.0,0.0,0.0,0.0,1.0,0.0,0.0,1.0,1.0,0.0,0.0,0.0,1.0,0.0,0.0,1.0,0.0,1.0,0.0,4.0,1.0,0.0,0.0,0.7048120222871531,1.0,0.0,0.0,1.0,0.0,0.0,1.0,0.0,0.0
1563-IWQEX,0,-0.8295205827584317,-1.4976677070686424,-0.9101478756225886,1.0,0.0,1.0,0.0,1.0,0.0,0.0,1.0,1.0,0.0,0.0,0.0,0.0,1.0,0.0,1.0,0.0,0.0,1.0,0.0,0.0,1.0,0.0,0.0,1.0,0.0,0.0,1.0,0.0,0.0,1.0,0.0,1.0,0.0,0.0,1.0,0.0,0.0,0.0,0.0,1.0,1.0,0.0,1.0,1.0,0.0,0.0,1.0971974590383815,1.0,0.0,0.0,1.0,0.0,0.0,1.0,0.0,0.0
8203-XJZRC,0,-1.2774445836787656,-1.479387940066815,-0.9984294873891605,0.0,1.0,1.0,0.0,1.0,0.0,0.0,1.0,1.0,0.0,0.0,0.0,0.0,1.0,0.0,1.0,0.0,0.0,1.0,0.0,0.0,1.0,0.0,0.0,1.0,0.0,0.0,1.0,0.0,0.0,1.0,0.0,1.0,0.0,0.0,1.0,0.0,0.0,0.0,0.0,1.0,1.0,0.0,1.0,1.0,0.0,0.0,0.7815834049833288,1.0,0.0,0.0,1.0,0.0,0.0,1.0,0.0,0.0
6556-DBKZF,0,1.5729808767233588,0.37517751211857825,1.3911300610871353,1.0,0.0,0.0,1.0,0.0,1.0,0.0,1.0,1.0,0.0,0.0,0.0,1.0,0.0,1.0,0.0,0.0,1.0,0.0,0.0,0.0,0.0,1.0,1.0,0.0,0.0,1.0,0.0,0.0,1.0,0.0,0.0,0.0,0.0,1.0,1.0,0.0,0.0,0.0,1.0,0.0,1.0,0.0,3.0,0.0,1.0,0.0,0.8843909558423667,0.0,1.0,0.0,0.0,1.0,0.0,0.0,1.0,0.0
6851-WEFYX,1,0.10704778280226633,1.1977670272008092,0.509218377724872,0.0,1.0,0.0,1.0,1.0,0.0,0.0,1.0,0.0,0.0,1.0,0.0,1.0,0.0,1.0,0.0,0.0,1.0,0.0,0.0,0.0,0.0,1.0,1.0,0.0,0.0,0.0,0.0,1.0,0.0,0.0,1.0,1.0,0.0,0.0,0.0,1.0,0.0,0.0,1.0,0.0,1.0,0.0,6.0,0.0,0.0,1.0,4.75692596702798,0.0,0.0,1.0,0.0,0.0,1.0,0.0,0.0,1.0
2985-JUUBZ,0,0.3106496014024181,0.32532360211359457,0.32314756431881647,0.0,1.0,0.0,1.0,0.0,1.0,0.0,1.0,0.0,0.0,1.0,1.0,0.0,0.0,1.0,0.0,0.0,1.0,0.0,0.0,0.0,0.0,1.0,1.0,0.0,0.0,0.0,0.0,1.0,0.0,0.0,1.0,1.0,0.0,0.0,0.0,1.0,0.0,0.0,1.0,0.0,1.0,0.0,6.0,0.0,0.0,1.0,1.040231704338189,0.0,0.0,1.0,0.0,0.0,1.0,0.0,0.0,1.0
6390-DSAZX,0,-1.2774445836787656,0.2937494591104381,-0.974892136126059,1.0,0.0,1.0,0.0,0.0,1.0,0.0,1.0,1.0,0.0,0.0,0.0,1.0,0.0,0.0,0.0,1.0,1.0,0.0,0.0,1.0,0.0,0.0,1.0,0.0,0.0,1.0,0.0,0.0,1.0,0.0,0.0,1.0,0.0,0.0,0.0,1.0,0.0,0.0,0.0,1.0,0.0,1.0,3.0,1.0,0.0,0.0,0.763158064609409,1.0,0.0,0.0,1.0,0.0,0.0,1.0,0.0,0.0
0895-LMRSF,0,-0.38159658183809786,0.004596781081533054,-0.34125869874899456,0.0,1.0,1.0,0.0,1.0,0.0,0.0,1.0,1.0,0.0,0.0,1.0,0.0,0.0,1.0,0.0,0.0,1.0,0.0,0.0,1.0,0.0,0.0,1.0,0.0,0.0,0.0,0.0,1.0,0.0,0.0,1.0,0.0,1.0,0.0,0.0,1.0,1.0,0.0,0.0,0.0,1.0,0.0,4.0,0.0,0.0,1.0,0.8942918123249394,0.0,0.0,1.0,0.0,0.0,1.0,0.0,0.0,1.0
8098-LLAZX,1,-1.1552834925186746,1.0199547481830342,-0.8326091786312092,1.0,0.0,1.0,0.0,1.0,0.0,0.0,1.0,0.0,0.0,1.0,0.0,1.0,0.0,1.0,0.0,0.0,1.0,0.0,0.0,1.0,0.0,0.0,1.0,0.0,0.0,0.0,0.0,1.0,0.0,0.0,1.0,1.0,0.0,0.0,0.0,1.0,0.0,0.0,1.0,0.0,0.0,1.0,5.0,1.0,0.0,0.0,0.7206968540821166,1.0,0.0,0.0,1.0,0.0,0.0,1.0,0.0,0.0
8266-VBFQL,0,-1.1552834925186746,0.8521132511662559,-0.8500140241294163,0.0,1.0,1.0,0.0,1.0,0.0,0.0,1.0,1.0,0.0,0.0,0.0,1.0,0.0,1.0,0.0,0.0,1.0,0.0,0.0,0.0,0.0,1.0,0.0,0.0,1.0,1.0,0.0,0.0,0.0,0.0,1.0,1.0,0.0,0.0,0.0,1.0,0.0,0.0,1.0,0.0,1.0,0.0,5.0,1.0,0.0,0.0,0.7357622866022872,1.0,0.0,0.0,1.0,0.0,0.0,1.0,0.0,0.0
8181-YHCMF,0,1.4508197855632678,-0.14828854293375057,0.8054757605397298,1.0,0.0,0.0,1.0,0.0,1.0,1.0,0.0,0.0,1.0,0.0,1.0,0.0,0.0,1.0,0.0,0.0,0.0,0.0,1.0,0.0,0.0,1.0,0.0,0.0,1.0,0.0,0.0,1.0,0.0,0.0,1.0,0.0,0.0,1.0,1.0,0.0,0.0,1.0,0.0,0.0,1.0,0.0,6.0,0.0,1.0,0.0,0.5551866389987307,0.0,1.0,0.0,0.0,1.0,0.0,0.0,1.0,0.0
2240-HSJQD,0,0.22920887396235737,0.5679459641378485,0.37871512554820036,0.0,1.0,1.0,0.0,0.0,1.0,0.0,1.0,0.0,0.0,1.0,0.0,1.0,0.0,1.0,0.0,0.0,0.0,0.0,1.0,1.0,0.0,0.0,1.0,0.0,0.0,1.0,0.0,0.0,1.0,0.0,0.0,1.0,0.0,0.0,0.0,1.0,0.0,0.0,0.0,1.0,1.0,0.0,4.0,0.0,0.0,1.0,1.6522707825456888,0.0,0.0,1.0,0.0,0.0,1.0,0.0,0.0,1.0
1248-DYXUB,0,0.7992939660427822,-1.328164413051698,-0.4651000202026514,0.0,1.0,0.0,1.0,0.0,1.0,0.0,1.0,0.0,0.0,1.0,0.0,0.0,1.0,0.0,1.0,0.0,0.0,1.0,0.0,0.0,1.0,0.0,0.0,1.0,0.0,0.0,1.0,0.0,0.0,1.0,0.0,0.0,0.0,1.0,1.0,0.0,0.0,0.0,0.0,1.0,1.0,0.0,2.0,0.0,1.0,0.0,-0.5818885666124958,0.0,1.0,0.0,0.0,1.0,0.0,0.0,1.0,0.0
0265-EDXBD,1,-0.015113308357824713,0.33695618111475767,0.008845614181355986,0.0,1.0,0.0,1.0,1.0,0.0,0.0,1.0,0.0,0.0,1.0,0.0,1.0,0.0,1.0,0.0,0.0,1.0,0.0,0.0,1.0,0.0,0.0,1.0,0.0,0.0,1.0,0.0,0.0,1.0,0.0,0.0,1.0,0.0,0.0,0.0,1.0,0.0,0.0,1.0,0.0,0.0,1.0,3.0,0.0,0.0,1.0,-0.5852864225307947,0.0,0.0,1.0,0.0,0.0,1.0,0.0,0.0,1.0
4115-BNPJY,0,-0.13727439951791576,0.358559542116917,-0.10098800525536597,0.0,1.0,0.0,1.0,0.0,1.0,0.0,1.0,1.0,0.0,0.0,1.0,0.0,0.0,1.0,0.0,0.0,1.0,0.0,0.0,0.0,0.0,1.0,0.0,0.0,1.0,0.0,0.0,1.0,0.0,0.0,1.0,0.0,0.0,1.0,1.0,0.0,0.0,0.0,0.0,1.0,1.0,0.0,6.0,0.0,0.0,1.0,0.7356652486553836,0.0,0.0,1.0,0.0,0.0,1.0,0.0,0.0,1.0
3167-SNQPL,1,0.22920887396235737,1.2093996062019723,0.643493782728151,0.0,1.0,0.0,1.0,0.0,1.0,0.0,1.0,0.0,0.0,1.0,0.0,1.0,0.0,1.0,0.0,0.0,0.0,0.0,1.0,1.0,0.0,0.0,1.0,0.0,0.0,0.0,0.0,1.0,0.0,0.0,1.0,1.0,0.0,0.0,1.0,0.0,0.0,0.0,1.0,0.0,1.0,0.0,6.0,0.0,0.0,1.0,2.8074558004845445,0.0,0.0,1.0,0.0,0.0,1.0,0.0,0.0,1.0
4091-TVOCN,0,0.6364125111626608,0.464914550127549,0.6172872473011927,0.0,1.0,1.0,0.0,0.0,1.0,0.0,1.0,0.0,0.0,1.0,1.0,0.0,0.0,0.0,0.0,1.0,1.0,0.0,0.0,0.0,0.0,1.0,1.0,0.0,0.0,0.0,0.0,1.0,0.0,0.0,1.0,0.0,1.0,0.0,0.0,1.0,0.0,1.0,0.0,0.0,1.0,0.0,7.0,0.0,1.0,0.0,0.9699483219986856,0.0,1.0,0.0,0.0,1.0,0.0,0.0,1.0,0.0
1098-TDVUQ,0,-1.2774445836787656,-1.5126238800701375,-0.9988706748542607,1.0,0.0,1.0,0.0,1.0,0.0,0.0,1.0,1.0,0.0,0.0,0.0,0.0,1.0,0.0,1.0,0.0,0.0,1.0,0.0,0.0,1.0,0.0,0.0,1.0,0.0,0.0,1.0,0.0,0.0,1.0,0.0,1.0,0.0,0.0,0.0,1.0,1.0,0.0,0.0,0.0,1.0,0.0,1.0,1.0,0.0,0.0,0.7819287721880882,1.0,0.0,0.0,1.0,0.0,0.0,1.0,0.0,0.0
7277-OZCGZ,0,-0.4223169455581282,0.8072447321617703,-0.17517367751198304,1.0,0.0,1.0,0.0,1.0,0.0,0.0,1.0,1.0,0.0,0.0,0.0,1.0,0.0,0.0,0.0,1.0,1.0,0.0,0.0,1.0,0.0,0.0,0.0,0.0,1.0,1.0,0.0,0.0,0.0,0.0,1.0,1.0,0.0,0.0,0.0,1.0,0.0,0.0,1.0,0.0,1.0,0.0,5.0,0.0,0.0,1.0,0.414791969288554,0.0,0.0,1.0,0.0,0.0,1.0,0.0,0.0,1.0
1557-EMYVT,0,0.43281069256250915,1.6713791722481544,1.1522932268550832,1.0,0.0,1.0,0.0,1.0,0.0,0.0,1.0,0.0,0.0,1.0,0.0,1.0,0.0,0.0,0.0,1.0,0.0,0.0,1.0,0.0,0.0,1.0,0.0,0.0,1.0,0.0,0.0,1.0,0.0,0.0,1.0,0.0,0.0,1.0,1.0,0.0,0.0,1.0,0.0,0.0,1.0,0.0,9.0,0.0,0.0,1.0,2.662349259517571,0.0,0.0,1.0,0.0,0.0,1.0,0.0,0.0,1.0
2799-ARNLO,1,-1.1145631287986442,0.15249671409631763,-0.856653895479176,1.0,0.0,0.0,1.0,1.0,0.0,0.0,1.0,1.0,0.0,0.0,0.0,1.0,0.0,1.0,0.0,0.0,1.0,0.0,0.0,1.0,0.0,0.0,1.0,0.0,0.0,1.0,0.0,0.0,1.0,0.0,0.0,1.0,0.0,0.0,0.0,1.0,0.0,0.0,1.0,0.0,1.0,0.0,2.0,1.0,0.0,0.0,0.7686006053354186,1.0,0.0,0.0,1.0,0.0,0.0,1.0,0.0,0.0
7563-BIUPC,0,-1.1145631287986442,0.5264010391336954,-0.8240280824350081,0.0,1.0,1.0,0.0,1.0,0.0,0.0,1.0,1.0,0.0,0.0,0.0,1.0,0.0,1.0,0.0,0.0,1.0,0.0,0.0,1.0,0.0,0.0,1.0,0.0,0.0,0.0,0.0,1.0,1.0,0.0,0.0,1.0,0.0,0.0,0.0,1.0,0.0,0.0,1.0,0.0,0.0,1.0,3.0,1.0,0.0,0.0,0.7393283172064058,1.0,0.0,0.0,1.0,0.0,0.0,1.0,0.0,0.0
5027-YOCXN,0,0.758573602322752,1.505199472231542,1.5014048679889578,0.0,1.0,0.0,1.0,0.0,1.0,0.0,1.0,0.0,0.0,1.0,0.0,1.0,0.0,0.0,0.0,1.0,0.0,0.0,1.0,1.0,0.0,0.0,0.0,0.0,1.0,0.0,0.0,1.0,0.0,0.0,1.0,0.0,1.0,0.0,1.0,0.0,0.0,1.0,0.0,0.0,1.0,0.0,8.0,0.0,1.0,0.0,1.979247449939804,0.0,1.0,0.0,0.0,1.0,0.0,0.0,1.0,0.0
3973-SKMLN,0,1.5729808767233588,-1.491020519067978,-0.40951039960001245,0.0,1.0,1.0,0.0,1.0,0.0,0.0,1.0,1.0,0.0,0.0,0.0,0.0,1.0,0.0,1.0,0.0,0.0,1.0,0.0,0.0,1.0,0.0,0.0,1.0,0.0,0.0,1.0,0.0,0.0,1.0,0.0,0.0,0.0,1.0,0.0,1.0,0.0,1.0,0.0,0.0,1.0,0.0,1.0,0.0,1.0,0.0,-0.26034035483829554,0.0,1.0,0.0,0.0,1.0,0.0,0.0,1.0,0.0
2321-OMBXY,0,0.22920887396235737,0.5164302571326987,0.34207450657161975,1.0,0.0,0.0,1.0,0.0,1.0,0.0,1.0,1.0,0.0,0.0,1.0,0.0,0.0,0.0,0.0,1.0,0.0,0.0,1.0,1.0,0.0,0.0,0.0,0.0,1.0,0.0,0.0,1.0,0.0,0.0,1.0,0.0,1.0,0.0,1.0,0.0,0.0,1.0,0.0,0.0,0.0,1.0,7.0,0.0,0.0,1.0,1.492413887203155,0.0,0.0,1.0,0.0,0.0,1.0,0.0,0.0,1.0
2840-XANRC,1,-0.3408762181180675,0.9435120861753926,-0.023052239545396265,0.0,1.0,0.0,1.0,1.0,0.0,0.0,1.0,1.0,0.0,0.0,0.0,1.0,0.0,1.0,0.0,0.0,1.0,0.0,0.0,0.0,0.0,1.0,1.0,0.0,0.0,0.0,0.0,1.0,0.0,0.0,1.0,1.0,0.0,0.0,0.0,1.0,0.0,0.0,1.0,0.0,0.0,1.0,5.0,0.0,0.0,1.0,0.06762642366975505,0.0,0.0,1.0,0.0,0.0,1.0,0.0,0.0,1.0
6745-JEFZB,0,0.10704778280226633,0.8886727851699104,0.4204735191199447,0.0,1.0,0.0,1.0,1.0,0.0,0.0,1.0,0.0,0.0,1.0,0.0,1.0,0.0,1.0,0.0,0.0,1.0,0.0,0.0,1.0,0.0,0.0,0.0,0.0,1.0,0.0,0.0,1.0,1.0,0.0,0.0,1.0,0.0,0.0,0.0,1.0,0.0,1.0,0.0,0.0,1.0,0.0,5.0,0.0,0.0,1.0,3.927904979560611,0.0,0.0,1.0,0.0,0.0,1.0,0.0,0.0,1.0
5020-ZSTTY,1,0.880734693482843,0.5878875281398422,0.9118460583754145,1.0,0.0,1.0,0.0,1.0,0.0,0.0,1.0,0.0,0.0,1.0,1.0,0.0,0.0,0.0,0.0,1.0,0.0,0.0,1.0,1.0,0.0,0.0,0.0,0.0,1.0,0.0,0.0,1.0,0.0,0.0,1.0,0.0,1.0,0.0,1.0,0.0,1.0,0.0,0.0,0.0,0.0,1.0,8.0,0.0,1.0,0.0,1.0353243321999075,0.0,1.0,0.0,0.0,1.0,0.0,0.0,1.0,0.0
9880-TDQAC,0,1.6137012404433893,-0.1582593249347472,0.8738598176302778,1.0,0.0,0.0,1.0,0.0,1.0,1.0,0.0,0.0,1.0,0.0,1.0,0.0,0.0,1.0,0.0,0.0,0.0,0.0,1.0,0.0,0.0,1.0,0.0,0.0,1.0,0.0,0.0,1.0,0.0,0.0,1.0,0.0,0.0,1.0,0.0,1.0,0.0,0.0,1.0,0.0,1.0,0.0,6.0,0.0,1.0,0.0,0.5415251570297928,0.0,1.0,0.0,0.0,1.0,0.0,0.0,1.0,0.0
8705-WZCYL,0,-1.2774445836787656,-0.6634456129852487,-0.9875983351209477,0.0,1.0,1.0,0.0,1.0,0.0,0.0,1.0,1.0,0.0,0.0,1.0,0.0,0.0,1.0,0.0,0.0,1.0,0.0,0.0,1.0,0.0,0.0,1.0,0.0,0.0,1.0,0.0,0.0,1.0,0.0,0.0,1.0,0.0,0.0,0.0,1.0,0.0,0.0,1.0,0.0,1.0,0.0,2.0,1.0,0.0,0.0,0.7731046401064827,1.0,0.0,0.0,1.0,0.0,0.0,1.0,0.0,0.0
7102-JJVTX,0,-0.9516816739185228,-0.5371490409726233,-0.821050067045581,1.0,0.0,0.0,1.0,0.0,1.0,0.0,1.0,1.0,0.0,0.0,1.0,0.0,0.0,0.0,0.0,1.0,1.0,0.0,0.0,1.0,0.0,0.0,1.0,0.0,0.0,1.0,0.0,0.0,1.0,0.0,0.0,0.0,1.0,0.0,1.0,0.0,0.0,0.0,0.0,1.0,1.0,0.0,3.0,1.0,0.0,0.0,0.8627360277569812,1.0,0.0,0.0,1.0,0.0,0.0,1.0,0.0,0.0
8626-PTQGE,0,1.4915401492832983,-0.15659752793458118,0.8353441519270206,0.0,1.0,1.0,0.0,1.0,0.0,1.0,0.0,0.0,1.0,0.0,1.0,0.0,0.0,0.0,0.0,1.0,0.0,0.0,1.0,1.0,0.0,0.0,0.0,0.0,1.0,0.0,0.0,1.0,0.0,0.0,1.0,0.0,0.0,1.0,0.0,1.0,1.0,0.0,0.0,0.0,1.0,0.0,6.0,0.0,1.0,0.0,0.5600547543613981,0.0,1.0,0.0,0.0,1.0,0.0,0.0,1.0,0.0
4983-CLMLV,0,0.7992939660427822,1.260915313207122,1.2595017808744584,1.0,0.0,0.0,1.0,1.0,0.0,0.0,1.0,0.0,0.0,1.0,0.0,1.0,0.0,1.0,0.0,0.0,0.0,0.0,1.0,1.0,0.0,0.0,0.0,0.0,1.0,0.0,0.0,1.0,0.0,0.0,1.0,1.0,0.0,0.0,0.0,1.0,0.0,1.0,0.0,0.0,1.0,0.0,7.0,0.0,1.0,0.0,1.57576790815789,0.0,1.0,0.0,0.0,1.0,0.0,0.0,1.0,0.0
5701-YVSVF,1,-0.8702409464784621,0.6028437011413373,-0.6190965048959144,1.0,0.0,0.0,1.0,1.0,0.0,0.0,1.0,1.0,0.0,0.0,0.0,1.0,0.0,1.0,0.0,0.0,1.0,0.0,0.0,1.0,0.0,0.0,0.0,0.0,1.0,0.0,0.0,1.0,1.0,0.0,0.0,1.0,0.0,0.0,0.0,1.0,0.0,0.0,1.0,0.0,1.0,0.0,4.0,1.0,0.0,0.0,0.7114081535707613,1.0,0.0,0.0,1.0,0.0,0.0,1.0,0.0,0.0
5804-LEPIM,1,-1.2367242199587352,0.1857326540996401,-0.9460164165352436,1.0,0.0,1.0,0.0,1.0,0.0,0.0,1.0,1.0,0.0,0.0,0.0,1.0,0.0,1.0,0.0,0.0,1.0,0.0,0.0,1.0,0.0,0.0,1.0,0.0,0.0,1.0,0.0,0.0,1.0,0.0,0.0,1.0,0.0,0.0,0.0,1.0,0.0,0.0,1.0,0.0,0.0,1.0,2.0,1.0,0.0,0.0,0.7649372441067004,1.0,0.0,0.0,1.0,0.0,0.0,1.0,0.0,0.0
5697-GOMBF,1,-0.1779947632379461,-0.9592454790148186,-0.5778013581625254,1.0,0.0,0.0,1.0,0.0,1.0,1.0,0.0,0.0,1.0,0.0,1.0,0.0,0.0,1.0,0.0,0.0,1.0,0.0,0.0,1.0,0.0,0.0,1.0,0.0,0.0,0.0,0.0,1.0,1.0,0.0,0.0,1.0,0.0,0.0,0.0,1.0,0.0,0.0,1.0,0.0,1.0,0.0,2.0,0.0,0.0,1.0,3.24617054823187,0.0,0.0,1.0,0.0,0.0,1.0,0.0,0.0,1.0
2739-CACDQ,1,-0.62591876415828,0.5945347161405068,-0.3587959004867318,1.0,0.0,1.0,0.0,1.0,0.0,0.0,1.0,0.0,0.0,1.0,0.0,1.0,0.0,1.0,0.0,0.0,1.0,0.0,0.0,0.0,0.0,1.0,1.0,0.0,0.0,1.0,0.0,0.0,1.0,0.0,0.0,1.0,0.0,0.0,0.0,1.0,0.0,1.0,0.0,0.0,1.0,0.0,4.0,1.0,0.0,0.0,0.5732307785487653,1.0,0.0,0.0,1.0,0.0,0.0,1.0,0.0,0.0
9385-EHGDO,0,0.10704778280226633,-1.4926823160681442,-0.681171581235528,1.0,0.0,0.0,1.0,0.0,1.0,0.0,1.0,1.0,0.0,0.0,0.0,0.0,1.0,0.0,1.0,0.0,0.0,1.0,0.0,0.0,1.0,0.0,0.0,1.0,0.0,0.0,1.0,0.0,0.0,1.0,0.0,0.0,0.0,1.0,0.0,1.0,0.0,0.0,0.0,1.0,1.0,0.0,1.0,0.0,0.0,1.0,-6.363247919798174,0.0,0.0,1.0,0.0,0.0,1.0,0.0,0.0,1.0
9498-FIMXL,0,-0.9924020376385531,-1.5142856770703037,-0.9359132235844466,1.0,0.0,1.0,0.0,1.0,0.0,0.0,1.0,1.0,0.0,0.0,0.0,0.0,1.0,0.0,1.0,0.0,0.0,1.0,0.0,0.0,1.0,0.0,0.0,1.0,0.0,0.0,1.0,0.0,0.0,1.0,0.0,0.0,1.0,0.0,0.0,1.0,0.0,0.0,0.0,1.0,1.0,0.0,1.0,1.0,0.0,0.0,0.9430787000513189,1.0,0.0,0.0,1.0,0.0,0.0,1.0,0.0,0.0
2379-GYFLQ,0,0.5549717837226001,1.001674981181207,0.9439865652079719,0.0,1.0,1.0,0.0,1.0,0.0,0.0,1.0,0.0,0.0,1.0,0.0,1.0,0.0,1.0,0.0,0.0,0.0,0.0,1.0,0.0,0.0,1.0,1.0,0.0,0.0,0.0,0.0,1.0,1.0,0.0,0.0,0.0,1.0,0.0,0.0,1.0,0.0,1.0,0.0,0.0,1.0,0.0,6.0,0.0,1.0,0.0,1.7009631712732602,0.0,1.0,0.0,0.0,1.0,0.0,0.0,1.0,0.0
0122-OAHPZ,0,-1.0331224013585834,0.3020584441112687,-0.7818064420249085,1.0,0.0,1.0,0.0,1.0,0.0,0.0,1.0,0.0,0.0,1.0,0.0,1.0,0.0,1.0,0.0,0.0,1.0,0.0,0.0,1.0,0.0,0.0,1.0,0.0,0.0,1.0,0.0,0.0,1.0,0.0,0.0,1.0,0.0,0.0,0.0,1.0,0.0,0.0,1.0,0.0,0.0,1.0,3.0,1.0,0.0,0.0,0.756741351263715,1.0,0.0,0.0,1.0,0.0,0.0,1.0,0.0,0.0
2868-SNELZ,0,-1.2367242199587352,0.5264010391336954,-0.9386265264948134,1.0,0.0,1.0,0.0,1.0,0.0,0.0,1.0,0.0,0.0,1.0,0.0,1.0,0.0,1.0,0.0,0.0,1.0,0.0,0.0,0.0,0.0,1.0,1.0,0.0,0.0,1.0,0.0,0.0,1.0,0.0,0.0,1.0,0.0,0.0,1.0,0.0,0.0,0.0,0.0,1.0,0.0,1.0,4.0,1.0,0.0,0.0,0.7589618698711438,1.0,0.0,0.0,1.0,0.0,0.0,1.0,0.0,0.0
4322-RCYMT,0,1.4508197855632678,0.36686852711774764,1.3282608473103412,0.0,1.0,0.0,1.0,0.0,1.0,0.0,1.0,0.0,0.0,1.0,1.0,0.0,0.0,1.0,0.0,0.0,0.0,0.0,1.0,0.0,0.0,1.0,0.0,0.0,1.0,1.0,0.0,0.0,0.0,0.0,1.0,0.0,1.0,0.0,0.0,1.0,1.0,0.0,0.0,0.0,0.0,1.0,7.0,0.0,1.0,0.0,0.9155243542495912,0.0,1.0,0.0,0.0,1.0,0.0,0.0,1.0,0.0
6680-NENYN,0,0.43281069256250915,1.3240635992134344,1.0926226222002664,1.0,0.0,1.0,0.0,1.0,0.0,0.0,1.0,0.0,0.0,1.0,0.0,1.0,0.0,1.0,0.0,0.0,0.0,0.0,1.0,0.0,0.0,1.0,1.0,0.0,0.0,0.0,0.0,1.0,0.0,0.0,1.0,0.0,0.0,1.0,0.0,1.0,0.0,0.0,1.0,0.0,0.0,1.0,7.0,0.0,0.0,1.0,2.524481582770655,0.0,0.0,1.0,0.0,0.0,1.0,0.0,0.0,1.0
2088-IEBAU,0,1.4508197855632678,0.7773323861587803,1.7052555362385557,1.0,0.0,1.0,0.0,1.0,0.0,0.0,1.0,0.0,0.0,1.0,1.0,0.0,0.0,0.0,0.0,1.0,0.0,0.0,1.0,0.0,0.0,1.0,0.0,0.0,1.0,0.0,0.0,1.0,0.0,0.0,1.0,0.0,0.0,1.0,0.0,1.0,0.0,0.0,1.0,0.0,1.0,0.0,9.0,0.0,1.0,0.0,1.1753737805391904,0.0,1.0,0.0,0.0,1.0,0.0,0.0,1.0,0.0
7982-VCELR,0,0.14776814652229667,0.9983513871808745,0.5657565513774767,1.0,0.0,1.0,0.0,1.0,0.0,0.0,1.0,1.0,0.0,0.0,0.0,1.0,0.0,1.0,0.0,0.0,0.0,0.0,1.0,1.0,0.0,0.0,1.0,0.0,0.0,0.0,0.0,1.0,0.0,0.0,1.0,1.0,0.0,0.0,0.0,1.0,0.0,1.0,0.0,0.0,1.0,0.0,5.0,0.0,0.0,1.0,3.828677321144513,0.0,0.0,1.0,0.0,0.0,1.0,0.0,0.0,1.0
1343-EHPYB,0,1.247217966963116,1.284180471209448,1.9057972984999014,0.0,1.0,0.0,1.0,1.0,0.0,0.0,1.0,0.0,0.0,1.0,0.0,1.0,0.0,1.0,0.0,0.0,0.0,0.0,1.0,0.0,0.0,1.0,1.0,0.0,0.0,0.0,0.0,1.0,0.0,0.0,1.0,1.0,0.0,0.0,0.0,1.0,0.0,0.0,1.0,0.0,0.0,1.0,7.0,0.0,1.0,0.0,1.528038682076059,0.0,1.0,0.0,0.0,1.0,0.0,0.0,1.0,0.0
6035-BXTTY,1,-0.015113308357824713,-0.33607160395252245,-0.19994635367736546,1.0,0.0,1.0,0.0,1.0,0.0,0.0,1.0,1.0,0.0,0.0,1.0,0.0,0.0,1.0,0.0,0.0,0.0,0.0,1.0,1.0,0.0,0.0,0.0,0.0,1.0,1.0,0.0,0.0,1.0,0.0,0.0,1.0,0.0,0.0,1.0,0.0,1.0,0.0,0.0,0.0,1.0,0.0,4.0,0.0,0.0,1.0,13.229820297674658,0.0,0.0,1.0,0.0,0.0,1.0,0.0,0.0,1.0
6885-PKOAM,0,1.5729808767233588,0.6975661301508063,1.7384990117338641,1.0,0.0,0.0,1.0,1.0,0.0,0.0,1.0,0.0,0.0,1.0,1.0,0.0,0.0,0.0,0.0,1.0,0.0,0.0,1.0,0.0,0.0,1.0,0.0,0.0,1.0,0.0,0.0,1.0,0.0,0.0,1.0,0.0,0.0,1.0,1.0,0.0,0.0,1.0,0.0,0.0,1.0,0.0,9.0,0.0,1.0,0.0,1.105225777032517,0.0,1.0,0.0,0.0,1.0,0.0,0.0,1.0,0.0
7520-HQWJU,0,1.369379058123207,0.08934842809000525,0.9817963309670682,1.0,0.0,0.0,1.0,0.0,1.0,0.0,1.0,0.0,0.0,1.0,1.0,0.0,0.0,0.0,0.0,1.0,0.0,0.0,1.0,0.0,0.0,1.0,1.0,0.0,0.0,1.0,0.0,0.0,1.0,0.0,0.0,1.0,0.0,0.0,0.0,1.0,1.0,0.0,0.0,0.0,1.0,0.0,6.0,0.0,1.0,0.0,0.7169646162930682,0.0,1.0,0.0,0.0,1.0,0.0,0.0,1.0,0.0
9639-BUJXT,0,1.247217966963116,-1.4710789550659844,-0.4214004017844657,0.0,1.0,1.0,0.0,1.0,0.0,0.0,1.0,1.0,0.0,0.0,0.0,0.0,1.0,0.0,1.0,0.0,0.0,1.0,0.0,0.0,1.0,0.0,0.0,1.0,0.0,0.0,1.0,0.0,0.0,1.0,0.0,0.0,1.0,0.0,1.0,0.0,0.0,0.0,0.0,1.0,1.0,0.0,1.0,0.0,1.0,0.0,-0.3378722989459049,0.0,1.0,0.0,0.0,1.0,0.0,0.0,1.0,0.0
5924-SNGKP,0,0.35136996512244845,-1.479387940066815,-0.625736376245674,1.0,0.0,1.0,0.0,0.0,1.0,0.0,1.0,1.0,0.0,0.0,0.0,0.0,1.0,0.0,1.0,0.0,0.0,1.0,0.0,0.0,1.0,0.0,0.0,1.0,0.0,0.0,1.0,0.0,0.0,1.0,0.0,0.0,1.0,0.0,0.0,1.0,0.0,1.0,0.0,0.0,1.0,0.0,1.0,0.0,0.0,1.0,-1.7808476487955138,0.0,0.0,1.0,0.0,0.0,1.0,0.0,0.0,1.0
0021-IKXGC,1,-1.2774445836787656,0.2438955491054544,-0.9755539173237094,1.0,0.0,1.0,0.0,1.0,0.0,0.0,1.0,0.0,0.0,1.0,0.0,1.0,0.0,1.0,0.0,0.0,1.0,0.0,0.0,1.0,0.0,0.0,1.0,0.0,0.0,1.0,0.0,0.0,1.0,0.0,0.0,1.0,0.0,0.0,0.0,1.0,0.0,0.0,1.0,0.0,1.0,0.0,3.0,1.0,0.0,0.0,0.7636761154165482,1.0,0.0,0.0,1.0,0.0,0.0,1.0,0.0,0.0
2034-GDRCN,0,-1.2367242199587352,0.8521132511662559,-0.9331558019275698,1.0,0.0,1.0,0.0,1.0,0.0,0.0,1.0,1.0,0.0,0.0,0.0,1.0,0.0,1.0,0.0,0.0,1.0,0.0,0.0,1.0,0.0,0.0,1.0,0.0,0.0,0.0,0.0,1.0,0.0,0.0,1.0,1.0,0.0,0.0,0.0,1.0,0.0,0.0,1.0,0.0,0.0,1.0,4.0,1.0,0.0,0.0,0.7545383092430304,1.0,0.0,0.0,1.0,0.0,0.0,1.0,0.0,0.0
8966-SNIZF,0,1.5322605130033284,-1.505976692069473,-0.4322756727991884,1.0,0.0,0.0,1.0,1.0,0.0,0.0,1.0,1.0,0.0,0.0,0.0,0.0,1.0,0.0,1.0,0.0,0.0,1.0,0.0,0.0,1.0,0.0,0.0,1.0,0.0,0.0,1.0,0.0,0.0,1.0,0.0,0.0,0.0,1.0,1.0,0.0,1.0,0.0,0.0,0.0,1.0,0.0,1.0,0.0,1.0,0.0,-0.28211630406888216,0.0,1.0,0.0,0.0,1.0,0.0,0.0,1.0,0.0
6243-OZGFH,0,-0.38159658183809786,-0.6584602219847502,-0.5675658089721983,1.0,0.0,1.0,0.0,1.0,0.0,1.0,0.0,0.0,1.0,0.0,1.0,0.0,0.0,1.0,0.0,0.0,1.0,0.0,0.0,1.0,0.0,0.0,1.0,0.0,0.0,0.0,0.0,1.0,0.0,0.0,1.0,1.0,0.0,0.0,0.0,1.0,0.0,0.0,1.0,0.0,1.0,0.0,3.0,0.0,0.0,1.0,1.4873451073338038,0.0,0.0,1.0,0.0,0.0,1.0,0.0,0.0,1.0
4654-DLAMQ,1,1.2879383306831464,1.071470455188184,1.829868935756138,1.0,0.0,0.0,1.0,1.0,0.0,0.0,1.0,1.0,0.0,0.0,0.0,1.0,0.0,0.0,0.0,1.0,0.0,0.0,1.0,0.0,0.0,1.0,1.0,0.0,0.0,1.0,0.0,0.0,0.0,0.0,1.0,0.0,1.0,0.0,1.0,0.0,1.0,0.0,0.0,0.0,1.0,0.0,6.0,0.0,1.0,0.0,1.4207737219728072,0.0,1.0,0.0,0.0,1.0,0.0,0.0,1.0,0.0
0513-RBGPE,0,0.18848851024232702,-0.0651986929254444,-0.002007597460111587,0.0,1.0,0.0,1.0,0.0,1.0,0.0,1.0,0.0,0.0,1.0,1.0,0.0,0.0,0.0,0.0,1.0,1.0,0.0,0.0,0.0,0.0,1.0,0.0,0.0,1.0,1.0,0.0,0.0,1.0,0.0,0.0,0.0,0.0,1.0,0.0,1.0,0.0,1.0,0.0,0.0,1.0,0.0,6.0,0.0,0.0,1.0,-0.010651033622848171,0.0,0.0,1.0,0.0,0.0,1.0,0.0,0.0,1.0
5160-UXJED,0,-0.62591876415828,-0.6700928009859131,-0.7067383948380909,0.0,1.0,1.0,0.0,0.0,1.0,0.0,1.0,1.0,0.0,0.0,1.0,0.0,0.0,1.0,0.0,0.0,1.0,0.0,0.0,1.0,0.0,0.0,1.0,0.0,0.0,1.0,0.0,0.0,1.0,0.0,0.0,0.0,1.0,0.0,1.0,0.0,0.0,0.0,0.0,1.0,1.0,0.0,2.0,1.0,0.0,0.0,1.1291215974144746,1.0,0.0,0.0,1.0,0.0,0.0,1.0,0.0,0.0
4115-NZRKS,1,-1.0331224013585834,0.8105683261621028,-0.753967512977079,1.0,0.0,1.0,0.0,1.0,0.0,0.0,1.0,1.0,0.0,0.0,0.0,1.0,0.0,1.0,0.0,0.0,1.0,0.0,0.0,1.0,0.0,0.0,1.0,0.0,0.0,0.0,0.0,1.0,0.0,0.0,1.0,1.0,0.0,0.0,0.0,1.0,0.0,0.0,1.0,0.0,1.0,0.0,4.0,1.0,0.0,0.0,0.729794951678128,1.0,0.0,0.0,1.0,0.0,0.0,1.0,0.0,0.0
0219-YTZUE,0,-1.1552834925186746,0.6659919871476498,-0.8432859152866365,0.0,1.0,0.0,1.0,0.0,1.0,0.0,1.0,0.0,0.0,1.0,0.0,1.0,0.0,1.0,0.0,0.0,0.0,0.0,1.0,0.0,0.0,1.0,1.0,0.0,0.0,1.0,0.0,0.0,1.0,0.0,0.0,1.0,0.0,0.0,0.0,1.0,1.0,0.0,0.0,0.0,0.0,1.0,5.0,1.0,0.0,0.0,0.7299385135748447,1.0,0.0,0.0,1.0,0.0,0.0,1.0,0.0,0.0
0623-IIHUG,1,-0.46303730927815856,-0.7598298389948839,-0.6367219441266718,1.0,0.0,1.0,0.0,1.0,0.0,1.0,0.0,0.0,1.0,0.0,1.0,0.0,0.0,0.0,0.0,1.0,1.0,0.0,0.0,1.0,0.0,0.0,1.0,0.0,0.0,0.0,0.0,1.0,1.0,0.0,0.0,1.0,0.0,0.0,0.0,1.0,0.0,0.0,1.0,0.0,0.0,1.0,3.0,0.0,0.0,1.0,1.3750985749275257,0.0,0.0,1.0,0.0,0.0,1.0,0.0,0.0,1.0
4572-DVCGN,0,-0.9109613101984924,0.5147684601325326,-0.6341189380825799,1.0,0.0,1.0,0.0,1.0,0.0,0.0,1.0,1.0,0.0,0.0,0.0,1.0,0.0,1.0,0.0,0.0,1.0,0.0,0.0,1.0,0.0,0.0,1.0,0.0,0.0,1.0,0.0,0.0,0.0,0.0,1.0,1.0,0.0,0.0,0.0,1.0,1.0,0.0,0.0,0.0,0.0,1.0,3.0,1.0,0.0,0.0,0.696098649836632,1.0,0.0,0.0,1.0,0.0,0.0,1.0,0.0,0.0
3351-NGXYI,1,-0.6666391278783103,-0.3543513709543497,-0.6151478770832666,1.0,0.0,1.0,0.0,1.0,0.0,0.0,1.0,0.0,0.0,1.0,1.0,0.0,0.0,0.0,0.0,1.0,1.0,0.0,0.0,1.0,0.0,0.0,1.0,0.0,0.0,1.0,0.0,0.0,1.0,0.0,0.0,1.0,0.0,0.0,0.0,1.0,0.0,0.0,1.0,0.0,1.0,0.0,4.0,1.0,0.0,0.0,0.9227599331606545,1.0,0.0,0.0,1.0,0.0,0.0,1.0,0.0,0.0
8984-EYLLL,0,1.2879383306831464,1.3456669602155942,2.0030350158080097,0.0,1.0,0.0,1.0,1.0,0.0,0.0,1.0,0.0,0.0,1.0,0.0,1.0,0.0,1.0,0.0,0.0,0.0,0.0,1.0,1.0,0.0,0.0,0.0,0.0,1.0,0.0,0.0,1.0,0.0,0.0,1.0,0.0,0.0,1.0,0.0,1.0,0.0,0.0,1.0,0.0,1.0,0.0,7.0,0.0,1.0,0.0,1.5552258738549716,0.0,1.0,0.0,0.0,1.0,0.0,0.0,1.0,0.0
9057-MSWCO,1,-0.21871512695797646,-1.1304105700319294,-0.6521635054051826,0.0,1.0,0.0,1.0,1.0,0.0,1.0,0.0,0.0,1.0,0.0,1.0,0.0,0.0,0.0,0.0,1.0,1.0,0.0,0.0,1.0,0.0,0.0,1.0,0.0,0.0,1.0,0.0,0.0,1.0,0.0,0.0,1.0,0.0,0.0,1.0,0.0,0.0,1.0,0.0,0.0,0.0,1.0,2.0,0.0,0.0,1.0,2.9817942383586855,0.0,0.0,1.0,0.0,0.0,1.0,0.0,0.0,1.0
9833-TGFHX,0,0.3920903288424788,1.074794049188516,0.7647762168842263,0.0,1.0,0.0,1.0,0.0,1.0,0.0,1.0,0.0,0.0,1.0,0.0,1.0,0.0,0.0,0.0,1.0,1.0,0.0,0.0,1.0,0.0,0.0,1.0,0.0,0.0,0.0,0.0,1.0,0.0,0.0,1.0,0.0,1.0,0.0,1.0,0.0,0.0,0.0,1.0,0.0,1.0,0.0,6.0,0.0,0.0,1.0,1.950510279460305,0.0,0.0,1.0,0.0,0.0,1.0,0.0,0.0,1.0
9294-TDIPC,0,-1.1145631287986442,-1.481049737066981,-0.9704140833552908,0.0,1.0,1.0,0.0,0.0,1.0,0.0,1.0,1.0,0.0,0.0,0.0,0.0,1.0,0.0,1.0,0.0,0.0,1.0,0.0,0.0,1.0,0.0,0.0,1.0,0.0,0.0,1.0,0.0,0.0,1.0,0.0,1.0,0.0,0.0,1.0,0.0,0.0,0.0,0.0,1.0,1.0,0.0,1.0,1.0,0.0,0.0,0.870667670840029,1.0,0.0,0.0,1.0,0.0,0.0,1.0,0.0,0.0
5229-DTFYB,0,0.35136996512244845,1.1312951471941644,0.7393638188944485,1.0,0.0,1.0,0.0,1.0,0.0,0.0,1.0,1.0,0.0,0.0,0.0,1.0,0.0,1.0,0.0,0.0,0.0,0.0,1.0,1.0,0.0,0.0,0.0,0.0,1.0,0.0,0.0,1.0,0.0,0.0,1.0,0.0,0.0,1.0,0.0,1.0,1.0,0.0,0.0,0.0,1.0,0.0,6.0,0.0,0.0,1.0,2.1042316995898855,0.0,0.0,1.0,0.0,0.0,1.0,0.0,0.0,1.0
0104-PPXDV,0,1.0436161483629645,-0.4806479429669752,0.2626166441070541,0.0,1.0,0.0,1.0,1.0,0.0,0.0,1.0,1.0,0.0,0.0,1.0,0.0,0.0,1.0,0.0,0.0,1.0,0.0,0.0,0.0,0.0,1.0,1.0,0.0,0.0,1.0,0.0,0.0,1.0,0.0,0.0,0.0,1.0,0.0,1.0,0.0,0.0,1.0,0.0,0.0,1.0,0.0,3.0,0.0,1.0,0.0,0.25164103154114603,0.0,1.0,0.0,0.0,1.0,0.0,0.0,1.0,0.0
5176-LMJXE,0,0.5956921474426305,-1.4694171580658184,-0.590132547812079,1.0,0.0,1.0,0.0,1.0,0.0,0.0,1.0,1.0,0.0,0.0,0.0,0.0,1.0,0.0,1.0,0.0,0.0,1.0,0.0,0.0,1.0,0.0,0.0,1.0,0.0,0.0,1.0,0.0,0.0,1.0,0.0,0.0,0.0,1.0,0.0,1.0,0.0,0.0,0.0,1.0,1.0,0.0,1.0,0.0,1.0,0.0,-0.9906669919111416,0.0,1.0,0.0,0.0,1.0,0.0,0.0,1.0,0.0
3583-KRKMD,0,-0.5851984004382496,0.37019212111808014,-0.40159108460146187,0.0,1.0,1.0,0.0,1.0,0.0,0.0,1.0,1.0,0.0,0.0,0.0,1.0,0.0,1.0,0.0,0.0,1.0,0.0,0.0,1.0,0.0,0.0,0.0,0.0,1.0,1.0,0.0,0.0,1.0,0.0,0.0,1.0,0.0,0.0,0.0,1.0,1.0,0.0,0.0,0.0,1.0,0.0,3.0,1.0,0.0,0.0,0.6862477482862464,1.0,0.0,0.0,1.0,0.0,0.0,1.0,0.0,0.0
1010-DIAUQ,0,-1.1145631287986442,1.0548524851865226,-0.7900566476222843,0.0,1.0,1.0,0.0,1.0,0.0,0.0,1.0,1.0,0.0,0.0,0.0,1.0,0.0,1.0,0.0,0.0,1.0,0.0,0.0,0.0,0.0,1.0,1.0,0.0,0.0,0.0,0.0,1.0,0.0,0.0,1.0,1.0,0.0,0.0,1.0,0.0,1.0,0.0,0.0,0.0,0.0,1.0,5.0,1.0,0.0,0.0,0.7088487203715987,1.0,0.0,0.0,1.0,0.0,0.0,1.0,0.0,0.0
9069-LGEUL,0,-0.38159658183809786,-0.15992112193491323,-0.38705395762640665,0.0,1.0,0.0,1.0,1.0,0.0,0.0,1.0,1.0,0.0,0.0,1.0,0.0,0.0,0.0,0.0,1.0,1.0,0.0,0.0,1.0,0.0,0.0,1.0,0.0,0.0,1.0,0.0,0.0,0.0,0.0,1.0,1.0,0.0,0.0,0.0,1.0,1.0,0.0,0.0,0.0,1.0,0.0,4.0,0.0,0.0,1.0,1.0143014273398923,0.0,0.0,1.0,0.0,0.0,1.0,0.0,0.0,1.0
7302-ZHMHP,0,-1.2774445836787656,-1.51594747407047,-0.9989147936007707,1.0,0.0,1.0,0.0,1.0,0.0,0.0,1.0,1.0,0.0,0.0,0.0,0.0,1.0,0.0,1.0,0.0,0.0,1.0,0.0,0.0,1.0,0.0,0.0,1.0,0.0,0.0,1.0,0.0,0.0,1.0,0.0,1.0,0.0,0.0,1.0,0.0,0.0,0.0,0.0,1.0,1.0,0.0,1.0,1.0,0.0,0.0,0.7819633089085641,1.0,0.0,0.0,1.0,0.0,0.0,1.0,0.0,0.0
9571-EDEBV,0,1.5729808767233588,1.1263097561936661,2.064558607816248,0.0,1.0,0.0,1.0,1.0,0.0,0.0,1.0,0.0,0.0,1.0,0.0,1.0,0.0,1.0,0.0,0.0,1.0,0.0,0.0,0.0,0.0,1.0,1.0,0.0,0.0,0.0,0.0,1.0,0.0,0.0,1.0,0.0,1.0,0.0,0.0,1.0,0.0,1.0,0.0,0.0,1.0,0.0,6.0,0.0,1.0,0.0,1.3125134821199376,0.0,1.0,0.0,0.0,1.0,0.0,0.0,1.0,0.0
3520-FJGCV,0,1.6137012404433893,1.5899511192400142,2.5780125796999878,0.0,1.0,0.0,1.0,0.0,1.0,0.0,1.0,0.0,0.0,1.0,0.0,1.0,0.0,0.0,0.0,1.0,0.0,0.0,1.0,0.0,0.0,1.0,0.0,0.0,1.0,0.0,0.0,1.0,0.0,0.0,1.0,0.0,0.0,1.0,0.0,1.0,0.0,1.0,0.0,0.0,1.0,0.0,9.0,0.0,1.0,0.0,1.5975773675377725,0.0,1.0,0.0,0.0,1.0,0.0,0.0,1.0,0.0
6563-VRERX,0,0.025607055362205634,-1.4677553610656522,-0.7028338857719532,0.0,1.0,0.0,1.0,0.0,1.0,0.0,1.0,1.0,0.0,0.0,0.0,0.0,1.0,0.0,1.0,0.0,0.0,1.0,0.0,0.0,1.0,0.0,0.0,1.0,0.0,0.0,1.0,0.0,0.0,1.0,0.0,0.0,1.0,0.0,1.0,0.0,0.0,0.0,0.0,1.0,1.0,0.0,1.0,0.0,0.0,1.0,-27.44688429928928,0.0,0.0,1.0,0.0,0.0,1.0,0.0,0.0,1.0
0259-GBZSH,0,-1.2367242199587352,0.6942425361504742,-0.9272880086417356,0.0,1.0,1.0,0.0,1.0,0.0,0.0,1.0,0.0,0.0,1.0,0.0,1.0,0.0,1.0,0.0,0.0,1.0,0.0,0.0,1.0,0.0,0.0,1.0,0.0,0.0,0.0,0.0,1.0,1.0,0.0,0.0,1.0,0.0,0.0,0.0,1.0,0.0,0.0,1.0,0.0,0.0,1.0,4.0,1.0,0.0,0.0,0.7497936837306184,1.0,0.0,0.0,1.0,0.0,0.0,1.0,0.0,0.0
6122-EFVKN,0,-0.3408762181180675,-0.9642308700153169,-0.6408249875521046,0.0,1.0,1.0,0.0,0.0,1.0,1.0,0.0,0.0,1.0,0.0,1.0,0.0,0.0,0.0,0.0,1.0,1.0,0.0,0.0,1.0,0.0,0.0,0.0,0.0,1.0,1.0,0.0,0.0,1.0,0.0,0.0,0.0,0.0,1.0,1.0,0.0,0.0,0.0,0.0,1.0,1.0,0.0,3.0,0.0,0.0,1.0,1.8799345729954837,0.0,0.0,1.0,0.0,0.0,1.0,0.0,0.0,1.0
2805-EDJPQ,0,0.9621754209229036,1.1628692901973208,1.4669922457111335,1.0,0.0,0.0,1.0,0.0,1.0,0.0,1.0,0.0,0.0,1.0,0.0,1.0,0.0,1.0,0.0,0.0,0.0,0.0,1.0,0.0,0.0,1.0,0.0,0.0,1.0,1.0,0.0,0.0,0.0,0.0,1.0,0.0,1.0,0.0,0.0,1.0,0.0,1.0,0.0,0.0,1.0,0.0,7.0,0.0,1.0,0.0,1.5246619418983052,0.0,1.0,0.0,0.0,1.0,0.0,0.0,1.0,0.0
6862-CQUMB,0,0.18848851024232702,1.0415581091851935,0.6015589141703668,0.0,1.0,1.0,0.0,1.0,0.0,0.0,1.0,1.0,0.0,0.0,0.0,1.0,0.0,1.0,0.0,0.0,0.0,0.0,1.0,1.0,0.0,0.0,1.0,0.0,0.0,0.0,0.0,1.0,0.0,0.0,1.0,1.0,0.0,0.0,0.0,1.0,0.0,1.0,0.0,0.0,1.0,0.0,5.0,0.0,0.0,1.0,3.1914885071614334,0.0,0.0,1.0,0.0,0.0,1.0,0.0,0.0,1.0
7156-MXBJE,0,0.43281069256250915,0.6759627691486464,0.6083752605061665,1.0,0.0,1.0,0.0,1.0,0.0,0.0,1.0,0.0,0.0,1.0,1.0,0.0,0.0,1.0,0.0,0.0,0.0,0.0,1.0,0.0,0.0,1.0,0.0,0.0,1.0,0.0,0.0,1.0,0.0,0.0,1.0,0.0,1.0,0.0,1.0,0.0,0.0,1.0,0.0,0.0,1.0,0.0,8.0,0.0,0.0,1.0,1.4056382408304324,0.0,0.0,1.0,0.0,0.0,1.0,0.0,0.0,1.0
6158-HDPXZ,0,-1.2774445836787656,-1.3098846460498705,-0.9961794313171489,0.0,1.0,1.0,0.0,1.0,0.0,1.0,0.0,0.0,1.0,0.0,1.0,0.0,0.0,1.0,0.0,0.0,1.0,0.0,0.0,1.0,0.0,0.0,1.0,0.0,0.0,1.0,0.0,0.0,1.0,0.0,0.0,1.0,0.0,0.0,1.0,0.0,0.0,0.0,0.0,1.0,1.0,0.0,1.0,1.0,0.0,0.0,0.7798220322390553,1.0,0.0,0.0,1.0,0.0,0.0,1.0,0.0,0.0
9601-BRXPO,0,-0.30015585439803716,1.3356961782145975,0.12494409562250246,1.0,0.0,0.0,1.0,1.0,0.0,0.0,1.0,0.0,0.0,1.0,0.0,1.0,0.0,1.0,0.0,0.0,1.0,0.0,0.0,0.0,0.0,1.0,0.0,0.0,1.0,0.0,0.0,1.0,0.0,0.0,1.0,1.0,0.0,0.0,0.0,1.0,1.0,0.0,0.0,0.0,0.0,1.0,7.0,0.0,0.0,1.0,-0.4162640634582256,0.0,0.0,1.0,0.0,0.0,1.0,0.0,0.0,1.0
2863-IMQDR,0,1.1657772395230555,0.827186296163764,1.3347683624205708,1.0,0.0,1.0,0.0,1.0,0.0,0.0,1.0,0.0,0.0,1.0,1.0,0.0,0.0,0.0,0.0,1.0,0.0,0.0,1.0,0.0,0.0,1.0,0.0,0.0,1.0,0.0,0.0,1.0,0.0,0.0,1.0,0.0,0.0,1.0,1.0,0.0,0.0,0.0,1.0,0.0,1.0,0.0,9.0,0.0,1.0,0.0,1.1449600465408412,0.0,1.0,0.0,0.0,1.0,0.0,0.0,1.0,0.0
5686-CMAWK,0,-0.62591876415828,0.7308020701541287,-0.38517891089973033,0.0,1.0,1.0,0.0,1.0,0.0,0.0,1.0,0.0,0.0,1.0,0.0,1.0,0.0,1.0,0.0,0.0,1.0,0.0,0.0,0.0,0.0,1.0,0.0,0.0,1.0,1.0,0.0,0.0,1.0,0.0,0.0,0.0,1.0,0.0,1.0,0.0,0.0,0.0,1.0,0.0,1.0,0.0,5.0,1.0,0.0,0.0,0.6153816324994017,1.0,0.0,0.0,1.0,0.0,0.0,1.0,0.0,0.0
5651-CRHKQ,0,0.35136996512244845,0.7125223031523015,0.4657834717857466,1.0,0.0,0.0,1.0,1.0,0.0,0.0,1.0,1.0,0.0,0.0,0.0,1.0,0.0,1.0,0.0,0.0,0.0,0.0,1.0,0.0,0.0,1.0,0.0,0.0,1.0,1.0,0.0,0.0,1.0,0.0,0.0,0.0,1.0,0.0,0.0,1.0,1.0,0.0,0.0,0.0,1.0,0.0,5.0,0.0,0.0,1.0,1.3256211913941658,0.0,0.0,1.0,0.0,0.0,1.0,0.0,0.0,1.0
6905-NIQIN,0,-1.2774445836787656,-0.4690153639658123,-0.985017388450111,0.0,1.0,1.0,0.0,1.0,0.0,0.0,1.0,1.0,0.0,0.0,1.0,0.0,0.0,1.0,0.0,0.0,0.0,0.0,1.0,1.0,0.0,0.0,1.0,0.0,0.0,1.0,0.0,0.0,1.0,0.0,0.0,1.0,0.0,0.0,1.0,0.0,0.0,0.0,0.0,1.0,0.0,1.0,3.0,1.0,0.0,0.0,0.7710842419586397,1.0,0.0,0.0,1.0,0.0,0.0,1.0,0.0,0.0
8204-YJCLA,1,1.6137012404433893,0.001273187081200524,1.0804899669100079,0.0,1.0,0.0,1.0,0.0,1.0,1.0,0.0,0.0,1.0,0.0,1.0,0.0,0.0,0.0,0.0,1.0,0.0,0.0,1.0,0.0,0.0,1.0,0.0,0.0,1.0,0.0,0.0,1.0,0.0,0.0,1.0,0.0,0.0,1.0,0.0,1.0,1.0,0.0,0.0,0.0,1.0,0.0,7.0,0.0,1.0,0.0,0.6695724957199182,0.0,1.0,0.0,0.0,1.0,0.0,0.0,1.0,0.0
5167-ZFFMM,0,-1.2774445836787656,0.8670694241677506,-0.9672816523530786,0.0,1.0,1.0,0.0,1.0,0.0,0.0,1.0,0.0,0.0,1.0,0.0,1.0,0.0,1.0,0.0,0.0,0.0,0.0,1.0,1.0,0.0,0.0,1.0,0.0,0.0,1.0,0.0,0.0,0.0,0.0,1.0,1.0,0.0,0.0,0.0,1.0,0.0,1.0,0.0,0.0,0.0,1.0,5.0,1.0,0.0,0.0,0.7572004803273075,1.0,0.0,0.0,1.0,0.0,0.0,1.0,0.0,0.0
6583-SZVGP,0,0.6364125111626608,1.440389389225063,1.2283318864651211,0.0,1.0,1.0,0.0,1.0,0.0,0.0,1.0,0.0,0.0,1.0,0.0,1.0,0.0,1.0,0.0,0.0,0.0,0.0,1.0,0.0,0.0,1.0,1.0,0.0,0.0,0.0,0.0,1.0,0.0,0.0,1.0,0.0,0.0,1.0,0.0,1.0,1.0,0.0,0.0,0.0,1.0,0.0,7.0,0.0,1.0,0.0,1.9300875845779397,0.0,1.0,0.0,0.0,1.0,0.0,0.0,1.0,0.0
4895-TMWIR,1,-0.8702409464784621,-1.4893587220678117,-0.9126185254271503,0.0,1.0,0.0,1.0,1.0,0.0,0.0,1.0,1.0,0.0,0.0,0.0,0.0,1.0,0.0,1.0,0.0,0.0,1.0,0.0,0.0,1.0,0.0,0.0,1.0,0.0,0.0,1.0,0.0,0.0,1.0,0.0,1.0,0.0,0.0,1.0,0.0,0.0,0.0,0.0,1.0,0.0,1.0,1.0,1.0,0.0,0.0,1.0486963744008764,1.0,0.0,0.0,1.0,0.0,0.0,1.0,0.0,0.0
0533-BNWKF,1,0.9214550572028734,0.6875953481498096,1.1432930025670367,1.0,0.0,0.0,1.0,1.0,0.0,0.0,1.0,0.0,0.0,1.0,0.0,1.0,0.0,1.0,0.0,0.0,0.0,0.0,1.0,0.0,0.0,1.0,1.0,0.0,0.0,1.0,0.0,0.0,1.0,0.0,0.0,1.0,0.0,0.0,0.0,1.0,0.0,0.0,1.0,0.0,0.0,1.0,5.0,0.0,1.0,0.0,1.2407474392050812,0.0,1.0,0.0,0.0,1.0,0.0,0.0,1.0,0.0
1708-PBBOA,0,0.3920903288424788,-0.3327480099521901,0.0287431688573799,1.0,0.0,1.0,0.0,1.0,0.0,1.0,0.0,0.0,1.0,0.0,1.0,0.0,0.0,0.0,0.0,1.0,0.0,0.0,1.0,0.0,0.0,1.0,0.0,0.0,1.0,1.0,0.0,0.0,0.0,0.0,1.0,0.0,1.0,0.0,0.0,1.0,0.0,0.0,1.0,0.0,1.0,0.0,6.0,0.0,0.0,1.0,0.07330751804624946,0.0,0.0,1.0,0.0,0.0,1.0,0.0,0.0,1.0
8782-LKFPK,0,0.47353105628253944,0.8521132511662559,0.7851811371451155,0.0,1.0,1.0,0.0,1.0,0.0,0.0,1.0,0.0,0.0,1.0,0.0,1.0,0.0,1.0,0.0,0.0,1.0,0.0,0.0,0.0,0.0,1.0,1.0,0.0,0.0,1.0,0.0,0.0,0.0,0.0,1.0,1.0,0.0,0.0,0.0,1.0,0.0,0.0,0.0,1.0,1.0,0.0,5.0,0.0,0.0,1.0,1.6581407422549819,0.0,0.0,1.0,0.0,0.0,1.0,0.0,0.0,1.0
5522-JBWMO,0,-1.2774445836787656,-0.6900343649879066,-0.9879512850930281,0.0,1.0,1.0,0.0,0.0,1.0,0.0,1.0,1.0,0.0,0.0,1.0,0.0,0.0,1.0,0.0,0.0,1.0,0.0,0.0,1.0,0.0,0.0,1.0,0.0,0.0,1.0,0.0,0.0,1.0,0.0,0.0,1.0,0.0,0.0,1.0,0.0,0.0,0.0,1.0,0.0,1.0,0.0,2.0,1.0,0.0,0.0,0.7733809338702904,1.0,0.0,0.0,1.0,0.0,0.0,1.0,0.0,0.0
3597-MVHJT,0,-0.21871512695797646,1.0249401391835322,0.13762823524413634,1.0,0.0,1.0,0.0,1.0,0.0,0.0,1.0,0.0,0.0,1.0,0.0,1.0,0.0,1.0,0.0,0.0,1.0,0.0,0.0,1.0,0.0,0.0,1.0,0.0,0.0,0.0,0.0,1.0,0.0,0.0,1.0,1.0,0.0,0.0,0.0,1.0,1.0,0.0,0.0,0.0,1.0,0.0,5.0,0.0,0.0,1.0,-0.6292579628960917,0.0,0.0,1.0,0.0,0.0,1.0,0.0,0.0,1.0
9774-NRNAU,1,-0.21871512695797646,0.6659919871476498,0.011580976464978025,0.0,1.0,0.0,1.0,1.0,0.0,0.0,1.0,0.0,0.0,1.0,1.0,0.0,0.0,1.0,0.0,0.0,0.0,0.0,1.0,0.0,0.0,1.0,0.0,0.0,1.0,0.0,0.0,1.0,0.0,0.0,1.0,1.0,0.0,0.0,0.0,1.0,1.0,0.0,0.0,0.0,1.0,0.0,8.0,0.0,0.0,1.0,-0.05295004797360529,0.0,0.0,1.0,0.0,0.0,1.0,0.0,0.0,1.0
0224-RLWWD,1,-1.2367242199587352,-0.6800635829869099,-0.967965492923984,1.0,0.0,1.0,0.0,1.0,0.0,0.0,1.0,1.0,0.0,0.0,1.0,0.0,0.0,1.0,0.0,0.0,1.0,0.0,0.0,1.0,0.0,0.0,1.0,0.0,0.0,1.0,0.0,0.0,1.0,0.0,0.0,1.0,0.0,0.0,0.0,1.0,0.0,0.0,1.0,0.0,1.0,0.0,2.0,1.0,0.0,0.0,0.7826849974332042,1.0,0.0,0.0,1.0,0.0,0.0,1.0,0.0,0.0
9967-ATRFS,0,-0.5444780367182193,-1.491020519067978,-0.845205080759823,1.0,0.0,1.0,0.0,1.0,0.0,0.0,1.0,1.0,0.0,0.0,0.0,0.0,1.0,0.0,1.0,0.0,0.0,1.0,0.0,0.0,1.0,0.0,0.0,1.0,0.0,0.0,1.0,0.0,0.0,1.0,0.0,1.0,0.0,0.0,1.0,0.0,0.0,0.0,0.0,1.0,1.0,0.0,1.0,1.0,0.0,0.0,1.5523217168762262,1.0,0.0,0.0,1.0,0.0,0.0,1.0,0.0,0.0
3951-NJCVI,1,0.3920903288424788,1.0066603721817051,0.7329004225307288,1.0,0.0,0.0,1.0,1.0,0.0,0.0,1.0,0.0,0.0,1.0,0.0,1.0,0.0,1.0,0.0,0.0,1.0,0.0,0.0,1.0,0.0,0.0,1.0,0.0,0.0,0.0,0.0,1.0,0.0,0.0,1.0,1.0,0.0,0.0,0.0,1.0,0.0,0.0,1.0,0.0,1.0,0.0,5.0,0.0,0.0,1.0,1.8692132108802142,0.0,0.0,1.0,0.0,0.0,1.0,0.0,0.0,1.0
2977-CEBSX,0,1.369379058123207,0.8404806721650927,1.6247388238577494,1.0,0.0,1.0,0.0,1.0,0.0,0.0,1.0,0.0,0.0,1.0,1.0,0.0,0.0,0.0,0.0,1.0,0.0,0.0,1.0,0.0,0.0,1.0,0.0,0.0,1.0,0.0,0.0,1.0,0.0,0.0,1.0,0.0,0.0,1.0,0.0,1.0,0.0,1.0,0.0,0.0,1.0,0.0,9.0,0.0,1.0,0.0,1.1864785095257144,0.0,1.0,0.0,0.0,1.0,0.0,0.0,1.0,0.0
0177-PXBAT,1,0.025607055362205634,1.5002140812310438,0.6226917937486715,0.0,1.0,0.0,1.0,1.0,0.0,0.0,1.0,0.0,0.0,1.0,0.0,1.0,0.0,0.0,0.0,1.0,1.0,0.0,0.0,0.0,0.0,1.0,0.0,0.0,1.0,0.0,0.0,1.0,0.0,0.0,1.0,1.0,0.0,0.0,0.0,1.0,1.0,0.0,0.0,0.0,1.0,0.0,8.0,0.0,0.0,1.0,24.317196371892276,0.0,0.0,1.0,0.0,0.0,1.0,0.0,0.0,1.0
6599-CEBNN,0,0.06632741908223598,0.30538203811160125,0.10639216271503436,1.0,0.0,1.0,0.0,1.0,0.0,0.0,1.0,1.0,0.0,0.0,0.0,1.0,0.0,1.0,0.0,0.0,0.0,0.0,1.0,1.0,0.0,0.0,1.0,0.0,0.0,1.0,0.0,0.0,1.0,0.0,0.0,1.0,0.0,0.0,0.0,1.0,0.0,1.0,0.0,0.0,0.0,1.0,3.0,0.0,0.0,1.0,1.6040449664282,0.0,0.0,1.0,0.0,0.0,1.0,0.0,0.0,1.0
2519-ERQOJ,1,0.025607055362205634,-0.33773340095268845,-0.21159370275601355,0.0,1.0,1.0,0.0,1.0,0.0,1.0,0.0,0.0,1.0,0.0,1.0,0.0,0.0,1.0,0.0,0.0,1.0,0.0,0.0,0.0,0.0,1.0,0.0,0.0,1.0,0.0,0.0,1.0,0.0,0.0,1.0,1.0,0.0,0.0,0.0,1.0,0.0,0.0,1.0,0.0,1.0,0.0,5.0,0.0,0.0,1.0,-8.26310170236568,0.0,0.0,1.0,0.0,0.0,1.0,0.0,0.0,1.0
5876-QMYLD,0,-0.38159658183809786,-1.4860351280674797,-0.8242266167943033,1.0,0.0,0.0,1.0,0.0,1.0,0.0,1.0,1.0,0.0,0.0,0.0,0.0,1.0,0.0,1.0,0.0,0.0,1.0,0.0,0.0,1.0,0.0,0.0,1.0,0.0,0.0,1.0,0.0,0.0,1.0,0.0,0.0,1.0,0.0,1.0,0.0,0.0,0.0,0.0,1.0,1.0,0.0,1.0,0.0,0.0,1.0,2.1599423475548916,0.0,0.0,1.0,0.0,0.0,1.0,0.0,0.0,1.0
2277-AXSDC,0,-0.015113308357824713,-1.4960059100684764,-0.7319963772150835,1.0,0.0,1.0,0.0,1.0,0.0,0.0,1.0,1.0,0.0,0.0,0.0,0.0,1.0,0.0,1.0,0.0,0.0,1.0,0.0,0.0,1.0,0.0,0.0,1.0,0.0,0.0,1.0,0.0,0.0,1.0,0.0,0.0,1.0,0.0,1.0,0.0,1.0,0.0,0.0,0.0,1.0,0.0,1.0,0.0,0.0,1.0,48.433894147081446,0.0,0.0,1.0,0.0,0.0,1.0,0.0,0.0,1.0
9442-JTWDL,0,-0.8702409464784621,-1.4860351280674797,-0.9024932731030981,1.0,0.0,1.0,0.0,1.0,0.0,0.0,1.0,1.0,0.0,0.0,0.0,0.0,1.0,0.0,1.0,0.0,0.0,1.0,0.0,0.0,1.0,0.0,0.0,1.0,0.0,0.0,1.0,0.0,0.0,1.0,0.0,0.0,1.0,0.0,1.0,0.0,0.0,1.0,0.0,0.0,1.0,0.0,1.0,1.0,0.0,0.0,1.0370613756513631,1.0,0.0,0.0,1.0,0.0,0.0,1.0,0.0,0.0
0979-PHULV,0,1.4915401492832983,1.1528985081963241,2.0843017468794867,0.0,1.0,0.0,1.0,0.0,1.0,0.0,1.0,0.0,0.0,1.0,0.0,1.0,0.0,1.0,0.0,0.0,1.0,0.0,0.0,0.0,0.0,1.0,1.0,0.0,0.0,0.0,0.0,1.0,0.0,0.0,1.0,1.0,0.0,0.0,0.0,1.0,0.0,1.0,0.0,0.0,0.0,1.0,6.0,0.0,1.0,0.0,1.397415783866775,0.0,1.0,0.0,0.0,1.0,0.0,0.0,1.0,0.0
3067-SVMTC,0,1.4508197855632678,-0.29452667894836937,0.6906787821206293,1.0,0.0,0.0,1.0,1.0,0.0,0.0,1.0,1.0,0.0,0.0,1.0,0.0,0.0,0.0,0.0,1.0,1.0,0.0,0.0,1.0,0.0,0.0,0.0,0.0,1.0,1.0,0.0,0.0,1.0,0.0,0.0,0.0,1.0,0.0,1.0,0.0,1.0,0.0,0.0,0.0,1.0,0.0,4.0,0.0,1.0,0.0,0.4760610442409147,0.0,1.0,0.0,0.0,1.0,0.0,0.0,1.0,0.0
5495-GPSRW,0,-0.5037576729981889,-1.4976677070686424,-0.8223295106943719,0.0,1.0,1.0,0.0,1.0,0.0,0.0,1.0,1.0,0.0,0.0,0.0,0.0,1.0,0.0,1.0,0.0,0.0,1.0,0.0,0.0,1.0,0.0,0.0,1.0,0.0,0.0,1.0,0.0,0.0,1.0,0.0,0.0,0.0,1.0,0.0,1.0,0.0,0.0,0.0,1.0,1.0,0.0,1.0,1.0,0.0,0.0,1.632391037937259,1.0,0.0,0.0,1.0,0.0,0.0,1.0,0.0,0.0
7606-BPHHN,0,1.6137012404433893,-1.4943441130683104,-0.35936944419136224,0.0,1.0,1.0,0.0,1.0,0.0,0.0,1.0,1.0,0.0,0.0,0.0,0.0,1.0,0.0,1.0,0.0,0.0,1.0,0.0,0.0,1.0,0.0,0.0,1.0,0.0,0.0,1.0,0.0,0.0,1.0,0.0,0.0,0.0,1.0,0.0,1.0,0.0,1.0,0.0,0.0,1.0,0.0,1.0,0.0,1.0,0.0,-0.2226988708843156,0.0,1.0,0.0,0.0,1.0,0.0,0.0,1.0,0.0
4742-DRORA,0,1.125056875803025,1.0182929511828682,1.5568180136055567,0.0,1.0,0.0,1.0,0.0,1.0,0.0,1.0,0.0,0.0,1.0,0.0,1.0,0.0,0.0,0.0,1.0,1.0,0.0,0.0,0.0,0.0,1.0,1.0,0.0,0.0,0.0,0.0,1.0,1.0,0.0,0.0,0.0,1.0,0.0,0.0,1.0,1.0,0.0,0.0,0.0,1.0,0.0,6.0,0.0,1.0,0.0,1.3837682761543555,0.0,1.0,0.0,0.0,1.0,0.0,0.0,1.0,0.0
0111-KLBQG,1,-0.015113308357824713,0.9701008381780505,0.25507233845383864,0.0,1.0,0.0,1.0,0.0,1.0,0.0,1.0,1.0,0.0,0.0,0.0,1.0,0.0,1.0,0.0,0.0,0.0,0.0,1.0,1.0,0.0,0.0,1.0,0.0,0.0,0.0,0.0,1.0,0.0,0.0,1.0,1.0,0.0,0.0,0.0,1.0,0.0,0.0,0.0,1.0,1.0,0.0,5.0,0.0,0.0,1.0,-16.877333037526384,0.0,0.0,1.0,0.0,0.0,1.0,0.0,0.0,1.0
4800-VHZKI,0,-1.2774445836787656,-1.491020519067978,-0.9985839030019455,1.0,0.0,1.0,0.0,1.0,0.0,0.0,1.0,1.0,0.0,0.0,0.0,0.0,1.0,0.0,1.0,0.0,0.0,1.0,0.0,0.0,1.0,0.0,0.0,1.0,0.0,0.0,1.0,0.0,0.0,1.0,0.0,1.0,0.0,0.0,0.0,1.0,0.0,0.0,0.0,1.0,0.0,1.0,1.0,1.0,0.0,0.0,0.7817042835049945,1.0,0.0,0.0,1.0,0.0,0.0,1.0,0.0,0.0
7989-CHGTL,0,-1.2774445836787656,-1.5009913010689746,-0.9987162592414757,0.0,1.0,1.0,0.0,1.0,0.0,0.0,1.0,1.0,0.0,0.0,0.0,0.0,1.0,0.0,1.0,0.0,0.0,1.0,0.0,0.0,1.0,0.0,0.0,1.0,0.0,0.0,1.0,0.0,0.0,1.0,0.0,1.0,0.0,0.0,0.0,1.0,0.0,0.0,0.0,1.0,0.0,1.0,1.0,1.0,0.0,0.0,0.7818078936664224,1.0,0.0,0.0,1.0,0.0,0.0,1.0,0.0,0.0
0334-GDDSO,1,-1.1960038562387048,0.5513279941361872,-0.9042580229634994,0.0,1.0,1.0,0.0,1.0,0.0,0.0,1.0,0.0,0.0,1.0,0.0,1.0,0.0,1.0,0.0,0.0,0.0,0.0,1.0,1.0,0.0,0.0,1.0,0.0,0.0,1.0,0.0,0.0,1.0,0.0,0.0,1.0,0.0,0.0,0.0,1.0,0.0,0.0,1.0,0.0,0.0,1.0,4.0,1.0,0.0,0.0,0.7560661433043263,1.0,0.0,0.0,1.0,0.0,0.0,1.0,0.0,0.0
4163-NCJAK,0,0.5549717837226001,-1.3397969920528607,-0.5369915176407467,1.0,0.0,0.0,1.0,1.0,0.0,0.0,1.0,0.0,0.0,1.0,0.0,0.0,1.0,0.0,1.0,0.0,0.0,1.0,0.0,0.0,1.0,0.0,0.0,1.0,0.0,0.0,1.0,0.0,0.0,1.0,0.0,0.0,1.0,0.0,0.0,1.0,1.0,0.0,0.0,0.0,1.0,0.0,2.0,0.0,1.0,0.0,-0.9676014770314146,0.0,1.0,0.0,0.0,1.0,0.0,0.0,1.0,0.0
5233-AOZUF,0,-0.13727439951791576,0.3386179781149237,-0.05922961168362164,1.0,0.0,0.0,1.0,1.0,0.0,0.0,1.0,0.0,0.0,1.0,0.0,1.0,0.0,1.0,0.0,0.0,1.0,0.0,0.0,1.0,0.0,0.0,1.0,0.0,0.0,1.0,0.0,0.0,1.0,0.0,0.0,1.0,0.0,0.0,0.0,1.0,0.0,0.0,1.0,0.0,1.0,0.0,3.0,0.0,0.0,1.0,0.43146873628022353,0.0,0.0,1.0,0.0,0.0,1.0,0.0,0.0,1.0
5973-EJGDP,0,0.758573602322752,0.750743634156122,0.9660679978362424,0.0,1.0,1.0,0.0,1.0,0.0,0.0,1.0,0.0,0.0,1.0,0.0,1.0,0.0,1.0,0.0,0.0,0.0,0.0,1.0,0.0,0.0,1.0,0.0,0.0,1.0,1.0,0.0,0.0,1.0,0.0,0.0,1.0,0.0,0.0,0.0,1.0,0.0,0.0,1.0,0.0,1.0,0.0,6.0,0.0,1.0,0.0,1.273532317599957,0.0,1.0,0.0,0.0,1.0,0.0,0.0,1.0,0.0
1996-DBMUS,1,0.6364125111626608,0.19570343610063723,0.5566680895964103,1.0,0.0,0.0,1.0,1.0,0.0,0.0,1.0,1.0,0.0,0.0,0.0,1.0,0.0,1.0,0.0,0.0,1.0,0.0,0.0,1.0,0.0,0.0,1.0,0.0,0.0,1.0,0.0,0.0,1.0,0.0,0.0,1.0,0.0,0.0,0.0,1.0,1.0,0.0,0.0,0.0,1.0,0.0,2.0,0.0,1.0,0.0,0.8746969612200653,0.0,1.0,0.0,0.0,1.0,0.0,0.0,1.0,0.0
7916-VCCPB,0,-0.6666391278783103,0.28211688010927544,-0.4798136221637467,1.0,0.0,0.0,1.0,0.0,1.0,0.0,1.0,1.0,0.0,0.0,0.0,1.0,0.0,1.0,0.0,0.0,0.0,0.0,1.0,1.0,0.0,0.0,1.0,0.0,0.0,1.0,0.0,0.0,1.0,0.0,0.0,1.0,0.0,0.0,1.0,0.0,1.0,0.0,0.0,0.0,1.0,0.0,3.0,1.0,0.0,0.0,0.7197501648168075,1.0,0.0,0.0,1.0,0.0,0.0,1.0,0.0,0.0
4686-GEFRM,0,1.5322605130033284,1.1279715531938321,2.0186971708190704,0.0,1.0,0.0,1.0,1.0,0.0,0.0,1.0,0.0,0.0,1.0,0.0,1.0,0.0,1.0,0.0,0.0,0.0,0.0,1.0,0.0,0.0,1.0,0.0,0.0,1.0,1.0,0.0,0.0,0.0,0.0,1.0,0.0,0.0,1.0,0.0,1.0,1.0,0.0,0.0,0.0,1.0,0.0,7.0,0.0,1.0,0.0,1.3174634167543058,0.0,1.0,0.0,0.0,1.0,0.0,0.0,1.0,0.0
5249-QYHEX,0,0.3106496014024181,-1.328164413051698,-0.5552787380691546,1.0,0.0,0.0,1.0,0.0,1.0,0.0,1.0,0.0,0.0,1.0,0.0,0.0,1.0,0.0,1.0,0.0,0.0,1.0,0.0,0.0,1.0,0.0,0.0,1.0,0.0,0.0,1.0,0.0,0.0,1.0,0.0,0.0,0.0,1.0,0.0,1.0,0.0,0.0,0.0,1.0,1.0,0.0,2.0,0.0,0.0,1.0,-1.7874761002826522,0.0,0.0,1.0,0.0,0.0,1.0,0.0,0.0,1.0
0578-SKVMF,0,-0.4223169455581282,0.6161380771426661,-0.19297559172878048,1.0,0.0,0.0,1.0,0.0,1.0,0.0,1.0,1.0,0.0,0.0,0.0,1.0,0.0,1.0,0.0,0.0,0.0,0.0,1.0,1.0,0.0,0.0,1.0,0.0,0.0,1.0,0.0,0.0,0.0,0.0,1.0,1.0,0.0,0.0,1.0,0.0,0.0,0.0,1.0,0.0,0.0,1.0,4.0,0.0,0.0,1.0,0.45694494089917853,0.0,0.0,1.0,0.0,0.0,1.0,0.0,0.0,1.0
5564-NEMQO,1,-1.2774445836787656,0.3502505571160864,-0.9741421174353884,1.0,0.0,1.0,0.0,1.0,0.0,0.0,1.0,1.0,0.0,0.0,0.0,1.0,0.0,1.0,0.0,0.0,1.0,0.0,0.0,0.0,0.0,1.0,1.0,0.0,0.0,1.0,0.0,0.0,1.0,0.0,0.0,1.0,0.0,0.0,0.0,1.0,1.0,0.0,0.0,0.0,0.0,1.0,3.0,1.0,0.0,0.0,0.7625709403613178,1.0,0.0,0.0,1.0,0.0,0.0,1.0,0.0,0.0
2233-FAGXV,0,-1.1145631287986442,-1.3447823830533592,-0.9490164912979258,1.0,0.0,0.0,1.0,0.0,1.0,0.0,1.0,0.0,0.0,1.0,0.0,0.0,1.0,0.0,1.0,0.0,0.0,1.0,0.0,0.0,1.0,0.0,0.0,1.0,0.0,0.0,1.0,0.0,0.0,1.0,0.0,1.0,0.0,0.0,0.0,1.0,0.0,0.0,0.0,1.0,1.0,0.0,2.0,1.0,0.0,0.0,0.8514694832232999,1.0,0.0,0.0,1.0,0.0,0.0,1.0,0.0,0.0
5605-IYGFG,0,-1.0331224013585834,0.16911468409797886,-0.7799534546714871,1.0,0.0,1.0,0.0,1.0,0.0,0.0,1.0,1.0,0.0,0.0,0.0,1.0,0.0,1.0,0.0,0.0,1.0,0.0,0.0,1.0,0.0,0.0,1.0,0.0,0.0,1.0,0.0,0.0,1.0,0.0,0.0,1.0,0.0,0.0,0.0,1.0,1.0,0.0,0.0,0.0,1.0,0.0,2.0,1.0,0.0,0.0,0.7549477715765602,1.0,0.0,0.0,1.0,0.0,0.0,1.0,0.0,0.0
7663-ZTEGJ,0,-0.13727439951791576,1.1894580421999785,0.24139552703572906,0.0,1.0,1.0,0.0,0.0,1.0,0.0,1.0,0.0,0.0,1.0,0.0,1.0,0.0,1.0,0.0,0.0,0.0,0.0,1.0,0.0,0.0,1.0,0.0,0.0,1.0,1.0,0.0,0.0,0.0,0.0,1.0,0.0,1.0,0.0,1.0,0.0,0.0,1.0,0.0,0.0,1.0,0.0,7.0,0.0,0.0,1.0,-1.7584890400793514,0.0,0.0,1.0,0.0,0.0,1.0,0.0,0.0,1.0
3935-TBRZZ,0,0.47353105628253944,-1.2982520670487077,-0.5174248535635481,0.0,1.0,0.0,1.0,0.0,1.0,0.0,1.0,0.0,0.0,1.0,0.0,0.0,1.0,0.0,1.0,0.0,0.0,1.0,0.0,0.0,1.0,0.0,0.0,1.0,0.0,0.0,1.0,0.0,0.0,1.0,0.0,0.0,1.0,0.0,1.0,0.0,0.0,0.0,0.0,1.0,1.0,0.0,2.0,0.0,0.0,1.0,-1.092694653705709,0.0,0.0,1.0,0.0,0.0,1.0,0.0,0.0,1.0
8111-BKVDS,0,-0.9109613101984924,-0.7997129669988706,-0.8091380054878727,1.0,0.0,1.0,0.0,1.0,0.0,1.0,0.0,0.0,1.0,0.0,1.0,0.0,0.0,0.0,0.0,1.0,0.0,0.0,1.0,0.0,0.0,1.0,1.0,0.0,0.0,1.0,0.0,0.0,1.0,0.0,0.0,1.0,0.0,0.0,1.0,0.0,1.0,0.0,0.0,0.0,1.0,0.0,4.0,1.0,0.0,0.0,0.8882243366752502,1.0,0.0,0.0,1.0,0.0,0.0,1.0,0.0,0.0
2055-SIFSS,1,0.9214550572028734,-0.4357794239624898,0.24496914550304172,1.0,0.0,0.0,1.0,1.0,0.0,0.0,1.0,0.0,0.0,1.0,1.0,0.0,0.0,1.0,0.0,0.0,1.0,0.0,0.0,1.0,0.0,0.0,1.0,0.0,0.0,1.0,0.0,0.0,1.0,0.0,0.0,1.0,0.0,0.0,1.0,0.0,1.0,0.0,0.0,0.0,1.0,0.0,3.0,0.0,1.0,0.0,0.265850345698529,0.0,1.0,0.0,0.0,1.0,0.0,0.0,1.0,0.0
2806-MLNTI,1,0.7992939660427822,1.3406815692150957,1.3646367538078619,0.0,1.0,0.0,1.0,1.0,0.0,0.0,1.0,0.0,0.0,1.0,0.0,1.0,0.0,1.0,0.0,0.0,0.0,0.0,1.0,0.0,0.0,1.0,1.0,0.0,0.0,0.0,0.0,1.0,0.0,0.0,1.0,0.0,1.0,0.0,0.0,1.0,1.0,0.0,0.0,0.0,1.0,0.0,7.0,0.0,1.0,0.0,1.7073027093699087,0.0,1.0,0.0,0.0,1.0,0.0,0.0,1.0,0.0
8734-DKSTZ,0,-0.9109613101984924,0.7042133181514708,-0.6285599760223161,1.0,0.0,0.0,1.0,0.0,1.0,0.0,1.0,0.0,0.0,1.0,0.0,1.0,0.0,1.0,0.0,0.0,1.0,0.0,0.0,1.0,0.0,0.0,1.0,0.0,0.0,1.0,0.0,0.0,0.0,0.0,1.0,1.0,0.0,0.0,1.0,0.0,0.0,0.0,1.0,0.0,1.0,0.0,4.0,1.0,0.0,0.0,0.6899963467003413,1.0,0.0,0.0,1.0,0.0,0.0,1.0,0.0,0.0
4360-PNRQB,0,-0.5851984004382496,0.36022133911708304,-0.3918849603692551,0.0,1.0,1.0,0.0,1.0,0.0,0.0,1.0,0.0,0.0,1.0,0.0,1.0,0.0,1.0,0.0,0.0,1.0,0.0,0.0,1.0,0.0,0.0,1.0,0.0,0.0,1.0,0.0,0.0,1.0,0.0,0.0,1.0,0.0,0.0,0.0,1.0,1.0,0.0,0.0,0.0,1.0,0.0,3.0,1.0,0.0,0.0,0.669661708022059,1.0,0.0,0.0,1.0,0.0,0.0,1.0,0.0,0.0
6152-ONASV,0,1.4508197855632678,-0.21642221994056152,0.7466654714418585,1.0,0.0,0.0,1.0,1.0,0.0,0.0,1.0,0.0,0.0,1.0,1.0,0.0,0.0,0.0,0.0,1.0,1.0,0.0,0.0,1.0,0.0,0.0,0.0,0.0,1.0,1.0,0.0,0.0,1.0,0.0,0.0,0.0,1.0,0.0,1.0,0.0,1.0,0.0,0.0,0.0,1.0,0.0,5.0,0.0,1.0,0.0,0.5146507366881354,0.0,1.0,0.0,0.0,1.0,0.0,0.0,1.0,0.0
9063-ZGTUY,0,1.1657772395230555,-1.5076384890696393,-0.4856372967030708,1.0,0.0,0.0,1.0,0.0,1.0,0.0,1.0,1.0,0.0,0.0,0.0,0.0,1.0,0.0,1.0,0.0,0.0,1.0,0.0,0.0,1.0,0.0,0.0,1.0,0.0,0.0,1.0,0.0,0.0,1.0,0.0,1.0,0.0,0.0,0.0,1.0,0.0,0.0,0.0,1.0,0.0,1.0,1.0,0.0,1.0,0.0,-0.4165781250813882,0.0,1.0,0.0,0.0,1.0,0.0,0.0,1.0,0.0
7781-HVGMK,0,1.6137012404433893,0.014567563082529699,1.1034758338417336,1.0,0.0,0.0,1.0,0.0,1.0,1.0,0.0,0.0,1.0,0.0,1.0,0.0,0.0,0.0,0.0,1.0,0.0,0.0,1.0,0.0,0.0,1.0,0.0,0.0,1.0,0.0,0.0,1.0,0.0,0.0,1.0,0.0,0.0,1.0,0.0,1.0,0.0,1.0,0.0,0.0,1.0,0.0,7.0,0.0,1.0,0.0,0.6838166856329222,0.0,1.0,0.0,0.0,1.0,0.0,0.0,1.0,0.0
2181-UAESM,0,-1.2367242199587352,-0.37595473195650925,-0.9546416314779548,0.0,1.0,1.0,0.0,1.0,0.0,0.0,1.0,1.0,0.0,0.0,1.0,0.0,0.0,0.0,0.0,1.0,1.0,0.0,0.0,0.0,0.0,1.0,1.0,0.0,0.0,1.0,0.0,0.0,1.0,0.0,0.0,1.0,0.0,0.0,1.0,0.0,0.0,0.0,1.0,0.0,1.0,0.0,4.0,1.0,0.0,0.0,0.7719114868711858,1.0,0.0,0.0,1.0,0.0,0.0,1.0,0.0,0.0
2957-LOLHO,0,-0.8295205827584317,-0.6435040489832552,-0.7784313579168911,0.0,1.0,1.0,0.0,1.0,0.0,0.0,1.0,1.0,0.0,0.0,1.0,0.0,0.0,1.0,0.0,0.0,1.0,0.0,0.0,1.0,0.0,0.0,1.0,0.0,0.0,1.0,0.0,0.0,1.0,0.0,0.0,1.0,0.0,0.0,0.0,1.0,1.0,0.0,0.0,0.0,0.0,1.0,2.0,1.0,0.0,0.0,0.9384111426486226,1.0,0.0,0.0,1.0,0.0,0.0,1.0,0.0,0.0
6048-NJXHX,0,0.35136996512244845,-1.4960059100684764,-0.6105374680729684,0.0,1.0,0.0,1.0,1.0,0.0,0.0,1.0,1.0,0.0,0.0,0.0,0.0,1.0,0.0,1.0,0.0,0.0,1.0,0.0,0.0,1.0,0.0,0.0,1.0,0.0,0.0,1.0,0.0,0.0,1.0,0.0,0.0,0.0,1.0,0.0,1.0,0.0,0.0,1.0,0.0,1.0,0.0,1.0,0.0,0.0,1.0,-1.7375915094513072,0.0,0.0,1.0,0.0,0.0,1.0,0.0,0.0,1.0
2320-SLKMB,0,-0.2594354906780068,-0.6750781919864114,-0.4850858123716954,1.0,0.0,1.0,0.0,1.0,0.0,1.0,0.0,0.0,1.0,0.0,1.0,0.0,0.0,1.0,0.0,0.0,1.0,0.0,0.0,0.0,0.0,1.0,0.0,0.0,1.0,0.0,0.0,1.0,1.0,0.0,0.0,1.0,0.0,0.0,0.0,1.0,0.0,1.0,0.0,0.0,1.0,0.0,4.0,0.0,0.0,1.0,1.869774297664424,0.0,0.0,1.0,0.0,0.0,1.0,0.0,0.0,1.0
4980-URKXC,0,0.14776814652229667,-1.4594463760648215,-0.6896864993119639,0.0,1.0,0.0,1.0,1.0,0.0,0.0,1.0,1.0,0.0,0.0,0.0,0.0,1.0,0.0,1.0,0.0,0.0,1.0,0.0,0.0,1.0,0.0,0.0,1.0,0.0,0.0,1.0,0.0,0.0,1.0,0.0,0.0,1.0,0.0,1.0,0.0,1.0,0.0,0.0,0.0,1.0,0.0,1.0,0.0,0.0,1.0,-4.667355688919719,0.0,0.0,1.0,0.0,0.0,1.0,0.0,0.0,1.0
4376-KFVRS,0,1.6137012404433893,1.638143232244832,2.728700158404999,0.0,1.0,0.0,1.0,0.0,1.0,0.0,1.0,0.0,0.0,1.0,0.0,1.0,0.0,0.0,0.0,1.0,0.0,0.0,1.0,0.0,0.0,1.0,0.0,0.0,1.0,0.0,0.0,1.0,0.0,0.0,1.0,0.0,0.0,1.0,0.0,1.0,0.0,1.0,0.0,0.0,1.0,0.0,9.0,0.0,1.0,0.0,1.6909574647505672,0.0,1.0,0.0,0.0,1.0,0.0,0.0,1.0,0.0
5886-VLQVU,0,0.10704778280226633,0.8338334841644282,0.38731828111765637,0.0,1.0,0.0,1.0,1.0,0.0,0.0,1.0,0.0,0.0,1.0,0.0,1.0,0.0,1.0,0.0,0.0,1.0,0.0,0.0,1.0,0.0,0.0,0.0,0.0,1.0,1.0,0.0,0.0,0.0,0.0,1.0,1.0,0.0,0.0,0.0,1.0,1.0,0.0,0.0,0.0,1.0,0.0,5.0,0.0,0.0,1.0,3.6181812549363364,0.0,0.0,1.0,0.0,0.0,1.0,0.0,0.0,1.0
3577-AMVUX,0,-1.2774445836787656,-0.3227772279511935,-0.9830761636036696,0.0,1.0,1.0,0.0,1.0,0.0,0.0,1.0,1.0,0.0,0.0,1.0,0.0,0.0,1.0,0.0,0.0,1.0,0.0,0.0,0.0,0.0,1.0,0.0,0.0,1.0,1.0,0.0,0.0,1.0,0.0,0.0,1.0,0.0,0.0,1.0,0.0,0.0,0.0,0.0,1.0,1.0,0.0,4.0,1.0,0.0,0.0,0.7695646262576977,1.0,0.0,0.0,1.0,0.0,0.0,1.0,0.0,0.0
0771-WLCLA,0,-0.6666391278783103,1.6015836982411773,-0.1768060711328542,1.0,0.0,0.0,1.0,0.0,1.0,0.0,1.0,0.0,0.0,1.0,0.0,1.0,0.0,0.0,0.0,1.0,1.0,0.0,0.0,0.0,0.0,1.0,0.0,0.0,1.0,0.0,0.0,1.0,0.0,0.0,1.0,1.0,0.0,0.0,0.0,1.0,0.0,0.0,1.0,0.0,1.0,0.0,8.0,1.0,0.0,0.0,0.26522006245803315,1.0,0.0,0.0,1.0,0.0,0.0,1.0,0.0,0.0
5628-RKIFK,1,0.6771328748826912,1.222693982203301,1.2296333894871672,1.0,0.0,1.0,0.0,1.0,0.0,0.0,1.0,0.0,0.0,1.0,0.0,1.0,0.0,0.0,0.0,1.0,1.0,0.0,0.0,1.0,0.0,0.0,1.0,0.0,0.0,0.0,0.0,1.0,0.0,0.0,1.0,1.0,0.0,0.0,1.0,0.0,0.0,1.0,0.0,0.0,1.0,0.0,6.0,0.0,1.0,0.0,1.815941058392997,0.0,1.0,0.0,0.0,1.0,0.0,0.0,1.0,0.0
0206-TBWLC,0,0.880734693482843,1.6580847962468257,1.6616000365668802,1.0,0.0,0.0,1.0,1.0,0.0,0.0,1.0,0.0,0.0,1.0,0.0,1.0,0.0,0.0,0.0,1.0,0.0,0.0,1.0,0.0,0.0,1.0,0.0,0.0,1.0,0.0,0.0,1.0,0.0,0.0,1.0,0.0,1.0,0.0,0.0,1.0,0.0,0.0,0.0,1.0,1.0,0.0,9.0,0.0,1.0,0.0,1.8866067714400179,0.0,1.0,0.0,0.0,1.0,0.0,0.0,1.0,0.0
2937-FTHUR,0,-0.5851984004382496,0.001273187081200524,-0.4926301180249107,1.0,0.0,1.0,0.0,0.0,1.0,0.0,1.0,0.0,0.0,1.0,1.0,0.0,0.0,0.0,0.0,1.0,1.0,0.0,0.0,1.0,0.0,0.0,1.0,0.0,0.0,1.0,0.0,0.0,0.0,0.0,1.0,1.0,0.0,0.0,1.0,0.0,0.0,0.0,1.0,0.0,1.0,0.0,5.0,1.0,0.0,0.0,0.8418172668551122,1.0,0.0,0.0,1.0,0.0,0.0,1.0,0.0,0.0
1910-FMXJM,0,0.14776814652229667,0.5197538511330312,0.2886908232944823,1.0,0.0,0.0,1.0,1.0,0.0,0.0,1.0,1.0,0.0,0.0,0.0,1.0,0.0,1.0,0.0,0.0,1.0,0.0,0.0,1.0,0.0,0.0,1.0,0.0,0.0,1.0,0.0,0.0,0.0,0.0,1.0,1.0,0.0,0.0,1.0,0.0,0.0,0.0,1.0,0.0,1.0,0.0,3.0,0.0,0.0,1.0,1.953674253137647,0.0,0.0,1.0,0.0,0.0,1.0,0.0,0.0,1.0
7752-XUSCI,0,1.125056875803025,1.3672703212177542,1.8146700275834324,1.0,0.0,1.0,0.0,1.0,0.0,0.0,1.0,0.0,0.0,1.0,0.0,1.0,0.0,1.0,0.0,0.0,0.0,0.0,1.0,0.0,0.0,1.0,1.0,0.0,0.0,0.0,0.0,1.0,0.0,0.0,1.0,1.0,0.0,0.0,0.0,1.0,0.0,0.0,1.0,0.0,0.0,1.0,7.0,0.0,1.0,0.0,1.612958479355265,0.0,1.0,0.0,0.0,1.0,0.0,0.0,1.0,0.0
4110-PFEUZ,0,-1.2774445836787656,0.15914390209698223,-0.9766789453597151,1.0,0.0,1.0,0.0,1.0,0.0,0.0,1.0,1.0,0.0,0.0,0.0,1.0,0.0,1.0,0.0,0.0,1.0,0.0,0.0,1.0,0.0,0.0,1.0,0.0,0.0,1.0,0.0,0.0,1.0,0.0,0.0,1.0,0.0,0.0,1.0,0.0,0.0,0.0,0.0,1.0,0.0,1.0,2.0,1.0,0.0,0.0,0.7645568017886849,1.0,0.0,0.0,1.0,0.0,0.0,1.0,0.0,0.0
0732-OCQOC,0,0.7992939660427822,-1.3198554280508674,-0.44694515601377366,1.0,0.0,0.0,1.0,0.0,1.0,0.0,1.0,0.0,0.0,1.0,0.0,0.0,1.0,0.0,1.0,0.0,0.0,1.0,0.0,0.0,1.0,0.0,0.0,1.0,0.0,0.0,1.0,0.0,0.0,1.0,0.0,0.0,0.0,1.0,0.0,1.0,1.0,0.0,0.0,0.0,1.0,0.0,2.0,0.0,1.0,0.0,-0.5591749406373611,0.0,1.0,0.0,0.0,1.0,0.0,0.0,1.0,0.0
5168-MSWXT,0,-0.9924020376385531,0.9966895901807084,-0.6722595944405017,0.0,1.0,0.0,1.0,0.0,1.0,0.0,1.0,1.0,0.0,0.0,0.0,1.0,0.0,1.0,0.0,0.0,1.0,0.0,0.0,0.0,0.0,1.0,1.0,0.0,0.0,0.0,0.0,1.0,0.0,0.0,1.0,1.0,0.0,0.0,0.0,1.0,0.0,0.0,1.0,0.0,1.0,0.0,5.0,1.0,0.0,0.0,0.6774065035579342,1.0,0.0,0.0,1.0,0.0,0.0,1.0,0.0,0.0
1090-ESELR,0,1.6137012404433893,1.3539759452164248,2.3507569164268185,0.0,1.0,0.0,1.0,0.0,1.0,0.0,1.0,1.0,0.0,0.0,0.0,1.0,0.0,0.0,0.0,1.0,0.0,0.0,1.0,1.0,0.0,0.0,0.0,0.0,1.0,0.0,0.0,1.0,0.0,0.0,1.0,0.0,0.0,1.0,1.0,0.0,1.0,0.0,0.0,0.0,1.0,0.0,7.0,0.0,1.0,0.0,1.4567485340600668,0.0,1.0,0.0,0.0,1.0,0.0,0.0,1.0,0.0
8592-PLTMQ,0,1.2879383306831464,-1.33148800705203,-0.2826028252639084,1.0,0.0,1.0,0.0,1.0,0.0,0.0,1.0,0.0,0.0,1.0,0.0,0.0,1.0,0.0,1.0,0.0,0.0,1.0,0.0,0.0,1.0,0.0,0.0,1.0,0.0,0.0,1.0,0.0,0.0,1.0,0.0,0.0,1.0,0.0,1.0,0.0,0.0,0.0,0.0,1.0,1.0,0.0,2.0,0.0,1.0,0.0,-0.2194226373509752,0.0,1.0,0.0,0.0,1.0,0.0,0.0,1.0,0.0
5760-WRAHC,1,-0.4223169455581282,0.1657910900976468,-0.32555242499142345,1.0,0.0,1.0,0.0,1.0,0.0,0.0,1.0,1.0,0.0,0.0,1.0,0.0,0.0,0.0,0.0,1.0,1.0,0.0,0.0,0.0,0.0,1.0,0.0,0.0,1.0,1.0,0.0,0.0,0.0,0.0,1.0,1.0,0.0,0.0,0.0,1.0,0.0,0.0,0.0,1.0,1.0,0.0,6.0,0.0,0.0,1.0,0.7708722759423681,0.0,0.0,1.0,0.0,0.0,1.0,0.0,0.0,1.0
8847-GEOOQ,0,1.125056875803025,-0.15161213693408263,0.5731464414179068,0.0,1.0,0.0,1.0,1.0,0.0,1.0,0.0,0.0,1.0,0.0,1.0,0.0,0.0,1.0,0.0,0.0,0.0,0.0,1.0,0.0,0.0,1.0,0.0,0.0,1.0,0.0,0.0,1.0,0.0,0.0,1.0,1.0,0.0,0.0,0.0,1.0,1.0,0.0,0.0,0.0,1.0,0.0,6.0,0.0,1.0,0.0,0.5094377482105654,0.0,1.0,0.0,0.0,1.0,0.0,0.0,1.0,0.0
0256-LTHVJ,0,-0.1779947632379461,0.5413572121351905,-0.02479493003254261,1.0,0.0,0.0,1.0,0.0,1.0,0.0,1.0,1.0,0.0,0.0,0.0,1.0,0.0,1.0,0.0,0.0,1.0,0.0,0.0,1.0,0.0,0.0,1.0,0.0,0.0,1.0,0.0,0.0,0.0,0.0,1.0,1.0,0.0,0.0,0.0,1.0,0.0,0.0,1.0,0.0,0.0,1.0,3.0,0.0,0.0,1.0,0.1393014579838867,0.0,0.0,1.0,0.0,0.0,1.0,0.0,0.0,1.0
4785-FCIFB,0,1.1657772395230555,-1.341458789053027,-0.38180382679171293,1.0,0.0,0.0,1.0,1.0,0.0,0.0,1.0,0.0,0.0,1.0,0.0,0.0,1.0,0.0,1.0,0.0,0.0,1.0,0.0,0.0,1.0,0.0,0.0,1.0,0.0,0.0,1.0,0.0,0.0,1.0,0.0,0.0,0.0,1.0,1.0,0.0,0.0,0.0,0.0,1.0,1.0,0.0,2.0,0.0,1.0,0.0,-0.3275101055737862,0.0,1.0,0.0,0.0,1.0,0.0,0.0,1.0,0.0
8313-NDOIA,0,-0.3408762181180675,1.3091074262119398,0.09324477625504526,1.0,0.0,1.0,0.0,1.0,0.0,0.0,1.0,0.0,0.0,1.0,0.0,1.0,0.0,1.0,0.0,0.0,0.0,0.0,1.0,0.0,0.0,1.0,1.0,0.0,0.0,0.0,0.0,1.0,0.0,0.0,1.0,1.0,0.0,0.0,0.0,1.0,0.0,0.0,1.0,0.0,1.0,0.0,7.0,0.0,0.0,1.0,-0.27354438737274583,0.0,0.0,1.0,0.0,0.0,1.0,0.0,0.0,1.0
5149-CUZUJ,0,-0.1779947632379461,0.9352031011745621,0.21399778545299988,0.0,1.0,0.0,1.0,0.0,1.0,0.0,1.0,1.0,0.0,0.0,0.0,1.0,0.0,1.0,0.0,0.0,0.0,0.0,1.0,0.0,0.0,1.0,0.0,0.0,1.0,0.0,0.0,1.0,1.0,0.0,0.0,0.0,1.0,0.0,1.0,0.0,1.0,0.0,0.0,0.0,1.0,0.0,6.0,0.0,0.0,1.0,-1.2022701205367732,0.0,0.0,1.0,0.0,0.0,1.0,0.0,0.0,1.0
0942-KOWSM,0,-0.0965540357978854,0.53304822713436,0.037941927504721515,1.0,0.0,0.0,1.0,0.0,1.0,0.0,1.0,1.0,0.0,0.0,1.0,0.0,0.0,1.0,0.0,0.0,0.0,0.0,1.0,0.0,0.0,1.0,0.0,0.0,1.0,0.0,0.0,1.0,0.0,0.0,1.0,0.0,0.0,1.0,1.0,0.0,1.0,0.0,0.0,0.0,1.0,0.0,7.0,0.0,0.0,1.0,-0.3929605551045487,0.0,0.0,1.0,0.0,0.0,1.0,0.0,0.0,1.0
4237-CLSMM,0,-1.2367242199587352,-1.4876969250676457,-0.9905984098836299,0.0,1.0,0.0,1.0,1.0,0.0,0.0,1.0,1.0,0.0,0.0,0.0,0.0,1.0,0.0,1.0,0.0,0.0,1.0,0.0,0.0,1.0,0.0,0.0,1.0,0.0,0.0,1.0,0.0,0.0,1.0,0.0,1.0,0.0,0.0,1.0,0.0,0.0,0.0,0.0,1.0,1.0,0.0,1.0,1.0,0.0,0.0,0.8009856958382221,1.0,0.0,0.0,1.0,0.0,0.0,1.0,0.0,0.0
1452-VOQCH,0,-1.2774445836787656,0.3436033691154218,-0.9742303549284085,0.0,1.0,1.0,0.0,1.0,0.0,0.0,1.0,0.0,0.0,1.0,0.0,1.0,0.0,1.0,0.0,0.0,1.0,0.0,0.0,1.0,0.0,0.0,1.0,0.0,0.0,1.0,0.0,0.0,1.0,0.0,0.0,1.0,0.0,0.0,0.0,1.0,0.0,0.0,1.0,0.0,1.0,0.0,3.0,1.0,0.0,0.0,0.7626400138022698,1.0,0.0,0.0,1.0,0.0,0.0,1.0,0.0,0.0
4719-UMSIY,0,-1.0738427650786138,-1.4993295040688086,-0.9628477183288204,0.0,1.0,1.0,0.0,0.0,1.0,0.0,1.0,1.0,0.0,0.0,0.0,0.0,1.0,0.0,1.0,0.0,0.0,1.0,0.0,0.0,1.0,0.0,0.0,1.0,0.0,0.0,1.0,0.0,0.0,1.0,0.0,1.0,0.0,0.0,1.0,0.0,0.0,0.0,0.0,1.0,1.0,0.0,1.0,1.0,0.0,0.0,0.8966375242639293,1.0,0.0,0.0,1.0,0.0,0.0,1.0,0.0,0.0
6614-VBEGU,0,-0.3408762181180675,0.15582030809665018,-0.2952649055122873,1.0,0.0,0.0,1.0,1.0,0.0,0.0,1.0,1.0,0.0,0.0,1.0,0.0,0.0,1.0,0.0,0.0,0.0,0.0,1.0,1.0,0.0,0.0,1.0,0.0,0.0,0.0,0.0,1.0,0.0,0.0,1.0,1.0,0.0,0.0,0.0,1.0,1.0,0.0,0.0,0.0,1.0,0.0,5.0,0.0,0.0,1.0,0.8661939138564895,0.0,0.0,1.0,0.0,0.0,1.0,0.0,0.0,1.0
0880-TKATG,0,-1.1552834925186746,1.2093996062019723,-0.8371092907752322,0.0,1.0,0.0,1.0,0.0,1.0,0.0,1.0,0.0,0.0,1.0,0.0,1.0,0.0,1.0,0.0,0.0,1.0,0.0,0.0,0.0,0.0,1.0,1.0,0.0,0.0,0.0,0.0,1.0,0.0,0.0,1.0,1.0,0.0,0.0,1.0,0.0,0.0,0.0,1.0,0.0,0.0,1.0,6.0,1.0,0.0,0.0,0.7245920989922746,1.0,0.0,0.0,1.0,0.0,0.0,1.0,0.0,0.0
3811-VBYBZ,0,-1.0331224013585834,1.1645310871974868,-0.7103340726786583,0.0,1.0,1.0,0.0,1.0,0.0,0.0,1.0,0.0,0.0,1.0,0.0,1.0,0.0,1.0,0.0,0.0,0.0,0.0,1.0,1.0,0.0,0.0,1.0,0.0,0.0,0.0,0.0,1.0,0.0,0.0,1.0,1.0,0.0,0.0,0.0,1.0,0.0,0.0,1.0,0.0,0.0,1.0,6.0,1.0,0.0,0.0,0.6875604204734601,1.0,0.0,0.0,1.0,0.0,0.0,1.0,0.0,0.0
1480-BKXGA,1,1.6137012404433893,1.7046151122514768,2.7007729918641488,0.0,1.0,0.0,1.0,1.0,0.0,0.0,1.0,0.0,0.0,1.0,0.0,1.0,0.0,0.0,0.0,1.0,0.0,0.0,1.0,0.0,0.0,1.0,0.0,0.0,1.0,0.0,0.0,1.0,0.0,0.0,1.0,0.0,0.0,1.0,0.0,1.0,1.0,0.0,0.0,0.0,1.0,0.0,9.0,0.0,1.0,0.0,1.6736511841077037,0.0,1.0,0.0,0.0,1.0,0.0,0.0,1.0,0.0
2996-XAUVF,0,1.5322605130033284,-0.8213163280010305,0.22785107185714962,0.0,1.0,1.0,0.0,1.0,0.0,1.0,0.0,0.0,1.0,0.0,1.0,0.0,0.0,1.0,0.0,0.0,1.0,0.0,0.0,1.0,0.0,0.0,0.0,0.0,1.0,1.0,0.0,0.0,0.0,0.0,1.0,0.0,0.0,1.0,0.0,1.0,0.0,0.0,0.0,1.0,1.0,0.0,3.0,0.0,1.0,0.0,0.14870256717021765,0.0,1.0,0.0,0.0,1.0,0.0,0.0,1.0,0.0
9076-AXYIK,1,1.2879383306831464,1.2409737492051283,1.8773186476276764,0.0,1.0,0.0,1.0,1.0,0.0,0.0,1.0,0.0,0.0,1.0,0.0,1.0,0.0,1.0,0.0,0.0,1.0,0.0,0.0,0.0,0.0,1.0,0.0,0.0,1.0,0.0,0.0,1.0,0.0,0.0,1.0,0.0,0.0,1.0,1.0,0.0,0.0,0.0,1.0,0.0,1.0,0.0,7.0,0.0,1.0,0.0,1.4576153243547862,0.0,1.0,0.0,0.0,1.0,0.0,0.0,1.0,0.0
5968-XQIVE,0,1.6137012404433893,0.82884809316393,1.899598614615242,0.0,1.0,0.0,1.0,0.0,1.0,0.0,1.0,0.0,0.0,1.0,0.0,1.0,0.0,1.0,0.0,0.0,0.0,0.0,1.0,1.0,0.0,0.0,1.0,0.0,0.0,0.0,0.0,1.0,1.0,0.0,0.0,0.0,1.0,0.0,0.0,1.0,0.0,0.0,1.0,0.0,1.0,0.0,5.0,0.0,1.0,0.0,1.1771687143856306,0.0,1.0,0.0,0.0,1.0,0.0,0.0,1.0,0.0
8896-RAZCR,0,0.47353105628253944,-1.491020519067978,-0.6243686951038632,1.0,0.0,1.0,0.0,0.0,1.0,0.0,1.0,1.0,0.0,0.0,0.0,0.0,1.0,0.0,1.0,0.0,0.0,1.0,0.0,0.0,1.0,0.0,0.0,1.0,0.0,0.0,1.0,0.0,0.0,1.0,0.0,0.0,0.0,1.0,1.0,0.0,0.0,0.0,0.0,1.0,1.0,0.0,1.0,0.0,0.0,1.0,-1.3185380067898318,0.0,0.0,1.0,0.0,0.0,1.0,0.0,0.0,1.0
4640-UHDOS,0,-0.7888002190384014,-0.2928648819482031,-0.6833775185610295,1.0,0.0,0.0,1.0,0.0,1.0,0.0,1.0,1.0,0.0,0.0,1.0,0.0,0.0,1.0,0.0,0.0,1.0,0.0,0.0,1.0,0.0,0.0,1.0,0.0,0.0,1.0,0.0,0.0,0.0,0.0,1.0,1.0,0.0,0.0,1.0,0.0,0.0,0.0,1.0,0.0,0.0,1.0,3.0,1.0,0.0,0.0,0.866350568961696,1.0,0.0,0.0,1.0,0.0,0.0,1.0,0.0,0.0
4933-IKULF,1,-0.62591876415828,-1.4660935640654862,-0.8615069575952794,1.0,0.0,1.0,0.0,1.0,0.0,0.0,1.0,1.0,0.0,0.0,0.0,0.0,1.0,0.0,1.0,0.0,0.0,1.0,0.0,0.0,1.0,0.0,0.0,1.0,0.0,0.0,1.0,0.0,0.0,1.0,0.0,0.0,1.0,0.0,1.0,0.0,0.0,0.0,0.0,1.0,1.0,0.0,1.0,1.0,0.0,0.0,1.3763878108907832,1.0,0.0,0.0,1.0,0.0,0.0,1.0,0.0,0.0
3583-EKAPL,0,-1.2774445836787656,-0.3244390249513595,-0.9830982229769247,0.0,1.0,1.0,0.0,1.0,0.0,0.0,1.0,1.0,0.0,0.0,1.0,0.0,0.0,1.0,0.0,0.0,1.0,0.0,0.0,1.0,0.0,0.0,1.0,0.0,0.0,1.0,0.0,0.0,0.0,0.0,1.0,1.0,0.0,0.0,0.0,1.0,0.0,0.0,1.0,0.0,0.0,1.0,3.0,1.0,0.0,0.0,0.7695818946179359,1.0,0.0,0.0,1.0,0.0,0.0,1.0,0.0,0.0
1304-BCCFO,0,-0.9516816739185228,0.17576187209864347,-0.758357328254827,0.0,1.0,0.0,1.0,1.0,0.0,0.0,1.0,1.0,0.0,0.0,1.0,0.0,0.0,1.0,0.0,0.0,1.0,0.0,0.0,0.0,0.0,1.0,1.0,0.0,0.0,0.0,0.0,1.0,0.0,0.0,1.0,1.0,0.0,0.0,0.0,1.0,0.0,0.0,0.0,1.0,1.0,0.0,5.0,1.0,0.0,0.0,0.7968602832629023,1.0,0.0,0.0,1.0,0.0,0.0,1.0,0.0,0.0
4104-PVRPS,0,-0.3408762181180675,-0.3709693409560109,-0.4270476013377497,0.0,1.0,0.0,1.0,1.0,0.0,0.0,1.0,1.0,0.0,0.0,1.0,0.0,0.0,0.0,0.0,1.0,1.0,0.0,0.0,1.0,0.0,0.0,0.0,0.0,1.0,1.0,0.0,0.0,1.0,0.0,0.0,1.0,0.0,0.0,1.0,0.0,0.0,0.0,0.0,1.0,1.0,0.0,4.0,0.0,0.0,1.0,1.2527937668853022,0.0,0.0,1.0,0.0,0.0,1.0,0.0,0.0,1.0
9399-APLBT,0,-1.2774445836787656,0.3303089931140931,-0.9744068299144487,1.0,0.0,0.0,1.0,0.0,1.0,0.0,1.0,1.0,0.0,0.0,0.0,1.0,0.0,1.0,0.0,0.0,0.0,0.0,1.0,1.0,0.0,0.0,1.0,0.0,0.0,1.0,0.0,0.0,1.0,0.0,0.0,1.0,0.0,0.0,0.0,1.0,0.0,0.0,1.0,0.0,0.0,1.0,3.0,1.0,0.0,0.0,0.7627781606841736,1.0,0.0,0.0,1.0,0.0,0.0,1.0,0.0,0.0
2359-KMGLI,0,-0.3408762181180675,0.5147684601325326,-0.1860930672732157,0.0,1.0,1.0,0.0,1.0,0.0,0.0,1.0,0.0,0.0,1.0,0.0,1.0,0.0,1.0,0.0,0.0,0.0,0.0,1.0,1.0,0.0,0.0,1.0,0.0,0.0,1.0,0.0,0.0,1.0,0.0,0.0,1.0,0.0,0.0,0.0,1.0,0.0,0.0,1.0,0.0,0.0,1.0,4.0,0.0,0.0,1.0,0.5459256392264937,0.0,0.0,1.0,0.0,0.0,1.0,0.0,0.0,1.0
3780-DDGSE,1,0.10704778280226633,0.37517751211857825,0.20466667056612828,0.0,1.0,0.0,1.0,0.0,1.0,0.0,1.0,1.0,0.0,0.0,1.0,0.0,0.0,1.0,0.0,0.0,0.0,0.0,1.0,1.0,0.0,0.0,0.0,0.0,1.0,0.0,0.0,1.0,0.0,0.0,1.0,1.0,0.0,0.0,0.0,1.0,0.0,0.0,1.0,0.0,1.0,0.0,6.0,0.0,0.0,1.0,1.9119188198804546,0.0,0.0,1.0,0.0,0.0,1.0,0.0,0.0,1.0
4431-EDMIQ,0,-1.0331224013585834,0.36354493311741554,-0.7629236185186152,1.0,0.0,0.0,1.0,0.0,1.0,0.0,1.0,1.0,0.0,0.0,1.0,0.0,0.0,0.0,0.0,1.0,0.0,0.0,1.0,0.0,0.0,1.0,0.0,0.0,1.0,0.0,0.0,1.0,1.0,0.0,0.0,1.0,0.0,0.0,0.0,1.0,0.0,0.0,1.0,0.0,1.0,0.0,7.0,1.0,0.0,0.0,0.7384639201660427,1.0,0.0,0.0,1.0,0.0,0.0,1.0,0.0,0.0
0306-JAELE,0,-1.1145631287986442,1.0415581091851935,-0.8073291368809614,0.0,1.0,1.0,0.0,1.0,0.0,0.0,1.0,1.0,0.0,0.0,0.0,1.0,0.0,1.0,0.0,0.0,1.0,0.0,0.0,1.0,0.0,0.0,0.0,0.0,1.0,0.0,0.0,1.0,0.0,0.0,1.0,1.0,0.0,0.0,0.0,1.0,0.0,0.0,1.0,0.0,0.0,1.0,5.0,1.0,0.0,0.0,0.7243458140869584,1.0,0.0,0.0,1.0,0.0,0.0,1.0,0.0,0.0
6227-HWPWX,0,-0.7073594915983407,0.14086413509515497,-0.5684702432756539,1.0,0.0,1.0,0.0,0.0,1.0,0.0,1.0,1.0,0.0,0.0,0.0,1.0,0.0,1.0,0.0,0.0,1.0,0.0,0.0,1.0,0.0,0.0,1.0,0.0,0.0,1.0,0.0,0.0,1.0,0.0,0.0,1.0,0.0,0.0,1.0,0.0,1.0,0.0,0.0,0.0,0.0,1.0,2.0,1.0,0.0,0.0,0.8036511137938442,1.0,0.0,0.0,1.0,0.0,0.0,1.0,0.0,0.0
0486-LGCCH,0,-0.8702409464784621,-1.4993295040688086,-0.9077654633110468,0.0,1.0,0.0,1.0,0.0,1.0,0.0,1.0,1.0,0.0,0.0,0.0,0.0,1.0,0.0,1.0,0.0,0.0,1.0,0.0,0.0,1.0,0.0,0.0,1.0,0.0,0.0,1.0,0.0,0.0,1.0,0.0,0.0,0.0,1.0,1.0,0.0,0.0,0.0,0.0,1.0,1.0,0.0,1.0,1.0,0.0,0.0,1.043119686547079,1.0,0.0,0.0,1.0,0.0,0.0,1.0,0.0,0.0
0447-BEMNG,0,0.6364125111626608,-0.6468276429835875,-0.06101642091727797,1.0,0.0,0.0,1.0,1.0,0.0,1.0,0.0,0.0,1.0,0.0,1.0,0.0,0.0,0.0,0.0,1.0,1.0,0.0,0.0,0.0,0.0,1.0,1.0,0.0,0.0,1.0,0.0,0.0,0.0,0.0,1.0,1.0,0.0,0.0,0.0,1.0,1.0,0.0,0.0,0.0,0.0,1.0,4.0,0.0,1.0,0.0,-0.09587558359876865,0.0,1.0,0.0,0.0,1.0,0.0,0.0,1.0,0.0
4612-SSVHJ,1,-0.5037576729981889,0.5546515881365197,-0.2698745668957645,1.0,0.0,1.0,0.0,1.0,0.0,0.0,1.0,1.0,0.0,0.0,0.0,1.0,0.0,1.0,0.0,0.0,1.0,0.0,0.0,1.0,0.0,0.0,1.0,0.0,0.0,1.0,0.0,0.0,0.0,0.0,1.0,1.0,0.0,0.0,0.0,1.0,0.0,0.0,1.0,0.0,1.0,0.0,3.0,1.0,0.0,0.0,0.5357229901622457,1.0,0.0,0.0,1.0,0.0,0.0,1.0,0.0,0.0
5168-MQQCA,0,1.6137012404433893,1.4536837652263923,2.523812699612415,1.0,0.0,0.0,1.0,1.0,0.0,0.0,1.0,0.0,0.0,1.0,0.0,1.0,0.0,1.0,0.0,0.0,0.0,0.0,1.0,0.0,0.0,1.0,0.0,0.0,1.0,0.0,0.0,1.0,0.0,0.0,1.0,0.0,1.0,0.0,0.0,1.0,1.0,0.0,0.0,0.0,1.0,0.0,8.0,0.0,1.0,0.0,1.563990059844633,0.0,1.0,0.0,0.0,1.0,0.0,0.0,1.0,0.0
5949-XIKAE,0,-0.9924020376385531,0.6244470621434968,-0.7073339979159763,1.0,0.0,0.0,1.0,0.0,1.0,0.0,1.0,1.0,0.0,0.0,0.0,1.0,0.0,1.0,0.0,0.0,0.0,0.0,1.0,1.0,0.0,0.0,1.0,0.0,0.0,0.0,0.0,1.0,1.0,0.0,0.0,1.0,0.0,0.0,0.0,1.0,0.0,0.0,1.0,0.0,0.0,1.0,4.0,1.0,0.0,0.0,0.7127494413444537,1.0,0.0,0.0,1.0,0.0,0.0,1.0,0.0,0.0
7971-HLVXI,0,1.6137012404433893,0.6560212051466532,1.6974906368527904,0.0,1.0,0.0,1.0,0.0,1.0,0.0,1.0,0.0,0.0,1.0,0.0,1.0,0.0,1.0,0.0,0.0,1.0,0.0,0.0,1.0,0.0,0.0,1.0,0.0,0.0,1.0,0.0,0.0,0.0,0.0,1.0,0.0,0.0,1.0,0.0,1.0,0.0,1.0,0.0,0.0,1.0,0.0,4.0,0.0,1.0,0.0,1.0519237355152424,0.0,1.0,0.0,0.0,1.0,0.0,0.0,1.0,0.0
9094-AZPHK,0,-0.7073594915983407,1.1761636661986499,-0.38308327044050383,1.0,0.0,1.0,0.0,1.0,0.0,0.0,1.0,0.0,0.0,1.0,0.0,1.0,0.0,1.0,0.0,0.0,0.0,0.0,1.0,1.0,0.0,0.0,1.0,0.0,0.0,0.0,0.0,1.0,0.0,0.0,1.0,1.0,0.0,0.0,0.0,1.0,0.0,0.0,1.0,0.0,1.0,0.0,6.0,1.0,0.0,0.0,0.5415680074849829,1.0,0.0,0.0,1.0,0.0,0.0,1.0,0.0,0.0
3649-JPUGY,0,1.6137012404433893,0.7922885591602751,1.7288590656214222,0.0,1.0,1.0,0.0,1.0,0.0,0.0,1.0,0.0,0.0,1.0,1.0,0.0,0.0,1.0,0.0,0.0,0.0,0.0,1.0,0.0,0.0,1.0,0.0,0.0,1.0,0.0,0.0,1.0,0.0,0.0,1.0,0.0,0.0,1.0,0.0,1.0,1.0,0.0,0.0,0.0,1.0,0.0,8.0,0.0,1.0,0.0,1.0713625436306857,0.0,1.0,0.0,0.0,1.0,0.0,0.0,1.0,0.0
4472-LVYGI,0,-1.318164947398796,-0.40586707795949967,,1.0,0.0,0.0,1.0,0.0,1.0,1.0,0.0,0.0,1.0,0.0,1.0,0.0,0.0,0.0,0.0,1.0,1.0,0.0,0.0,0.0,0.0,1.0,0.0,0.0,1.0,0.0,0.0,1.0,1.0,0.0,0.0,0.0,0.0,1.0,0.0,1.0,1.0,0.0,0.0,0.0,1.0,0.0,5.0,1.0,0.0,0.0,,1.0,0.0,0.0,1.0,0.0,0.0,1.0,0.0,0.0
8372-JUXUI,0,-1.2774445836787656,0.31867641411292996,-0.9745612455272338,0.0,1.0,1.0,0.0,0.0,1.0,0.0,1.0,0.0,0.0,1.0,0.0,1.0,0.0,1.0,0.0,0.0,1.0,0.0,0.0,1.0,0.0,0.0,1.0,0.0,0.0,1.0,0.0,0.0,1.0,0.0,0.0,1.0,0.0,0.0,0.0,1.0,0.0,0.0,1.0,0.0,0.0,1.0,3.0,1.0,0.0,0.0,0.7628990392058395,1.0,0.0,0.0,1.0,0.0,0.0,1.0,0.0,0.0
3552-CTCYF,0,1.247217966963116,1.330710787214099,1.9032604705755747,0.0,1.0,0.0,1.0,0.0,1.0,0.0,1.0,0.0,0.0,1.0,0.0,1.0,0.0,1.0,0.0,0.0,0.0,0.0,1.0,0.0,0.0,1.0,1.0,0.0,0.0,0.0,0.0,1.0,0.0,0.0,1.0,0.0,0.0,1.0,0.0,1.0,1.0,0.0,0.0,0.0,1.0,0.0,7.0,0.0,1.0,0.0,1.5260046928363884,0.0,1.0,0.0,0.0,1.0,0.0,0.0,1.0,0.0
6778-YSNIH,0,-1.2367242199587352,-0.19149526493806968,-0.9570019844162413,1.0,0.0,1.0,0.0,1.0,0.0,0.0,1.0,1.0,0.0,0.0,1.0,0.0,0.0,1.0,0.0,0.0,0.0,0.0,1.0,1.0,0.0,0.0,1.0,0.0,0.0,0.0,0.0,1.0,1.0,0.0,0.0,1.0,0.0,0.0,0.0,1.0,0.0,0.0,1.0,0.0,1.0,0.0,4.0,1.0,0.0,0.0,0.7738200392389605,1.0,0.0,0.0,1.0,0.0,0.0,1.0,0.0,0.0
0388-EOPEX,0,-1.2367242199587352,0.32033821111309646,-0.9458620009224585,1.0,0.0,0.0,1.0,1.0,0.0,0.0,1.0,1.0,0.0,0.0,0.0,1.0,0.0,0.0,0.0,1.0,1.0,0.0,0.0,1.0,0.0,0.0,1.0,0.0,0.0,1.0,0.0,0.0,1.0,0.0,0.0,1.0,0.0,0.0,0.0,1.0,0.0,0.0,1.0,0.0,0.0,1.0,3.0,1.0,0.0,0.0,0.7648123855405843,1.0,0.0,0.0,1.0,0.0,0.0,1.0,0.0,0.0
5756-OZRIO,1,1.1657772395230555,-0.023653767921291324,0.7144146677430259,0.0,1.0,0.0,1.0,1.0,0.0,0.0,1.0,0.0,0.0,1.0,1.0,0.0,0.0,1.0,0.0,0.0,0.0,0.0,1.0,1.0,0.0,0.0,1.0,0.0,0.0,1.0,0.0,0.0,0.0,0.0,1.0,0.0,1.0,0.0,1.0,0.0,1.0,0.0,0.0,0.0,1.0,0.0,5.0,0.0,1.0,0.0,0.6128226247025618,0.0,1.0,0.0,0.0,1.0,0.0,0.0,1.0,0.0
6579-JPICP,0,-1.2774445836787656,-1.4744025490663168,-0.9983633092693953,0.0,1.0,1.0,0.0,1.0,0.0,0.0,1.0,1.0,0.0,0.0,0.0,0.0,1.0,0.0,1.0,0.0,0.0,1.0,0.0,0.0,1.0,0.0,0.0,1.0,0.0,0.0,1.0,0.0,0.0,1.0,0.0,1.0,0.0,0.0,1.0,0.0,0.0,0.0,0.0,1.0,1.0,0.0,1.0,1.0,0.0,0.0,0.7815315999026148,1.0,0.0,0.0,1.0,0.0,0.0,1.0,0.0,0.0
8205-OTCHB,0,-0.4223169455581282,-0.6983433499887373,-0.6087065400928021,0.0,1.0,1.0,0.0,1.0,0.0,1.0,0.0,0.0,1.0,0.0,1.0,0.0,0.0,1.0,0.0,0.0,0.0,0.0,1.0,0.0,0.0,1.0,1.0,0.0,0.0,1.0,0.0,0.0,0.0,0.0,1.0,0.0,1.0,0.0,0.0,1.0,1.0,0.0,0.0,0.0,0.0,1.0,4.0,0.0,0.0,1.0,1.4413500251294535,0.0,0.0,1.0,0.0,0.0,1.0,0.0,0.0,1.0
4134-BSXLX,0,-0.1779947632379461,-0.12834697893175703,-0.21955713650107414,0.0,1.0,0.0,1.0,1.0,0.0,0.0,1.0,1.0,0.0,0.0,1.0,0.0,0.0,0.0,0.0,1.0,0.0,0.0,1.0,1.0,0.0,0.0,0.0,0.0,1.0,1.0,0.0,0.0,1.0,0.0,0.0,1.0,0.0,0.0,1.0,0.0,0.0,0.0,0.0,1.0,1.0,0.0,5.0,0.0,0.0,1.0,1.2335033486775497,0.0,0.0,1.0,0.0,0.0,1.0,0.0,0.0,1.0
0505-SPOOW,0,1.5322605130033284,-1.4943441130683104,-0.3907378729599942,1.0,0.0,0.0,1.0,1.0,0.0,0.0,1.0,1.0,0.0,0.0,0.0,0.0,1.0,0.0,1.0,0.0,0.0,1.0,0.0,0.0,1.0,0.0,0.0,1.0,0.0,0.0,1.0,0.0,0.0,1.0,0.0,0.0,0.0,1.0,1.0,0.0,1.0,0.0,0.0,0.0,1.0,0.0,1.0,0.0,1.0,0.0,-0.2550074674926674,0.0,1.0,0.0,0.0,1.0,0.0,0.0,1.0,0.0
6235-VDHOM,1,-1.1145631287986442,-1.2068532320395708,-0.9495459162560461,1.0,0.0,1.0,0.0,1.0,0.0,1.0,0.0,0.0,1.0,0.0,1.0,0.0,0.0,1.0,0.0,0.0,0.0,0.0,1.0,1.0,0.0,0.0,1.0,0.0,0.0,1.0,0.0,0.0,1.0,0.0,0.0,1.0,0.0,0.0,1.0,0.0,0.0,0.0,1.0,0.0,0.0,1.0,2.0,1.0,0.0,0.0,0.8519444899272189,1.0,0.0,0.0,1.0,0.0,0.0,1.0,0.0,0.0
7783-YKGDV,0,-0.8295205827584317,1.1612074931971548,-0.46097491740396346,1.0,0.0,1.0,0.0,1.0,0.0,0.0,1.0,0.0,0.0,1.0,0.0,1.0,0.0,0.0,0.0,1.0,0.0,0.0,1.0,0.0,0.0,1.0,1.0,0.0,0.0,1.0,0.0,0.0,0.0,0.0,1.0,1.0,0.0,0.0,0.0,1.0,1.0,0.0,0.0,0.0,0.0,1.0,7.0,1.0,0.0,0.0,0.5557124524518351,1.0,0.0,0.0,1.0,0.0,0.0,1.0,0.0,0.0
4374-YMUSQ,0,0.06632741908223598,1.7112623002521414,0.7128484522419198,0.0,1.0,1.0,0.0,1.0,0.0,0.0,1.0,0.0,0.0,1.0,0.0,1.0,0.0,0.0,0.0,1.0,0.0,0.0,1.0,0.0,0.0,1.0,0.0,0.0,1.0,0.0,0.0,1.0,0.0,0.0,1.0,0.0,1.0,0.0,1.0,0.0,0.0,1.0,0.0,0.0,1.0,0.0,9.0,0.0,0.0,1.0,10.747417314068793,0.0,0.0,1.0,0.0,0.0,1.0,0.0,0.0,1.0
4513-CXYIX,1,1.5729808767233588,0.5297246331340278,1.4968165183519146,1.0,0.0,0.0,1.0,1.0,0.0,0.0,1.0,0.0,0.0,1.0,0.0,1.0,0.0,0.0,0.0,1.0,1.0,0.0,0.0,1.0,0.0,0.0,1.0,0.0,0.0,1.0,0.0,0.0,1.0,0.0,0.0,0.0,0.0,1.0,0.0,1.0,0.0,1.0,0.0,0.0,1.0,0.0,4.0,0.0,1.0,0.0,0.9515796030972097,0.0,1.0,0.0,0.0,1.0,0.0,0.0,1.0,0.0
3957-HHLMR,0,1.5322605130033284,0.014567563082529699,0.9970172985130289,1.0,0.0,0.0,1.0,0.0,1.0,0.0,1.0,0.0,0.0,1.0,1.0,0.0,0.0,0.0,0.0,1.0,1.0,0.0,0.0,1.0,0.0,0.0,1.0,0.0,0.0,1.0,0.0,0.0,0.0,0.0,1.0,0.0,1.0,0.0,1.0,0.0,1.0,0.0,0.0,0.0,1.0,0.0,5.0,0.0,1.0,0.0,0.650683933999455,0.0,1.0,0.0,0.0,1.0,0.0,0.0,1.0,0.0
7803-XOCCZ,0,0.7992939660427822,0.641065032145158,0.9015663904385772,1.0,0.0,0.0,1.0,0.0,1.0,0.0,1.0,1.0,0.0,0.0,0.0,1.0,0.0,0.0,0.0,1.0,1.0,0.0,0.0,0.0,0.0,1.0,0.0,0.0,1.0,1.0,0.0,0.0,1.0,0.0,0.0,1.0,0.0,0.0,0.0,1.0,1.0,0.0,0.0,0.0,1.0,0.0,5.0,0.0,1.0,0.0,1.1279534548498278,0.0,1.0,0.0,0.0,1.0,0.0,0.0,1.0,0.0
5736-YEJAX,0,1.4915401492832983,0.4881797081298748,1.420292552530266,0.0,1.0,1.0,0.0,0.0,1.0,0.0,1.0,0.0,0.0,1.0,1.0,0.0,0.0,0.0,0.0,1.0,0.0,0.0,1.0,0.0,0.0,1.0,0.0,0.0,1.0,0.0,0.0,1.0,1.0,0.0,0.0,0.0,0.0,1.0,0.0,1.0,0.0,1.0,0.0,0.0,1.0,0.0,8.0,0.0,1.0,0.0,0.9522321965069009,0.0,1.0,0.0,0.0,1.0,0.0,0.0,1.0,0.0
5609-CEBID,1,-0.5037576729981889,0.9750862291785486,-0.22099099576265013,1.0,0.0,1.0,0.0,1.0,0.0,0.0,1.0,0.0,0.0,1.0,0.0,1.0,0.0,1.0,0.0,0.0,0.0,0.0,1.0,0.0,0.0,1.0,1.0,0.0,0.0,1.0,0.0,0.0,0.0,0.0,1.0,1.0,0.0,0.0,0.0,1.0,0.0,0.0,1.0,0.0,0.0,1.0,6.0,1.0,0.0,0.0,0.43868512105709334,1.0,0.0,0.0,1.0,0.0,0.0,1.0,0.0,0.0
8981-FJGLA,0,-0.8702409464784621,0.43998759512505714,-0.6315600507849981,0.0,1.0,1.0,0.0,0.0,1.0,0.0,1.0,0.0,0.0,1.0,0.0,1.0,0.0,1.0,0.0,0.0,1.0,0.0,0.0,0.0,0.0,1.0,1.0,0.0,0.0,1.0,0.0,0.0,1.0,0.0,0.0,1.0,0.0,0.0,0.0,1.0,0.0,0.0,0.0,1.0,1.0,0.0,4.0,1.0,0.0,0.0,0.7257301019225586,1.0,0.0,0.0,1.0,0.0,0.0,1.0,0.0,0.0
7218-HKQFK,0,-1.2367242199587352,0.9784098231788811,-0.9334646331531399,0.0,1.0,0.0,1.0,1.0,0.0,0.0,1.0,1.0,0.0,0.0,0.0,1.0,0.0,1.0,0.0,0.0,1.0,0.0,0.0,1.0,0.0,0.0,0.0,0.0,1.0,0.0,0.0,1.0,0.0,0.0,1.0,1.0,0.0,0.0,0.0,1.0,0.0,0.0,1.0,0.0,0.0,1.0,5.0,1.0,0.0,0.0,0.7547880263752627,1.0,0.0,0.0,1.0,0.0,0.0,1.0,0.0,0.0
4636-QRJKY,0,-1.0738427650786138,0.5230774451333633,-0.7855124167317511,1.0,0.0,0.0,1.0,0.0,1.0,0.0,1.0,0.0,0.0,1.0,0.0,1.0,0.0,1.0,0.0,0.0,1.0,0.0,0.0,1.0,0.0,0.0,0.0,0.0,1.0,1.0,0.0,0.0,1.0,0.0,0.0,1.0,0.0,0.0,0.0,1.0,0.0,0.0,1.0,0.0,0.0,1.0,4.0,1.0,0.0,0.0,0.7314966792873493,1.0,0.0,0.0,1.0,0.0,0.0,1.0,0.0,0.0
1135-LMECX,0,-1.2774445836787656,-1.4926823160681442,-0.9986059623752006,1.0,0.0,1.0,0.0,1.0,0.0,0.0,1.0,1.0,0.0,0.0,0.0,0.0,1.0,0.0,1.0,0.0,0.0,1.0,0.0,0.0,1.0,0.0,0.0,1.0,0.0,0.0,1.0,0.0,0.0,1.0,0.0,1.0,0.0,0.0,1.0,0.0,0.0,0.0,0.0,1.0,1.0,0.0,1.0,1.0,0.0,0.0,0.7817215518652326,1.0,0.0,0.0,1.0,0.0,0.0,1.0,0.0,0.0
4332-MUOEZ,1,-0.5037576729981889,0.9817334171792131,-0.20515236576554907,0.0,1.0,0.0,1.0,0.0,1.0,0.0,1.0,1.0,0.0,0.0,0.0,1.0,0.0,0.0,0.0,1.0,1.0,0.0,0.0,0.0,0.0,1.0,0.0,0.0,1.0,1.0,0.0,0.0,0.0,0.0,1.0,0.0,1.0,0.0,1.0,0.0,0.0,1.0,0.0,0.0,1.0,0.0,6.0,1.0,0.0,0.0,0.4072441508325902,1.0,0.0,0.0,1.0,0.0,0.0,1.0,0.0,0.0
8535-SFUTN,0,1.1657772395230555,1.3855500882195813,1.7721836746942725,0.0,1.0,1.0,0.0,1.0,0.0,0.0,1.0,0.0,0.0,1.0,0.0,1.0,0.0,0.0,0.0,1.0,1.0,0.0,0.0,0.0,0.0,1.0,1.0,0.0,0.0,0.0,0.0,1.0,0.0,0.0,1.0,1.0,0.0,0.0,0.0,1.0,0.0,0.0,1.0,0.0,1.0,0.0,7.0,0.0,1.0,0.0,1.5201735070924107,0.0,1.0,0.0,0.0,1.0,0.0,0.0,1.0,0.0
5956-VKDTT,1,-1.1145631287986442,0.31867641411292996,-0.8596539702418581,1.0,0.0,0.0,1.0,1.0,0.0,0.0,1.0,0.0,0.0,1.0,0.0,1.0,0.0,1.0,0.0,0.0,1.0,0.0,0.0,1.0,0.0,0.0,1.0,0.0,0.0,1.0,0.0,0.0,1.0,0.0,0.0,1.0,0.0,0.0,0.0,1.0,0.0,0.0,1.0,0.0,0.0,1.0,3.0,1.0,0.0,0.0,0.77129230999096,1.0,0.0,0.0,1.0,0.0,0.0,1.0,0.0,0.0
8677-HDZEE,0,0.9621754209229036,1.3523141482162588,1.603120638067834,1.0,0.0,1.0,0.0,1.0,0.0,0.0,1.0,0.0,0.0,1.0,0.0,1.0,0.0,1.0,0.0,0.0,0.0,0.0,1.0,1.0,0.0,0.0,0.0,0.0,1.0,0.0,0.0,1.0,0.0,0.0,1.0,1.0,0.0,0.0,0.0,1.0,1.0,0.0,0.0,0.0,1.0,0.0,7.0,0.0,1.0,0.0,1.6661417483832062,0.0,1.0,0.0,0.0,1.0,0.0,0.0,1.0,0.0
2475-MROZF,0,-0.0965540357978854,1.0049985751815391,0.25107959189468093,0.0,1.0,1.0,0.0,1.0,0.0,0.0,1.0,0.0,0.0,1.0,0.0,1.0,0.0,0.0,0.0,1.0,0.0,0.0,1.0,0.0,0.0,1.0,0.0,0.0,1.0,1.0,0.0,0.0,1.0,0.0,0.0,1.0,0.0,0.0,0.0,1.0,0.0,1.0,0.0,0.0,1.0,0.0,7.0,0.0,0.0,1.0,-2.6004049423709303,0.0,0.0,1.0,0.0,0.0,1.0,0.0,0.0,1.0
9412-GHEEC,0,0.3106496014024181,1.330710787214099,0.8156010128637817,0.0,1.0,1.0,0.0,1.0,0.0,0.0,1.0,0.0,0.0,1.0,0.0,1.0,0.0,1.0,0.0,0.0,1.0,0.0,0.0,0.0,0.0,1.0,0.0,0.0,1.0,0.0,0.0,1.0,0.0,0.0,1.0,1.0,0.0,0.0,1.0,0.0,1.0,0.0,0.0,0.0,0.0,1.0,7.0,0.0,0.0,1.0,2.6254693686448527,0.0,0.0,1.0,0.0,0.0,1.0,0.0,0.0,1.0
3482-ABPKK,0,-0.1779947632379461,-0.3477041829536853,-0.32515535627283326,1.0,0.0,1.0,0.0,1.0,0.0,0.0,1.0,1.0,0.0,0.0,1.0,0.0,0.0,0.0,0.0,1.0,1.0,0.0,0.0,1.0,0.0,0.0,0.0,0.0,1.0,1.0,0.0,0.0,1.0,0.0,0.0,0.0,1.0,0.0,1.0,0.0,0.0,0.0,0.0,1.0,1.0,0.0,4.0,0.0,0.0,1.0,1.8267692282506123,0.0,0.0,1.0,0.0,0.0,1.0,0.0,0.0,1.0
6705-LXORM,1,-1.1145631287986442,0.17576187209864347,-0.873860206618088,1.0,0.0,0.0,1.0,1.0,0.0,0.0,1.0,1.0,0.0,0.0,0.0,1.0,0.0,1.0,0.0,0.0,1.0,0.0,0.0,1.0,0.0,0.0,1.0,0.0,0.0,1.0,0.0,0.0,1.0,0.0,0.0,1.0,0.0,0.0,1.0,0.0,0.0,0.0,1.0,0.0,1.0,0.0,2.0,1.0,0.0,0.0,0.7840383232127883,1.0,0.0,0.0,1.0,0.0,0.0,1.0,0.0,0.0
0257-ZESQC,1,-0.21871512695797646,0.3469269631157543,-0.15615849776615975,1.0,0.0,0.0,1.0,1.0,0.0,0.0,1.0,1.0,0.0,0.0,0.0,1.0,0.0,0.0,0.0,1.0,1.0,0.0,0.0,1.0,0.0,0.0,1.0,0.0,0.0,1.0,0.0,0.0,1.0,0.0,0.0,1.0,0.0,0.0,0.0,1.0,1.0,0.0,0.0,0.0,0.0,1.0,3.0,0.0,0.0,1.0,0.7139812409781962,0.0,0.0,1.0,0.0,0.0,1.0,0.0,0.0,1.0
7531-GQHME,0,-0.8295205827584317,-1.4860351280674797,-0.8902503209465645,0.0,1.0,1.0,0.0,1.0,0.0,0.0,1.0,1.0,0.0,0.0,0.0,0.0,1.0,0.0,1.0,0.0,0.0,1.0,0.0,0.0,1.0,0.0,0.0,1.0,0.0,0.0,1.0,0.0,0.0,1.0,0.0,1.0,0.0,0.0,1.0,0.0,0.0,1.0,0.0,0.0,1.0,0.0,1.0,1.0,0.0,0.0,1.0732106465474145,1.0,0.0,0.0,1.0,0.0,0.0,1.0,0.0,0.0
5174-ITUMV,0,1.4100994218432374,1.3506523512160928,2.076294194387916,0.0,1.0,0.0,1.0,0.0,1.0,0.0,1.0,0.0,0.0,1.0,0.0,1.0,0.0,1.0,0.0,0.0,0.0,0.0,1.0,0.0,0.0,1.0,1.0,0.0,0.0,0.0,0.0,1.0,0.0,0.0,1.0,0.0,1.0,0.0,0.0,1.0,0.0,0.0,1.0,0.0,1.0,0.0,7.0,0.0,1.0,0.0,1.4724452490547437,0.0,1.0,0.0,0.0,1.0,0.0,0.0,1.0,0.0
4109-CYRBD,1,-0.13727439951791576,-0.43744122096265586,-0.3711712088827955,0.0,1.0,0.0,1.0,1.0,0.0,0.0,1.0,0.0,0.0,1.0,1.0,0.0,0.0,1.0,0.0,0.0,1.0,0.0,0.0,1.0,0.0,0.0,1.0,0.0,0.0,1.0,0.0,0.0,1.0,0.0,0.0,1.0,0.0,0.0,0.0,1.0,0.0,0.0,1.0,0.0,1.0,0.0,3.0,0.0,0.0,1.0,2.7038632854070777,0.0,0.0,1.0,0.0,0.0,1.0,0.0,0.0,1.0
0913-XWSCN,0,0.9214550572028734,0.6892571451499756,1.0721294644463566,0.0,1.0,0.0,1.0,0.0,1.0,0.0,1.0,0.0,0.0,1.0,0.0,1.0,0.0,1.0,0.0,0.0,1.0,0.0,0.0,1.0,0.0,0.0,1.0,0.0,0.0,1.0,0.0,0.0,0.0,0.0,1.0,1.0,0.0,0.0,1.0,0.0,1.0,0.0,0.0,0.0,1.0,0.0,4.0,0.0,1.0,0.0,1.1635179123123633,0.0,1.0,0.0,0.0,1.0,0.0,0.0,1.0,0.0
6825-UYPFK,0,-0.38159658183809786,0.36022133911708304,-0.23149125743203758,1.0,0.0,1.0,0.0,1.0,0.0,0.0,1.0,0.0,0.0,1.0,0.0,1.0,0.0,1.0,0.0,0.0,1.0,0.0,0.0,1.0,0.0,0.0,1.0,0.0,0.0,1.0,0.0,0.0,1.0,0.0,0.0,1.0,0.0,0.0,1.0,0.0,1.0,0.0,0.0,0.0,0.0,1.0,3.0,0.0,0.0,1.0,0.6066387081272486,0.0,0.0,1.0,0.0,0.0,1.0,0.0,0.0,1.0
8397-MVTAZ,0,0.06632741908223598,1.1728400721983174,0.5279688449916351,0.0,1.0,0.0,1.0,1.0,0.0,0.0,1.0,0.0,0.0,1.0,0.0,1.0,0.0,1.0,0.0,0.0,1.0,0.0,0.0,0.0,0.0,1.0,1.0,0.0,0.0,0.0,0.0,1.0,0.0,0.0,1.0,1.0,0.0,0.0,0.0,1.0,0.0,0.0,1.0,0.0,0.0,1.0,6.0,0.0,0.0,1.0,7.9600390350939705,0.0,0.0,1.0,0.0,0.0,1.0,0.0,0.0,1.0
0750-EBAIU,0,0.7992939660427822,0.8803638001690798,1.0831150323273546,0.0,1.0,1.0,0.0,1.0,0.0,0.0,1.0,1.0,0.0,0.0,0.0,1.0,0.0,0.0,0.0,1.0,1.0,0.0,0.0,0.0,0.0,1.0,1.0,0.0,0.0,0.0,0.0,1.0,1.0,0.0,0.0,0.0,1.0,0.0,1.0,0.0,0.0,0.0,1.0,0.0,1.0,0.0,5.0,0.0,1.0,0.0,1.3550897146011744,0.0,1.0,0.0,0.0,1.0,0.0,0.0,1.0,0.0
8606-CIQUL,1,1.6137012404433893,1.6946443302504801,2.6982361639398222,0.0,1.0,0.0,1.0,0.0,1.0,0.0,1.0,0.0,0.0,1.0,0.0,1.0,0.0,0.0,0.0,1.0,0.0,0.0,1.0,0.0,0.0,1.0,0.0,0.0,1.0,0.0,0.0,1.0,0.0,0.0,1.0,0.0,0.0,1.0,0.0,1.0,0.0,1.0,0.0,0.0,1.0,0.0,9.0,0.0,1.0,0.0,1.672079128599071,0.0,1.0,0.0,0.0,1.0,0.0,0.0,1.0,0.0
3571-DPYUH,0,1.0436161483629645,0.9950277931805424,1.3884388175500237,0.0,1.0,0.0,1.0,0.0,1.0,0.0,1.0,0.0,0.0,1.0,0.0,1.0,0.0,1.0,0.0,0.0,0.0,0.0,1.0,1.0,0.0,0.0,0.0,0.0,1.0,0.0,0.0,1.0,1.0,0.0,0.0,0.0,1.0,0.0,0.0,1.0,0.0,1.0,0.0,0.0,1.0,0.0,6.0,0.0,1.0,0.0,1.3304113966882887,0.0,1.0,0.0,0.0,1.0,0.0,0.0,1.0,0.0
7601-GNDYK,0,0.10704778280226633,-1.5009913010689746,-0.7042898044067841,0.0,1.0,0.0,1.0,0.0,1.0,0.0,1.0,1.0,0.0,0.0,0.0,0.0,1.0,0.0,1.0,0.0,0.0,1.0,0.0,0.0,1.0,0.0,0.0,1.0,0.0,0.0,1.0,0.0,0.0,1.0,0.0,0.0,0.0,1.0,1.0,0.0,0.0,0.0,0.0,1.0,1.0,0.0,1.0,0.0,0.0,1.0,-6.579209638631333,0.0,0.0,1.0,0.0,0.0,1.0,0.0,0.0,1.0
0356-OBMAC,1,0.9621754209229036,1.1678546811978192,1.5101844985444541,1.0,0.0,1.0,0.0,1.0,0.0,0.0,1.0,0.0,0.0,1.0,0.0,1.0,0.0,1.0,0.0,0.0,0.0,0.0,1.0,0.0,0.0,1.0,0.0,0.0,1.0,0.0,0.0,1.0,1.0,0.0,0.0,0.0,0.0,1.0,0.0,1.0,1.0,0.0,0.0,0.0,1.0,0.0,7.0,0.0,1.0,0.0,1.569552147877472,0.0,1.0,0.0,0.0,1.0,0.0,0.0,1.0,0.0
8067-NIOYM,0,-0.3408762181180675,-1.451137391063991,-0.7908949038059748,1.0,0.0,0.0,1.0,0.0,1.0,0.0,1.0,1.0,0.0,0.0,0.0,0.0,1.0,0.0,1.0,0.0,0.0,1.0,0.0,0.0,1.0,0.0,0.0,1.0,0.0,0.0,1.0,0.0,0.0,1.0,0.0,0.0,0.0,1.0,0.0,1.0,0.0,1.0,0.0,0.0,1.0,0.0,1.0,0.0,0.0,1.0,2.3201821123585593,0.0,0.0,1.0,0.0,0.0,1.0,0.0,0.0,1.0
1403-GYAFU,0,1.5322605130033284,-1.4860351280674797,-0.4072382841547458,0.0,1.0,0.0,1.0,0.0,1.0,0.0,1.0,1.0,0.0,0.0,0.0,0.0,1.0,0.0,1.0,0.0,0.0,1.0,0.0,0.0,1.0,0.0,0.0,1.0,0.0,0.0,1.0,0.0,0.0,1.0,0.0,0.0,0.0,1.0,1.0,0.0,0.0,1.0,0.0,0.0,1.0,0.0,1.0,0.0,1.0,0.0,-0.26577613969607083,0.0,1.0,0.0,0.0,1.0,0.0,0.0,1.0,0.0
4234-XTNEA,0,-1.2367242199587352,0.5047976781315361,-0.9303983802706928,0.0,1.0,1.0,0.0,1.0,0.0,0.0,1.0,1.0,0.0,0.0,0.0,1.0,0.0,1.0,0.0,0.0,1.0,0.0,0.0,1.0,0.0,0.0,1.0,0.0,0.0,0.0,0.0,1.0,1.0,0.0,0.0,1.0,0.0,0.0,0.0,1.0,0.0,0.0,1.0,0.0,1.0,0.0,3.0,1.0,0.0,0.0,0.7523086919909571,1.0,0.0,0.0,1.0,0.0,0.0,1.0,0.0,0.0
1297-VQDRP,1,1.4508197855632678,1.4088152462219072,2.248511721389822,0.0,1.0,0.0,1.0,0.0,1.0,0.0,1.0,0.0,0.0,1.0,0.0,1.0,0.0,1.0,0.0,0.0,1.0,0.0,0.0,0.0,0.0,1.0,0.0,0.0,1.0,0.0,0.0,1.0,0.0,0.0,1.0,0.0,1.0,0.0,0.0,1.0,0.0,1.0,0.0,0.0,1.0,0.0,7.0,0.0,1.0,0.0,1.5498215172995158,0.0,1.0,0.0,0.0,1.0,0.0,0.0,1.0,0.0
9282-IZGQK,0,-1.2774445836787656,0.6726391751483144,-0.9698625990239154,1.0,0.0,1.0,0.0,1.0,0.0,0.0,1.0,0.0,0.0,1.0,0.0,1.0,0.0,1.0,0.0,0.0,1.0,0.0,0.0,1.0,0.0,0.0,1.0,0.0,0.0,1.0,0.0,0.0,0.0,0.0,1.0,1.0,0.0,0.0,0.0,1.0,0.0,0.0,1.0,0.0,0.0,1.0,4.0,1.0,0.0,0.0,0.7592208784751505,1.0,0.0,0.0,1.0,0.0,0.0,1.0,0.0,0.0
5348-CAGXB,0,-0.8295205827584317,0.8238627021634315,-0.5565802410912005,0.0,1.0,1.0,0.0,1.0,0.0,0.0,1.0,0.0,0.0,1.0,0.0,1.0,0.0,1.0,0.0,0.0,1.0,0.0,0.0,0.0,0.0,1.0,1.0,0.0,0.0,0.0,0.0,1.0,1.0,0.0,0.0,1.0,0.0,0.0,0.0,1.0,0.0,0.0,1.0,0.0,1.0,0.0,5.0,1.0,0.0,0.0,0.6709661612498947,1.0,0.0,0.0,1.0,0.0,0.0,1.0,0.0,0.0
0621-HJWXJ,0,1.247217966963116,0.5579751821368518,1.2113902878052696,1.0,0.0,0.0,1.0,1.0,0.0,0.0,1.0,0.0,0.0,1.0,0.0,1.0,0.0,1.0,0.0,0.0,0.0,0.0,1.0,1.0,0.0,0.0,1.0,0.0,0.0,1.0,0.0,0.0,1.0,0.0,0.0,1.0,0.0,0.0,0.0,1.0,1.0,0.0,0.0,0.0,1.0,0.0,4.0,0.0,1.0,0.0,0.971273923157887,0.0,1.0,0.0,0.0,1.0,0.0,0.0,1.0,0.0
5844-QVTAT,0,0.025607055362205634,-0.20977503193989694,-0.1446655643002966,1.0,0.0,0.0,1.0,0.0,1.0,0.0,1.0,1.0,0.0,0.0,1.0,0.0,0.0,0.0,0.0,1.0,0.0,0.0,1.0,0.0,0.0,1.0,1.0,0.0,0.0,1.0,0.0,0.0,1.0,0.0,0.0,0.0,1.0,0.0,0.0,1.0,0.0,0.0,0.0,1.0,1.0,0.0,5.0,0.0,0.0,1.0,-5.649441618883429,0.0,0.0,1.0,0.0,0.0,1.0,0.0,0.0,1.0
8905-IAZPF,0,1.4915401492832983,1.0266019361836989,1.9680929685720652,1.0,0.0,0.0,1.0,1.0,0.0,0.0,1.0,1.0,0.0,0.0,0.0,1.0,0.0,1.0,0.0,0.0,0.0,0.0,1.0,1.0,0.0,0.0,1.0,0.0,0.0,0.0,0.0,1.0,0.0,0.0,1.0,0.0,1.0,0.0,0.0,1.0,0.0,1.0,0.0,0.0,1.0,0.0,5.0,0.0,1.0,0.0,1.3195038494389546,0.0,1.0,0.0,0.0,1.0,0.0,0.0,1.0,0.0
5394-MEITZ,0,1.125056875803025,0.5264010391336954,1.1750585000542588,1.0,0.0,0.0,1.0,0.0,1.0,0.0,1.0,1.0,0.0,0.0,1.0,0.0,0.0,1.0,0.0,0.0,0.0,0.0,1.0,0.0,0.0,1.0,0.0,0.0,1.0,0.0,0.0,1.0,0.0,0.0,1.0,0.0,0.0,1.0,0.0,1.0,1.0,0.0,0.0,0.0,1.0,0.0,7.0,0.0,1.0,0.0,1.0444436413186173,0.0,1.0,0.0,0.0,1.0,0.0,0.0,1.0,0.0
6859-QNXIQ,0,1.6137012404433893,1.6065690892416755,2.6317712723224607,1.0,0.0,0.0,1.0,0.0,1.0,0.0,1.0,0.0,0.0,1.0,0.0,1.0,0.0,0.0,0.0,1.0,0.0,0.0,1.0,0.0,0.0,1.0,0.0,0.0,1.0,0.0,0.0,1.0,0.0,0.0,1.0,0.0,0.0,1.0,0.0,1.0,1.0,0.0,0.0,0.0,1.0,0.0,9.0,0.0,1.0,0.0,1.630891274272889,0.0,1.0,0.0,0.0,1.0,0.0,0.0,1.0,0.0
2782-LFZVW,0,-0.8702409464784621,-0.1931570619382357,-0.7419451545530956,1.0,0.0,1.0,0.0,1.0,0.0,0.0,1.0,0.0,0.0,1.0,1.0,0.0,0.0,1.0,0.0,0.0,1.0,0.0,0.0,1.0,0.0,0.0,1.0,0.0,0.0,1.0,0.0,0.0,0.0,0.0,1.0,1.0,0.0,0.0,0.0,1.0,0.0,0.0,0.0,1.0,1.0,0.0,4.0,1.0,0.0,0.0,0.852574402015291,1.0,0.0,0.0,1.0,0.0,0.0,1.0,0.0,0.0
2866-IKBTM,0,-1.2774445836787656,-1.502653098069141,-0.9987383186147306,1.0,0.0,1.0,0.0,1.0,0.0,0.0,1.0,1.0,0.0,0.0,0.0,0.0,1.0,0.0,1.0,0.0,0.0,1.0,0.0,0.0,1.0,0.0,0.0,1.0,0.0,0.0,1.0,0.0,0.0,1.0,0.0,1.0,0.0,0.0,1.0,0.0,0.0,0.0,0.0,1.0,1.0,0.0,1.0,1.0,0.0,0.0,0.7818251620266604,1.0,0.0,0.0,1.0,0.0,0.0,1.0,0.0,0.0
1342-JPNKI,0,-0.9109613101984924,0.7075369121518029,-0.6393690689172736,0.0,1.0,1.0,0.0,1.0,0.0,0.0,1.0,0.0,0.0,1.0,0.0,1.0,0.0,1.0,0.0,0.0,1.0,0.0,0.0,1.0,0.0,0.0,1.0,0.0,0.0,0.0,0.0,1.0,1.0,0.0,0.0,1.0,0.0,0.0,0.0,1.0,1.0,0.0,0.0,0.0,0.0,1.0,4.0,1.0,0.0,0.0,0.701861936132018,1.0,0.0,0.0,1.0,0.0,0.0,1.0,0.0,0.0
2817-NTQDO,0,-0.7888002190384014,-0.6385186579827569,-0.743974616892557,0.0,1.0,1.0,0.0,1.0,0.0,1.0,0.0,0.0,1.0,0.0,1.0,0.0,0.0,0.0,0.0,1.0,1.0,0.0,0.0,1.0,0.0,0.0,0.0,0.0,1.0,0.0,0.0,1.0,1.0,0.0,0.0,1.0,0.0,0.0,0.0,1.0,0.0,1.0,0.0,0.0,0.0,1.0,4.0,1.0,0.0,0.0,0.9431724268529112,1.0,0.0,0.0,1.0,0.0,0.0,1.0,0.0,0.0
7129-AZJDE,0,0.06632741908223598,0.47156173812821356,0.16054792405609733,0.0,1.0,0.0,1.0,0.0,1.0,0.0,1.0,1.0,0.0,0.0,0.0,1.0,0.0,1.0,0.0,0.0,1.0,0.0,0.0,1.0,0.0,0.0,1.0,0.0,0.0,1.0,0.0,0.0,0.0,0.0,1.0,0.0,1.0,0.0,0.0,1.0,1.0,0.0,0.0,0.0,1.0,0.0,3.0,0.0,0.0,1.0,2.420536277117042,0.0,0.0,1.0,0.0,0.0,1.0,0.0,0.0,1.0
6986-IJDHX,0,0.26992923768238775,0.7158458971526335,0.4335547274601689,0.0,1.0,0.0,1.0,0.0,1.0,0.0,1.0,1.0,0.0,0.0,0.0,1.0,0.0,1.0,0.0,0.0,0.0,0.0,1.0,1.0,0.0,0.0,1.0,0.0,0.0,0.0,0.0,1.0,1.0,0.0,0.0,1.0,0.0,0.0,0.0,1.0,0.0,0.0,0.0,1.0,0.0,1.0,4.0,0.0,0.0,1.0,1.6061792015665641,0.0,0.0,1.0,0.0,0.0,1.0,0.0,0.0,1.0
2560-PPCHE,0,1.3286586944031769,1.3390197722149297,1.9681150279453201,1.0,0.0,1.0,0.0,1.0,0.0,0.0,1.0,0.0,0.0,1.0,0.0,1.0,0.0,1.0,0.0,0.0,0.0,0.0,1.0,1.0,0.0,0.0,0.0,0.0,1.0,0.0,0.0,1.0,0.0,0.0,1.0,0.0,1.0,0.0,0.0,1.0,1.0,0.0,0.0,0.0,1.0,0.0,7.0,0.0,1.0,0.0,1.4812796064450413,0.0,1.0,0.0,0.0,1.0,0.0,0.0,1.0,0.0
4676-MQUEA,1,0.7178532386027215,1.2343265612044643,1.3157090639282376,0.0,1.0,0.0,1.0,1.0,0.0,0.0,1.0,0.0,0.0,1.0,0.0,1.0,0.0,0.0,0.0,1.0,0.0,0.0,1.0,0.0,0.0,1.0,1.0,0.0,0.0,0.0,0.0,1.0,1.0,0.0,0.0,0.0,1.0,0.0,0.0,1.0,1.0,0.0,0.0,0.0,1.0,0.0,7.0,0.0,1.0,0.0,1.832838515138865,0.0,1.0,0.0,0.0,1.0,0.0,0.0,1.0,0.0
8138-EALND,0,-0.7073594915983407,-1.4960059100684764,-0.8698895194321853,0.0,1.0,1.0,0.0,1.0,0.0,0.0,1.0,1.0,0.0,0.0,0.0,0.0,1.0,0.0,1.0,0.0,0.0,1.0,0.0,0.0,1.0,0.0,0.0,1.0,0.0,0.0,1.0,0.0,0.0,1.0,0.0,1.0,0.0,0.0,1.0,0.0,0.0,0.0,0.0,1.0,1.0,0.0,1.0,1.0,0.0,0.0,1.2297700529423785,1.0,0.0,0.0,1.0,0.0,0.0,1.0,0.0,0.0
3580-HYCSP,0,1.6137012404433893,1.5135084572323727,2.507532882150213,0.0,1.0,0.0,1.0,0.0,1.0,0.0,1.0,0.0,0.0,1.0,0.0,1.0,0.0,0.0,0.0,1.0,0.0,0.0,1.0,0.0,0.0,1.0,1.0,0.0,0.0,0.0,0.0,1.0,0.0,0.0,1.0,0.0,0.0,1.0,0.0,1.0,1.0,0.0,0.0,0.0,1.0,0.0,8.0,0.0,1.0,0.0,1.5539015644935799,0.0,1.0,0.0,0.0,1.0,0.0,0.0,1.0,0.0
1352-HNSAW,0,1.6137012404433893,1.6896589392499817,2.6193739045531417,1.0,0.0,0.0,1.0,0.0,1.0,0.0,1.0,0.0,0.0,1.0,0.0,1.0,0.0,0.0,0.0,1.0,0.0,0.0,1.0,0.0,0.0,1.0,0.0,0.0,1.0,0.0,0.0,1.0,0.0,0.0,1.0,0.0,0.0,1.0,0.0,1.0,1.0,0.0,0.0,0.0,1.0,0.0,9.0,0.0,1.0,0.0,1.6232087073524393,0.0,1.0,0.0,0.0,1.0,0.0,0.0,1.0,0.0
2075-PUEPR,0,0.9214550572028734,-1.5093002860698053,-0.49856408943050984,0.0,1.0,0.0,1.0,0.0,1.0,0.0,1.0,1.0,0.0,0.0,0.0,0.0,1.0,0.0,1.0,0.0,0.0,1.0,0.0,0.0,1.0,0.0,0.0,1.0,0.0,0.0,1.0,0.0,0.0,1.0,0.0,0.0,0.0,1.0,1.0,0.0,1.0,0.0,0.0,0.0,1.0,0.0,1.0,0.0,1.0,0.0,-0.5410617539437333,0.0,1.0,0.0,0.0,1.0,0.0,0.0,1.0,0.0
1982-FEBTD,0,-0.38159658183809786,-1.3015756610490399,-0.7802622858970574,1.0,0.0,0.0,1.0,0.0,1.0,0.0,1.0,0.0,0.0,1.0,0.0,0.0,1.0,0.0,1.0,0.0,0.0,1.0,0.0,0.0,1.0,0.0,0.0,1.0,0.0,0.0,1.0,0.0,0.0,1.0,0.0,0.0,0.0,1.0,0.0,1.0,0.0,1.0,0.0,0.0,1.0,0.0,2.0,0.0,0.0,1.0,2.0447308048165476,0.0,0.0,1.0,0.0,0.0,1.0,0.0,0.0,1.0
5301-GAUUY,0,-0.015113308357824713,0.5180920541328647,0.13802530396272666,0.0,1.0,1.0,0.0,1.0,0.0,0.0,1.0,0.0,0.0,1.0,0.0,1.0,0.0,1.0,0.0,0.0,0.0,0.0,1.0,1.0,0.0,0.0,1.0,0.0,0.0,1.0,0.0,0.0,1.0,0.0,0.0,1.0,0.0,0.0,0.0,1.0,1.0,0.0,0.0,0.0,0.0,1.0,4.0,0.0,0.0,1.0,-9.132699518518452,0.0,0.0,1.0,0.0,0.0,1.0,0.0,0.0,1.0
5791-KAJFD,0,0.9621754209229036,0.13255515009432434,0.6726783335445367,1.0,0.0,0.0,1.0,0.0,1.0,0.0,1.0,0.0,0.0,1.0,1.0,0.0,0.0,0.0,0.0,1.0,1.0,0.0,0.0,0.0,0.0,1.0,1.0,0.0,0.0,1.0,0.0,0.0,0.0,0.0,1.0,0.0,1.0,0.0,0.0,1.0,1.0,0.0,0.0,0.0,1.0,0.0,6.0,0.0,1.0,0.0,0.6991223418483441,0.0,1.0,0.0,0.0,1.0,0.0,0.0,1.0,0.0
2654-VBVPB,0,-1.2774445836787656,-1.491020519067978,-0.9985839030019455,1.0,0.0,1.0,0.0,1.0,0.0,0.0,1.0,1.0,0.0,0.0,0.0,0.0,1.0,0.0,1.0,0.0,0.0,1.0,0.0,0.0,1.0,0.0,0.0,1.0,0.0,0.0,1.0,0.0,0.0,1.0,0.0,1.0,0.0,0.0,1.0,0.0,1.0,0.0,0.0,0.0,1.0,0.0,1.0,1.0,0.0,0.0,0.7817042835049945,1.0,0.0,0.0,1.0,0.0,0.0,1.0,0.0,0.0
1154-HYWWO,0,0.22920887396235737,0.19404163910047073,0.18746035942721623,0.0,1.0,1.0,0.0,1.0,0.0,0.0,1.0,1.0,0.0,0.0,1.0,0.0,0.0,0.0,0.0,1.0,0.0,0.0,1.0,1.0,0.0,0.0,0.0,0.0,1.0,0.0,0.0,1.0,1.0,0.0,0.0,0.0,1.0,0.0,1.0,0.0,0.0,0.0,0.0,1.0,1.0,0.0,6.0,0.0,0.0,1.0,0.817858210227945,0.0,0.0,1.0,0.0,0.0,1.0,0.0,0.0,1.0
2501-XWWTZ,0,-0.8702409464784621,0.18074726309914202,-0.6720390007079515,0.0,1.0,1.0,0.0,1.0,0.0,0.0,1.0,1.0,0.0,0.0,0.0,1.0,0.0,1.0,0.0,0.0,1.0,0.0,0.0,1.0,0.0,0.0,1.0,0.0,0.0,1.0,0.0,0.0,1.0,0.0,0.0,1.0,0.0,0.0,1.0,0.0,0.0,0.0,1.0,0.0,1.0,0.0,2.0,1.0,0.0,0.0,0.7722447483394579,1.0,0.0,0.0,1.0,0.0,0.0,1.0,0.0,0.0
3716-UVSPD,0,-1.2774445836787656,-0.5138838829702976,-0.9856129915279964,0.0,1.0,1.0,0.0,1.0,0.0,0.0,1.0,1.0,0.0,0.0,1.0,0.0,0.0,1.0,0.0,0.0,1.0,0.0,0.0,1.0,0.0,0.0,0.0,0.0,1.0,1.0,0.0,0.0,1.0,0.0,0.0,1.0,0.0,0.0,0.0,1.0,0.0,0.0,1.0,0.0,1.0,0.0,3.0,1.0,0.0,0.0,0.7715504876850651,1.0,0.0,0.0,1.0,0.0,0.0,1.0,0.0,0.0
6815-ABQFQ,0,0.9621754209229036,1.4121388402222392,1.6544527996322553,0.0,1.0,0.0,1.0,1.0,0.0,0.0,1.0,0.0,0.0,1.0,0.0,1.0,0.0,1.0,0.0,0.0,0.0,0.0,1.0,1.0,0.0,0.0,0.0,0.0,1.0,0.0,0.0,1.0,0.0,0.0,1.0,0.0,1.0,0.0,0.0,1.0,0.0,0.0,1.0,0.0,1.0,0.0,7.0,0.0,1.0,0.0,1.7194918552849023,0.0,1.0,0.0,0.0,1.0,0.0,0.0,1.0,0.0
7343-EOBEU,0,-1.1960038562387048,-1.368047541055685,-0.9680757897902591,0.0,1.0,0.0,1.0,1.0,0.0,0.0,1.0,0.0,0.0,1.0,0.0,0.0,1.0,0.0,1.0,0.0,0.0,1.0,0.0,0.0,1.0,0.0,0.0,1.0,0.0,0.0,1.0,0.0,0.0,1.0,0.0,1.0,0.0,0.0,0.0,1.0,0.0,0.0,0.0,1.0,1.0,0.0,2.0,1.0,0.0,0.0,0.8094253080711183,1.0,0.0,0.0,1.0,0.0,0.0,1.0,0.0,0.0
3701-SFMUH,0,-1.0331224013585834,0.16412929309748078,-0.7796446234459169,0.0,1.0,0.0,1.0,0.0,1.0,0.0,1.0,1.0,0.0,0.0,1.0,0.0,0.0,0.0,0.0,1.0,1.0,0.0,0.0,1.0,0.0,0.0,1.0,0.0,0.0,0.0,0.0,1.0,0.0,0.0,1.0,1.0,0.0,0.0,1.0,0.0,0.0,1.0,0.0,0.0,1.0,0.0,5.0,1.0,0.0,0.0,0.754648841628701,1.0,0.0,0.0,1.0,0.0,0.0,1.0,0.0,0.0
6103-LIANB,0,1.0843365120829946,1.15456030519649,1.5787670899942972,0.0,1.0,0.0,1.0,0.0,1.0,0.0,1.0,0.0,0.0,1.0,0.0,1.0,0.0,1.0,0.0,0.0,1.0,0.0,0.0,0.0,0.0,1.0,1.0,0.0,0.0,0.0,0.0,1.0,0.0,0.0,1.0,0.0,0.0,1.0,0.0,1.0,0.0,1.0,0.0,0.0,1.0,0.0,6.0,0.0,1.0,0.0,1.4559752183955408,0.0,1.0,0.0,0.0,1.0,0.0,0.0,1.0,0.0
7319-VENRZ,0,-1.0331224013585834,-0.015344782920460707,-0.8106159834959586,0.0,1.0,1.0,0.0,1.0,0.0,0.0,1.0,1.0,0.0,0.0,1.0,0.0,0.0,1.0,0.0,0.0,1.0,0.0,0.0,0.0,0.0,1.0,0.0,0.0,1.0,0.0,0.0,1.0,1.0,0.0,0.0,1.0,0.0,0.0,1.0,0.0,1.0,0.0,0.0,0.0,1.0,0.0,5.0,1.0,0.0,0.0,0.7846272449711449,1.0,0.0,0.0,1.0,0.0,0.0,1.0,0.0,0.0
5846-NEQVZ,0,1.5729808767233588,0.20235062410130134,1.1868382053724371,0.0,1.0,0.0,1.0,0.0,1.0,0.0,1.0,1.0,0.0,0.0,1.0,0.0,0.0,0.0,0.0,1.0,1.0,0.0,0.0,0.0,0.0,1.0,0.0,0.0,1.0,1.0,0.0,0.0,0.0,0.0,1.0,0.0,0.0,1.0,0.0,1.0,0.0,1.0,0.0,0.0,1.0,0.0,6.0,0.0,1.0,0.0,0.7545153427705448,0.0,1.0,0.0,0.0,1.0,0.0,0.0,1.0,0.0
6967-QIQRV,0,-0.7073594915983407,1.2343265612044643,-0.2717937323689508,0.0,1.0,0.0,1.0,0.0,1.0,0.0,1.0,1.0,0.0,0.0,0.0,1.0,0.0,0.0,0.0,1.0,1.0,0.0,0.0,1.0,0.0,0.0,0.0,0.0,1.0,0.0,0.0,1.0,0.0,0.0,1.0,0.0,1.0,0.0,1.0,0.0,0.0,0.0,1.0,0.0,1.0,0.0,6.0,1.0,0.0,0.0,0.38423706134883284,1.0,0.0,0.0,1.0,0.0,0.0,1.0,0.0,0.0
5781-RFZRP,0,1.5729808767233588,0.29042586511010604,1.3564086075837412,0.0,1.0,0.0,1.0,1.0,0.0,0.0,1.0,0.0,0.0,1.0,1.0,0.0,0.0,0.0,0.0,1.0,0.0,0.0,1.0,1.0,0.0,0.0,0.0,0.0,1.0,0.0,0.0,1.0,1.0,0.0,0.0,0.0,0.0,1.0,1.0,0.0,0.0,1.0,0.0,0.0,1.0,0.0,7.0,0.0,1.0,0.0,0.8623172904741508,0.0,1.0,0.0,0.0,1.0,0.0,0.0,1.0,0.0
0939-YAPAF,0,0.10704778280226633,1.1794872601989819,0.5489693683304098,1.0,0.0,1.0,0.0,1.0,0.0,0.0,1.0,0.0,0.0,1.0,0.0,1.0,0.0,1.0,0.0,0.0,1.0,0.0,0.0,0.0,0.0,1.0,1.0,0.0,0.0,0.0,0.0,1.0,0.0,0.0,1.0,1.0,0.0,0.0,0.0,1.0,0.0,0.0,1.0,0.0,0.0,1.0,6.0,0.0,0.0,1.0,5.128264724029272,0.0,0.0,1.0,0.0,0.0,1.0,0.0,0.0,1.0
0308-IVGOK,0,-0.8702409464784621,-0.8096837489998675,-0.820917710806051,1.0,0.0,1.0,0.0,1.0,0.0,1.0,0.0,0.0,1.0,0.0,1.0,0.0,0.0,1.0,0.0,0.0,0.0,0.0,1.0,0.0,0.0,1.0,0.0,0.0,1.0,1.0,0.0,0.0,1.0,0.0,0.0,0.0,1.0,0.0,0.0,1.0,0.0,1.0,0.0,0.0,1.0,0.0,4.0,1.0,0.0,0.0,0.9433223225452633,1.0,0.0,0.0,1.0,0.0,0.0,1.0,0.0,0.0
7293-LSCDV,0,1.125056875803025,-1.5126238800701375,-0.5206234626855253,1.0,0.0,0.0,1.0,0.0,1.0,0.0,1.0,1.0,0.0,0.0,0.0,0.0,1.0,0.0,1.0,0.0,0.0,1.0,0.0,0.0,1.0,0.0,0.0,1.0,0.0,0.0,1.0,0.0,0.0,1.0,0.0,0.0,0.0,1.0,0.0,1.0,0.0,1.0,0.0,0.0,1.0,0.0,1.0,0.0,1.0,0.0,-0.46275301620988984,0.0,1.0,0.0,0.0,1.0,0.0,0.0,1.0,0.0
7025-WCBNE,1,0.5956921474426305,-0.17155370093607614,0.20766674532881046,0.0,1.0,1.0,0.0,1.0,0.0,0.0,1.0,0.0,0.0,1.0,1.0,0.0,0.0,1.0,0.0,0.0,0.0,0.0,1.0,1.0,0.0,0.0,0.0,0.0,1.0,1.0,0.0,0.0,1.0,0.0,0.0,0.0,0.0,1.0,1.0,0.0,1.0,0.0,0.0,0.0,1.0,0.0,5.0,0.0,1.0,0.0,0.34861420655005404,0.0,1.0,0.0,0.0,1.0,0.0,0.0,1.0,0.0
5756-JYOJT,0,-0.8702409464784621,0.004596781081533054,-0.699745573516251,1.0,0.0,1.0,0.0,1.0,0.0,0.0,1.0,1.0,0.0,0.0,1.0,0.0,0.0,1.0,0.0,0.0,1.0,0.0,0.0,0.0,0.0,1.0,0.0,0.0,1.0,1.0,0.0,0.0,0.0,0.0,1.0,0.0,1.0,0.0,1.0,0.0,0.0,1.0,0.0,0.0,1.0,0.0,5.0,1.0,0.0,0.0,0.804082566268409,1.0,0.0,0.0,1.0,0.0,0.0,1.0,0.0,0.0
4710-FDUIZ,0,0.9621754209229036,1.1811490571991479,1.4696614298749906,0.0,1.0,0.0,1.0,1.0,0.0,0.0,1.0,0.0,0.0,1.0,0.0,1.0,0.0,1.0,0.0,0.0,0.0,0.0,1.0,1.0,0.0,0.0,1.0,0.0,0.0,0.0,0.0,1.0,0.0,0.0,1.0,0.0,1.0,0.0,1.0,0.0,0.0,1.0,0.0,0.0,0.0,1.0,6.0,0.0,1.0,0.0,1.5274360557509505,0.0,1.0,0.0,0.0,1.0,0.0,0.0,1.0,0.0
6030-REHUX,1,-0.1779947632379461,1.5317882242341998,0.4063775796099899,1.0,0.0,0.0,1.0,1.0,0.0,0.0,1.0,0.0,0.0,1.0,0.0,1.0,0.0,1.0,0.0,0.0,0.0,0.0,1.0,0.0,0.0,1.0,0.0,0.0,1.0,0.0,0.0,1.0,0.0,0.0,1.0,1.0,0.0,0.0,0.0,1.0,0.0,0.0,1.0,0.0,1.0,0.0,8.0,0.0,0.0,1.0,-2.2830872786225633,0.0,0.0,1.0,0.0,0.0,1.0,0.0,0.0,1.0
9548-LIGTA,0,1.1657772395230555,0.5413572121351905,1.0872401351260421,0.0,1.0,0.0,1.0,1.0,0.0,0.0,1.0,1.0,0.0,0.0,1.0,0.0,0.0,0.0,0.0,1.0,0.0,0.0,1.0,1.0,0.0,0.0,0.0,0.0,1.0,0.0,0.0,1.0,0.0,0.0,1.0,0.0,0.0,1.0,0.0,1.0,0.0,0.0,0.0,1.0,1.0,0.0,7.0,0.0,1.0,0.0,0.9326311221952278,0.0,1.0,0.0,0.0,1.0,0.0,0.0,1.0,0.0
5150-LJNSR,0,-0.055833672077855064,1.1063681921916724,0.35242035262822197,0.0,1.0,0.0,1.0,0.0,1.0,0.0,1.0,0.0,0.0,1.0,0.0,1.0,0.0,0.0,0.0,1.0,1.0,0.0,0.0,0.0,0.0,1.0,1.0,0.0,0.0,0.0,0.0,1.0,1.0,0.0,0.0,0.0,1.0,0.0,1.0,0.0,1.0,0.0,0.0,0.0,1.0,0.0,6.0,0.0,0.0,1.0,-6.311968020602394,0.0,0.0,1.0,0.0,0.0,1.0,0.0,0.0,1.0
8270-RKSAP,0,-0.9516816739185228,0.19071804510013865,-0.7435775481739667,0.0,1.0,1.0,0.0,1.0,0.0,0.0,1.0,1.0,0.0,0.0,0.0,1.0,0.0,1.0,0.0,0.0,1.0,0.0,0.0,1.0,0.0,0.0,1.0,0.0,0.0,1.0,0.0,0.0,1.0,0.0,0.0,1.0,0.0,0.0,0.0,1.0,0.0,0.0,1.0,0.0,1.0,0.0,2.0,1.0,0.0,0.0,0.781330111267465,1.0,0.0,0.0,1.0,0.0,0.0,1.0,0.0,0.0
6522-YRBXD,1,0.10704778280226633,0.9900424021800438,0.4774087614911397,0.0,1.0,0.0,1.0,1.0,0.0,0.0,1.0,0.0,0.0,1.0,0.0,1.0,0.0,0.0,0.0,1.0,0.0,0.0,1.0,1.0,0.0,0.0,1.0,0.0,0.0,1.0,0.0,0.0,0.0,0.0,1.0,1.0,0.0,0.0,0.0,1.0,0.0,0.0,1.0,0.0,1.0,0.0,6.0,0.0,0.0,1.0,4.459772533289987,0.0,0.0,1.0,0.0,0.0,1.0,0.0,0.0,1.0
2640-LYMOV,0,-1.2367242199587352,-1.4993295040688086,-0.9902454599115497,0.0,1.0,1.0,0.0,1.0,0.0,0.0,1.0,1.0,0.0,0.0,0.0,0.0,1.0,0.0,1.0,0.0,0.0,1.0,0.0,0.0,1.0,0.0,0.0,1.0,0.0,0.0,1.0,0.0,0.0,1.0,0.0,1.0,0.0,0.0,0.0,1.0,0.0,0.0,0.0,1.0,1.0,0.0,1.0,1.0,0.0,0.0,0.8007003048299567,1.0,0.0,0.0,1.0,0.0,0.0,1.0,0.0,0.0
1218-VKFPE,0,-0.8295205827584317,-1.5209328650709681,-0.9043242010832644,1.0,0.0,0.0,1.0,0.0,1.0,0.0,1.0,1.0,0.0,0.0,0.0,0.0,1.0,0.0,1.0,0.0,0.0,1.0,0.0,0.0,1.0,0.0,0.0,1.0,0.0,0.0,1.0,0.0,0.0,1.0,0.0,1.0,0.0,0.0,1.0,0.0,0.0,0.0,0.0,1.0,0.0,1.0,1.0,1.0,0.0,0.0,1.0901769285532203,1.0,0.0,0.0,1.0,0.0,0.0,1.0,0.0,0.0
3627-FHKBK,0,-1.2774445836787656,0.3502505571160864,-0.9741421174353884,1.0,0.0,1.0,0.0,1.0,0.0,0.0,1.0,1.0,0.0,0.0,0.0,1.0,0.0,0.0,0.0,1.0,1.0,0.0,0.0,1.0,0.0,0.0,1.0,0.0,0.0,1.0,0.0,0.0,1.0,0.0,0.0,1.0,0.0,0.0,1.0,0.0,0.0,0.0,0.0,1.0,0.0,1.0,3.0,1.0,0.0,0.0,0.7625709403613178,1.0,0.0,0.0,1.0,0.0,0.0,1.0,0.0,0.0
2865-TCHJW,1,-1.1552834925186746,0.8122301231622688,-0.8546244331397146,1.0,0.0,1.0,0.0,1.0,0.0,0.0,1.0,0.0,0.0,1.0,0.0,1.0,0.0,1.0,0.0,0.0,1.0,0.0,0.0,0.0,0.0,1.0,1.0,0.0,0.0,0.0,0.0,1.0,1.0,0.0,0.0,1.0,0.0,0.0,0.0,1.0,0.0,0.0,1.0,0.0,0.0,1.0,5.0,1.0,0.0,0.0,0.7397530032014199,1.0,0.0,0.0,1.0,0.0,0.0,1.0,0.0,0.0
1423-BMPBQ,0,-1.2774445836787656,-1.5209328650709681,-0.9989809717205358,1.0,0.0,0.0,1.0,0.0,1.0,0.0,1.0,1.0,0.0,0.0,0.0,0.0,1.0,0.0,1.0,0.0,0.0,1.0,0.0,0.0,1.0,0.0,0.0,1.0,0.0,0.0,1.0,0.0,0.0,1.0,0.0,1.0,0.0,0.0,0.0,1.0,0.0,0.0,0.0,1.0,1.0,0.0,1.0,1.0,0.0,0.0,0.7820151139892781,1.0,0.0,0.0,1.0,0.0,0.0,1.0,0.0,0.0
2393-DIVAI,0,-1.1960038562387048,-1.4876969250676457,-0.9801422669607527,1.0,0.0,1.0,0.0,1.0,0.0,0.0,1.0,1.0,0.0,0.0,0.0,0.0,1.0,0.0,1.0,0.0,0.0,1.0,0.0,0.0,1.0,0.0,0.0,1.0,0.0,0.0,1.0,0.0,0.0,1.0,0.0,1.0,0.0,0.0,0.0,1.0,0.0,0.0,0.0,1.0,1.0,0.0,1.0,1.0,0.0,0.0,0.8195143032759007,1.0,0.0,0.0,1.0,0.0,0.0,1.0,0.0,0.0
5192-EBGOV,1,-1.2774445836787656,0.6959043331506402,-0.9695537677983452,1.0,0.0,1.0,0.0,1.0,0.0,0.0,1.0,0.0,0.0,1.0,0.0,1.0,0.0,1.0,0.0,0.0,1.0,0.0,0.0,1.0,0.0,0.0,1.0,0.0,0.0,0.0,0.0,1.0,1.0,0.0,0.0,1.0,0.0,0.0,0.0,1.0,0.0,0.0,1.0,0.0,0.0,1.0,4.0,1.0,0.0,0.0,0.758979121431819,1.0,0.0,0.0,1.0,0.0,0.0,1.0,0.0,0.0
4568-KNYWR,0,0.7992939660427822,-0.0502425199239492,0.4672835091670875,0.0,1.0,1.0,0.0,1.0,0.0,0.0,1.0,1.0,0.0,0.0,1.0,0.0,0.0,0.0,0.0,1.0,0.0,0.0,1.0,1.0,0.0,0.0,1.0,0.0,0.0,0.0,0.0,1.0,1.0,0.0,0.0,0.0,0.0,1.0,0.0,1.0,0.0,1.0,0.0,0.0,1.0,0.0,5.0,0.0,1.0,0.0,0.5846203387228825,0.0,1.0,0.0,0.0,1.0,0.0,0.0,1.0,0.0
8752-IMQOS,0,-1.1145631287986442,-1.4843733310673135,-0.9698184802774054,0.0,1.0,0.0,1.0,0.0,1.0,0.0,1.0,1.0,0.0,0.0,0.0,0.0,1.0,0.0,1.0,0.0,0.0,1.0,0.0,0.0,1.0,0.0,0.0,1.0,0.0,0.0,1.0,0.0,0.0,1.0,0.0,0.0,1.0,0.0,1.0,0.0,0.0,0.0,0.0,1.0,1.0,0.0,1.0,1.0,0.0,0.0,0.8701332882981201,1.0,0.0,0.0,1.0,0.0,0.0,1.0,0.0,0.0
0742-LAFQK,0,1.6137012404433893,1.1429277261953275,2.267173951163565,0.0,1.0,0.0,1.0,1.0,0.0,0.0,1.0,0.0,0.0,1.0,0.0,1.0,0.0,0.0,0.0,1.0,0.0,0.0,1.0,0.0,0.0,1.0,1.0,0.0,0.0,1.0,0.0,0.0,0.0,0.0,1.0,0.0,0.0,1.0,0.0,1.0,0.0,0.0,1.0,0.0,1.0,0.0,7.0,0.0,1.0,0.0,1.4049527225625877,0.0,1.0,0.0,0.0,1.0,0.0,0.0,1.0,0.0
0795-LAFGP,0,1.5729808767233588,0.8521132511662559,1.9344965431046768,0.0,1.0,0.0,1.0,0.0,1.0,0.0,1.0,0.0,0.0,1.0,1.0,0.0,0.0,0.0,0.0,1.0,0.0,0.0,1.0,0.0,0.0,1.0,0.0,0.0,1.0,0.0,0.0,1.0,0.0,0.0,1.0,0.0,0.0,1.0,1.0,0.0,0.0,0.0,1.0,0.0,1.0,0.0,9.0,0.0,1.0,0.0,1.2298283925322622,0.0,1.0,0.0,0.0,1.0,0.0,0.0,1.0,0.0
0619-OLYUR,0,1.6137012404433893,1.5666859612376889,2.553482556640411,0.0,1.0,0.0,1.0,1.0,0.0,0.0,1.0,0.0,0.0,1.0,0.0,1.0,0.0,0.0,0.0,1.0,1.0,0.0,0.0,0.0,0.0,1.0,0.0,0.0,1.0,0.0,0.0,1.0,0.0,0.0,1.0,0.0,0.0,1.0,0.0,1.0,0.0,1.0,0.0,0.0,1.0,0.0,8.0,0.0,1.0,0.0,1.5823762742716876,0.0,1.0,0.0,0.0,1.0,0.0,0.0,1.0,0.0
5512-IDZEI,0,0.5549717837226001,-1.3248408190513656,-0.4890564995575982,0.0,1.0,0.0,1.0,0.0,1.0,0.0,1.0,0.0,0.0,1.0,0.0,0.0,1.0,0.0,1.0,0.0,0.0,1.0,0.0,0.0,1.0,0.0,0.0,1.0,0.0,0.0,1.0,0.0,0.0,1.0,0.0,0.0,1.0,0.0,1.0,0.0,0.0,0.0,1.0,0.0,1.0,0.0,2.0,0.0,1.0,0.0,-0.8812276838241035,0.0,1.0,0.0,0.0,1.0,0.0,0.0,1.0,0.0
0459-SPZHJ,0,1.247217966963116,0.6227852651433307,1.3904903392627401,0.0,1.0,0.0,1.0,0.0,1.0,0.0,1.0,0.0,0.0,1.0,1.0,0.0,0.0,0.0,0.0,1.0,0.0,0.0,1.0,0.0,0.0,1.0,1.0,0.0,0.0,0.0,0.0,1.0,0.0,0.0,1.0,0.0,0.0,1.0,1.0,0.0,0.0,1.0,0.0,0.0,1.0,0.0,8.0,0.0,1.0,0.0,1.1148735634786289,0.0,1.0,0.0,0.0,1.0,0.0,0.0,1.0,0.0
0215-BQKGS,0,-0.0965540357978854,0.6493740171459885,0.06851621883617283,0.0,1.0,1.0,0.0,1.0,0.0,0.0,1.0,1.0,0.0,0.0,0.0,1.0,0.0,0.0,0.0,1.0,0.0,0.0,1.0,0.0,0.0,1.0,1.0,0.0,0.0,1.0,0.0,0.0,1.0,0.0,0.0,1.0,0.0,0.0,0.0,1.0,0.0,1.0,0.0,0.0,1.0,0.0,5.0,0.0,0.0,1.0,-0.7096152767720288,0.0,0.0,1.0,0.0,0.0,1.0,0.0,0.0,1.0
9244-ZVAPM,0,-1.2774445836787656,-0.6368568609825906,-0.9872453851488676,0.0,1.0,1.0,0.0,1.0,0.0,0.0,1.0,1.0,0.0,0.0,1.0,0.0,0.0,1.0,0.0,0.0,1.0,0.0,0.0,1.0,0.0,0.0,1.0,0.0,0.0,1.0,0.0,0.0,1.0,0.0,0.0,1.0,0.0,0.0,1.0,0.0,0.0,0.0,0.0,1.0,1.0,0.0,2.0,1.0,0.0,0.0,0.7728283463426753,1.0,0.0,0.0,1.0,0.0,0.0,1.0,0.0,0.0
0719-SYFRB,0,-0.8295205827584317,-0.10342002392926519,-0.6924659803420958,1.0,0.0,1.0,0.0,1.0,0.0,0.0,1.0,0.0,0.0,1.0,1.0,0.0,0.0,0.0,0.0,1.0,1.0,0.0,0.0,0.0,0.0,1.0,0.0,0.0,1.0,1.0,0.0,0.0,1.0,0.0,0.0,1.0,0.0,0.0,0.0,1.0,0.0,0.0,0.0,1.0,0.0,1.0,6.0,1.0,0.0,0.0,0.8347785392369846,1.0,0.0,0.0,1.0,0.0,0.0,1.0,0.0,0.0
8208-EUMTE,0,-0.6666391278783103,-0.32942441595185784,-0.6031696374057932,0.0,1.0,1.0,0.0,1.0,0.0,1.0,0.0,0.0,1.0,0.0,1.0,0.0,0.0,0.0,0.0,1.0,0.0,0.0,1.0,0.0,0.0,1.0,0.0,0.0,1.0,0.0,0.0,1.0,1.0,0.0,0.0,0.0,0.0,1.0,1.0,0.0,0.0,0.0,0.0,1.0,1.0,0.0,6.0,1.0,0.0,0.0,0.9047918314148178,1.0,0.0,0.0,1.0,0.0,0.0,1.0,0.0,0.0
5172-MIGPM,0,-1.1552834925186746,0.02620014208369237,-0.9027138668356482,0.0,1.0,1.0,0.0,1.0,0.0,0.0,1.0,0.0,0.0,1.0,1.0,0.0,0.0,1.0,0.0,0.0,1.0,0.0,0.0,1.0,0.0,0.0,0.0,0.0,1.0,1.0,0.0,0.0,0.0,0.0,1.0,1.0,0.0,0.0,1.0,0.0,0.0,0.0,0.0,1.0,1.0,0.0,5.0,1.0,0.0,0.0,0.7813786595942869,1.0,0.0,0.0,1.0,0.0,0.0,1.0,0.0,0.0
1710-RCXUS,0,0.758573602322752,0.8504514541660894,1.0285180835211913,0.0,1.0,0.0,1.0,1.0,0.0,0.0,1.0,0.0,0.0,1.0,0.0,1.0,0.0,1.0,0.0,0.0,0.0,0.0,1.0,1.0,0.0,0.0,1.0,0.0,0.0,1.0,0.0,0.0,0.0,0.0,1.0,0.0,1.0,0.0,0.0,1.0,0.0,1.0,0.0,0.0,1.0,0.0,5.0,0.0,1.0,0.0,1.35585799502101,0.0,1.0,0.0,0.0,1.0,0.0,0.0,1.0,0.0
0374-FIUCA,0,1.3286586944031769,-1.4744025490663168,-0.383325923546309,0.0,1.0,0.0,1.0,1.0,0.0,0.0,1.0,1.0,0.0,0.0,0.0,0.0,1.0,0.0,1.0,0.0,0.0,1.0,0.0,0.0,1.0,0.0,0.0,1.0,0.0,0.0,1.0,0.0,0.0,1.0,0.0,0.0,0.0,1.0,0.0,1.0,0.0,1.0,0.0,0.0,1.0,0.0,1.0,0.0,1.0,0.0,-0.2885059384784262,0.0,1.0,0.0,0.0,1.0,0.0,0.0,1.0,0.0
5839-SUYVZ,0,-0.6666391278783103,0.32532360211359457,-0.4909536056575295,0.0,1.0,1.0,0.0,1.0,0.0,0.0,1.0,1.0,0.0,0.0,0.0,1.0,0.0,1.0,0.0,0.0,1.0,0.0,0.0,1.0,0.0,0.0,0.0,0.0,1.0,1.0,0.0,0.0,1.0,0.0,0.0,1.0,0.0,0.0,0.0,1.0,0.0,1.0,0.0,0.0,1.0,0.0,3.0,1.0,0.0,0.0,0.7364608303447037,1.0,0.0,0.0,1.0,0.0,0.0,1.0,0.0,0.0
5173-ZXXXL,0,-1.2367242199587352,-1.4893587220678117,-0.986318891472157,0.0,1.0,1.0,0.0,1.0,0.0,0.0,1.0,1.0,0.0,0.0,0.0,0.0,1.0,0.0,1.0,0.0,0.0,1.0,0.0,0.0,1.0,0.0,0.0,1.0,0.0,0.0,1.0,0.0,0.0,1.0,0.0,0.0,1.0,0.0,1.0,0.0,0.0,0.0,0.0,1.0,1.0,0.0,1.0,1.0,0.0,0.0,0.7975253298630044,1.0,0.0,0.0,1.0,0.0,0.0,1.0,0.0,0.0
1096-ADRUX,0,1.369379058123207,0.3153528201125979,1.136476656231237,1.0,0.0,0.0,1.0,0.0,1.0,0.0,1.0,0.0,0.0,1.0,0.0,1.0,0.0,1.0,0.0,0.0,1.0,0.0,0.0,1.0,0.0,0.0,1.0,0.0,0.0,1.0,0.0,0.0,1.0,0.0,0.0,0.0,1.0,0.0,0.0,1.0,1.0,0.0,0.0,0.0,1.0,0.0,3.0,0.0,1.0,0.0,0.829921159878717,0.0,1.0,0.0,0.0,1.0,0.0,0.0,1.0,0.0
2001-MCUUW,0,0.5549717837226001,1.4586691562268908,1.1558668453223955,0.0,1.0,1.0,0.0,1.0,0.0,0.0,1.0,0.0,0.0,1.0,0.0,1.0,0.0,1.0,0.0,0.0,0.0,0.0,1.0,0.0,0.0,1.0,0.0,0.0,1.0,0.0,0.0,1.0,0.0,0.0,1.0,0.0,0.0,1.0,1.0,0.0,0.0,0.0,1.0,0.0,1.0,0.0,8.0,0.0,1.0,0.0,2.08274885178694,0.0,1.0,0.0,0.0,1.0,0.0,0.0,1.0,0.0
2731-GJRDG,0,-0.015113308357824713,1.4885815022298807,0.5844408405244748,1.0,0.0,1.0,0.0,1.0,0.0,0.0,1.0,0.0,0.0,1.0,0.0,1.0,0.0,0.0,0.0,1.0,1.0,0.0,0.0,0.0,0.0,1.0,0.0,0.0,1.0,0.0,0.0,1.0,0.0,0.0,1.0,0.0,1.0,0.0,0.0,1.0,1.0,0.0,0.0,0.0,1.0,0.0,8.0,0.0,0.0,1.0,-38.67060915367934,0.0,0.0,1.0,0.0,0.0,1.0,0.0,0.0,1.0
4723-BEGSG,0,1.6137012404433893,0.7274784761537967,1.6813431756301191,0.0,1.0,0.0,1.0,1.0,0.0,0.0,1.0,0.0,0.0,1.0,1.0,0.0,0.0,0.0,0.0,1.0,1.0,0.0,0.0,0.0,0.0,1.0,0.0,0.0,1.0,0.0,0.0,1.0,0.0,0.0,1.0,0.0,0.0,1.0,1.0,0.0,0.0,1.0,0.0,0.0,1.0,0.0,8.0,0.0,1.0,0.0,1.0419172604515965,0.0,1.0,0.0,0.0,1.0,0.0,0.0,1.0,0.0
6516-NKQBO,0,0.22920887396235737,0.5396954151350245,0.3536556775305029,0.0,1.0,0.0,1.0,0.0,1.0,0.0,1.0,1.0,0.0,0.0,1.0,0.0,0.0,0.0,0.0,1.0,1.0,0.0,0.0,0.0,0.0,1.0,0.0,0.0,1.0,0.0,0.0,1.0,0.0,0.0,1.0,0.0,0.0,1.0,1.0,0.0,0.0,1.0,0.0,0.0,1.0,0.0,7.0,0.0,0.0,1.0,1.5429406000597659,0.0,0.0,1.0,0.0,0.0,1.0,0.0,0.0,1.0
8672-OAUPW,0,0.758573602322752,-0.562075995975115,0.03240502481771255,0.0,1.0,1.0,0.0,0.0,1.0,0.0,1.0,1.0,0.0,0.0,1.0,0.0,0.0,1.0,0.0,0.0,1.0,0.0,0.0,1.0,0.0,0.0,0.0,0.0,1.0,1.0,0.0,0.0,1.0,0.0,0.0,0.0,1.0,0.0,1.0,0.0,0.0,1.0,0.0,0.0,1.0,0.0,3.0,0.0,1.0,0.0,0.042718366047128954,0.0,1.0,0.0,0.0,1.0,0.0,0.0,1.0,0.0
8207-DMRVL,0,1.6137012404433893,1.654761202246493,2.6571616109389833,0.0,1.0,0.0,1.0,0.0,1.0,0.0,1.0,0.0,0.0,1.0,0.0,1.0,0.0,0.0,0.0,1.0,0.0,0.0,1.0,0.0,0.0,1.0,0.0,0.0,1.0,0.0,0.0,1.0,0.0,0.0,1.0,0.0,0.0,1.0,1.0,0.0,1.0,0.0,0.0,0.0,1.0,0.0,9.0,0.0,1.0,0.0,1.646625499407119,0.0,1.0,0.0,0.0,1.0,0.0,0.0,1.0,0.0
3419-SNJJD,1,1.3286586944031769,1.3456669602155942,1.9867110795992982,1.0,0.0,0.0,1.0,1.0,0.0,0.0,1.0,0.0,0.0,1.0,0.0,1.0,0.0,0.0,0.0,1.0,1.0,0.0,0.0,0.0,0.0,1.0,1.0,0.0,0.0,0.0,0.0,1.0,0.0,0.0,1.0,1.0,0.0,0.0,1.0,0.0,1.0,0.0,0.0,0.0,0.0,1.0,7.0,0.0,1.0,0.0,1.495275715251849,0.0,1.0,0.0,0.0,1.0,0.0,0.0,1.0,0.0
6543-CPZMK,0,-0.9516816739185228,-1.156999322034587,-0.8975299141207197,0.0,1.0,0.0,1.0,0.0,1.0,1.0,0.0,0.0,1.0,0.0,1.0,0.0,0.0,1.0,0.0,0.0,0.0,0.0,1.0,1.0,0.0,0.0,1.0,0.0,0.0,1.0,0.0,0.0,1.0,0.0,0.0,1.0,0.0,0.0,0.0,1.0,0.0,0.0,1.0,0.0,0.0,1.0,2.0,1.0,0.0,0.0,0.9430988729930727,1.0,0.0,0.0,1.0,0.0,0.0,1.0,0.0,0.0
4765-OXPPD,0,-0.9516816739185228,0.00792037508186511,-0.7148341848226816,1.0,0.0,0.0,1.0,0.0,1.0,0.0,1.0,1.0,0.0,0.0,1.0,0.0,0.0,0.0,0.0,1.0,0.0,0.0,1.0,0.0,0.0,1.0,0.0,0.0,1.0,1.0,0.0,0.0,1.0,0.0,0.0,1.0,0.0,0.0,1.0,0.0,0.0,0.0,0.0,1.0,0.0,1.0,6.0,1.0,0.0,0.0,0.7511274036405174,1.0,0.0,0.0,1.0,0.0,0.0,1.0,0.0,0.0
2804-ETQDK,0,1.369379058123207,-1.4694171580658184,-0.4086280246698118,0.0,1.0,1.0,0.0,0.0,1.0,0.0,1.0,1.0,0.0,0.0,0.0,0.0,1.0,0.0,1.0,0.0,0.0,1.0,0.0,0.0,1.0,0.0,0.0,1.0,0.0,0.0,1.0,0.0,0.0,1.0,0.0,0.0,0.0,1.0,1.0,0.0,0.0,0.0,0.0,1.0,1.0,0.0,1.0,0.0,1.0,0.0,-0.298403880390762,0.0,1.0,0.0,0.0,1.0,0.0,0.0,1.0,0.0
6689-VRRTK,1,0.47353105628253944,1.4968904872307114,1.1369619624428473,1.0,0.0,1.0,0.0,1.0,0.0,0.0,1.0,0.0,0.0,1.0,0.0,1.0,0.0,0.0,0.0,1.0,0.0,0.0,1.0,0.0,0.0,1.0,1.0,0.0,0.0,0.0,0.0,1.0,0.0,0.0,1.0,0.0,1.0,0.0,0.0,1.0,0.0,1.0,0.0,0.0,1.0,0.0,8.0,0.0,0.0,1.0,2.4010293461395738,0.0,0.0,1.0,0.0,0.0,1.0,0.0,0.0,1.0
7138-GIRSH,0,0.7178532386027215,0.1574821050968162,0.5007034596484359,0.0,1.0,1.0,0.0,1.0,0.0,0.0,1.0,0.0,0.0,1.0,1.0,0.0,0.0,1.0,0.0,0.0,1.0,0.0,0.0,0.0,0.0,1.0,0.0,0.0,1.0,1.0,0.0,0.0,0.0,0.0,1.0,0.0,0.0,1.0,1.0,0.0,1.0,0.0,0.0,0.0,1.0,0.0,6.0,0.0,1.0,0.0,0.6975011502672039,0.0,1.0,0.0,0.0,1.0,0.0,0.0,1.0,0.0
9396-ZSFLL,0,-0.7073594915983407,-0.5288400559717926,-0.7287977680931063,1.0,0.0,1.0,0.0,1.0,0.0,0.0,1.0,0.0,0.0,1.0,1.0,0.0,0.0,1.0,0.0,0.0,1.0,0.0,0.0,1.0,0.0,0.0,1.0,0.0,0.0,1.0,0.0,0.0,1.0,0.0,0.0,1.0,0.0,0.0,1.0,0.0,0.0,0.0,0.0,1.0,1.0,0.0,3.0,1.0,0.0,0.0,1.0303074698924644,1.0,0.0,0.0,1.0,0.0,0.0,1.0,0.0,0.0
6464-KEXXH,0,-0.9924020376385531,-1.3132082400502028,-0.925170308809254,0.0,1.0,1.0,0.0,1.0,0.0,1.0,0.0,0.0,1.0,0.0,1.0,0.0,0.0,1.0,0.0,0.0,1.0,0.0,0.0,1.0,0.0,0.0,1.0,0.0,0.0,1.0,0.0,0.0,1.0,0.0,0.0,1.0,0.0,0.0,0.0,1.0,0.0,1.0,0.0,0.0,1.0,0.0,1.0,1.0,0.0,0.0,0.9322535360877747,1.0,0.0,0.0,1.0,0.0,0.0,1.0,0.0,0.0
7134-MJPDY,1,1.369379058123207,1.2659007042076202,2.0706911135811423,1.0,0.0,1.0,0.0,1.0,0.0,0.0,1.0,0.0,0.0,1.0,0.0,1.0,0.0,1.0,0.0,0.0,1.0,0.0,0.0,0.0,0.0,1.0,0.0,0.0,1.0,0.0,0.0,1.0,0.0,0.0,1.0,0.0,1.0,0.0,0.0,1.0,0.0,1.0,0.0,0.0,1.0,0.0,7.0,0.0,1.0,0.0,1.512138732732713,0.0,1.0,0.0,0.0,1.0,0.0,0.0,1.0,0.0
5240-CAOYT,0,1.002895784642934,0.7573908221567865,1.1477710553378049,1.0,0.0,1.0,0.0,1.0,0.0,0.0,1.0,0.0,0.0,1.0,0.0,1.0,0.0,0.0,0.0,1.0,0.0,0.0,1.0,1.0,0.0,0.0,0.0,0.0,1.0,1.0,0.0,0.0,1.0,0.0,0.0,1.0,0.0,0.0,0.0,1.0,1.0,0.0,0.0,0.0,1.0,0.0,6.0,0.0,1.0,0.0,1.1444569544645673,0.0,1.0,0.0,0.0,1.0,0.0,0.0,1.0,0.0
4059-IIEBK,0,-1.0331224013585834,0.4582673621268844,-0.7766445486832348,1.0,0.0,1.0,0.0,1.0,0.0,0.0,1.0,0.0,0.0,1.0,0.0,1.0,0.0,1.0,0.0,0.0,0.0,0.0,1.0,1.0,0.0,0.0,1.0,0.0,0.0,1.0,0.0,0.0,1.0,0.0,0.0,1.0,0.0,0.0,0.0,1.0,1.0,0.0,0.0,0.0,1.0,0.0,4.0,1.0,0.0,0.0,0.751744950706641,1.0,0.0,0.0,1.0,0.0,0.0,1.0,0.0,0.0
4881-JVQOD,1,-0.9109613101984924,-1.004113998019304,-0.8473889587120695,0.0,1.0,0.0,1.0,0.0,1.0,1.0,0.0,0.0,1.0,0.0,1.0,0.0,0.0,1.0,0.0,0.0,1.0,0.0,0.0,1.0,0.0,0.0,1.0,0.0,0.0,1.0,0.0,0.0,0.0,0.0,1.0,1.0,0.0,0.0,0.0,1.0,1.0,0.0,0.0,0.0,1.0,0.0,2.0,1.0,0.0,0.0,0.930213993970204,1.0,0.0,0.0,1.0,0.0,0.0,1.0,0.0,0.0
0516-UXRMT,0,1.2064976032430856,0.9069525521717376,1.5320232780669194,1.0,0.0,1.0,0.0,1.0,0.0,0.0,1.0,0.0,0.0,1.0,0.0,1.0,0.0,0.0,0.0,1.0,0.0,0.0,1.0,0.0,0.0,1.0,1.0,0.0,0.0,1.0,0.0,0.0,1.0,0.0,0.0,0.0,1.0,0.0,0.0,1.0,0.0,0.0,1.0,0.0,1.0,0.0,6.0,0.0,1.0,0.0,1.2698104612465166,0.0,1.0,0.0,0.0,1.0,0.0,0.0,1.0,0.0
4851-BQDNX,0,0.3106496014024181,0.6743009721484804,0.4731071837064117,0.0,1.0,0.0,1.0,0.0,1.0,0.0,1.0,1.0,0.0,0.0,0.0,1.0,0.0,1.0,0.0,0.0,1.0,0.0,0.0,0.0,0.0,1.0,1.0,0.0,0.0,0.0,0.0,1.0,1.0,0.0,0.0,0.0,1.0,0.0,0.0,1.0,0.0,0.0,1.0,0.0,1.0,0.0,4.0,0.0,0.0,1.0,1.5229608586992671,0.0,0.0,1.0,0.0,0.0,1.0,0.0,0.0,1.0
5148-HKFIR,0,-0.5037576729981889,-1.4976677070686424,-0.8278222946348708,1.0,0.0,1.0,0.0,1.0,0.0,0.0,1.0,1.0,0.0,0.0,0.0,0.0,1.0,0.0,1.0,0.0,0.0,1.0,0.0,0.0,1.0,0.0,0.0,1.0,0.0,0.0,1.0,0.0,0.0,1.0,0.0,0.0,0.0,1.0,1.0,0.0,0.0,0.0,0.0,1.0,1.0,0.0,1.0,1.0,0.0,0.0,1.6432946613159518,1.0,0.0,0.0,1.0,0.0,0.0,1.0,0.0,0.0
1009-IRMNA,0,-1.0331224013585834,-1.4876969250676457,-0.9466561383596391,1.0,0.0,1.0,0.0,1.0,0.0,0.0,1.0,1.0,0.0,0.0,0.0,0.0,1.0,0.0,1.0,0.0,0.0,1.0,0.0,0.0,1.0,0.0,0.0,1.0,0.0,0.0,1.0,0.0,0.0,1.0,0.0,1.0,0.0,0.0,1.0,0.0,1.0,0.0,0.0,0.0,0.0,1.0,1.0,1.0,0.0,0.0,0.91630588700309,1.0,0.0,0.0,1.0,0.0,0.0,1.0,0.0,0.0
3003-CMDUU,0,-0.30015585439803716,1.0099839661820376,0.04958927658336952,1.0,0.0,0.0,1.0,1.0,0.0,0.0,1.0,1.0,0.0,0.0,0.0,1.0,0.0,1.0,0.0,0.0,1.0,0.0,0.0,1.0,0.0,0.0,0.0,0.0,1.0,0.0,0.0,1.0,0.0,0.0,1.0,1.0,0.0,0.0,0.0,1.0,0.0,0.0,1.0,0.0,1.0,0.0,5.0,0.0,0.0,1.0,-0.16521175868057233,0.0,0.0,1.0,0.0,0.0,1.0,0.0,0.0,1.0
5016-IBERQ,0,-0.38159658183809786,0.6477122201458225,-0.13906248349352276,0.0,1.0,0.0,1.0,1.0,0.0,0.0,1.0,0.0,0.0,1.0,0.0,1.0,0.0,1.0,0.0,0.0,0.0,0.0,1.0,0.0,0.0,1.0,1.0,0.0,0.0,1.0,0.0,0.0,1.0,0.0,0.0,1.0,0.0,0.0,1.0,0.0,0.0,0.0,1.0,0.0,1.0,0.0,5.0,0.0,0.0,1.0,0.36442277030805165,0.0,0.0,1.0,0.0,0.0,1.0,0.0,0.0,1.0
6797-UCJHZ,1,1.369379058123207,1.3240635992134344,2.0012923253208634,1.0,0.0,0.0,1.0,1.0,0.0,0.0,1.0,0.0,0.0,1.0,0.0,1.0,0.0,1.0,0.0,0.0,0.0,0.0,1.0,0.0,0.0,1.0,1.0,0.0,0.0,0.0,0.0,1.0,0.0,0.0,1.0,0.0,1.0,0.0,1.0,0.0,0.0,1.0,0.0,0.0,1.0,0.0,7.0,0.0,1.0,0.0,1.4614597130349873,0.0,1.0,0.0,0.0,1.0,0.0,0.0,1.0,0.0
2469-DTSGX,1,1.6137012404433893,1.5583769762368582,2.497187036093611,1.0,0.0,1.0,0.0,1.0,0.0,0.0,1.0,0.0,0.0,1.0,0.0,1.0,0.0,1.0,0.0,0.0,0.0,0.0,1.0,0.0,0.0,1.0,0.0,0.0,1.0,0.0,0.0,1.0,0.0,0.0,1.0,0.0,0.0,1.0,1.0,0.0,0.0,0.0,1.0,0.0,1.0,0.0,8.0,0.0,1.0,0.0,1.547490312027938,0.0,1.0,0.0,0.0,1.0,0.0,0.0,1.0,0.0
4554-YGZIH,1,0.6771328748826912,0.8404806721650927,0.9988261671199403,0.0,1.0,0.0,1.0,1.0,0.0,0.0,1.0,0.0,0.0,1.0,0.0,1.0,0.0,1.0,0.0,0.0,0.0,0.0,1.0,1.0,0.0,0.0,1.0,0.0,0.0,1.0,0.0,0.0,0.0,0.0,1.0,1.0,0.0,0.0,1.0,0.0,0.0,1.0,0.0,0.0,0.0,1.0,5.0,0.0,1.0,0.0,1.4750814857319994,0.0,1.0,0.0,0.0,1.0,0.0,0.0,1.0,0.0
5099-BAILX,1,0.43281069256250915,1.5284646302338678,1.0608791840862988,0.0,1.0,0.0,1.0,0.0,1.0,0.0,1.0,0.0,0.0,1.0,0.0,1.0,0.0,1.0,0.0,0.0,0.0,0.0,1.0,0.0,0.0,1.0,0.0,0.0,1.0,0.0,0.0,1.0,0.0,0.0,1.0,1.0,0.0,0.0,0.0,1.0,1.0,0.0,0.0,0.0,0.0,1.0,8.0,0.0,0.0,1.0,2.451139036804365,0.0,0.0,1.0,0.0,0.0,1.0,0.0,0.0,1.0
9931-KGHOA,0,0.5549717837226001,-0.3244390249513595,0.08411219572746874,1.0,0.0,0.0,1.0,1.0,0.0,0.0,1.0,0.0,0.0,1.0,1.0,0.0,0.0,0.0,0.0,1.0,1.0,0.0,0.0,1.0,0.0,0.0,1.0,0.0,0.0,1.0,0.0,0.0,1.0,0.0,0.0,1.0,0.0,0.0,1.0,0.0,1.0,0.0,0.0,0.0,1.0,0.0,4.0,0.0,1.0,0.0,0.15156121120837343,0.0,1.0,0.0,0.0,1.0,0.0,0.0,1.0,0.0
1775-KWJKQ,0,1.6137012404433893,0.8338334841644282,1.8881056811493788,0.0,1.0,0.0,1.0,0.0,1.0,0.0,1.0,0.0,0.0,1.0,1.0,0.0,0.0,0.0,0.0,1.0,0.0,0.0,1.0,0.0,0.0,1.0,0.0,0.0,1.0,0.0,0.0,1.0,0.0,0.0,1.0,0.0,0.0,1.0,1.0,0.0,0.0,1.0,0.0,0.0,1.0,0.0,9.0,0.0,1.0,0.0,1.1700466194291286,0.0,1.0,0.0,0.0,1.0,0.0,0.0,1.0,0.0
7665-VIGUD,0,-0.9109613101984924,-1.4760643460664828,-0.9295821834602571,0.0,1.0,1.0,0.0,1.0,0.0,0.0,1.0,1.0,0.0,0.0,0.0,0.0,1.0,0.0,1.0,0.0,0.0,1.0,0.0,0.0,1.0,0.0,0.0,1.0,0.0,0.0,1.0,0.0,0.0,1.0,0.0,0.0,1.0,0.0,1.0,0.0,0.0,0.0,0.0,1.0,1.0,0.0,1.0,1.0,0.0,0.0,1.020440904628219,1.0,0.0,0.0,1.0,0.0,0.0,1.0,0.0,0.0
9411-TPQQV,0,0.3106496014024181,-0.3393951979528547,-0.020780124100129832,1.0,0.0,1.0,0.0,1.0,0.0,1.0,0.0,0.0,1.0,0.0,1.0,0.0,0.0,0.0,0.0,1.0,1.0,0.0,0.0,1.0,0.0,0.0,0.0,0.0,1.0,0.0,0.0,1.0,0.0,0.0,1.0,0.0,1.0,0.0,0.0,1.0,1.0,0.0,0.0,0.0,1.0,0.0,5.0,0.0,0.0,1.0,-0.06689248595948168,0.0,0.0,1.0,0.0,0.0,1.0,0.0,0.0,1.0
7207-RMRDB,0,1.3286586944031769,1.3539759452164248,2.0746176820205346,1.0,0.0,0.0,1.0,0.0,1.0,0.0,1.0,0.0,0.0,1.0,0.0,1.0,0.0,1.0,0.0,0.0,0.0,0.0,1.0,0.0,0.0,1.0,1.0,0.0,0.0,0.0,0.0,1.0,0.0,0.0,1.0,1.0,0.0,0.0,0.0,1.0,0.0,0.0,1.0,0.0,0.0,1.0,7.0,0.0,1.0,0.0,1.5614376293623222,0.0,1.0,0.0,0.0,1.0,0.0,0.0,1.0,0.0
7954-MLBUN,0,-0.055833672077855064,1.1528985081963241,0.3646853641580106,0.0,1.0,1.0,0.0,1.0,0.0,0.0,1.0,1.0,0.0,0.0,0.0,1.0,0.0,1.0,0.0,0.0,1.0,0.0,0.0,0.0,0.0,1.0,0.0,0.0,1.0,0.0,0.0,1.0,0.0,0.0,1.0,0.0,0.0,1.0,1.0,0.0,1.0,0.0,0.0,0.0,1.0,0.0,6.0,0.0,0.0,1.0,-6.531638536141586,0.0,0.0,1.0,0.0,0.0,1.0,0.0,0.0,1.0
2077-DDHJK,0,1.4508197855632678,0.20401242110146783,1.1594625231629632,1.0,0.0,0.0,1.0,1.0,0.0,0.0,1.0,0.0,0.0,1.0,1.0,0.0,0.0,0.0,0.0,1.0,0.0,0.0,1.0,0.0,0.0,1.0,0.0,0.0,1.0,1.0,0.0,0.0,1.0,0.0,0.0,0.0,0.0,1.0,1.0,0.0,0.0,1.0,0.0,0.0,1.0,0.0,7.0,0.0,1.0,0.0,0.79917749585474,0.0,1.0,0.0,0.0,1.0,0.0,0.0,1.0,0.0
4913-EHYUI,1,0.9621754209229036,1.3224018022132684,1.5491634110860661,0.0,1.0,0.0,1.0,0.0,1.0,0.0,1.0,0.0,0.0,1.0,0.0,1.0,0.0,0.0,0.0,1.0,1.0,0.0,0.0,0.0,0.0,1.0,1.0,0.0,0.0,0.0,0.0,1.0,0.0,0.0,1.0,0.0,1.0,0.0,0.0,1.0,1.0,0.0,0.0,0.0,0.0,1.0,7.0,0.0,1.0,0.0,1.6100633807503966,0.0,1.0,0.0,0.0,1.0,0.0,0.0,1.0,0.0
0195-IESCP,0,-0.9109613101984924,0.6809481601491449,-0.630015894657147,0.0,1.0,0.0,1.0,1.0,0.0,0.0,1.0,0.0,0.0,1.0,0.0,1.0,0.0,1.0,0.0,0.0,1.0,0.0,0.0,1.0,0.0,0.0,1.0,0.0,0.0,1.0,0.0,0.0,0.0,0.0,1.0,1.0,0.0,0.0,0.0,1.0,0.0,0.0,1.0,0.0,0.0,1.0,4.0,1.0,0.0,0.0,0.6915945689503221,1.0,0.0,0.0,1.0,0.0,0.0,1.0,0.0,0.0
9574-BOSMD,0,1.4508197855632678,-1.3082228490497045,-0.29255160260192037,0.0,1.0,0.0,1.0,0.0,1.0,0.0,1.0,0.0,0.0,1.0,0.0,0.0,1.0,0.0,1.0,0.0,0.0,1.0,0.0,0.0,1.0,0.0,0.0,1.0,0.0,0.0,1.0,0.0,0.0,1.0,0.0,0.0,0.0,1.0,1.0,0.0,1.0,0.0,0.0,0.0,1.0,0.0,2.0,0.0,1.0,0.0,-0.20164572162099362,0.0,1.0,0.0,0.0,1.0,0.0,0.0,1.0,0.0
4580-TMHJU,0,0.43281069256250915,-0.28621769394753876,0.09529629796776173,1.0,0.0,0.0,1.0,0.0,1.0,0.0,1.0,1.0,0.0,0.0,1.0,0.0,0.0,1.0,0.0,0.0,1.0,0.0,0.0,1.0,0.0,0.0,1.0,0.0,0.0,0.0,0.0,1.0,1.0,0.0,0.0,1.0,0.0,0.0,1.0,0.0,0.0,0.0,1.0,0.0,0.0,1.0,3.0,0.0,0.0,1.0,0.22018009167829988,0.0,0.0,1.0,0.0,0.0,1.0,0.0,0.0,1.0
0970-ETWGE,0,-1.2774445836787656,0.8238627021634315,-0.9678551960577089,0.0,1.0,1.0,0.0,1.0,0.0,0.0,1.0,1.0,0.0,0.0,0.0,1.0,0.0,1.0,0.0,0.0,1.0,0.0,0.0,1.0,0.0,0.0,1.0,0.0,0.0,0.0,0.0,1.0,0.0,0.0,1.0,1.0,0.0,0.0,0.0,1.0,0.0,0.0,1.0,0.0,0.0,1.0,4.0,1.0,0.0,0.0,0.7576494576934947,1.0,0.0,0.0,1.0,0.0,0.0,1.0,0.0,0.0
4908-XAXAY,1,0.6771328748826912,0.8338334841644282,0.8840953668206049,1.0,0.0,1.0,0.0,1.0,0.0,0.0,1.0,1.0,0.0,0.0,0.0,1.0,0.0,1.0,0.0,0.0,0.0,0.0,1.0,0.0,0.0,1.0,1.0,0.0,0.0,1.0,0.0,0.0,0.0,0.0,1.0,0.0,1.0,0.0,0.0,1.0,1.0,0.0,0.0,0.0,1.0,0.0,5.0,0.0,1.0,0.0,1.3056453166208604,0.0,1.0,0.0,0.0,1.0,0.0,0.0,1.0,0.0
8404-VLQFB,0,-0.7073594915983407,-1.3132082400502028,-0.8331606629625845,1.0,0.0,0.0,1.0,0.0,1.0,0.0,1.0,0.0,0.0,1.0,0.0,0.0,1.0,0.0,1.0,0.0,0.0,1.0,0.0,0.0,1.0,0.0,0.0,1.0,0.0,0.0,1.0,0.0,0.0,1.0,0.0,1.0,0.0,0.0,0.0,1.0,0.0,0.0,1.0,0.0,1.0,0.0,2.0,1.0,0.0,0.0,1.1778461628895163,1.0,0.0,0.0,1.0,0.0,0.0,1.0,0.0,0.0
1626-ERCMM,1,-0.5037576729981889,0.9900424021800438,-0.16926176547963886,0.0,1.0,0.0,1.0,1.0,0.0,0.0,1.0,0.0,0.0,1.0,0.0,1.0,0.0,1.0,0.0,0.0,1.0,0.0,0.0,1.0,0.0,0.0,1.0,0.0,0.0,0.0,0.0,1.0,0.0,0.0,1.0,1.0,0.0,0.0,0.0,1.0,0.0,0.0,1.0,0.0,0.0,1.0,5.0,1.0,0.0,0.0,0.33599838682804023,1.0,0.0,0.0,1.0,0.0,0.0,1.0,0.0,0.0
0887-HJGAR,0,-1.2774445836787656,-0.6335332669822583,-0.9872012664023576,0.0,1.0,1.0,0.0,1.0,0.0,0.0,1.0,1.0,0.0,0.0,1.0,0.0,0.0,1.0,0.0,0.0,1.0,0.0,0.0,1.0,0.0,0.0,1.0,0.0,0.0,1.0,0.0,0.0,1.0,0.0,0.0,1.0,0.0,0.0,0.0,1.0,0.0,0.0,0.0,1.0,0.0,1.0,2.0,1.0,0.0,0.0,0.7727938096221993,1.0,0.0,0.0,1.0,0.0,0.0,1.0,0.0,0.0
2391-IPLOP,0,0.7178532386027215,0.16246749609731476,0.5112698994375885,0.0,1.0,0.0,1.0,0.0,1.0,0.0,1.0,0.0,0.0,1.0,1.0,0.0,0.0,1.0,0.0,0.0,1.0,0.0,0.0,0.0,0.0,1.0,0.0,0.0,1.0,0.0,0.0,1.0,1.0,0.0,0.0,0.0,1.0,0.0,0.0,1.0,0.0,0.0,1.0,0.0,1.0,0.0,6.0,0.0,1.0,0.0,0.7122206489348144,0.0,1.0,0.0,0.0,1.0,0.0,0.0,1.0,0.0
5644-PDMZC,1,-1.2367242199587352,0.8222009051632655,-0.9361117579437417,1.0,0.0,1.0,0.0,1.0,0.0,0.0,1.0,0.0,0.0,1.0,0.0,1.0,0.0,1.0,0.0,0.0,0.0,0.0,1.0,1.0,0.0,0.0,1.0,0.0,0.0,1.0,0.0,0.0,0.0,0.0,1.0,1.0,0.0,0.0,1.0,0.0,0.0,0.0,1.0,0.0,0.0,1.0,5.0,1.0,0.0,0.0,0.756928458937253,1.0,0.0,0.0,1.0,0.0,0.0,1.0,0.0,0.0
3509-GWQGF,1,-0.3408762181180675,0.17410007509847744,-0.24296213152464563,0.0,1.0,1.0,0.0,1.0,0.0,0.0,1.0,1.0,0.0,0.0,0.0,1.0,0.0,1.0,0.0,0.0,1.0,0.0,0.0,1.0,0.0,0.0,1.0,0.0,0.0,1.0,0.0,0.0,1.0,0.0,0.0,1.0,0.0,0.0,1.0,0.0,0.0,1.0,0.0,0.0,1.0,0.0,2.0,0.0,0.0,1.0,0.7127576481163966,0.0,0.0,1.0,0.0,0.0,1.0,0.0,0.0,1.0
9576-ANLXO,0,-1.1960038562387048,0.15914390209698223,-0.9092875600656428,1.0,0.0,1.0,0.0,1.0,0.0,0.0,1.0,1.0,0.0,0.0,0.0,1.0,0.0,1.0,0.0,0.0,1.0,0.0,0.0,1.0,0.0,0.0,1.0,0.0,0.0,1.0,0.0,0.0,1.0,0.0,0.0,1.0,0.0,0.0,0.0,1.0,1.0,0.0,0.0,0.0,0.0,1.0,2.0,1.0,0.0,0.0,0.7602714283256979,1.0,0.0,0.0,1.0,0.0,0.0,1.0,0.0,0.0
2024-BASKD,0,-1.2774445836787656,0.32698539911376057,-0.9744509486609586,1.0,0.0,1.0,0.0,1.0,0.0,0.0,1.0,1.0,0.0,0.0,0.0,1.0,0.0,1.0,0.0,0.0,1.0,0.0,0.0,0.0,0.0,1.0,1.0,0.0,0.0,1.0,0.0,0.0,1.0,0.0,0.0,1.0,0.0,0.0,0.0,1.0,0.0,0.0,0.0,1.0,0.0,1.0,3.0,1.0,0.0,0.0,0.7628126974046494,1.0,0.0,0.0,1.0,0.0,0.0,1.0,0.0,0.0
5845-BZZIB,0,0.10704778280226633,-1.4843733310673135,-0.7182533876772089,0.0,1.0,0.0,1.0,0.0,1.0,0.0,1.0,1.0,0.0,0.0,0.0,0.0,1.0,0.0,1.0,0.0,0.0,1.0,0.0,0.0,1.0,0.0,0.0,1.0,0.0,0.0,1.0,0.0,0.0,1.0,0.0,0.0,0.0,1.0,1.0,0.0,0.0,0.0,0.0,1.0,1.0,0.0,1.0,0.0,0.0,1.0,-6.7096521653693015,0.0,0.0,1.0,0.0,0.0,1.0,0.0,0.0,1.0
1140-UKVZG,0,-0.62591876415828,-1.328164413051698,-0.7976891907685196,1.0,0.0,1.0,0.0,1.0,0.0,0.0,1.0,0.0,0.0,1.0,0.0,0.0,1.0,0.0,1.0,0.0,0.0,1.0,0.0,0.0,1.0,0.0,0.0,1.0,0.0,0.0,1.0,0.0,0.0,1.0,0.0,1.0,0.0,0.0,1.0,0.0,0.0,0.0,0.0,1.0,1.0,0.0,2.0,1.0,0.0,0.0,1.27442926533962,1.0,0.0,0.0,1.0,0.0,0.0,1.0,0.0,0.0
4160-AMJTL,1,-0.9924020376385531,-1.4993295040688086,-0.9348764330414607,1.0,0.0,1.0,0.0,1.0,0.0,0.0,1.0,1.0,0.0,0.0,0.0,0.0,1.0,0.0,1.0,0.0,0.0,1.0,0.0,0.0,1.0,0.0,0.0,1.0,0.0,0.0,1.0,0.0,0.0,1.0,0.0,1.0,0.0,0.0,1.0,0.0,0.0,0.0,1.0,0.0,0.0,1.0,1.0,1.0,0.0,0.0,0.9420339717016543,1.0,0.0,0.0,1.0,0.0,0.0,1.0,0.0,0.0
5183-SNMJQ,0,-0.9109613101984924,1.0083221691818711,-0.625692257499164,0.0,1.0,1.0,0.0,1.0,0.0,0.0,1.0,1.0,0.0,0.0,0.0,1.0,0.0,1.0,0.0,0.0,1.0,0.0,0.0,1.0,0.0,0.0,0.0,0.0,1.0,0.0,0.0,1.0,0.0,0.0,1.0,1.0,0.0,0.0,0.0,1.0,0.0,1.0,0.0,0.0,1.0,0.0,5.0,1.0,0.0,0.0,0.6868483331776515,1.0,0.0,0.0,1.0,0.0,0.0,1.0,0.0,0.0
8100-PNJMH,0,1.4508197855632678,0.8005975441611056,1.6983068336632259,0.0,1.0,0.0,1.0,0.0,1.0,0.0,1.0,0.0,0.0,1.0,1.0,0.0,0.0,0.0,0.0,1.0,0.0,0.0,1.0,0.0,0.0,1.0,0.0,0.0,1.0,0.0,0.0,1.0,0.0,0.0,1.0,0.0,0.0,1.0,0.0,1.0,0.0,1.0,0.0,0.0,1.0,0.0,9.0,0.0,1.0,0.0,1.1705842797035424,0.0,1.0,0.0,0.0,1.0,0.0,0.0,1.0,0.0
7838-LAZFO,0,0.5142514200025698,0.466576347127715,0.5798083721409215,0.0,1.0,0.0,1.0,1.0,0.0,0.0,1.0,1.0,0.0,0.0,1.0,0.0,0.0,0.0,0.0,1.0,0.0,0.0,1.0,0.0,0.0,1.0,1.0,0.0,0.0,0.0,0.0,1.0,0.0,0.0,1.0,0.0,1.0,0.0,1.0,0.0,1.0,0.0,0.0,0.0,1.0,0.0,7.0,0.0,1.0,0.0,1.12748035219431,0.0,1.0,0.0,0.0,1.0,0.0,0.0,1.0,0.0
4464-JCOLN,0,-1.2367242199587352,-1.4926823160681442,-0.9915249035603405,0.0,1.0,0.0,1.0,0.0,1.0,0.0,1.0,1.0,0.0,0.0,0.0,0.0,1.0,0.0,1.0,0.0,0.0,1.0,0.0,0.0,1.0,0.0,0.0,1.0,0.0,0.0,1.0,0.0,0.0,1.0,0.0,0.0,1.0,0.0,1.0,0.0,0.0,0.0,0.0,1.0,0.0,1.0,1.0,1.0,0.0,0.0,0.8017348472349187,1.0,0.0,0.0,1.0,0.0,0.0,1.0,0.0,0.0
2085-JVGAD,0,0.18848851024232702,-1.4760643460664828,-0.6995690985302108,0.0,1.0,0.0,1.0,1.0,0.0,0.0,1.0,1.0,0.0,0.0,0.0,0.0,1.0,0.0,1.0,0.0,0.0,1.0,0.0,0.0,1.0,0.0,0.0,1.0,0.0,0.0,1.0,0.0,0.0,1.0,0.0,1.0,0.0,0.0,1.0,0.0,1.0,0.0,0.0,0.0,1.0,0.0,1.0,0.0,0.0,1.0,-3.711468129441003,0.0,0.0,1.0,0.0,0.0,1.0,0.0,0.0,1.0
5650-VDUDS,0,-1.1552834925186746,-1.3464441800535252,-0.9649874775345569,1.0,0.0,1.0,0.0,1.0,0.0,1.0,0.0,0.0,1.0,0.0,1.0,0.0,0.0,1.0,0.0,0.0,1.0,0.0,0.0,1.0,0.0,0.0,1.0,0.0,0.0,1.0,0.0,0.0,1.0,0.0,0.0,1.0,0.0,0.0,0.0,1.0,0.0,0.0,0.0,1.0,0.0,1.0,1.0,1.0,0.0,0.0,0.8352819751892702,1.0,0.0,0.0,1.0,0.0,0.0,1.0,0.0,0.0
8095-WANWK,0,-0.9109613101984924,-0.6484894399837535,-0.818226467268939,1.0,0.0,1.0,0.0,1.0,0.0,0.0,1.0,1.0,0.0,0.0,1.0,0.0,0.0,1.0,0.0,0.0,1.0,0.0,0.0,1.0,0.0,0.0,1.0,0.0,0.0,1.0,0.0,0.0,1.0,0.0,0.0,1.0,0.0,0.0,1.0,0.0,0.0,0.0,0.0,1.0,1.0,0.0,2.0,1.0,0.0,0.0,0.8982011179933129,1.0,0.0,0.0,1.0,0.0,0.0,1.0,0.0,0.0
3030-ZKIWL,0,-1.2774445836787656,-1.4860351280674797,-0.9985177248821804,0.0,1.0,1.0,0.0,1.0,0.0,0.0,1.0,1.0,0.0,0.0,0.0,0.0,1.0,0.0,1.0,0.0,0.0,1.0,0.0,0.0,1.0,0.0,0.0,1.0,0.0,0.0,1.0,0.0,0.0,1.0,0.0,1.0,0.0,0.0,1.0,0.0,0.0,0.0,0.0,1.0,1.0,0.0,1.0,1.0,0.0,0.0,0.7816524784242805,1.0,0.0,0.0,1.0,0.0,0.0,1.0,0.0,0.0
9565-FLVCG,0,1.3286586944031769,0.15914390209698223,0.9599575514446029,0.0,1.0,0.0,1.0,0.0,1.0,0.0,1.0,0.0,0.0,1.0,1.0,0.0,0.0,0.0,0.0,1.0,0.0,0.0,1.0,1.0,0.0,0.0,1.0,0.0,0.0,1.0,0.0,0.0,0.0,0.0,1.0,0.0,0.0,1.0,0.0,1.0,0.0,0.0,0.0,1.0,1.0,0.0,6.0,0.0,1.0,0.0,0.7225012378937605,0.0,1.0,0.0,0.0,1.0,0.0,0.0,1.0,0.0
8755-OGKNA,0,1.002895784642934,-1.504314895069307,-0.49223304930632045,1.0,0.0,0.0,1.0,0.0,1.0,0.0,1.0,1.0,0.0,0.0,0.0,0.0,1.0,0.0,1.0,0.0,0.0,1.0,0.0,0.0,1.0,0.0,0.0,1.0,0.0,0.0,1.0,0.0,0.0,1.0,0.0,0.0,0.0,1.0,1.0,0.0,1.0,0.0,0.0,0.0,1.0,0.0,1.0,0.0,1.0,0.0,-0.4908117641371607,0.0,1.0,0.0,0.0,1.0,0.0,0.0,1.0,0.0
2800-VEQXM,0,-1.1960038562387048,0.3319707901142591,-0.9023167981170581,1.0,0.0,1.0,0.0,1.0,0.0,0.0,1.0,1.0,0.0,0.0,0.0,1.0,0.0,1.0,0.0,0.0,1.0,0.0,0.0,0.0,0.0,1.0,1.0,0.0,0.0,1.0,0.0,0.0,1.0,0.0,0.0,1.0,0.0,0.0,0.0,1.0,0.0,0.0,0.0,1.0,1.0,0.0,3.0,1.0,0.0,0.0,0.7544430508399372,1.0,0.0,0.0,1.0,0.0,0.0,1.0,0.0,0.0
7538-GWHML,0,-1.2367242199587352,0.16246749609731476,-0.9433251729981318,1.0,0.0,1.0,0.0,1.0,0.0,0.0,1.0,1.0,0.0,0.0,0.0,1.0,0.0,1.0,0.0,0.0,1.0,0.0,0.0,1.0,0.0,0.0,1.0,0.0,0.0,1.0,0.0,0.0,1.0,0.0,0.0,1.0,0.0,0.0,1.0,0.0,0.0,0.0,1.0,0.0,0.0,1.0,2.0,1.0,0.0,0.0,0.7627611376686768,1.0,0.0,0.0,1.0,0.0,0.0,1.0,0.0,0.0
5533-RJFTJ,0,0.6771328748826912,-1.1486903370337564,-0.3662740280201821,0.0,1.0,1.0,0.0,1.0,0.0,1.0,0.0,0.0,1.0,0.0,1.0,0.0,0.0,1.0,0.0,0.0,1.0,0.0,0.0,0.0,0.0,1.0,1.0,0.0,0.0,1.0,0.0,0.0,1.0,0.0,0.0,1.0,0.0,0.0,0.0,1.0,1.0,0.0,0.0,0.0,1.0,0.0,2.0,0.0,1.0,0.0,-0.5409189859281853,0.0,1.0,0.0,0.0,1.0,0.0,0.0,1.0,0.0
3859-CVCET,0,-1.1552834925186746,-0.6351950639824246,-0.9230746683500275,1.0,0.0,1.0,0.0,1.0,0.0,0.0,1.0,1.0,0.0,0.0,1.0,0.0,0.0,1.0,0.0,0.0,1.0,0.0,0.0,1.0,0.0,0.0,1.0,0.0,0.0,1.0,0.0,0.0,1.0,0.0,0.0,1.0,0.0,0.0,1.0,0.0,0.0,0.0,0.0,1.0,0.0,1.0,2.0,1.0,0.0,0.0,0.7990027333789732,1.0,0.0,0.0,1.0,0.0,0.0,1.0,0.0,0.0
0214-JHPFW,0,1.5322605130033284,-0.23137839294205673,0.7747249942222383,1.0,0.0,0.0,1.0,1.0,0.0,1.0,0.0,0.0,1.0,0.0,1.0,0.0,0.0,1.0,0.0,0.0,0.0,0.0,1.0,0.0,0.0,1.0,0.0,0.0,1.0,0.0,0.0,1.0,0.0,0.0,1.0,0.0,0.0,1.0,1.0,0.0,1.0,0.0,0.0,0.0,1.0,0.0,6.0,0.0,1.0,0.0,0.5056091882859579,0.0,1.0,0.0,0.0,1.0,0.0,0.0,1.0,0.0
5642-MHDQT,0,0.8400143297628127,-1.4926823160681442,-0.548771222958925,1.0,0.0,0.0,1.0,0.0,1.0,0.0,1.0,1.0,0.0,0.0,0.0,0.0,1.0,0.0,1.0,0.0,0.0,1.0,0.0,0.0,1.0,0.0,0.0,1.0,0.0,0.0,1.0,0.0,0.0,1.0,0.0,0.0,1.0,0.0,0.0,1.0,1.0,0.0,0.0,0.0,1.0,0.0,1.0,0.0,1.0,0.0,-0.653287930354565,0.0,1.0,0.0,0.0,1.0,0.0,0.0,1.0,0.0
3088-FVYWK,0,0.8400143297628127,-1.303237458049206,-0.4178929614369183,0.0,1.0,0.0,1.0,0.0,1.0,0.0,1.0,0.0,0.0,1.0,0.0,0.0,1.0,0.0,1.0,0.0,0.0,1.0,0.0,0.0,1.0,0.0,0.0,1.0,0.0,0.0,1.0,0.0,0.0,1.0,0.0,0.0,0.0,1.0,1.0,0.0,0.0,1.0,0.0,0.0,1.0,0.0,2.0,0.0,1.0,0.0,-0.4974831340733378,0.0,1.0,0.0,0.0,1.0,0.0,0.0,1.0,0.0
3276-HDUEG,0,-1.2774445836787656,0.3419415721152558,-0.9742524143016634,1.0,0.0,1.0,0.0,1.0,0.0,0.0,1.0,0.0,0.0,1.0,0.0,1.0,0.0,1.0,0.0,0.0,1.0,0.0,0.0,1.0,0.0,0.0,1.0,0.0,0.0,1.0,0.0,0.0,1.0,0.0,0.0,1.0,0.0,0.0,0.0,1.0,0.0,0.0,0.0,1.0,0.0,1.0,3.0,1.0,0.0,0.0,0.7626572821625076,1.0,0.0,0.0,1.0,0.0,0.0,1.0,0.0,0.0
9092-GDZKO,0,-0.4223169455581282,-1.3265026160515319,-0.789681638276949,0.0,1.0,1.0,0.0,1.0,0.0,0.0,1.0,0.0,0.0,1.0,0.0,0.0,1.0,0.0,1.0,0.0,0.0,1.0,0.0,0.0,1.0,0.0,0.0,1.0,0.0,0.0,1.0,0.0,0.0,1.0,0.0,1.0,0.0,0.0,0.0,1.0,0.0,1.0,0.0,0.0,1.0,0.0,2.0,0.0,0.0,1.0,1.8698791194213549,0.0,0.0,1.0,0.0,0.0,1.0,0.0,0.0,1.0
0823-HSCDJ,1,0.7992939660427822,-0.518869273970796,0.11806157116693766,0.0,1.0,1.0,0.0,1.0,0.0,1.0,0.0,0.0,1.0,0.0,1.0,0.0,0.0,1.0,0.0,0.0,0.0,0.0,1.0,1.0,0.0,0.0,1.0,0.0,0.0,0.0,0.0,1.0,0.0,0.0,1.0,1.0,0.0,0.0,0.0,1.0,0.0,0.0,1.0,0.0,0.0,1.0,4.0,0.0,1.0,0.0,0.1477073219399462,0.0,1.0,0.0,0.0,1.0,0.0,0.0,1.0,0.0
3729-OWRVL,1,1.3286586944031769,1.5151702542325387,2.1895470166791653,0.0,1.0,1.0,0.0,1.0,0.0,0.0,1.0,0.0,0.0,1.0,0.0,1.0,0.0,0.0,0.0,1.0,1.0,0.0,0.0,0.0,0.0,1.0,0.0,0.0,1.0,0.0,0.0,1.0,0.0,0.0,1.0,0.0,0.0,1.0,0.0,1.0,0.0,0.0,1.0,0.0,1.0,0.0,8.0,0.0,1.0,0.0,1.647937898500482,0.0,1.0,0.0,0.0,1.0,0.0,0.0,1.0,0.0
2324-AALNO,0,0.6364125111626608,-1.3364733980525287,-0.47619588494992415,1.0,0.0,1.0,0.0,1.0,0.0,0.0,1.0,0.0,0.0,1.0,0.0,0.0,1.0,0.0,1.0,0.0,0.0,1.0,0.0,0.0,1.0,0.0,0.0,1.0,0.0,0.0,1.0,0.0,0.0,1.0,0.0,0.0,1.0,0.0,1.0,0.0,1.0,0.0,0.0,0.0,1.0,0.0,2.0,0.0,1.0,0.0,-0.7482503511440446,0.0,1.0,0.0,0.0,1.0,0.0,0.0,1.0,0.0
0822-GAVAP,0,-1.2367242199587352,-0.9991286070188055,-0.9798996138549474,1.0,0.0,1.0,0.0,1.0,0.0,1.0,0.0,0.0,1.0,0.0,1.0,0.0,0.0,1.0,0.0,0.0,1.0,0.0,0.0,1.0,0.0,0.0,1.0,0.0,0.0,1.0,0.0,0.0,0.0,0.0,1.0,1.0,0.0,0.0,0.0,1.0,0.0,0.0,1.0,0.0,0.0,1.0,2.0,1.0,0.0,0.0,0.7923347809001775,1.0,0.0,0.0,1.0,0.0,0.0,1.0,0.0,0.0
5760-IFJOZ,0,-1.1960038562387048,1.435403998224565,-0.8690071445019847,0.0,1.0,1.0,0.0,1.0,0.0,0.0,1.0,0.0,0.0,1.0,0.0,1.0,0.0,1.0,0.0,0.0,0.0,0.0,1.0,0.0,0.0,1.0,1.0,0.0,0.0,0.0,0.0,1.0,0.0,0.0,1.0,1.0,0.0,0.0,1.0,0.0,0.0,0.0,0.0,1.0,1.0,0.0,7.0,1.0,0.0,0.0,0.726592259689624,1.0,0.0,0.0,1.0,0.0,0.0,1.0,0.0,0.0
2826-UWHIS,0,0.5142514200025698,0.5529897911363537,0.6584941565415616,0.0,1.0,0.0,1.0,1.0,0.0,0.0,1.0,0.0,0.0,1.0,0.0,1.0,0.0,1.0,0.0,0.0,0.0,0.0,1.0,1.0,0.0,0.0,1.0,0.0,0.0,1.0,0.0,0.0,1.0,0.0,0.0,1.0,0.0,0.0,1.0,0.0,1.0,0.0,0.0,0.0,1.0,0.0,4.0,0.0,1.0,0.0,1.2804906917676007,0.0,1.0,0.0,0.0,1.0,0.0,0.0,1.0,0.0
1448-PWKYE,0,-1.2774445836787656,0.5064594751317021,-0.9720685363494169,0.0,1.0,0.0,1.0,0.0,1.0,0.0,1.0,1.0,0.0,0.0,0.0,1.0,0.0,1.0,0.0,0.0,1.0,0.0,0.0,1.0,0.0,0.0,1.0,0.0,0.0,1.0,0.0,0.0,0.0,0.0,1.0,1.0,0.0,0.0,1.0,0.0,0.0,0.0,1.0,0.0,0.0,1.0,3.0,1.0,0.0,0.0,0.7609477144989482,1.0,0.0,0.0,1.0,0.0,0.0,1.0,0.0,0.0
7501-IWUNG,0,1.1657772395230555,0.3003966471111027,1.0291798647188417,1.0,0.0,0.0,1.0,0.0,1.0,0.0,1.0,1.0,0.0,0.0,1.0,0.0,0.0,1.0,0.0,0.0,1.0,0.0,0.0,0.0,0.0,1.0,0.0,0.0,1.0,0.0,0.0,1.0,0.0,0.0,1.0,0.0,0.0,1.0,0.0,1.0,1.0,0.0,0.0,0.0,1.0,0.0,6.0,0.0,1.0,0.0,0.8828272073144106,0.0,1.0,0.0,0.0,1.0,0.0,0.0,1.0,0.0
4957-TREIR,0,-1.1960038562387048,-0.012021188920128179,-0.9210452060105662,0.0,1.0,1.0,0.0,1.0,0.0,0.0,1.0,1.0,0.0,0.0,1.0,0.0,0.0,0.0,0.0,1.0,1.0,0.0,0.0,1.0,0.0,0.0,0.0,0.0,1.0,0.0,0.0,1.0,1.0,0.0,0.0,1.0,0.0,0.0,0.0,1.0,0.0,1.0,0.0,0.0,1.0,0.0,5.0,1.0,0.0,0.0,0.7701022042747822,1.0,0.0,0.0,1.0,0.0,0.0,1.0,0.0,0.0
7251-LJBQN,1,0.3106496014024181,1.2958130502106107,0.8405060452686941,1.0,0.0,1.0,0.0,1.0,0.0,0.0,1.0,0.0,0.0,1.0,0.0,1.0,0.0,1.0,0.0,0.0,1.0,0.0,0.0,0.0,0.0,1.0,0.0,0.0,1.0,0.0,0.0,1.0,0.0,0.0,1.0,0.0,1.0,0.0,0.0,1.0,0.0,1.0,0.0,0.0,1.0,0.0,7.0,0.0,0.0,1.0,2.705640185837211,0.0,0.0,1.0,0.0,0.0,1.0,0.0,0.0,1.0
8040-MNRTF,0,-1.2774445836787656,0.21065960910213194,-0.9759951047888097,1.0,0.0,1.0,0.0,1.0,0.0,0.0,1.0,1.0,0.0,0.0,0.0,1.0,0.0,1.0,0.0,0.0,1.0,0.0,0.0,1.0,0.0,0.0,1.0,0.0,0.0,1.0,0.0,0.0,1.0,0.0,0.0,1.0,0.0,0.0,1.0,0.0,0.0,0.0,0.0,1.0,1.0,0.0,2.0,1.0,0.0,0.0,0.7640214826213078,1.0,0.0,0.0,1.0,0.0,0.0,1.0,0.0,0.0
1536-HBSWP,0,-1.2774445836787656,-0.49394231896830415,-0.9853482790489362,1.0,0.0,1.0,0.0,1.0,0.0,0.0,1.0,1.0,0.0,0.0,1.0,0.0,0.0,1.0,0.0,0.0,1.0,0.0,0.0,1.0,0.0,0.0,0.0,0.0,1.0,1.0,0.0,0.0,1.0,0.0,0.0,1.0,0.0,0.0,0.0,1.0,0.0,0.0,1.0,0.0,1.0,0.0,3.0,1.0,0.0,0.0,0.7713432673622093,1.0,0.0,0.0,1.0,0.0,0.0,1.0,0.0,0.0
5313-FPXWG,0,0.758573602322752,-1.3348116010523623,-0.4486437277544098,0.0,1.0,1.0,0.0,1.0,0.0,0.0,1.0,0.0,0.0,1.0,0.0,0.0,1.0,0.0,1.0,0.0,0.0,1.0,0.0,0.0,1.0,0.0,0.0,1.0,0.0,0.0,1.0,0.0,0.0,1.0,0.0,0.0,1.0,0.0,0.0,1.0,1.0,0.0,0.0,0.0,1.0,0.0,2.0,0.0,1.0,0.0,-0.591430714673781,0.0,1.0,0.0,0.0,1.0,0.0,0.0,1.0,0.0
0067-DKWBL,1,-1.2367242199587352,-0.5155456799704636,-0.9671713554868036,0.0,1.0,1.0,0.0,1.0,0.0,0.0,1.0,1.0,0.0,0.0,1.0,0.0,0.0,0.0,0.0,1.0,1.0,0.0,0.0,1.0,0.0,0.0,1.0,0.0,0.0,1.0,0.0,0.0,1.0,0.0,0.0,1.0,0.0,0.0,0.0,1.0,0.0,0.0,1.0,0.0,0.0,1.0,3.0,1.0,0.0,0.0,0.7820428676646071,1.0,0.0,0.0,1.0,0.0,0.0,1.0,0.0,0.0
0946-FKYTX,0,0.7992939660427822,-1.152013931034089,-0.29113980271359935,0.0,1.0,1.0,0.0,1.0,0.0,1.0,0.0,0.0,1.0,0.0,1.0,0.0,0.0,1.0,0.0,0.0,0.0,0.0,1.0,1.0,0.0,0.0,1.0,0.0,0.0,1.0,0.0,0.0,1.0,0.0,0.0,0.0,1.0,0.0,1.0,0.0,0.0,0.0,0.0,1.0,1.0,0.0,2.0,0.0,1.0,0.0,-0.3642462161387267,0.0,1.0,0.0,0.0,1.0,0.0,0.0,1.0,0.0
5076-YVXCM,0,0.758573602322752,0.6194616711429987,0.8233217935030371,0.0,1.0,1.0,0.0,1.0,0.0,0.0,1.0,0.0,0.0,1.0,0.0,1.0,0.0,1.0,0.0,0.0,1.0,0.0,0.0,1.0,0.0,0.0,1.0,0.0,0.0,1.0,0.0,0.0,0.0,0.0,1.0,1.0,0.0,0.0,1.0,0.0,1.0,0.0,0.0,0.0,1.0,0.0,4.0,0.0,1.0,0.0,1.085355186341874,0.0,1.0,0.0,0.0,1.0,0.0,0.0,1.0,0.0
8262-COGGB,0,-1.2774445836787656,-1.4727407520661506,-0.9983412498961405,0.0,1.0,1.0,0.0,1.0,0.0,0.0,1.0,1.0,0.0,0.0,0.0,0.0,1.0,0.0,1.0,0.0,0.0,1.0,0.0,0.0,1.0,0.0,0.0,1.0,0.0,0.0,1.0,0.0,0.0,1.0,0.0,1.0,0.0,0.0,0.0,1.0,0.0,0.0,0.0,1.0,1.0,0.0,1.0,1.0,0.0,0.0,0.7815143315423769,1.0,0.0,0.0,1.0,0.0,0.0,1.0,0.0,0.0
6663-JOCQO,0,-0.055833672077855064,0.3485887601159204,0.027000478370233758,0.0,1.0,0.0,1.0,0.0,1.0,0.0,1.0,0.0,0.0,1.0,1.0,0.0,0.0,0.0,0.0,1.0,0.0,0.0,1.0,1.0,0.0,0.0,0.0,0.0,1.0,1.0,0.0,0.0,0.0,0.0,1.0,0.0,1.0,0.0,0.0,1.0,1.0,0.0,0.0,0.0,1.0,0.0,7.0,0.0,0.0,1.0,-0.48358772341865686,0.0,0.0,1.0,0.0,0.0,1.0,0.0,0.0,1.0
9620-QJREV,0,0.5956921474426305,-1.4694171580658184,-0.5604185720375733,0.0,1.0,1.0,0.0,0.0,1.0,0.0,1.0,1.0,0.0,0.0,0.0,0.0,1.0,0.0,1.0,0.0,0.0,1.0,0.0,0.0,1.0,0.0,0.0,1.0,0.0,0.0,1.0,0.0,0.0,1.0,0.0,0.0,1.0,0.0,1.0,0.0,0.0,1.0,0.0,0.0,1.0,0.0,1.0,0.0,1.0,0.0,-0.9407855625485573,0.0,1.0,0.0,0.0,1.0,0.0,0.0,1.0,0.0
2276-YDAVZ,0,-1.1960038562387048,0.3436033691154218,-0.8879340867547879,1.0,0.0,1.0,0.0,1.0,0.0,0.0,1.0,0.0,0.0,1.0,0.0,1.0,0.0,1.0,0.0,0.0,1.0,0.0,0.0,1.0,0.0,0.0,1.0,0.0,0.0,1.0,0.0,0.0,1.0,0.0,0.0,1.0,0.0,0.0,0.0,1.0,0.0,1.0,0.0,0.0,0.0,1.0,3.0,1.0,0.0,0.0,0.7424174112174178,1.0,0.0,0.0,1.0,0.0,0.0,1.0,0.0,0.0
2682-KEVRP,1,-0.4223169455581282,-1.4860351280674797,-0.8233883606106127,1.0,0.0,1.0,0.0,1.0,0.0,0.0,1.0,1.0,0.0,0.0,0.0,0.0,1.0,0.0,1.0,0.0,0.0,1.0,0.0,0.0,1.0,0.0,0.0,1.0,0.0,0.0,1.0,0.0,0.0,1.0,0.0,0.0,1.0,0.0,0.0,1.0,0.0,0.0,0.0,1.0,1.0,0.0,1.0,0.0,0.0,1.0,1.9496929244040495,0.0,0.0,1.0,0.0,0.0,1.0,0.0,0.0,1.0
2480-JZOSN,0,-1.2774445836787656,-1.4660935640654862,-0.9982530124031203,1.0,0.0,0.0,1.0,1.0,0.0,0.0,1.0,1.0,0.0,0.0,0.0,0.0,1.0,0.0,1.0,0.0,0.0,1.0,0.0,0.0,1.0,0.0,0.0,1.0,0.0,0.0,1.0,0.0,0.0,1.0,0.0,1.0,0.0,0.0,0.0,1.0,0.0,0.0,0.0,1.0,1.0,0.0,1.0,1.0,0.0,0.0,0.781445258101425,1.0,0.0,0.0,1.0,0.0,0.0,1.0,0.0,0.0
0078-XZMHT,0,1.6137012404433893,0.677624566148813,1.7792647335091327,0.0,1.0,0.0,1.0,1.0,0.0,0.0,1.0,0.0,0.0,1.0,1.0,0.0,0.0,1.0,0.0,0.0,0.0,0.0,1.0,0.0,0.0,1.0,0.0,0.0,1.0,0.0,0.0,1.0,0.0,0.0,1.0,0.0,0.0,1.0,0.0,1.0,1.0,0.0,0.0,0.0,1.0,0.0,8.0,0.0,1.0,0.0,1.1025986030848265,0.0,1.0,0.0,0.0,1.0,0.0,0.0,1.0,0.0
5896-NPFWW,0,-1.1960038562387048,-0.4856333339674735,-0.9331778613008246,0.0,1.0,0.0,1.0,0.0,1.0,0.0,1.0,1.0,0.0,0.0,1.0,0.0,0.0,1.0,0.0,0.0,1.0,0.0,0.0,0.0,0.0,1.0,1.0,0.0,0.0,1.0,0.0,0.0,1.0,0.0,0.0,1.0,0.0,0.0,0.0,1.0,0.0,0.0,1.0,0.0,0.0,1.0,3.0,1.0,0.0,0.0,0.780246532177214,1.0,0.0,0.0,1.0,0.0,0.0,1.0,0.0,0.0
9978-HYCIN,1,0.5956921474426305,0.6709773781481484,0.7653497605888567,0.0,1.0,0.0,1.0,0.0,1.0,0.0,1.0,1.0,0.0,0.0,0.0,1.0,0.0,1.0,0.0,0.0,0.0,0.0,1.0,1.0,0.0,0.0,1.0,0.0,0.0,0.0,0.0,1.0,1.0,0.0,0.0,0.0,1.0,0.0,0.0,1.0,1.0,0.0,0.0,0.0,1.0,0.0,4.0,0.0,1.0,0.0,1.2848075367026144,0.0,1.0,0.0,0.0,1.0,0.0,0.0,1.0,0.0
8338-QIUNR,0,1.6137012404433893,0.05777428508684881,1.1154540735192073,0.0,1.0,0.0,1.0,0.0,1.0,0.0,1.0,0.0,0.0,1.0,1.0,0.0,0.0,0.0,0.0,1.0,1.0,0.0,0.0,0.0,0.0,1.0,0.0,0.0,1.0,1.0,0.0,0.0,1.0,0.0,0.0,0.0,0.0,1.0,0.0,1.0,0.0,1.0,0.0,0.0,1.0,0.0,6.0,0.0,1.0,0.0,0.6912395216432499,0.0,1.0,0.0,0.0,1.0,0.0,0.0,1.0,0.0
1525-LNLOJ,0,1.369379058123207,-0.04858072292378317,0.8410795889733247,0.0,1.0,0.0,1.0,0.0,1.0,0.0,1.0,0.0,0.0,1.0,1.0,0.0,0.0,1.0,0.0,0.0,1.0,0.0,0.0,0.0,0.0,1.0,1.0,0.0,0.0,0.0,0.0,1.0,1.0,0.0,0.0,0.0,0.0,1.0,0.0,1.0,1.0,0.0,0.0,0.0,1.0,0.0,5.0,0.0,1.0,0.0,0.6142050909746353,0.0,1.0,0.0,0.0,1.0,0.0,0.0,1.0,0.0
9450-TRJUU,0,0.10704778280226633,0.611152686142168,0.24933690140753462,0.0,1.0,1.0,0.0,1.0,0.0,0.0,1.0,0.0,0.0,1.0,0.0,1.0,0.0,1.0,0.0,0.0,1.0,0.0,0.0,1.0,0.0,0.0,1.0,0.0,0.0,0.0,0.0,1.0,1.0,0.0,0.0,1.0,0.0,0.0,1.0,0.0,0.0,0.0,1.0,0.0,1.0,0.0,4.0,0.0,0.0,1.0,2.329211263236513,0.0,0.0,1.0,0.0,0.0,1.0,0.0,0.0,1.0
1766-GKNMI,0,-0.13727439951791576,0.6693155811479823,0.10275236612795681,0.0,1.0,1.0,0.0,1.0,0.0,0.0,1.0,0.0,0.0,1.0,0.0,1.0,0.0,1.0,0.0,0.0,1.0,0.0,0.0,1.0,0.0,0.0,1.0,0.0,0.0,1.0,0.0,0.0,0.0,0.0,1.0,1.0,0.0,0.0,0.0,1.0,0.0,0.0,1.0,0.0,1.0,0.0,4.0,0.0,0.0,1.0,-0.7485180520825847,0.0,0.0,1.0,0.0,0.0,1.0,0.0,0.0,1.0
6942-LBFDP,0,-1.2367242199587352,-1.4694171580658184,-0.9925396347300713,1.0,0.0,1.0,0.0,1.0,0.0,0.0,1.0,1.0,0.0,0.0,0.0,0.0,1.0,0.0,1.0,0.0,0.0,1.0,0.0,0.0,1.0,0.0,0.0,1.0,0.0,0.0,1.0,0.0,0.0,1.0,0.0,1.0,0.0,0.0,0.0,1.0,0.0,0.0,0.0,1.0,1.0,0.0,1.0,1.0,0.0,0.0,0.8025553463836818,1.0,0.0,0.0,1.0,0.0,0.0,1.0,0.0,0.0
1456-TWCGB,0,-1.1552834925186746,-0.5155456799704636,-0.9153980064572823,0.0,1.0,1.0,0.0,1.0,0.0,0.0,1.0,1.0,0.0,0.0,1.0,0.0,0.0,1.0,0.0,0.0,0.0,0.0,1.0,1.0,0.0,0.0,1.0,0.0,0.0,1.0,0.0,0.0,1.0,0.0,0.0,1.0,0.0,0.0,1.0,0.0,0.0,0.0,0.0,1.0,1.0,0.0,3.0,1.0,0.0,0.0,0.7923579038263505,1.0,0.0,0.0,1.0,0.0,0.0,1.0,0.0,0.0
7133-VBDCG,0,-0.30015585439803716,0.5014740841312035,-0.11821637576753313,1.0,0.0,1.0,0.0,1.0,0.0,0.0,1.0,1.0,0.0,0.0,0.0,1.0,0.0,0.0,0.0,1.0,0.0,0.0,1.0,1.0,0.0,0.0,1.0,0.0,0.0,1.0,0.0,0.0,1.0,0.0,0.0,1.0,0.0,0.0,0.0,1.0,1.0,0.0,0.0,0.0,0.0,1.0,4.0,0.0,0.0,1.0,0.3938499750558462,0.0,0.0,1.0,0.0,0.0,1.0,0.0,0.0,1.0
7596-ZYWBB,0,1.3286586944031769,-0.17155370093607614,0.6425893484246956,1.0,0.0,1.0,0.0,1.0,0.0,0.0,1.0,1.0,0.0,0.0,1.0,0.0,0.0,0.0,0.0,1.0,0.0,0.0,1.0,1.0,0.0,0.0,0.0,0.0,1.0,1.0,0.0,0.0,1.0,0.0,0.0,0.0,0.0,1.0,0.0,1.0,0.0,0.0,0.0,1.0,1.0,0.0,5.0,0.0,1.0,0.0,0.48363763480533406,0.0,1.0,0.0,0.0,1.0,0.0,0.0,1.0,0.0
8329-UTMVM,1,-0.21871512695797646,1.325725396213601,0.30031611299987543,0.0,1.0,1.0,0.0,1.0,0.0,0.0,1.0,0.0,0.0,1.0,0.0,1.0,0.0,1.0,0.0,0.0,0.0,0.0,1.0,1.0,0.0,0.0,0.0,0.0,1.0,0.0,0.0,1.0,0.0,0.0,1.0,0.0,1.0,0.0,0.0,1.0,1.0,0.0,0.0,0.0,1.0,0.0,7.0,0.0,0.0,1.0,-1.3730925573226476,0.0,0.0,1.0,0.0,0.0,1.0,0.0,0.0,1.0
3014-WJKSM,0,-0.13727439951791576,0.3502505571160864,-0.008779825049401297,0.0,1.0,0.0,1.0,1.0,0.0,0.0,1.0,1.0,0.0,0.0,0.0,1.0,0.0,1.0,0.0,0.0,1.0,0.0,0.0,0.0,0.0,1.0,1.0,0.0,0.0,1.0,0.0,0.0,1.0,0.0,0.0,1.0,0.0,0.0,0.0,1.0,0.0,1.0,0.0,0.0,1.0,0.0,3.0,0.0,0.0,1.0,0.06395821129237894,0.0,0.0,1.0,0.0,0.0,1.0,0.0,0.0,1.0
3347-YJZZE,0,-0.13727439951791576,0.5097830691320341,-0.03154509824857722,0.0,1.0,0.0,1.0,0.0,1.0,0.0,1.0,0.0,0.0,1.0,1.0,0.0,0.0,1.0,0.0,0.0,0.0,0.0,1.0,0.0,0.0,1.0,1.0,0.0,0.0,0.0,0.0,1.0,0.0,0.0,1.0,1.0,0.0,0.0,1.0,0.0,0.0,1.0,0.0,0.0,1.0,0.0,7.0,0.0,0.0,1.0,0.22979592960783815,0.0,0.0,1.0,0.0,0.0,1.0,0.0,0.0,1.0
1029-QFBEN,0,-1.2774445836787656,-1.502653098069141,-0.9987383186147306,0.0,1.0,1.0,0.0,1.0,0.0,0.0,1.0,1.0,0.0,0.0,0.0,0.0,1.0,0.0,1.0,0.0,0.0,1.0,0.0,0.0,1.0,0.0,0.0,1.0,0.0,0.0,1.0,0.0,0.0,1.0,0.0,1.0,0.0,0.0,1.0,0.0,0.0,0.0,0.0,1.0,0.0,1.0,1.0,1.0,0.0,0.0,0.7818251620266604,1.0,0.0,0.0,1.0,0.0,0.0,1.0,0.0,0.0
7929-DMBCV,0,-0.5037576729981889,0.5396954151350245,-0.2645361985680507,1.0,0.0,0.0,1.0,1.0,0.0,0.0,1.0,1.0,0.0,0.0,0.0,1.0,0.0,1.0,0.0,0.0,1.0,0.0,0.0,0.0,0.0,1.0,0.0,0.0,1.0,1.0,0.0,0.0,1.0,0.0,0.0,1.0,0.0,0.0,0.0,1.0,0.0,0.0,0.0,1.0,1.0,0.0,4.0,1.0,0.0,0.0,0.5251258943484158,1.0,0.0,0.0,1.0,0.0,0.0,1.0,0.0,0.0
9661-JALZV,0,1.0436161483629645,-1.33148800705203,-0.3371997740700717,1.0,0.0,1.0,0.0,1.0,0.0,0.0,1.0,0.0,0.0,1.0,0.0,0.0,1.0,0.0,1.0,0.0,0.0,1.0,0.0,0.0,1.0,0.0,0.0,1.0,0.0,0.0,1.0,0.0,0.0,1.0,0.0,0.0,0.0,1.0,0.0,1.0,0.0,1.0,0.0,0.0,1.0,0.0,2.0,0.0,1.0,0.0,-0.32310708740853566,0.0,1.0,0.0,0.0,1.0,0.0,0.0,1.0,0.0
5433-KYGHE,0,-0.748079855318371,0.7058751151516368,-0.49379926480742653,1.0,0.0,1.0,0.0,0.0,1.0,0.0,1.0,0.0,0.0,1.0,0.0,1.0,0.0,0.0,0.0,1.0,1.0,0.0,0.0,1.0,0.0,0.0,0.0,0.0,1.0,1.0,0.0,0.0,1.0,0.0,0.0,1.0,0.0,0.0,0.0,1.0,0.0,0.0,0.0,1.0,1.0,0.0,5.0,1.0,0.0,0.0,0.6600889748558639,1.0,0.0,0.0,1.0,0.0,0.0,1.0,0.0,0.0
4312-KFRXN,0,1.6137012404433893,-1.3082228490497045,-0.25253589951732225,0.0,1.0,0.0,1.0,1.0,0.0,0.0,1.0,0.0,0.0,1.0,0.0,0.0,1.0,0.0,1.0,0.0,0.0,1.0,0.0,0.0,1.0,0.0,0.0,1.0,0.0,0.0,1.0,0.0,0.0,1.0,0.0,0.0,0.0,1.0,1.0,0.0,0.0,0.0,0.0,1.0,1.0,0.0,2.0,0.0,1.0,0.0,-0.15649482889901858,0.0,1.0,0.0,0.0,1.0,0.0,0.0,1.0,0.0
5575-TPIZQ,0,0.5549717837226001,0.8105683261621028,0.865719908899177,0.0,1.0,1.0,0.0,1.0,0.0,0.0,1.0,0.0,0.0,1.0,0.0,1.0,0.0,0.0,0.0,1.0,1.0,0.0,0.0,1.0,0.0,0.0,1.0,0.0,0.0,0.0,0.0,1.0,1.0,0.0,0.0,1.0,0.0,0.0,0.0,1.0,0.0,1.0,0.0,0.0,1.0,0.0,5.0,0.0,1.0,0.0,1.5599349990231266,0.0,1.0,0.0,0.0,1.0,0.0,0.0,1.0,0.0
0114-IGABW,0,1.5729808767233588,-0.21642221994056152,0.821755578001931,1.0,0.0,0.0,1.0,1.0,0.0,1.0,0.0,0.0,1.0,0.0,1.0,0.0,0.0,1.0,0.0,0.0,0.0,0.0,1.0,0.0,0.0,1.0,0.0,0.0,1.0,0.0,0.0,1.0,0.0,0.0,1.0,0.0,0.0,1.0,1.0,0.0,1.0,0.0,0.0,0.0,1.0,0.0,6.0,0.0,1.0,0.0,0.522419306020879,0.0,1.0,0.0,0.0,1.0,0.0,0.0,1.0,0.0
9944-AEXBM,0,-0.015113308357824713,0.6942425361504742,0.16809222970931278,0.0,1.0,1.0,0.0,1.0,0.0,0.0,1.0,0.0,0.0,1.0,0.0,1.0,0.0,1.0,0.0,0.0,1.0,0.0,0.0,1.0,0.0,0.0,1.0,0.0,0.0,1.0,0.0,0.0,0.0,0.0,1.0,1.0,0.0,0.0,0.0,1.0,1.0,0.0,0.0,0.0,1.0,0.0,4.0,0.0,0.0,1.0,-11.122133270197274,0.0,0.0,1.0,0.0,0.0,1.0,0.0,0.0,1.0
1853-ARAAQ,0,-0.2594354906780068,-0.47898614596680894,-0.4437465468917964,1.0,0.0,1.0,0.0,1.0,0.0,1.0,0.0,0.0,1.0,0.0,1.0,0.0,0.0,1.0,0.0,0.0,1.0,0.0,0.0,0.0,0.0,1.0,1.0,0.0,0.0,0.0,0.0,1.0,0.0,0.0,1.0,1.0,0.0,0.0,0.0,1.0,0.0,1.0,0.0,0.0,1.0,0.0,4.0,0.0,0.0,1.0,1.710431158559349,0.0,0.0,1.0,0.0,0.0,1.0,0.0,0.0,1.0
6952-OMNWB,1,1.4508197855632678,0.5180920541328647,1.4585655651277178,0.0,1.0,0.0,1.0,1.0,0.0,0.0,1.0,0.0,0.0,1.0,0.0,1.0,0.0,1.0,0.0,0.0,1.0,0.0,0.0,0.0,0.0,1.0,1.0,0.0,0.0,1.0,0.0,0.0,1.0,0.0,0.0,1.0,0.0,0.0,0.0,1.0,0.0,1.0,0.0,0.0,1.0,0.0,4.0,0.0,1.0,0.0,1.005338898491409,0.0,1.0,0.0,0.0,1.0,0.0,0.0,1.0,0.0
4697-LUPSU,0,-1.2367242199587352,-1.481049737066981,-0.9920322691452059,0.0,1.0,0.0,1.0,0.0,1.0,0.0,1.0,1.0,0.0,0.0,0.0,0.0,1.0,0.0,1.0,0.0,0.0,1.0,0.0,0.0,1.0,0.0,0.0,1.0,0.0,0.0,1.0,0.0,0.0,1.0,0.0,0.0,1.0,0.0,1.0,0.0,0.0,0.0,0.0,1.0,1.0,0.0,1.0,1.0,0.0,0.0,0.8021450968093002,1.0,0.0,0.0,1.0,0.0,0.0,1.0,0.0,0.0
8434-VGEQQ,0,1.1657772395230555,-1.4694171580658184,-0.4311947635096926,0.0,1.0,0.0,1.0,0.0,1.0,0.0,1.0,1.0,0.0,0.0,0.0,0.0,1.0,0.0,1.0,0.0,0.0,1.0,0.0,0.0,1.0,0.0,0.0,1.0,0.0,0.0,1.0,0.0,0.0,1.0,0.0,0.0,0.0,1.0,1.0,0.0,0.0,1.0,0.0,0.0,1.0,0.0,1.0,0.0,1.0,0.0,-0.36987749365059114,0.0,1.0,0.0,0.0,1.0,0.0,0.0,1.0,0.0
4952-YSOGZ,0,-1.1552834925186746,0.7042133181514708,-0.8391387531146938,1.0,0.0,0.0,1.0,0.0,1.0,0.0,1.0,0.0,0.0,1.0,0.0,1.0,0.0,1.0,0.0,0.0,1.0,0.0,0.0,1.0,0.0,0.0,1.0,0.0,0.0,1.0,0.0,0.0,0.0,0.0,1.0,1.0,0.0,0.0,0.0,1.0,0.0,0.0,1.0,0.0,0.0,1.0,4.0,1.0,0.0,0.0,0.7263487780694049,1.0,0.0,0.0,1.0,0.0,0.0,1.0,0.0,0.0
1589-AGTLK,0,-1.1960038562387048,-0.6451658459834212,-0.9449355072457479,0.0,1.0,1.0,0.0,1.0,0.0,0.0,1.0,1.0,0.0,0.0,1.0,0.0,0.0,1.0,0.0,0.0,1.0,0.0,0.0,1.0,0.0,0.0,1.0,0.0,0.0,1.0,0.0,0.0,1.0,0.0,0.0,1.0,0.0,0.0,0.0,1.0,0.0,0.0,1.0,0.0,0.0,1.0,2.0,1.0,0.0,0.0,0.7900773081262982,1.0,0.0,0.0,1.0,0.0,0.0,1.0,0.0,0.0
5244-IRFIH,1,0.025607055362205634,0.9883806051798778,0.36276619868482435,0.0,1.0,0.0,1.0,1.0,0.0,0.0,1.0,0.0,0.0,1.0,0.0,1.0,0.0,1.0,0.0,0.0,1.0,0.0,0.0,1.0,0.0,0.0,1.0,0.0,0.0,0.0,0.0,1.0,0.0,0.0,1.0,1.0,0.0,0.0,0.0,1.0,0.0,0.0,1.0,0.0,0.0,1.0,5.0,0.0,0.0,1.0,14.166650306081031,0.0,0.0,1.0,0.0,0.0,1.0,0.0,0.0,1.0
6549-YMFAW,1,-0.9516816739185228,-1.4461520000634926,-0.9171186375711733,0.0,1.0,0.0,1.0,1.0,0.0,0.0,1.0,1.0,0.0,0.0,0.0,0.0,1.0,0.0,1.0,0.0,0.0,1.0,0.0,0.0,1.0,0.0,0.0,1.0,0.0,0.0,1.0,0.0,0.0,1.0,0.0,1.0,0.0,0.0,0.0,1.0,0.0,0.0,0.0,1.0,1.0,0.0,1.0,1.0,0.0,0.0,0.9636821457273238,1.0,0.0,0.0,1.0,0.0,0.0,1.0,0.0,0.0
4950-HKQTE,0,-0.4223169455581282,-1.2799723000468803,-0.7400480484531642,1.0,0.0,1.0,0.0,1.0,0.0,0.0,1.0,0.0,0.0,1.0,0.0,0.0,1.0,0.0,1.0,0.0,0.0,1.0,0.0,0.0,1.0,0.0,0.0,1.0,0.0,0.0,1.0,0.0,0.0,1.0,0.0,0.0,0.0,1.0,1.0,0.0,0.0,0.0,0.0,1.0,1.0,0.0,2.0,0.0,0.0,1.0,1.752352246901026,0.0,0.0,1.0,0.0,0.0,1.0,0.0,0.0,1.0
6786-OBWQR,0,-1.1145631287986442,0.534710024134526,-0.8502566772352216,1.0,0.0,0.0,1.0,0.0,1.0,0.0,1.0,1.0,0.0,0.0,0.0,1.0,0.0,1.0,0.0,0.0,1.0,0.0,0.0,1.0,0.0,0.0,1.0,0.0,0.0,0.0,0.0,1.0,1.0,0.0,0.0,1.0,0.0,0.0,0.0,1.0,0.0,0.0,1.0,0.0,1.0,0.0,3.0,1.0,0.0,0.0,0.7628609409963966,1.0,0.0,0.0,1.0,0.0,0.0,1.0,0.0,0.0
2684-EIWEO,1,-0.0965540357978854,0.895319973170575,0.20949767330897678,1.0,0.0,1.0,0.0,1.0,0.0,0.0,1.0,0.0,0.0,1.0,0.0,1.0,0.0,0.0,0.0,1.0,0.0,0.0,1.0,0.0,0.0,1.0,1.0,0.0,0.0,1.0,0.0,0.0,1.0,0.0,0.0,1.0,0.0,0.0,1.0,0.0,0.0,1.0,0.0,0.0,0.0,1.0,6.0,0.0,0.0,1.0,-2.16974538223875,0.0,0.0,1.0,0.0,0.0,1.0,0.0,0.0,1.0
2753-JMMCV,0,1.3286586944031769,0.31369102311243185,1.1128290081018601,0.0,1.0,1.0,0.0,1.0,0.0,0.0,1.0,0.0,0.0,1.0,1.0,0.0,0.0,1.0,0.0,0.0,0.0,0.0,1.0,0.0,0.0,1.0,0.0,0.0,1.0,1.0,0.0,0.0,0.0,0.0,1.0,0.0,0.0,1.0,0.0,1.0,0.0,1.0,0.0,0.0,1.0,0.0,7.0,0.0,1.0,0.0,0.8375582177646715,0.0,1.0,0.0,0.0,1.0,0.0,0.0,1.0,0.0
6439-GTPCA,0,0.5142514200025698,0.7474200401557899,0.7316650976284479,1.0,0.0,1.0,0.0,1.0,0.0,0.0,1.0,0.0,0.0,1.0,0.0,1.0,0.0,1.0,0.0,0.0,1.0,0.0,0.0,0.0,0.0,1.0,0.0,0.0,1.0,1.0,0.0,0.0,1.0,0.0,0.0,1.0,0.0,0.0,0.0,1.0,0.0,0.0,1.0,0.0,0.0,1.0,5.0,0.0,1.0,0.0,1.4227770097840304,0.0,1.0,0.0,0.0,1.0,0.0,0.0,1.0,0.0
6621-YOBKI,0,-1.1145631287986442,-1.4760643460664828,-0.966443396169388,0.0,1.0,1.0,0.0,1.0,0.0,0.0,1.0,1.0,0.0,0.0,0.0,0.0,1.0,0.0,1.0,0.0,0.0,1.0,0.0,0.0,1.0,0.0,0.0,1.0,0.0,0.0,1.0,0.0,0.0,1.0,0.0,1.0,0.0,0.0,1.0,0.0,0.0,0.0,0.0,1.0,1.0,0.0,1.0,1.0,0.0,0.0,0.867105120560636,1.0,0.0,0.0,1.0,0.0,0.0,1.0,0.0,0.0
1216-JWVUX,0,-0.30015585439803716,0.356897745116751,-0.16864410302849847,0.0,1.0,0.0,1.0,0.0,1.0,0.0,1.0,1.0,0.0,0.0,0.0,1.0,0.0,1.0,0.0,0.0,0.0,0.0,1.0,1.0,0.0,0.0,1.0,0.0,0.0,1.0,0.0,0.0,1.0,0.0,0.0,1.0,0.0,0.0,0.0,1.0,0.0,0.0,1.0,0.0,1.0,0.0,3.0,0.0,0.0,1.0,0.5618551181242637,0.0,0.0,1.0,0.0,0.0,1.0,0.0,0.0,1.0
7564-GHCVB,0,1.6137012404433893,0.4748853321285456,1.5209494726929014,1.0,0.0,0.0,1.0,0.0,1.0,0.0,1.0,0.0,0.0,1.0,0.0,1.0,0.0,0.0,0.0,1.0,1.0,0.0,0.0,1.0,0.0,0.0,1.0,0.0,0.0,1.0,0.0,0.0,1.0,0.0,0.0,0.0,0.0,1.0,1.0,0.0,1.0,0.0,0.0,0.0,1.0,0.0,4.0,0.0,1.0,0.0,0.9425223421622934,0.0,1.0,0.0,0.0,1.0,0.0,0.0,1.0,0.0
1173-NOEYG,0,-0.21871512695797646,0.8438042661654253,0.06181016936664821,1.0,0.0,0.0,1.0,1.0,0.0,0.0,1.0,0.0,0.0,1.0,0.0,1.0,0.0,1.0,0.0,0.0,1.0,0.0,0.0,0.0,0.0,1.0,1.0,0.0,0.0,1.0,0.0,0.0,0.0,0.0,1.0,1.0,0.0,0.0,1.0,0.0,1.0,0.0,0.0,0.0,1.0,0.0,5.0,0.0,0.0,1.0,-0.2826058271613024,0.0,0.0,1.0,0.0,0.0,1.0,0.0,0.0,1.0
7595-EHCDL,0,-0.015113308357824713,-0.47067716096597834,-0.27788211938733504,0.0,1.0,0.0,1.0,0.0,1.0,1.0,0.0,0.0,1.0,0.0,1.0,0.0,0.0,1.0,0.0,0.0,1.0,0.0,0.0,0.0,0.0,1.0,1.0,0.0,0.0,0.0,0.0,1.0,0.0,0.0,1.0,1.0,0.0,0.0,1.0,0.0,0.0,1.0,0.0,0.0,1.0,0.0,4.0,0.0,0.0,1.0,18.386584380346164,0.0,0.0,1.0,0.0,0.0,1.0,0.0,0.0,1.0
6647-ZEDXT,0,-0.0965540357978854,1.5184938482328711,0.46048922220454286,1.0,0.0,1.0,0.0,1.0,0.0,0.0,1.0,0.0,0.0,1.0,0.0,1.0,0.0,1.0,0.0,0.0,0.0,0.0,1.0,0.0,0.0,1.0,0.0,0.0,1.0,0.0,0.0,1.0,0.0,0.0,1.0,0.0,1.0,0.0,1.0,0.0,0.0,1.0,0.0,0.0,1.0,0.0,8.0,0.0,0.0,1.0,-4.769238472522014,0.0,0.0,1.0,0.0,0.0,1.0,0.0,0.0,1.0
2521-NPUZR,0,1.5322605130033284,1.2044142152014738,2.118670250410801,0.0,1.0,0.0,1.0,1.0,0.0,0.0,1.0,1.0,0.0,0.0,0.0,1.0,0.0,0.0,0.0,1.0,0.0,0.0,1.0,0.0,0.0,1.0,0.0,0.0,1.0,1.0,0.0,0.0,0.0,0.0,1.0,0.0,0.0,1.0,1.0,0.0,0.0,1.0,0.0,0.0,1.0,0.0,7.0,0.0,1.0,0.0,1.382708901280809,0.0,1.0,0.0,0.0,1.0,0.0,0.0,1.0,0.0
1307-TVUFB,1,0.3920903288424788,0.48485611412954227,0.46801146848450303,0.0,1.0,1.0,0.0,1.0,0.0,0.0,1.0,0.0,0.0,1.0,0.0,1.0,0.0,1.0,0.0,0.0,0.0,0.0,1.0,1.0,0.0,0.0,1.0,0.0,0.0,1.0,0.0,0.0,1.0,0.0,0.0,1.0,0.0,0.0,0.0,1.0,1.0,0.0,0.0,0.0,1.0,0.0,4.0,0.0,0.0,1.0,1.1936317579323037,0.0,0.0,1.0,0.0,0.0,1.0,0.0,0.0,1.0
7503-MIOGA,1,1.6137012404433893,0.8338334841644282,1.9474233358321158,1.0,0.0,0.0,1.0,1.0,0.0,0.0,1.0,0.0,0.0,1.0,1.0,0.0,0.0,0.0,0.0,1.0,0.0,0.0,1.0,0.0,0.0,1.0,0.0,0.0,1.0,0.0,0.0,1.0,0.0,0.0,1.0,0.0,0.0,1.0,0.0,1.0,1.0,0.0,0.0,0.0,1.0,0.0,9.0,0.0,1.0,0.0,1.2068053782353363,0.0,1.0,0.0,0.0,1.0,0.0,0.0,1.0,0.0
4381-MHQDC,0,0.5956921474426305,0.00792037508186511,0.26321224718493946,1.0,0.0,1.0,0.0,1.0,0.0,0.0,1.0,0.0,0.0,1.0,1.0,0.0,0.0,0.0,0.0,1.0,1.0,0.0,0.0,0.0,0.0,1.0,0.0,0.0,1.0,1.0,0.0,0.0,1.0,0.0,0.0,0.0,0.0,1.0,0.0,1.0,0.0,0.0,0.0,1.0,1.0,0.0,6.0,0.0,1.0,0.0,0.44185952142383866,0.0,1.0,0.0,0.0,1.0,0.0,0.0,1.0,0.0
6923-JHPMP,0,-1.2367242199587352,0.5214156481331973,-0.9468767320921894,1.0,0.0,1.0,0.0,1.0,0.0,0.0,1.0,1.0,0.0,0.0,0.0,1.0,0.0,0.0,0.0,1.0,1.0,0.0,0.0,0.0,0.0,1.0,1.0,0.0,0.0,1.0,0.0,0.0,1.0,0.0,0.0,1.0,0.0,0.0,0.0,1.0,0.0,0.0,1.0,0.0,1.0,0.0,4.0,1.0,0.0,0.0,0.7656328846893474,1.0,0.0,0.0,1.0,0.0,0.0,1.0,0.0,0.0
5138-WVKYJ,0,-0.9109613101984924,1.1229861621933337,-0.5624039156305246,0.0,1.0,1.0,0.0,1.0,0.0,0.0,1.0,0.0,0.0,1.0,0.0,1.0,0.0,0.0,0.0,1.0,1.0,0.0,0.0,1.0,0.0,0.0,1.0,0.0,0.0,0.0,0.0,1.0,0.0,0.0,1.0,1.0,0.0,0.0,1.0,0.0,0.0,0.0,1.0,0.0,0.0,1.0,6.0,1.0,0.0,0.0,0.6173740962807527,1.0,0.0,0.0,1.0,0.0,0.0,1.0,0.0,0.0
4018-PPNDW,0,1.1657772395230555,-1.3514295710540236,-0.32281706270780164,1.0,0.0,0.0,1.0,0.0,1.0,0.0,1.0,0.0,0.0,1.0,0.0,0.0,1.0,0.0,1.0,0.0,0.0,1.0,0.0,0.0,1.0,0.0,0.0,1.0,0.0,0.0,1.0,0.0,0.0,1.0,0.0,0.0,0.0,1.0,0.0,1.0,0.0,0.0,0.0,1.0,1.0,0.0,2.0,0.0,1.0,0.0,-0.27691144737040246,0.0,1.0,0.0,0.0,1.0,0.0,0.0,1.0,0.0
1635-FJFCC,0,-1.1145631287986442,-0.6883725679877406,-0.9181774874874141,1.0,0.0,1.0,0.0,1.0,0.0,0.0,1.0,1.0,0.0,0.0,1.0,0.0,0.0,1.0,0.0,0.0,1.0,0.0,0.0,1.0,0.0,0.0,1.0,0.0,0.0,1.0,0.0,0.0,1.0,0.0,0.0,1.0,0.0,0.0,0.0,1.0,0.0,1.0,0.0,0.0,1.0,0.0,2.0,1.0,0.0,0.0,0.823800342720014,1.0,0.0,0.0,1.0,0.0,0.0,1.0,0.0,0.0
2499-AJYUA,1,1.6137012404433893,1.5301264272340338,2.4701863632294723,1.0,0.0,0.0,1.0,1.0,0.0,0.0,1.0,0.0,0.0,1.0,0.0,1.0,0.0,1.0,0.0,0.0,0.0,0.0,1.0,0.0,0.0,1.0,0.0,0.0,1.0,0.0,0.0,1.0,0.0,0.0,1.0,0.0,0.0,1.0,0.0,1.0,0.0,1.0,0.0,0.0,1.0,0.0,8.0,0.0,1.0,0.0,1.5307581733969235,0.0,1.0,0.0,0.0,1.0,0.0,0.0,1.0,0.0
6919-ELBGL,1,1.6137012404433893,1.6680555782478224,2.6087854053907344,0.0,1.0,0.0,1.0,0.0,1.0,0.0,1.0,0.0,0.0,1.0,0.0,1.0,0.0,0.0,0.0,1.0,0.0,0.0,1.0,0.0,0.0,1.0,0.0,0.0,1.0,0.0,0.0,1.0,0.0,0.0,1.0,0.0,0.0,1.0,0.0,1.0,1.0,0.0,0.0,0.0,1.0,0.0,9.0,0.0,1.0,0.0,1.6166470843598846,0.0,1.0,0.0,0.0,1.0,0.0,0.0,1.0,0.0
3966-HRMZA,1,-1.1960038562387048,0.3419415721152558,-0.9178465968885888,1.0,0.0,1.0,0.0,1.0,0.0,0.0,1.0,1.0,0.0,0.0,0.0,1.0,0.0,1.0,0.0,0.0,1.0,0.0,0.0,0.0,0.0,1.0,1.0,0.0,0.0,1.0,0.0,0.0,1.0,0.0,0.0,1.0,0.0,0.0,1.0,0.0,0.0,0.0,0.0,1.0,1.0,0.0,3.0,1.0,0.0,0.0,0.76742779055505,1.0,0.0,0.0,1.0,0.0,0.0,1.0,0.0,0.0
6425-JWTDV,0,0.6364125111626608,-1.5126238800701375,-0.6301041321501671,0.0,1.0,0.0,1.0,1.0,0.0,0.0,1.0,1.0,0.0,0.0,0.0,0.0,1.0,0.0,1.0,0.0,0.0,1.0,0.0,0.0,1.0,0.0,0.0,1.0,0.0,0.0,1.0,0.0,0.0,1.0,0.0,0.0,0.0,1.0,1.0,0.0,0.0,0.0,0.0,1.0,1.0,0.0,1.0,0.0,1.0,0.0,-0.9900875942853968,0.0,1.0,0.0,0.0,1.0,0.0,0.0,1.0,0.0
8405-IGQFX,0,1.247217966963116,0.8404806721650927,1.5590239509310582,1.0,0.0,1.0,0.0,1.0,0.0,0.0,1.0,1.0,0.0,0.0,0.0,1.0,0.0,1.0,0.0,0.0,1.0,0.0,0.0,0.0,0.0,1.0,0.0,0.0,1.0,0.0,0.0,1.0,1.0,0.0,0.0,0.0,1.0,0.0,0.0,1.0,0.0,1.0,0.0,0.0,1.0,0.0,5.0,0.0,1.0,0.0,1.2500011964445692,0.0,1.0,0.0,0.0,1.0,0.0,0.0,1.0,0.0
8224-IVVPA,0,-0.21871512695797646,-0.2679379269457112,-0.2781027131198852,1.0,0.0,1.0,0.0,1.0,0.0,0.0,1.0,1.0,0.0,0.0,1.0,0.0,0.0,0.0,0.0,1.0,0.0,0.0,1.0,1.0,0.0,0.0,1.0,0.0,0.0,1.0,0.0,0.0,1.0,0.0,0.0,1.0,0.0,0.0,0.0,1.0,0.0,0.0,0.0,1.0,1.0,0.0,4.0,0.0,0.0,1.0,1.2715293952819249,0.0,0.0,1.0,0.0,0.0,1.0,0.0,0.0,1.0
9477-LGWQI,0,1.5322605130033284,0.5114448661322006,1.463352449124056,0.0,1.0,0.0,1.0,0.0,1.0,0.0,1.0,1.0,0.0,0.0,1.0,0.0,0.0,0.0,0.0,1.0,0.0,0.0,1.0,0.0,0.0,1.0,1.0,0.0,0.0,0.0,0.0,1.0,0.0,0.0,1.0,0.0,0.0,1.0,0.0,1.0,0.0,1.0,0.0,0.0,1.0,0.0,7.0,0.0,1.0,0.0,0.9550284933309361,0.0,1.0,0.0,0.0,1.0,0.0,0.0,1.0,0.0
1410-RSCMR,0,-1.0331224013585834,0.21896859410296257,-0.7798210984319571,0.0,1.0,0.0,1.0,0.0,1.0,0.0,1.0,1.0,0.0,0.0,1.0,0.0,0.0,0.0,0.0,1.0,1.0,0.0,0.0,0.0,0.0,1.0,0.0,0.0,1.0,1.0,0.0,0.0,0.0,0.0,1.0,1.0,0.0,0.0,0.0,1.0,0.0,1.0,0.0,0.0,1.0,0.0,6.0,1.0,0.0,0.0,0.7548196587417635,1.0,0.0,0.0,1.0,0.0,0.0,1.0,0.0,0.0
3115-CZMZD,0,-1.318164947398796,-1.479387940066815,,0.0,1.0,1.0,0.0,0.0,1.0,0.0,1.0,1.0,0.0,0.0,0.0,0.0,1.0,0.0,1.0,0.0,0.0,1.0,0.0,0.0,1.0,0.0,0.0,1.0,0.0,0.0,1.0,0.0,0.0,1.0,0.0,0.0,0.0,1.0,1.0,0.0,0.0,0.0,0.0,1.0,1.0,0.0,1.0,1.0,0.0,0.0,,1.0,0.0,0.0,1.0,0.0,0.0,1.0,0.0,0.0
0139-IVFJG,0,-1.2367242199587352,0.8504514541660894,-0.9233173214558328,1.0,0.0,0.0,1.0,1.0,0.0,0.0,1.0,1.0,0.0,0.0,0.0,1.0,0.0,0.0,0.0,1.0,0.0,0.0,1.0,1.0,0.0,0.0,1.0,0.0,0.0,0.0,0.0,1.0,1.0,0.0,0.0,1.0,0.0,0.0,1.0,0.0,0.0,0.0,1.0,0.0,1.0,0.0,5.0,1.0,0.0,0.0,0.7465830348876328,1.0,0.0,0.0,1.0,0.0,0.0,1.0,0.0,0.0
6683-VLCTZ,1,-0.5037576729981889,1.1229861621933337,-0.1943432728705915,0.0,1.0,1.0,0.0,1.0,0.0,0.0,1.0,0.0,0.0,1.0,0.0,1.0,0.0,1.0,0.0,0.0,1.0,0.0,0.0,0.0,0.0,1.0,1.0,0.0,0.0,0.0,0.0,1.0,0.0,0.0,1.0,1.0,0.0,0.0,0.0,1.0,0.0,0.0,1.0,0.0,0.0,1.0,6.0,1.0,0.0,0.0,0.38578722129219106,1.0,0.0,0.0,1.0,0.0,0.0,1.0,0.0,0.0
5730-DBDSI,0,1.369379058123207,-1.4976677070686424,-0.45420268981467377,0.0,1.0,1.0,0.0,1.0,0.0,0.0,1.0,1.0,0.0,0.0,0.0,0.0,1.0,0.0,1.0,0.0,0.0,1.0,0.0,0.0,1.0,0.0,0.0,1.0,0.0,0.0,1.0,0.0,0.0,1.0,0.0,0.0,0.0,1.0,1.0,0.0,1.0,0.0,0.0,0.0,1.0,0.0,1.0,0.0,1.0,0.0,-0.3316851438031907,0.0,1.0,0.0,0.0,1.0,0.0,0.0,1.0,0.0
0030-FNXPP,0,-1.1960038562387048,-1.4926823160681442,-0.9821276105537041,1.0,0.0,1.0,0.0,1.0,0.0,0.0,1.0,1.0,0.0,0.0,0.0,0.0,1.0,0.0,1.0,0.0,0.0,1.0,0.0,0.0,1.0,0.0,0.0,1.0,0.0,0.0,1.0,0.0,0.0,1.0,0.0,1.0,0.0,0.0,1.0,0.0,0.0,0.0,0.0,1.0,1.0,0.0,1.0,1.0,0.0,0.0,0.8211742842053896,1.0,0.0,0.0,1.0,0.0,0.0,1.0,0.0,0.0
2189-WWOEW,0,-0.7073594915983407,0.7025515211513048,-0.4472539872393439,1.0,0.0,1.0,0.0,0.0,1.0,0.0,1.0,1.0,0.0,0.0,0.0,1.0,0.0,1.0,0.0,0.0,0.0,0.0,1.0,1.0,0.0,0.0,1.0,0.0,0.0,1.0,0.0,0.0,0.0,0.0,1.0,1.0,0.0,0.0,0.0,1.0,1.0,0.0,0.0,0.0,0.0,1.0,4.0,1.0,0.0,0.0,0.6322866838596233,1.0,0.0,0.0,1.0,0.0,0.0,1.0,0.0,0.0
5684-FJVYR,0,1.6137012404433893,0.8504514541660894,1.888326274881929,1.0,0.0,0.0,1.0,0.0,1.0,0.0,1.0,0.0,0.0,1.0,0.0,1.0,0.0,0.0,0.0,1.0,0.0,0.0,1.0,1.0,0.0,0.0,0.0,0.0,1.0,1.0,0.0,0.0,1.0,0.0,0.0,0.0,0.0,1.0,0.0,1.0,1.0,0.0,0.0,0.0,1.0,0.0,6.0,0.0,1.0,0.0,1.17018331990814,0.0,1.0,0.0,0.0,1.0,0.0,0.0,1.0,0.0
4013-GUXND,0,-1.2774445836787656,-1.461108173064988,-0.9981868342833552,0.0,1.0,1.0,0.0,1.0,0.0,0.0,1.0,1.0,0.0,0.0,0.0,0.0,1.0,0.0,1.0,0.0,0.0,1.0,0.0,0.0,1.0,0.0,0.0,1.0,0.0,0.0,1.0,0.0,0.0,1.0,0.0,1.0,0.0,0.0,1.0,0.0,0.0,0.0,0.0,1.0,1.0,0.0,1.0,1.0,0.0,0.0,0.781393453020711,1.0,0.0,0.0,1.0,0.0,0.0,1.0,0.0,0.0
1894-IGFSG,0,-0.4223169455581282,0.8138919201624348,-0.1656440282658164,1.0,0.0,1.0,0.0,1.0,0.0,0.0,1.0,1.0,0.0,0.0,0.0,1.0,0.0,1.0,0.0,0.0,1.0,0.0,0.0,1.0,0.0,0.0,1.0,0.0,0.0,0.0,0.0,1.0,0.0,0.0,1.0,1.0,0.0,0.0,1.0,0.0,0.0,0.0,1.0,0.0,0.0,1.0,4.0,0.0,0.0,1.0,0.3922268097646509,0.0,0.0,1.0,0.0,0.0,1.0,0.0,0.0,1.0
7379-POKDZ,0,-1.1960038562387048,0.18407085709947407,-0.9152215314712421,0.0,1.0,0.0,1.0,1.0,0.0,0.0,1.0,1.0,0.0,0.0,0.0,1.0,0.0,1.0,0.0,0.0,1.0,0.0,0.0,1.0,0.0,0.0,1.0,0.0,0.0,1.0,0.0,0.0,1.0,0.0,0.0,1.0,0.0,0.0,0.0,1.0,0.0,0.0,1.0,0.0,0.0,1.0,2.0,1.0,0.0,0.0,0.7652329268816148,1.0,0.0,0.0,1.0,0.0,0.0,1.0,0.0,0.0
1266-NZYUI,0,1.6137012404433893,0.06940686408801149,1.092159375361911,1.0,0.0,0.0,1.0,0.0,1.0,0.0,1.0,0.0,0.0,1.0,1.0,0.0,0.0,0.0,0.0,1.0,1.0,0.0,0.0,0.0,0.0,1.0,0.0,0.0,1.0,1.0,0.0,0.0,1.0,0.0,0.0,0.0,0.0,1.0,1.0,0.0,1.0,0.0,0.0,0.0,1.0,0.0,6.0,0.0,1.0,0.0,0.6768039510596294,0.0,1.0,0.0,0.0,1.0,0.0,0.0,1.0,0.0
7969-FFOWG,0,1.3286586944031769,-1.491020519067978,-0.43708461616878175,0.0,1.0,0.0,1.0,0.0,1.0,0.0,1.0,1.0,0.0,0.0,0.0,0.0,1.0,0.0,1.0,0.0,0.0,1.0,0.0,0.0,1.0,0.0,0.0,1.0,0.0,0.0,1.0,0.0,0.0,1.0,0.0,0.0,0.0,1.0,1.0,0.0,0.0,0.0,0.0,1.0,1.0,0.0,1.0,0.0,1.0,0.0,-0.32896681292942337,0.0,1.0,0.0,0.0,1.0,0.0,0.0,1.0,0.0
4718-DHSMV,0,-0.8702409464784621,-0.9625690730151509,-0.8471463056062642,1.0,0.0,1.0,0.0,1.0,0.0,1.0,0.0,0.0,1.0,0.0,1.0,0.0,0.0,1.0,0.0,0.0,1.0,0.0,0.0,1.0,0.0,0.0,1.0,0.0,0.0,0.0,0.0,1.0,1.0,0.0,0.0,1.0,0.0,0.0,0.0,1.0,0.0,0.0,0.0,1.0,1.0,0.0,2.0,1.0,0.0,0.0,0.9734617855369215,1.0,0.0,0.0,1.0,0.0,0.0,1.0,0.0,0.0
5175-WLYXL,0,-0.4223169455581282,0.46823814412788106,-0.30135329253067156,0.0,1.0,1.0,0.0,1.0,0.0,0.0,1.0,0.0,0.0,1.0,0.0,1.0,0.0,1.0,0.0,0.0,0.0,0.0,1.0,1.0,0.0,0.0,1.0,0.0,0.0,1.0,0.0,0.0,1.0,0.0,0.0,1.0,0.0,0.0,0.0,1.0,0.0,0.0,0.0,1.0,1.0,0.0,4.0,0.0,0.0,1.0,0.7135713963180124,0.0,0.0,1.0,0.0,0.0,1.0,0.0,0.0,1.0
7817-OMJNA,0,-0.748079855318371,-1.4744025490663168,-0.8857281494292863,0.0,1.0,1.0,0.0,1.0,0.0,0.0,1.0,1.0,0.0,0.0,0.0,0.0,1.0,0.0,1.0,0.0,0.0,1.0,0.0,0.0,1.0,0.0,0.0,1.0,0.0,0.0,1.0,0.0,0.0,1.0,0.0,0.0,1.0,0.0,1.0,0.0,1.0,0.0,0.0,0.0,1.0,0.0,1.0,1.0,0.0,0.0,1.1840021397880505,1.0,0.0,0.0,1.0,0.0,0.0,1.0,0.0,0.0
8728-SKJLR,0,0.35136996512244845,0.3153528201125979,0.35550866488392413,0.0,1.0,1.0,0.0,1.0,0.0,0.0,1.0,1.0,0.0,0.0,0.0,1.0,0.0,1.0,0.0,0.0,1.0,0.0,0.0,1.0,0.0,0.0,0.0,0.0,1.0,1.0,0.0,0.0,1.0,0.0,0.0,1.0,0.0,0.0,0.0,1.0,0.0,0.0,1.0,0.0,1.0,0.0,3.0,0.0,0.0,1.0,1.0117787522335138,0.0,0.0,1.0,0.0,0.0,1.0,0.0,0.0,1.0
3137-NYQQI,0,-0.62591876415828,0.001273187081200524,-0.488703549585518,0.0,1.0,0.0,1.0,1.0,0.0,0.0,1.0,1.0,0.0,0.0,1.0,0.0,0.0,0.0,0.0,1.0,0.0,0.0,1.0,1.0,0.0,0.0,1.0,0.0,0.0,1.0,0.0,0.0,0.0,0.0,1.0,0.0,1.0,0.0,1.0,0.0,0.0,0.0,0.0,1.0,1.0,0.0,5.0,1.0,0.0,0.0,0.7807779181100513,1.0,0.0,0.0,1.0,0.0,0.0,1.0,0.0,0.0
7706-DZNKK,0,-0.8702409464784621,-1.4727407520661506,-0.9026697480891382,0.0,1.0,1.0,0.0,1.0,0.0,0.0,1.0,1.0,0.0,0.0,0.0,0.0,1.0,0.0,1.0,0.0,0.0,1.0,0.0,0.0,1.0,0.0,0.0,1.0,0.0,0.0,1.0,0.0,0.0,1.0,0.0,1.0,0.0,0.0,0.0,1.0,0.0,1.0,0.0,0.0,1.0,0.0,1.0,1.0,0.0,0.0,1.0372641643005922,1.0,0.0,0.0,1.0,0.0,0.0,1.0,0.0,0.0
0236-HFWSV,0,-0.7073594915983407,0.9501592741760567,-0.37000206210027964,0.0,1.0,1.0,0.0,1.0,0.0,0.0,1.0,0.0,0.0,1.0,0.0,1.0,0.0,1.0,0.0,0.0,1.0,0.0,0.0,1.0,0.0,0.0,1.0,0.0,0.0,0.0,0.0,1.0,0.0,0.0,1.0,1.0,0.0,0.0,0.0,1.0,0.0,0.0,1.0,0.0,0.0,1.0,5.0,1.0,0.0,0.0,0.5230749943910805,1.0,0.0,0.0,1.0,0.0,0.0,1.0,0.0,0.0
3900-AQPHZ,0,-1.2774445836787656,-1.491020519067978,-0.9985839030019455,1.0,0.0,1.0,0.0,1.0,0.0,0.0,1.0,1.0,0.0,0.0,0.0,0.0,1.0,0.0,1.0,0.0,0.0,1.0,0.0,0.0,1.0,0.0,0.0,1.0,0.0,0.0,1.0,0.0,0.0,1.0,0.0,1.0,0.0,0.0,1.0,0.0,0.0,0.0,0.0,1.0,0.0,1.0,1.0,1.0,0.0,0.0,0.7817042835049945,1.0,0.0,0.0,1.0,0.0,0.0,1.0,0.0,0.0
5842-POCOP,0,-1.1145631287986442,0.8022593411612722,-0.8069982462821361,1.0,0.0,0.0,1.0,1.0,0.0,0.0,1.0,1.0,0.0,0.0,0.0,1.0,0.0,0.0,0.0,1.0,1.0,0.0,0.0,0.0,0.0,1.0,1.0,0.0,0.0,1.0,0.0,0.0,0.0,0.0,1.0,1.0,0.0,0.0,0.0,1.0,0.0,0.0,0.0,1.0,0.0,1.0,5.0,1.0,0.0,0.0,0.724048934897009,1.0,0.0,0.0,1.0,0.0,0.0,1.0,0.0,0.0
2037-XJFUP,0,0.025607055362205634,1.0315873271841969,0.33241250108592296,0.0,1.0,0.0,1.0,1.0,0.0,0.0,1.0,1.0,0.0,0.0,0.0,1.0,0.0,1.0,0.0,0.0,1.0,0.0,0.0,0.0,0.0,1.0,1.0,0.0,0.0,0.0,0.0,1.0,0.0,0.0,1.0,0.0,1.0,0.0,0.0,1.0,0.0,0.0,1.0,0.0,0.0,1.0,5.0,0.0,0.0,1.0,12.981285680216962,0.0,0.0,1.0,0.0,0.0,1.0,0.0,0.0,1.0
8823-RLPWL,0,1.6137012404433893,1.5251410362335358,2.551100144328869,1.0,0.0,0.0,1.0,1.0,0.0,0.0,1.0,0.0,0.0,1.0,0.0,1.0,0.0,0.0,0.0,1.0,0.0,0.0,1.0,0.0,0.0,1.0,1.0,0.0,0.0,0.0,0.0,1.0,0.0,0.0,1.0,0.0,0.0,1.0,0.0,1.0,0.0,1.0,0.0,0.0,1.0,0.0,8.0,0.0,1.0,0.0,1.5808999090983624,0.0,1.0,0.0,0.0,1.0,0.0,0.0,1.0,0.0
9505-SQFSW,0,-1.1960038562387048,-0.8130073430001998,-0.9665536930356631,1.0,0.0,0.0,1.0,0.0,1.0,1.0,0.0,0.0,1.0,0.0,1.0,0.0,0.0,1.0,0.0,0.0,0.0,0.0,1.0,1.0,0.0,0.0,1.0,0.0,0.0,1.0,0.0,0.0,0.0,0.0,1.0,1.0,0.0,0.0,1.0,0.0,0.0,0.0,0.0,1.0,1.0,0.0,3.0,1.0,0.0,0.0,0.8081526560251769,1.0,0.0,0.0,1.0,0.0,0.0,1.0,0.0,0.0
7314-OXENN,0,-1.2367242199587352,0.572931355138347,-0.9258982681266695,0.0,1.0,1.0,0.0,1.0,0.0,0.0,1.0,0.0,0.0,1.0,0.0,1.0,0.0,1.0,0.0,0.0,0.0,0.0,1.0,1.0,0.0,0.0,1.0,0.0,0.0,1.0,0.0,0.0,1.0,0.0,0.0,1.0,0.0,0.0,0.0,1.0,0.0,0.0,1.0,0.0,0.0,1.0,4.0,1.0,0.0,0.0,0.7486699566355733,1.0,0.0,0.0,1.0,0.0,0.0,1.0,0.0,0.0
3758-CKOQL,0,1.0843365120829946,1.4038298552214086,1.7069541079791921,1.0,0.0,0.0,1.0,1.0,0.0,0.0,1.0,0.0,0.0,1.0,0.0,1.0,0.0,0.0,0.0,1.0,0.0,0.0,1.0,0.0,0.0,1.0,0.0,0.0,1.0,1.0,0.0,0.0,0.0,0.0,1.0,0.0,1.0,0.0,0.0,1.0,0.0,1.0,0.0,0.0,1.0,0.0,8.0,0.0,1.0,0.0,1.574192226267617,0.0,1.0,0.0,0.0,1.0,0.0,0.0,1.0,0.0
0322-CHQRU,0,-1.2367242199587352,-0.6451658459834212,-0.967877255430964,0.0,1.0,1.0,0.0,1.0,0.0,0.0,1.0,1.0,0.0,0.0,1.0,0.0,0.0,1.0,0.0,0.0,1.0,0.0,0.0,1.0,0.0,0.0,1.0,0.0,0.0,1.0,0.0,0.0,1.0,0.0,0.0,1.0,0.0,0.0,1.0,0.0,0.0,0.0,1.0,0.0,0.0,1.0,2.0,1.0,0.0,0.0,0.7826136496811379,1.0,0.0,0.0,1.0,0.0,0.0,1.0,0.0,0.0
5676-CFLYY,0,1.5729808767233588,0.2854404741096075,1.2667372553021032,0.0,1.0,0.0,1.0,0.0,1.0,0.0,1.0,1.0,0.0,0.0,1.0,0.0,0.0,1.0,0.0,0.0,0.0,0.0,1.0,1.0,0.0,0.0,0.0,0.0,1.0,0.0,0.0,1.0,0.0,0.0,1.0,0.0,0.0,1.0,0.0,1.0,0.0,1.0,0.0,0.0,1.0,0.0,6.0,0.0,1.0,0.0,0.8053100161909248,0.0,1.0,0.0,0.0,1.0,0.0,0.0,1.0,0.0
7521-AFHAB,0,-1.1145631287986442,-0.6634456129852487,-0.9101037568760786,1.0,0.0,0.0,1.0,0.0,1.0,0.0,1.0,1.0,0.0,0.0,1.0,0.0,0.0,1.0,0.0,0.0,1.0,0.0,0.0,1.0,0.0,0.0,1.0,0.0,0.0,1.0,0.0,0.0,1.0,0.0,0.0,1.0,0.0,0.0,1.0,0.0,0.0,0.0,0.0,1.0,1.0,0.0,2.0,1.0,0.0,0.0,0.8165564904852483,1.0,0.0,0.0,1.0,0.0,0.0,1.0,0.0,0.0
0285-INHLN,0,-0.21871512695797646,-0.3327480099521901,-0.3410381050164444,0.0,1.0,0.0,1.0,0.0,1.0,0.0,1.0,1.0,0.0,0.0,1.0,0.0,0.0,0.0,0.0,1.0,0.0,0.0,1.0,1.0,0.0,0.0,1.0,0.0,0.0,1.0,0.0,0.0,1.0,0.0,0.0,1.0,0.0,0.0,0.0,1.0,0.0,1.0,0.0,0.0,1.0,0.0,4.0,0.0,0.0,1.0,1.559279917030937,0.0,0.0,1.0,0.0,0.0,1.0,0.0,0.0,1.0
4678-DVQEO,0,-1.2774445836787656,-0.4174996569606623,-0.9843335478792057,1.0,0.0,1.0,0.0,1.0,0.0,0.0,1.0,1.0,0.0,0.0,1.0,0.0,0.0,1.0,0.0,0.0,1.0,0.0,0.0,1.0,0.0,0.0,0.0,0.0,1.0,1.0,0.0,0.0,1.0,0.0,0.0,1.0,0.0,0.0,0.0,1.0,0.0,0.0,1.0,0.0,0.0,1.0,3.0,1.0,0.0,0.0,0.7705489227912625,1.0,0.0,0.0,1.0,0.0,0.0,1.0,0.0,0.0
5125-CNDSP,0,1.247217966963116,-0.803036560999203,0.13484875421400433,0.0,1.0,1.0,0.0,0.0,1.0,1.0,0.0,0.0,1.0,0.0,1.0,0.0,0.0,0.0,0.0,1.0,0.0,0.0,1.0,1.0,0.0,0.0,0.0,0.0,1.0,1.0,0.0,0.0,1.0,0.0,0.0,0.0,1.0,0.0,0.0,1.0,1.0,0.0,0.0,0.0,1.0,0.0,4.0,0.0,1.0,0.0,0.10811963729351264,0.0,1.0,0.0,0.0,1.0,0.0,0.0,1.0,0.0
0691-IFBQW,1,0.5549717837226001,1.503537675231376,1.1433371213135468,1.0,0.0,1.0,0.0,1.0,0.0,0.0,1.0,0.0,0.0,1.0,0.0,1.0,0.0,0.0,0.0,1.0,0.0,0.0,1.0,0.0,0.0,1.0,1.0,0.0,0.0,0.0,0.0,1.0,0.0,0.0,1.0,0.0,1.0,0.0,0.0,1.0,0.0,0.0,1.0,0.0,0.0,1.0,8.0,0.0,1.0,0.0,2.060171624662342,0.0,1.0,0.0,0.0,1.0,0.0,0.0,1.0,0.0
4992-LTJNE,0,1.6137012404433893,-0.31446824295036285,0.7501508524161509,0.0,1.0,0.0,1.0,0.0,1.0,0.0,1.0,0.0,0.0,1.0,1.0,0.0,0.0,0.0,0.0,1.0,1.0,0.0,0.0,1.0,0.0,0.0,1.0,0.0,0.0,1.0,0.0,0.0,1.0,0.0,0.0,0.0,0.0,1.0,1.0,0.0,1.0,0.0,0.0,0.0,1.0,0.0,4.0,0.0,1.0,0.0,0.46486352840011164,0.0,1.0,0.0,0.0,1.0,0.0,0.0,1.0,0.0
2202-OUTMO,0,0.06632741908223598,-0.13000877593192306,-0.12340032848246177,1.0,0.0,0.0,1.0,1.0,0.0,0.0,1.0,0.0,0.0,1.0,1.0,0.0,0.0,0.0,0.0,1.0,1.0,0.0,0.0,1.0,0.0,0.0,0.0,0.0,1.0,1.0,0.0,0.0,1.0,0.0,0.0,1.0,0.0,0.0,0.0,1.0,1.0,0.0,0.0,0.0,1.0,0.0,5.0,0.0,0.0,1.0,-1.8604723384376527,0.0,0.0,1.0,0.0,0.0,1.0,0.0,0.0,1.0
0810-BDHAW,0,-0.3408762181180675,0.4532819711263863,-0.19893162250763466,1.0,0.0,0.0,1.0,0.0,1.0,0.0,1.0,0.0,0.0,1.0,1.0,0.0,0.0,0.0,0.0,1.0,0.0,0.0,1.0,1.0,0.0,0.0,1.0,0.0,0.0,0.0,0.0,1.0,0.0,0.0,1.0,0.0,1.0,0.0,1.0,0.0,0.0,0.0,1.0,0.0,1.0,0.0,7.0,0.0,0.0,1.0,0.583589033010017,0.0,0.0,1.0,0.0,0.0,1.0,0.0,0.0,1.0
0229-LFJAF,0,1.6137012404433893,0.16246749609731476,1.158094842021152,0.0,1.0,1.0,0.0,1.0,0.0,0.0,1.0,0.0,0.0,1.0,1.0,0.0,0.0,0.0,0.0,1.0,0.0,0.0,1.0,0.0,0.0,1.0,0.0,0.0,1.0,1.0,0.0,0.0,1.0,0.0,0.0,0.0,0.0,1.0,1.0,0.0,1.0,0.0,0.0,0.0,1.0,0.0,7.0,0.0,1.0,0.0,0.7176637242361837,0.0,1.0,0.0,0.0,1.0,0.0,0.0,1.0,0.0
7131-ZQZNK,0,1.125056875803025,-0.16324471593524553,0.5765877036456891,1.0,0.0,0.0,1.0,0.0,1.0,1.0,0.0,0.0,1.0,0.0,1.0,0.0,0.0,0.0,0.0,1.0,1.0,0.0,0.0,0.0,0.0,1.0,0.0,0.0,1.0,0.0,0.0,1.0,0.0,0.0,1.0,0.0,0.0,1.0,1.0,0.0,0.0,1.0,0.0,0.0,1.0,0.0,6.0,0.0,1.0,0.0,0.5124964933298519,0.0,1.0,0.0,0.0,1.0,0.0,0.0,1.0,0.0
3442-ZHHCC,0,1.4508197855632678,0.4034280611214026,1.2087211036414125,0.0,1.0,1.0,0.0,1.0,0.0,0.0,1.0,0.0,0.0,1.0,1.0,0.0,0.0,0.0,0.0,1.0,0.0,0.0,1.0,0.0,0.0,1.0,1.0,0.0,0.0,1.0,0.0,0.0,0.0,0.0,1.0,0.0,1.0,0.0,0.0,1.0,0.0,1.0,0.0,0.0,1.0,0.0,7.0,0.0,1.0,0.0,0.8331297351118887,0.0,1.0,0.0,0.0,1.0,0.0,0.0,1.0,0.0
5726-CVNYA,0,-0.9924020376385531,-1.4926823160681442,-0.9426854511737364,1.0,0.0,0.0,1.0,0.0,1.0,0.0,1.0,1.0,0.0,0.0,0.0,0.0,1.0,0.0,1.0,0.0,0.0,1.0,0.0,0.0,1.0,0.0,0.0,1.0,0.0,0.0,1.0,0.0,0.0,1.0,0.0,0.0,0.0,1.0,0.0,1.0,0.0,0.0,0.0,1.0,1.0,0.0,1.0,1.0,0.0,0.0,0.9499027767182757,1.0,0.0,0.0,1.0,0.0,0.0,1.0,0.0,0.0
9871-ELEYA,0,0.06632741908223598,0.09599561609066982,0.02470630355171223,1.0,0.0,1.0,0.0,0.0,1.0,0.0,1.0,1.0,0.0,0.0,1.0,0.0,0.0,0.0,0.0,1.0,1.0,0.0,0.0,0.0,0.0,1.0,0.0,0.0,1.0,0.0,0.0,1.0,1.0,0.0,0.0,0.0,0.0,1.0,1.0,0.0,0.0,1.0,0.0,0.0,1.0,0.0,6.0,0.0,0.0,1.0,0.37249004851342316,0.0,0.0,1.0,0.0,0.0,1.0,0.0,0.0,1.0
4257-GAESD,0,-1.0738427650786138,-0.6567984249845842,-0.8755808377319793,1.0,0.0,1.0,0.0,1.0,0.0,1.0,0.0,0.0,1.0,0.0,1.0,0.0,0.0,1.0,0.0,0.0,1.0,0.0,0.0,1.0,0.0,0.0,1.0,0.0,0.0,0.0,0.0,1.0,0.0,0.0,1.0,1.0,0.0,0.0,1.0,0.0,0.0,1.0,0.0,0.0,1.0,0.0,3.0,1.0,0.0,0.0,0.8153715480570192,1.0,0.0,0.0,1.0,0.0,0.0,1.0,0.0,0.0
5173-WXOQV,0,-1.2367242199587352,-0.018668376920792765,-0.9439869541957822,0.0,1.0,0.0,1.0,1.0,0.0,0.0,1.0,1.0,0.0,0.0,1.0,0.0,0.0,1.0,0.0,0.0,0.0,0.0,1.0,1.0,0.0,0.0,0.0,0.0,1.0,1.0,0.0,0.0,0.0,0.0,1.0,1.0,0.0,0.0,0.0,1.0,0.0,0.0,0.0,1.0,1.0,0.0,5.0,1.0,0.0,0.0,0.7632962458091744,1.0,0.0,0.0,1.0,0.0,0.0,1.0,0.0,0.0
2040-OBMLJ,0,-0.055833672077855064,0.5629605731373504,0.11706889937046197,0.0,1.0,1.0,0.0,1.0,0.0,0.0,1.0,0.0,0.0,1.0,0.0,1.0,0.0,1.0,0.0,0.0,1.0,0.0,0.0,1.0,0.0,0.0,0.0,0.0,1.0,1.0,0.0,0.0,1.0,0.0,0.0,0.0,1.0,0.0,1.0,0.0,0.0,1.0,0.0,0.0,1.0,0.0,4.0,0.0,0.0,1.0,-2.096743685552687,0.0,0.0,1.0,0.0,0.0,1.0,0.0,0.0,1.0
6286-ZHAOK,0,-0.5037576729981889,-1.303237458049206,-0.7835050137655446,1.0,0.0,0.0,1.0,0.0,1.0,0.0,1.0,0.0,0.0,1.0,0.0,0.0,1.0,0.0,1.0,0.0,0.0,1.0,0.0,0.0,1.0,0.0,0.0,1.0,0.0,0.0,1.0,0.0,0.0,1.0,0.0,1.0,0.0,0.0,0.0,1.0,1.0,0.0,0.0,0.0,1.0,0.0,2.0,1.0,0.0,0.0,1.555321250200315,1.0,0.0,0.0,1.0,0.0,0.0,1.0,0.0,0.0
3807-XHCJH,0,-1.2774445836787656,-1.4876969250676457,-0.9985397842554355,1.0,0.0,0.0,1.0,0.0,1.0,0.0,1.0,1.0,0.0,0.0,0.0,0.0,1.0,0.0,1.0,0.0,0.0,1.0,0.0,0.0,1.0,0.0,0.0,1.0,0.0,0.0,1.0,0.0,0.0,1.0,0.0,1.0,0.0,0.0,1.0,0.0,0.0,0.0,1.0,0.0,1.0,0.0,1.0,1.0,0.0,0.0,0.7816697467845186,1.0,0.0,0.0,1.0,0.0,0.0,1.0,0.0,0.0
3009-JWMPU,0,1.2064976032430856,1.0631614701873533,1.6950861651679936,0.0,1.0,1.0,0.0,1.0,0.0,0.0,1.0,0.0,0.0,1.0,0.0,1.0,0.0,1.0,0.0,0.0,1.0,0.0,0.0,0.0,0.0,1.0,1.0,0.0,0.0,0.0,0.0,1.0,0.0,0.0,1.0,0.0,1.0,0.0,0.0,1.0,0.0,0.0,1.0,0.0,0.0,1.0,6.0,0.0,1.0,0.0,1.4049643866772497,0.0,1.0,0.0,0.0,1.0,0.0,0.0,1.0,0.0
5671-RQRLP,1,1.5322605130033284,0.36188313611724954,1.3800783150863727,1.0,0.0,0.0,1.0,1.0,0.0,0.0,1.0,0.0,0.0,1.0,0.0,1.0,0.0,1.0,0.0,0.0,1.0,0.0,0.0,1.0,0.0,0.0,1.0,0.0,0.0,1.0,0.0,0.0,1.0,0.0,0.0,0.0,0.0,1.0,0.0,1.0,0.0,1.0,0.0,0.0,1.0,0.0,3.0,0.0,1.0,0.0,0.9006812505931717,0.0,1.0,0.0,0.0,1.0,0.0,0.0,1.0,0.0
1450-GALXR,0,-0.9109613101984924,1.1213243651931677,-0.5404768986150392,1.0,0.0,1.0,0.0,1.0,0.0,0.0,1.0,0.0,0.0,1.0,0.0,1.0,0.0,1.0,0.0,0.0,1.0,0.0,0.0,1.0,0.0,0.0,0.0,0.0,1.0,0.0,0.0,1.0,0.0,0.0,1.0,1.0,0.0,0.0,0.0,1.0,0.0,0.0,1.0,0.0,0.0,1.0,6.0,1.0,0.0,0.0,0.5933039005764942,1.0,0.0,0.0,1.0,0.0,0.0,1.0,0.0,0.0
8859-AXJZP,0,0.26992923768238775,-1.3614003530550205,-0.6086183025997821,0.0,1.0,0.0,1.0,0.0,1.0,0.0,1.0,0.0,0.0,1.0,0.0,0.0,1.0,0.0,1.0,0.0,0.0,1.0,0.0,0.0,1.0,0.0,0.0,1.0,0.0,0.0,1.0,0.0,0.0,1.0,0.0,0.0,0.0,1.0,0.0,1.0,0.0,0.0,0.0,1.0,1.0,0.0,2.0,0.0,0.0,1.0,-2.2547327878423933,0.0,0.0,1.0,0.0,0.0,1.0,0.0,0.0,1.0
3174-AKMAS,0,0.5549717837226001,-0.018668376920792765,0.32039014266193955,1.0,0.0,0.0,1.0,1.0,0.0,0.0,1.0,1.0,0.0,0.0,1.0,0.0,0.0,1.0,0.0,0.0,0.0,0.0,1.0,1.0,0.0,0.0,0.0,0.0,1.0,0.0,0.0,1.0,1.0,0.0,0.0,0.0,0.0,1.0,0.0,1.0,0.0,1.0,0.0,0.0,1.0,0.0,5.0,0.0,1.0,0.0,0.5773088867921345,0.0,1.0,0.0,0.0,1.0,0.0,0.0,1.0,0.0
3138-BKYAV,0,-1.0738427650786138,0.684271754149477,-0.7914243287640952,0.0,1.0,1.0,0.0,1.0,0.0,0.0,1.0,1.0,0.0,0.0,0.0,1.0,0.0,1.0,0.0,0.0,0.0,0.0,1.0,1.0,0.0,0.0,1.0,0.0,0.0,0.0,0.0,1.0,1.0,0.0,0.0,1.0,0.0,0.0,0.0,1.0,0.0,0.0,1.0,0.0,0.0,1.0,4.0,1.0,0.0,0.0,0.737002058868606,1.0,0.0,0.0,1.0,0.0,0.0,1.0,0.0,0.0
9926-PJHDQ,0,1.6137012404433893,0.40010446712107006,1.4052480599703454,1.0,0.0,0.0,1.0,0.0,1.0,0.0,1.0,0.0,0.0,1.0,1.0,0.0,0.0,1.0,0.0,0.0,1.0,0.0,0.0,0.0,0.0,1.0,1.0,0.0,0.0,0.0,0.0,1.0,0.0,0.0,1.0,0.0,0.0,1.0,0.0,1.0,1.0,0.0,0.0,0.0,1.0,0.0,6.0,0.0,1.0,0.0,0.870822940920732,0.0,1.0,0.0,0.0,1.0,0.0,0.0,1.0,0.0
7382-DFJTU,0,-0.5851984004382496,-0.31779183695069496,-0.5405430767348043,0.0,1.0,1.0,0.0,1.0,0.0,0.0,1.0,1.0,0.0,0.0,1.0,0.0,0.0,1.0,0.0,0.0,1.0,0.0,0.0,0.0,0.0,1.0,0.0,0.0,1.0,1.0,0.0,0.0,1.0,0.0,0.0,1.0,0.0,0.0,1.0,0.0,0.0,1.0,0.0,0.0,1.0,0.0,4.0,1.0,0.0,0.0,0.9236919928865094,1.0,0.0,0.0,1.0,0.0,0.0,1.0,0.0,0.0
2798-NYLMZ,0,1.5729808767233588,1.4553455622265583,2.352720200646515,0.0,1.0,0.0,1.0,1.0,0.0,0.0,1.0,0.0,0.0,1.0,0.0,1.0,0.0,0.0,0.0,1.0,1.0,0.0,0.0,0.0,0.0,1.0,0.0,0.0,1.0,0.0,0.0,1.0,0.0,0.0,1.0,0.0,0.0,1.0,0.0,1.0,0.0,1.0,0.0,0.0,1.0,0.0,8.0,0.0,1.0,0.0,1.4957080759604744,0.0,1.0,0.0,0.0,1.0,0.0,0.0,1.0,0.0
4289-DTDKW,0,0.3106496014024181,1.2143849972024705,0.8072846291466412,0.0,1.0,0.0,1.0,1.0,0.0,0.0,1.0,0.0,0.0,1.0,0.0,1.0,0.0,1.0,0.0,0.0,0.0,0.0,1.0,1.0,0.0,0.0,1.0,0.0,0.0,0.0,0.0,1.0,0.0,0.0,1.0,1.0,0.0,0.0,0.0,1.0,0.0,0.0,1.0,0.0,0.0,1.0,6.0,0.0,0.0,1.0,2.5986984226027636,0.0,0.0,1.0,0.0,0.0,1.0,0.0,0.0,1.0
1820-TQVEV,0,-1.2774445836787656,0.15914390209698223,-0.9766789453597151,0.0,1.0,1.0,0.0,1.0,0.0,0.0,1.0,1.0,0.0,0.0,0.0,1.0,0.0,1.0,0.0,0.0,1.0,0.0,0.0,1.0,0.0,0.0,1.0,0.0,0.0,1.0,0.0,0.0,1.0,0.0,0.0,1.0,0.0,0.0,0.0,1.0,0.0,0.0,1.0,0.0,0.0,1.0,2.0,1.0,0.0,0.0,0.7645568017886849,1.0,0.0,0.0,1.0,0.0,0.0,1.0,0.0,0.0
2239-JALAW,0,1.0436161483629645,1.2791950802089493,1.6475482158034351,0.0,1.0,1.0,0.0,1.0,0.0,0.0,1.0,0.0,0.0,1.0,0.0,1.0,0.0,1.0,0.0,0.0,0.0,0.0,1.0,0.0,0.0,1.0,1.0,0.0,0.0,0.0,0.0,1.0,0.0,0.0,1.0,0.0,1.0,0.0,0.0,1.0,1.0,0.0,0.0,0.0,0.0,1.0,7.0,0.0,1.0,0.0,1.5786917617054983,0.0,1.0,0.0,0.0,1.0,0.0,0.0,1.0,0.0
4853-RULSV,0,1.5322605130033284,1.304122035211441,2.1913117665395667,0.0,1.0,1.0,0.0,1.0,0.0,0.0,1.0,0.0,0.0,1.0,0.0,1.0,0.0,0.0,0.0,1.0,1.0,0.0,0.0,1.0,0.0,0.0,0.0,0.0,1.0,0.0,0.0,1.0,0.0,0.0,1.0,0.0,0.0,1.0,0.0,1.0,0.0,1.0,0.0,0.0,0.0,1.0,7.0,0.0,1.0,0.0,1.430116972892851,0.0,1.0,0.0,0.0,1.0,0.0,0.0,1.0,0.0
8098-TDCBU,0,0.3920903288424788,-1.3132082400502028,-0.5184395847332788,1.0,0.0,0.0,1.0,1.0,0.0,0.0,1.0,0.0,0.0,1.0,0.0,0.0,1.0,0.0,1.0,0.0,0.0,1.0,0.0,0.0,1.0,0.0,0.0,1.0,0.0,0.0,1.0,0.0,0.0,1.0,0.0,0.0,0.0,1.0,1.0,0.0,0.0,0.0,1.0,0.0,1.0,0.0,2.0,0.0,0.0,1.0,-1.322245275122714,0.0,0.0,1.0,0.0,0.0,1.0,0.0,0.0,1.0
3551-GAEGL,0,0.06632741908223598,-1.1420431490330922,-0.5932429194410362,0.0,1.0,0.0,1.0,0.0,1.0,1.0,0.0,0.0,1.0,0.0,1.0,0.0,0.0,0.0,0.0,1.0,1.0,0.0,0.0,1.0,0.0,0.0,1.0,0.0,0.0,1.0,0.0,0.0,1.0,0.0,0.0,0.0,1.0,0.0,1.0,0.0,1.0,0.0,0.0,0.0,1.0,0.0,2.0,0.0,0.0,1.0,-8.944158051823253,0.0,0.0,1.0,0.0,0.0,1.0,0.0,0.0,1.0
4785-NKHCX,1,-1.1145631287986442,-1.4860351280674797,-0.9658257337182475,0.0,1.0,1.0,0.0,1.0,0.0,0.0,1.0,1.0,0.0,0.0,0.0,0.0,1.0,0.0,1.0,0.0,0.0,1.0,0.0,0.0,1.0,0.0,0.0,1.0,0.0,0.0,1.0,0.0,0.0,1.0,0.0,1.0,0.0,0.0,1.0,0.0,1.0,0.0,0.0,0.0,1.0,0.0,1.0,1.0,0.0,0.0,0.8665509460727304,1.0,0.0,0.0,1.0,0.0,0.0,1.0,0.0,0.0
3196-NVXLZ,0,-0.30015585439803716,0.6593447991469852,-0.08614204705474052,1.0,0.0,1.0,0.0,1.0,0.0,0.0,1.0,0.0,0.0,1.0,0.0,1.0,0.0,1.0,0.0,0.0,1.0,0.0,0.0,1.0,0.0,0.0,1.0,0.0,0.0,0.0,0.0,1.0,1.0,0.0,0.0,1.0,0.0,0.0,0.0,1.0,0.0,0.0,0.0,1.0,1.0,0.0,4.0,0.0,0.0,1.0,0.2869910607857324,0.0,0.0,1.0,0.0,0.0,1.0,0.0,0.0,1.0
6275-YDUVO,0,-1.2367242199587352,0.7125223031523015,-0.9285233335440165,1.0,0.0,1.0,0.0,1.0,0.0,0.0,1.0,1.0,0.0,0.0,0.0,1.0,0.0,1.0,0.0,0.0,1.0,0.0,0.0,0.0,0.0,1.0,1.0,0.0,0.0,1.0,0.0,0.0,0.0,0.0,1.0,1.0,0.0,0.0,0.0,1.0,0.0,0.0,0.0,1.0,0.0,1.0,4.0,1.0,0.0,0.0,0.7507925522595472,1.0,0.0,0.0,1.0,0.0,0.0,1.0,0.0,0.0
0036-IHMOT,0,0.9214550572028734,1.2941512532104444,1.4883236596487337,1.0,0.0,0.0,1.0,0.0,1.0,0.0,1.0,1.0,0.0,0.0,0.0,1.0,0.0,1.0,0.0,0.0,0.0,0.0,1.0,0.0,0.0,1.0,0.0,0.0,1.0,0.0,0.0,1.0,0.0,0.0,1.0,0.0,1.0,0.0,0.0,1.0,1.0,0.0,0.0,0.0,1.0,0.0,7.0,0.0,1.0,0.0,1.6151885520782974,0.0,1.0,0.0,0.0,1.0,0.0,0.0,1.0,0.0
0115-TFERT,0,-0.46303730927815856,1.5434208032353631,0.01491194182648524,0.0,1.0,0.0,1.0,1.0,0.0,0.0,1.0,0.0,0.0,1.0,0.0,1.0,0.0,1.0,0.0,0.0,0.0,0.0,1.0,0.0,0.0,1.0,0.0,0.0,1.0,0.0,0.0,1.0,0.0,0.0,1.0,1.0,0.0,0.0,0.0,1.0,0.0,0.0,1.0,0.0,0.0,1.0,8.0,0.0,0.0,1.0,-0.03220462266794844,0.0,0.0,1.0,0.0,0.0,1.0,0.0,0.0,1.0
4178-EGMON,0,1.5322605130033284,0.7723469951582818,1.6337831668923055,0.0,1.0,0.0,1.0,1.0,0.0,0.0,1.0,0.0,0.0,1.0,0.0,1.0,0.0,0.0,0.0,1.0,0.0,0.0,1.0,1.0,0.0,0.0,0.0,0.0,1.0,1.0,0.0,0.0,1.0,0.0,0.0,0.0,0.0,1.0,0.0,1.0,0.0,1.0,0.0,0.0,1.0,0.0,6.0,0.0,1.0,0.0,1.0662567840307953,0.0,1.0,0.0,0.0,1.0,0.0,0.0,1.0,0.0
4220-TINQT,0,1.1657772395230555,1.3822264942192488,1.9712474589475326,1.0,0.0,0.0,1.0,1.0,0.0,0.0,1.0,0.0,0.0,1.0,0.0,1.0,0.0,1.0,0.0,0.0,1.0,0.0,0.0,0.0,0.0,1.0,0.0,0.0,1.0,0.0,0.0,1.0,0.0,0.0,1.0,1.0,0.0,0.0,0.0,1.0,0.0,0.0,1.0,0.0,1.0,0.0,7.0,0.0,1.0,0.0,1.6909297866837856,0.0,1.0,0.0,0.0,1.0,0.0,0.0,1.0,0.0
5318-YKDPV,0,0.43281069256250915,0.47820892612887816,0.5661756794693219,0.0,1.0,0.0,1.0,0.0,1.0,0.0,1.0,1.0,0.0,0.0,1.0,0.0,0.0,0.0,0.0,1.0,1.0,0.0,0.0,0.0,0.0,1.0,0.0,0.0,1.0,0.0,0.0,1.0,0.0,0.0,1.0,0.0,0.0,1.0,0.0,1.0,0.0,1.0,0.0,0.0,1.0,0.0,7.0,0.0,0.0,1.0,1.3081369966097853,0.0,0.0,1.0,0.0,0.0,1.0,0.0,0.0,1.0
7975-TZMLR,0,0.5956921474426305,1.2742096892084507,1.1497343395575013,0.0,1.0,1.0,0.0,1.0,0.0,0.0,1.0,0.0,0.0,1.0,0.0,1.0,0.0,1.0,0.0,0.0,0.0,0.0,1.0,0.0,0.0,1.0,1.0,0.0,0.0,0.0,0.0,1.0,0.0,0.0,1.0,0.0,1.0,0.0,0.0,1.0,0.0,0.0,1.0,0.0,1.0,0.0,7.0,0.0,1.0,0.0,1.9300814094888317,0.0,1.0,0.0,0.0,1.0,0.0,0.0,1.0,0.0
0295-QVKPB,0,-1.1145631287986442,-0.02697736192162338,-0.8670218009090334,0.0,1.0,1.0,0.0,1.0,0.0,0.0,1.0,1.0,0.0,0.0,1.0,0.0,0.0,1.0,0.0,0.0,1.0,0.0,0.0,0.0,0.0,1.0,0.0,0.0,1.0,0.0,0.0,1.0,1.0,0.0,0.0,1.0,0.0,0.0,0.0,1.0,0.0,1.0,0.0,0.0,1.0,0.0,5.0,1.0,0.0,0.0,0.7779028199538338,1.0,0.0,0.0,1.0,0.0,0.0,1.0,0.0,0.0
4335-BSMJS,0,1.2064976032430856,-1.2949284730483754,-0.31736839751381274,1.0,0.0,1.0,0.0,1.0,0.0,0.0,1.0,0.0,0.0,1.0,0.0,0.0,1.0,0.0,1.0,0.0,0.0,1.0,0.0,0.0,1.0,0.0,0.0,1.0,0.0,0.0,1.0,0.0,0.0,1.0,0.0,0.0,0.0,1.0,0.0,1.0,0.0,1.0,0.0,0.0,1.0,0.0,2.0,0.0,1.0,0.0,-0.2630493393942277,0.0,1.0,0.0,0.0,1.0,0.0,0.0,1.0,0.0
2311-QYMUQ,0,-0.6666391278783103,0.8205391081630994,-0.37635516159772414,1.0,0.0,0.0,1.0,0.0,1.0,0.0,1.0,1.0,0.0,0.0,0.0,1.0,0.0,1.0,0.0,0.0,0.0,0.0,1.0,0.0,0.0,1.0,1.0,0.0,0.0,0.0,0.0,1.0,1.0,0.0,0.0,1.0,0.0,0.0,0.0,1.0,0.0,1.0,0.0,0.0,0.0,1.0,5.0,1.0,0.0,0.0,0.5645560631814951,1.0,0.0,0.0,1.0,0.0,0.0,1.0,0.0,0.0
3643-AHCFP,1,-1.0331224013585834,1.0249401391835322,-0.7230843904200573,0.0,1.0,0.0,1.0,1.0,0.0,0.0,1.0,0.0,0.0,1.0,0.0,1.0,0.0,1.0,0.0,0.0,1.0,0.0,0.0,1.0,0.0,0.0,1.0,0.0,0.0,0.0,0.0,1.0,0.0,0.0,1.0,1.0,0.0,0.0,0.0,1.0,1.0,0.0,0.0,0.0,0.0,1.0,5.0,1.0,0.0,0.0,0.6999019568922155,1.0,0.0,0.0,1.0,0.0,0.0,1.0,0.0,0.0
9146-JRIOX,0,-0.748079855318371,-1.303237458049206,-0.8430432621808315,1.0,0.0,0.0,1.0,0.0,1.0,0.0,1.0,0.0,0.0,1.0,0.0,0.0,1.0,0.0,1.0,0.0,0.0,1.0,0.0,0.0,1.0,0.0,0.0,1.0,0.0,0.0,1.0,0.0,0.0,1.0,0.0,1.0,0.0,0.0,1.0,0.0,0.0,0.0,0.0,1.0,1.0,0.0,2.0,1.0,0.0,0.0,1.1269428740626168,1.0,0.0,0.0,1.0,0.0,0.0,1.0,0.0,0.0
3104-OWCGK,0,1.125056875803025,0.8703930181680831,1.3986081886205857,0.0,1.0,0.0,1.0,0.0,1.0,0.0,1.0,1.0,0.0,0.0,0.0,1.0,0.0,1.0,0.0,0.0,0.0,0.0,1.0,0.0,0.0,1.0,1.0,0.0,0.0,0.0,0.0,1.0,1.0,0.0,0.0,0.0,1.0,0.0,1.0,0.0,0.0,0.0,1.0,0.0,0.0,1.0,5.0,0.0,1.0,0.0,1.2431444300292014,0.0,1.0,0.0,0.0,1.0,0.0,0.0,1.0,0.0
5337-IIWKZ,0,0.06632741908223598,-0.6617838159850825,-0.37090649640373535,0.0,1.0,0.0,1.0,0.0,1.0,1.0,0.0,0.0,1.0,0.0,1.0,0.0,0.0,1.0,0.0,0.0,1.0,0.0,0.0,0.0,0.0,1.0,0.0,0.0,1.0,0.0,0.0,1.0,1.0,0.0,0.0,1.0,0.0,0.0,0.0,1.0,0.0,0.0,1.0,0.0,1.0,0.0,4.0,0.0,0.0,1.0,-5.592053807247758,0.0,0.0,1.0,0.0,0.0,1.0,0.0,0.0,1.0
9101-BWFSS,0,0.7178532386027215,1.4553455622265583,1.4680069768808643,1.0,0.0,0.0,1.0,1.0,0.0,0.0,1.0,0.0,0.0,1.0,0.0,1.0,0.0,0.0,0.0,1.0,0.0,0.0,1.0,1.0,0.0,0.0,0.0,0.0,1.0,0.0,0.0,1.0,0.0,0.0,1.0,0.0,1.0,0.0,1.0,0.0,0.0,0.0,1.0,0.0,0.0,1.0,8.0,0.0,1.0,0.0,2.0449959656632504,0.0,1.0,0.0,0.0,1.0,0.0,0.0,1.0,0.0
9650-VBUOG,0,0.22920887396235737,-1.3198554280508674,-0.5820808765739984,0.0,1.0,0.0,1.0,0.0,1.0,0.0,1.0,0.0,0.0,1.0,0.0,0.0,1.0,0.0,1.0,0.0,0.0,1.0,0.0,0.0,1.0,0.0,0.0,1.0,0.0,0.0,1.0,0.0,0.0,1.0,0.0,0.0,0.0,1.0,1.0,0.0,0.0,1.0,0.0,0.0,1.0,0.0,2.0,0.0,0.0,1.0,-2.5395215573965637,0.0,0.0,1.0,0.0,0.0,1.0,0.0,0.0,1.0
3487-EARAT,0,1.5322605130033284,0.31036742911209936,1.2966497654359044,1.0,0.0,0.0,1.0,0.0,1.0,0.0,1.0,1.0,0.0,0.0,1.0,0.0,0.0,0.0,0.0,1.0,0.0,0.0,1.0,0.0,0.0,1.0,0.0,0.0,1.0,1.0,0.0,0.0,0.0,0.0,1.0,0.0,1.0,0.0,1.0,0.0,0.0,1.0,0.0,0.0,1.0,0.0,7.0,0.0,1.0,0.0,0.8462332315112578,0.0,1.0,0.0,0.0,1.0,0.0,0.0,1.0,0.0
2672-TGEFF,0,0.18848851024232702,0.7989357471609396,0.46644525298339706,1.0,0.0,0.0,1.0,0.0,1.0,0.0,1.0,0.0,0.0,1.0,0.0,1.0,0.0,1.0,0.0,0.0,0.0,0.0,1.0,1.0,0.0,0.0,1.0,0.0,0.0,0.0,0.0,1.0,1.0,0.0,0.0,1.0,0.0,0.0,0.0,1.0,0.0,0.0,1.0,0.0,1.0,0.0,5.0,0.0,0.0,1.0,2.4746614654851893,0.0,0.0,1.0,0.0,0.0,1.0,0.0,0.0,1.0
9231-ZJYAM,1,-1.1552834925186746,0.46823814412788106,-0.8781838437760712,1.0,0.0,1.0,0.0,1.0,0.0,0.0,1.0,1.0,0.0,0.0,0.0,1.0,0.0,1.0,0.0,0.0,1.0,0.0,0.0,1.0,0.0,0.0,1.0,0.0,0.0,0.0,0.0,1.0,1.0,0.0,0.0,1.0,0.0,0.0,0.0,1.0,0.0,0.0,1.0,0.0,0.0,1.0,3.0,1.0,0.0,0.0,0.7601457559663658,1.0,0.0,0.0,1.0,0.0,0.0,1.0,0.0,0.0
4250-WAROZ,1,1.125056875803025,0.9468356801757247,1.5402955430375502,0.0,1.0,0.0,1.0,0.0,1.0,0.0,1.0,0.0,0.0,1.0,0.0,1.0,0.0,0.0,0.0,1.0,0.0,0.0,1.0,1.0,0.0,0.0,1.0,0.0,0.0,1.0,0.0,0.0,0.0,0.0,1.0,1.0,0.0,0.0,0.0,1.0,0.0,0.0,1.0,0.0,1.0,0.0,6.0,0.0,1.0,0.0,1.3690823781136778,0.0,1.0,0.0,0.0,1.0,0.0,0.0,1.0,0.0
8184-WMOFI,0,1.2064976032430856,0.22063039110312907,0.9723769785871769,0.0,1.0,0.0,1.0,0.0,1.0,0.0,1.0,1.0,0.0,0.0,1.0,0.0,0.0,0.0,0.0,1.0,1.0,0.0,0.0,0.0,0.0,1.0,0.0,0.0,1.0,1.0,0.0,0.0,0.0,0.0,1.0,0.0,1.0,0.0,1.0,0.0,0.0,1.0,0.0,0.0,1.0,0.0,6.0,0.0,1.0,0.0,0.8059501949887106,0.0,1.0,0.0,0.0,1.0,0.0,0.0,1.0,0.0
6982-SSHFK,0,-1.2774445836787656,-0.6767399889865777,-0.9877748101069879,0.0,1.0,1.0,0.0,1.0,0.0,0.0,1.0,1.0,0.0,0.0,1.0,0.0,0.0,1.0,0.0,0.0,1.0,0.0,0.0,1.0,0.0,0.0,1.0,0.0,0.0,1.0,0.0,0.0,1.0,0.0,0.0,1.0,0.0,0.0,1.0,0.0,0.0,0.0,0.0,1.0,0.0,1.0,2.0,1.0,0.0,0.0,0.7732427869883866,1.0,0.0,0.0,1.0,0.0,0.0,1.0,0.0,0.0
6092-QZVPP,0,0.14776814652229667,0.47987072312904416,0.2522046199306866,0.0,1.0,1.0,0.0,1.0,0.0,0.0,1.0,1.0,0.0,0.0,1.0,0.0,0.0,0.0,0.0,1.0,1.0,0.0,0.0,0.0,0.0,1.0,0.0,0.0,1.0,0.0,0.0,1.0,0.0,0.0,1.0,1.0,0.0,0.0,0.0,1.0,0.0,1.0,0.0,0.0,1.0,0.0,7.0,0.0,0.0,1.0,1.706759040201073,0.0,0.0,1.0,0.0,0.0,1.0,0.0,0.0,1.0
4625-LAMOB,0,0.47353105628253944,-1.4744025490663168,-0.6078462245358565,0.0,1.0,1.0,0.0,1.0,0.0,0.0,1.0,1.0,0.0,0.0,0.0,0.0,1.0,0.0,1.0,0.0,0.0,1.0,0.0,0.0,1.0,0.0,0.0,1.0,0.0,0.0,1.0,0.0,0.0,1.0,0.0,0.0,0.0,1.0,1.0,0.0,0.0,1.0,0.0,0.0,1.0,0.0,1.0,0.0,0.0,1.0,-1.2836459540959355,0.0,0.0,1.0,0.0,0.0,1.0,0.0,0.0,1.0
0727-BMPLR,1,0.9214550572028734,1.1711782751981514,1.423270567919693,1.0,0.0,1.0,0.0,1.0,0.0,0.0,1.0,0.0,0.0,1.0,0.0,1.0,0.0,1.0,0.0,0.0,1.0,0.0,0.0,0.0,0.0,1.0,1.0,0.0,0.0,0.0,0.0,1.0,0.0,0.0,1.0,0.0,1.0,0.0,0.0,1.0,0.0,0.0,1.0,0.0,0.0,1.0,6.0,0.0,1.0,0.0,1.5445903267817618,0.0,1.0,0.0,0.0,1.0,0.0,0.0,1.0,0.0
0392-BZIUW,0,1.6137012404433893,1.3373579752147637,2.3411610890608867,1.0,0.0,0.0,1.0,1.0,0.0,0.0,1.0,0.0,0.0,1.0,0.0,1.0,0.0,0.0,0.0,1.0,1.0,0.0,0.0,0.0,0.0,1.0,1.0,0.0,0.0,0.0,0.0,1.0,0.0,0.0,1.0,0.0,0.0,1.0,0.0,1.0,0.0,1.0,0.0,0.0,1.0,0.0,7.0,0.0,1.0,0.0,1.450802063223064,0.0,1.0,0.0,0.0,1.0,0.0,0.0,1.0,0.0
1038-ZAGBI,0,-0.8295205827584317,-1.4943441130683104,-0.9060668915704106,1.0,0.0,0.0,1.0,0.0,1.0,0.0,1.0,1.0,0.0,0.0,0.0,0.0,1.0,0.0,1.0,0.0,0.0,1.0,0.0,0.0,1.0,0.0,0.0,1.0,0.0,0.0,1.0,0.0,0.0,1.0,0.0,0.0,1.0,0.0,1.0,0.0,1.0,0.0,0.0,0.0,0.0,1.0,1.0,1.0,0.0,0.0,1.0922777691150678,1.0,0.0,0.0,1.0,0.0,0.0,1.0,0.0,0.0
6549-NNDYT,0,-0.7888002190384014,-1.127086976031597,-0.8334915535614098,1.0,0.0,1.0,0.0,1.0,0.0,1.0,0.0,0.0,1.0,0.0,1.0,0.0,0.0,0.0,0.0,1.0,1.0,0.0,0.0,1.0,0.0,0.0,1.0,0.0,0.0,1.0,0.0,0.0,1.0,0.0,0.0,1.0,0.0,0.0,0.0,1.0,1.0,0.0,0.0,0.0,1.0,0.0,2.0,1.0,0.0,0.0,1.0566573556197665,1.0,0.0,0.0,1.0,0.0,0.0,1.0,0.0,0.0
3027-ZTDHO,0,-1.2774445836787656,0.8354952811645946,-0.9677007804449238,0.0,1.0,1.0,0.0,1.0,0.0,0.0,1.0,1.0,0.0,0.0,0.0,1.0,0.0,1.0,0.0,0.0,1.0,0.0,0.0,1.0,0.0,0.0,1.0,0.0,0.0,0.0,0.0,1.0,0.0,0.0,1.0,1.0,0.0,0.0,0.0,1.0,0.0,0.0,1.0,0.0,0.0,1.0,4.0,1.0,0.0,0.0,0.7575285791718289,1.0,0.0,0.0,1.0,0.0,0.0,1.0,0.0,0.0
0422-OHQHQ,0,-0.7073594915983407,-1.4694171580658184,-0.8767941032610052,1.0,0.0,0.0,1.0,0.0,1.0,0.0,1.0,1.0,0.0,0.0,0.0,0.0,1.0,0.0,1.0,0.0,0.0,1.0,0.0,0.0,1.0,0.0,0.0,1.0,0.0,0.0,1.0,0.0,0.0,1.0,0.0,0.0,1.0,0.0,1.0,0.0,0.0,0.0,0.0,1.0,1.0,0.0,1.0,1.0,0.0,0.0,1.2395311205619255,1.0,0.0,0.0,1.0,0.0,0.0,1.0,0.0,0.0
6916-HIJSE,0,1.3286586944031769,0.6676537841478158,1.4011670759181674,1.0,0.0,1.0,0.0,1.0,0.0,0.0,1.0,1.0,0.0,0.0,1.0,0.0,0.0,0.0,0.0,1.0,0.0,0.0,1.0,0.0,0.0,1.0,0.0,0.0,1.0,0.0,0.0,1.0,0.0,0.0,1.0,0.0,0.0,1.0,0.0,1.0,1.0,0.0,0.0,0.0,1.0,0.0,8.0,0.0,1.0,0.0,1.0545726165947837,0.0,1.0,0.0,0.0,1.0,0.0,0.0,1.0,0.0
2316-ESMLS,0,-0.8295205827584317,-1.0506443140239554,-0.8111454084540791,1.0,0.0,0.0,1.0,0.0,1.0,1.0,0.0,0.0,1.0,0.0,1.0,0.0,0.0,0.0,0.0,1.0,1.0,0.0,0.0,1.0,0.0,0.0,0.0,0.0,1.0,1.0,0.0,0.0,1.0,0.0,0.0,0.0,1.0,0.0,1.0,0.0,0.0,1.0,0.0,0.0,1.0,0.0,3.0,1.0,0.0,0.0,0.9778484407906445,1.0,0.0,0.0,1.0,0.0,0.0,1.0,0.0,0.0
9778-OGKQZ,0,1.6137012404433893,0.9052907551715716,1.9848360328726218,0.0,1.0,0.0,1.0,1.0,0.0,0.0,1.0,0.0,0.0,1.0,1.0,0.0,0.0,0.0,0.0,1.0,0.0,0.0,1.0,0.0,0.0,1.0,0.0,0.0,1.0,0.0,0.0,1.0,0.0,0.0,1.0,0.0,0.0,1.0,0.0,1.0,0.0,1.0,0.0,0.0,1.0,0.0,9.0,0.0,1.0,0.0,1.2299897794756962,0.0,1.0,0.0,0.0,1.0,0.0,0.0,1.0,0.0
7408-OFWXJ,0,1.6137012404433893,0.8321716871642622,1.8649653986048678,1.0,0.0,0.0,1.0,0.0,1.0,0.0,1.0,0.0,0.0,1.0,1.0,0.0,0.0,0.0,0.0,1.0,0.0,0.0,1.0,0.0,0.0,1.0,0.0,0.0,1.0,0.0,0.0,1.0,0.0,0.0,1.0,0.0,0.0,1.0,1.0,0.0,0.0,1.0,0.0,0.0,1.0,0.0,9.0,0.0,1.0,0.0,1.1557067391808162,0.0,1.0,0.0,0.0,1.0,0.0,0.0,1.0,0.0
6007-TCTST,0,1.6137012404433893,1.6963061272506461,2.7323620143653313,1.0,0.0,0.0,1.0,0.0,1.0,0.0,1.0,0.0,0.0,1.0,0.0,1.0,0.0,0.0,0.0,1.0,0.0,0.0,1.0,0.0,0.0,1.0,0.0,0.0,1.0,0.0,0.0,1.0,0.0,0.0,1.0,0.0,0.0,1.0,0.0,1.0,1.0,0.0,0.0,0.0,1.0,0.0,9.0,0.0,1.0,0.0,1.6932266927021589,0.0,1.0,0.0,0.0,1.0,0.0,0.0,1.0,0.0
2252-NKNSI,0,0.7992939660427822,0.677624566148813,0.9611487576003741,0.0,1.0,1.0,0.0,0.0,1.0,0.0,1.0,0.0,0.0,1.0,1.0,0.0,0.0,0.0,0.0,1.0,0.0,0.0,1.0,1.0,0.0,0.0,0.0,0.0,1.0,0.0,0.0,1.0,0.0,0.0,1.0,0.0,0.0,1.0,0.0,1.0,0.0,0.0,0.0,1.0,1.0,0.0,8.0,0.0,1.0,0.0,1.2024972018229005,0.0,1.0,0.0,0.0,1.0,0.0,0.0,1.0,0.0
8713-IGZSO,0,-1.2367242199587352,-1.3265026160515319,-0.9800099107212226,0.0,1.0,1.0,0.0,1.0,0.0,0.0,1.0,0.0,0.0,1.0,0.0,0.0,1.0,0.0,1.0,0.0,0.0,1.0,0.0,0.0,1.0,0.0,0.0,1.0,0.0,0.0,1.0,0.0,0.0,1.0,0.0,1.0,0.0,0.0,1.0,0.0,0.0,0.0,0.0,1.0,1.0,0.0,2.0,1.0,0.0,0.0,0.7924239655902605,1.0,0.0,0.0,1.0,0.0,0.0,1.0,0.0,0.0
7905-TVXTA,0,-1.1145631287986442,-0.013682985920294679,-0.8517787739898175,1.0,0.0,1.0,0.0,1.0,0.0,0.0,1.0,1.0,0.0,0.0,1.0,0.0,0.0,0.0,0.0,1.0,1.0,0.0,0.0,1.0,0.0,0.0,0.0,0.0,1.0,0.0,0.0,1.0,1.0,0.0,0.0,1.0,0.0,0.0,0.0,1.0,0.0,0.0,1.0,0.0,1.0,0.0,5.0,1.0,0.0,0.0,0.7642265852701637,1.0,0.0,0.0,1.0,0.0,0.0,1.0,0.0,0.0
7695-PKLCZ,0,1.4508197855632678,-1.4710789550659844,-0.37871551453601077,1.0,0.0,1.0,0.0,1.0,0.0,0.0,1.0,1.0,0.0,0.0,0.0,0.0,1.0,0.0,1.0,0.0,0.0,1.0,0.0,0.0,1.0,0.0,0.0,1.0,0.0,0.0,1.0,0.0,0.0,1.0,0.0,0.0,0.0,1.0,1.0,0.0,0.0,1.0,0.0,0.0,1.0,0.0,1.0,0.0,1.0,0.0,-0.26103553198302837,0.0,1.0,0.0,0.0,1.0,0.0,0.0,1.0,0.0
2382-BCKQJ,0,1.2064976032430856,1.1761636661986499,1.8222584519831577,1.0,0.0,1.0,0.0,0.0,1.0,0.0,1.0,0.0,0.0,1.0,0.0,1.0,0.0,1.0,0.0,0.0,1.0,0.0,0.0,0.0,0.0,1.0,1.0,0.0,0.0,0.0,0.0,1.0,0.0,0.0,1.0,0.0,1.0,0.0,0.0,1.0,0.0,0.0,1.0,0.0,0.0,1.0,6.0,0.0,1.0,0.0,1.5103705528174252,0.0,1.0,0.0,0.0,1.0,0.0,0.0,1.0,0.0
8374-UULRV,0,1.6137012404433893,0.7075369121518029,1.7763749556127255,0.0,1.0,1.0,0.0,1.0,0.0,0.0,1.0,0.0,0.0,1.0,1.0,0.0,0.0,0.0,0.0,1.0,0.0,0.0,1.0,1.0,0.0,0.0,0.0,0.0,1.0,0.0,0.0,1.0,0.0,0.0,1.0,0.0,0.0,1.0,1.0,0.0,0.0,1.0,0.0,0.0,1.0,0.0,8.0,0.0,1.0,0.0,1.100807826809775,0.0,1.0,0.0,0.0,1.0,0.0,0.0,1.0,0.0
2207-NHRJK,0,-1.2774445836787656,-0.46402997296531395,-0.9849512103303459,0.0,1.0,1.0,0.0,1.0,0.0,0.0,1.0,1.0,0.0,0.0,1.0,0.0,0.0,1.0,0.0,0.0,0.0,0.0,1.0,1.0,0.0,0.0,1.0,0.0,0.0,1.0,0.0,0.0,1.0,0.0,0.0,1.0,0.0,0.0,1.0,0.0,0.0,0.0,1.0,0.0,0.0,1.0,3.0,1.0,0.0,0.0,0.7710324368779258,1.0,0.0,0.0,1.0,0.0,0.0,1.0,0.0,0.0
3224-DFQNQ,0,1.369379058123207,0.8055829351616043,1.5950248480832436,1.0,0.0,0.0,1.0,1.0,0.0,0.0,1.0,0.0,0.0,1.0,0.0,1.0,0.0,0.0,0.0,1.0,0.0,0.0,1.0,1.0,0.0,0.0,0.0,0.0,1.0,1.0,0.0,0.0,1.0,0.0,0.0,0.0,1.0,0.0,1.0,0.0,0.0,0.0,1.0,0.0,1.0,0.0,6.0,0.0,1.0,0.0,1.164779641269886,0.0,1.0,0.0,0.0,1.0,0.0,0.0,1.0,0.0
5275-PMFUT,0,1.6137012404433893,0.001273187081200524,1.0749310048497438,0.0,1.0,0.0,1.0,0.0,1.0,1.0,0.0,0.0,1.0,0.0,1.0,0.0,0.0,0.0,0.0,1.0,0.0,0.0,1.0,0.0,0.0,1.0,0.0,0.0,1.0,0.0,0.0,1.0,0.0,0.0,1.0,0.0,0.0,1.0,0.0,1.0,0.0,1.0,0.0,0.0,1.0,0.0,7.0,0.0,1.0,0.0,0.6661276436488268,0.0,1.0,0.0,0.0,1.0,0.0,0.0,1.0,0.0
4795-UXVCJ,0,-0.2594354906780068,-1.4943441130683104,-0.8056085057670702,0.0,1.0,1.0,0.0,1.0,0.0,0.0,1.0,1.0,0.0,0.0,0.0,0.0,1.0,0.0,1.0,0.0,0.0,1.0,0.0,0.0,1.0,0.0,0.0,1.0,0.0,0.0,1.0,0.0,0.0,1.0,0.0,0.0,1.0,0.0,1.0,0.0,0.0,1.0,0.0,0.0,1.0,0.0,1.0,0.0,0.0,1.0,3.1052363100426192,0.0,0.0,1.0,0.0,0.0,1.0,0.0,0.0,1.0
9777-IQHWP,0,1.2879383306831464,0.9518210711762233,1.56136224449609,0.0,1.0,0.0,1.0,0.0,1.0,0.0,1.0,0.0,0.0,1.0,0.0,1.0,0.0,0.0,0.0,1.0,1.0,0.0,0.0,0.0,0.0,1.0,1.0,0.0,0.0,1.0,0.0,0.0,0.0,0.0,1.0,0.0,0.0,1.0,1.0,0.0,1.0,0.0,0.0,0.0,1.0,0.0,6.0,0.0,1.0,0.0,1.2122958120734821,0.0,1.0,0.0,0.0,1.0,0.0,0.0,1.0,0.0
0947-MUGVO,1,-0.5037576729981889,0.2954112561106046,-0.36168567838313886,0.0,1.0,0.0,1.0,1.0,0.0,0.0,1.0,1.0,0.0,0.0,0.0,1.0,0.0,1.0,0.0,0.0,0.0,0.0,1.0,1.0,0.0,0.0,1.0,0.0,0.0,1.0,0.0,0.0,1.0,0.0,0.0,1.0,0.0,0.0,0.0,1.0,0.0,0.0,1.0,0.0,0.0,1.0,3.0,1.0,0.0,0.0,0.7179755222992688,1.0,0.0,0.0,1.0,0.0,0.0,1.0,0.0,0.0
9944-HKVVB,0,-1.1960038562387048,1.0083221691818711,-0.8717425067856065,1.0,0.0,1.0,0.0,1.0,0.0,0.0,1.0,1.0,0.0,0.0,0.0,1.0,0.0,1.0,0.0,0.0,0.0,0.0,1.0,1.0,0.0,0.0,1.0,0.0,0.0,0.0,0.0,1.0,0.0,0.0,1.0,1.0,0.0,0.0,0.0,1.0,0.0,0.0,1.0,0.0,0.0,1.0,5.0,1.0,0.0,0.0,0.7288793445258086,1.0,0.0,0.0,1.0,0.0,0.0,1.0,0.0,0.0
4124-MMETB,0,-0.4223169455581282,0.9933659961803764,-0.07886245388058541,0.0,1.0,1.0,0.0,1.0,0.0,0.0,1.0,0.0,0.0,1.0,0.0,1.0,0.0,1.0,0.0,0.0,1.0,0.0,0.0,1.0,0.0,0.0,1.0,0.0,0.0,0.0,0.0,1.0,0.0,0.0,1.0,1.0,0.0,0.0,0.0,1.0,0.0,1.0,0.0,0.0,0.0,1.0,5.0,0.0,0.0,1.0,0.18673760243355114,0.0,0.0,1.0,0.0,0.0,1.0,0.0,0.0,1.0
3671-SHRSP,0,-1.1552834925186746,0.5264010391336954,-0.8665585540706779,0.0,1.0,0.0,1.0,1.0,0.0,0.0,1.0,1.0,0.0,0.0,0.0,1.0,0.0,1.0,0.0,0.0,1.0,0.0,0.0,0.0,0.0,1.0,0.0,0.0,1.0,1.0,0.0,0.0,1.0,0.0,0.0,1.0,0.0,0.0,0.0,1.0,0.0,0.0,0.0,1.0,0.0,1.0,4.0,1.0,0.0,0.0,0.750083039948457,1.0,0.0,0.0,1.0,0.0,0.0,1.0,0.0,0.0
0979-MOZQI,0,1.2064976032430856,-0.8562140650045189,0.023890106741276496,0.0,1.0,0.0,1.0,1.0,0.0,1.0,0.0,0.0,1.0,0.0,1.0,0.0,0.0,1.0,0.0,0.0,1.0,0.0,0.0,1.0,0.0,0.0,0.0,0.0,1.0,0.0,0.0,1.0,1.0,0.0,0.0,0.0,0.0,1.0,0.0,1.0,1.0,0.0,0.0,0.0,1.0,0.0,3.0,0.0,1.0,0.0,0.019801205304560483,0.0,1.0,0.0,0.0,1.0,0.0,0.0,1.0,0.0
2732-ISEZX,0,-1.1145631287986442,-1.4710789550659844,-0.9613476809474794,1.0,0.0,1.0,0.0,1.0,0.0,0.0,1.0,1.0,0.0,0.0,0.0,0.0,1.0,0.0,1.0,0.0,0.0,1.0,0.0,0.0,1.0,0.0,0.0,1.0,0.0,0.0,1.0,0.0,0.0,1.0,0.0,1.0,0.0,0.0,0.0,1.0,0.0,0.0,0.0,1.0,1.0,0.0,1.0,1.0,0.0,0.0,0.8625331810354149,1.0,0.0,0.0,1.0,0.0,0.0,1.0,0.0,0.0
3313-QKNKB,0,1.0843365120829946,0.6909189421501416,1.2359203108648464,0.0,1.0,0.0,1.0,1.0,0.0,0.0,1.0,0.0,0.0,1.0,0.0,1.0,0.0,1.0,0.0,0.0,1.0,0.0,0.0,1.0,0.0,0.0,1.0,0.0,0.0,1.0,0.0,0.0,0.0,0.0,1.0,0.0,1.0,0.0,1.0,0.0,0.0,0.0,1.0,0.0,0.0,1.0,4.0,0.0,1.0,0.0,1.1397940557130752,0.0,1.0,0.0,0.0,1.0,0.0,0.0,1.0,0.0
0323-XWWTN,0,-1.1960038562387048,-1.2749869090463821,-0.9538695534140292,0.0,1.0,1.0,0.0,0.0,1.0,0.0,1.0,0.0,0.0,1.0,0.0,0.0,1.0,0.0,1.0,0.0,0.0,1.0,0.0,0.0,1.0,0.0,0.0,1.0,0.0,0.0,1.0,0.0,0.0,1.0,0.0,0.0,0.0,1.0,0.0,1.0,0.0,0.0,0.0,1.0,1.0,0.0,2.0,1.0,0.0,0.0,0.7975472223089981,1.0,0.0,0.0,1.0,0.0,0.0,1.0,0.0,0.0
1937-OTUKY,0,1.6137012404433893,1.111353583192171,2.087963602839819,1.0,0.0,0.0,1.0,1.0,0.0,0.0,1.0,0.0,0.0,1.0,0.0,1.0,0.0,0.0,0.0,1.0,1.0,0.0,0.0,0.0,0.0,1.0,0.0,0.0,1.0,0.0,0.0,1.0,1.0,0.0,0.0,0.0,0.0,1.0,0.0,1.0,1.0,0.0,0.0,0.0,1.0,0.0,7.0,0.0,1.0,0.0,1.293897253413599,0.0,1.0,0.0,0.0,1.0,0.0,0.0,1.0,0.0
1573-LGXBA,0,1.002895784642934,1.0897502221900113,1.4624038960740904,0.0,1.0,0.0,1.0,0.0,1.0,0.0,1.0,1.0,0.0,0.0,0.0,1.0,0.0,1.0,0.0,0.0,0.0,0.0,1.0,0.0,0.0,1.0,1.0,0.0,0.0,0.0,0.0,1.0,0.0,0.0,1.0,0.0,1.0,0.0,0.0,1.0,0.0,1.0,0.0,0.0,1.0,0.0,6.0,0.0,1.0,0.0,1.4581813170096805,0.0,1.0,0.0,0.0,1.0,0.0,0.0,1.0,0.0
1764-VUUMT,0,1.369379058123207,-1.4893587220678117,-0.447452521598639,0.0,1.0,1.0,0.0,0.0,1.0,0.0,1.0,1.0,0.0,0.0,0.0,0.0,1.0,0.0,1.0,0.0,0.0,1.0,0.0,0.0,1.0,0.0,0.0,1.0,0.0,0.0,1.0,0.0,0.0,1.0,0.0,0.0,0.0,1.0,1.0,0.0,0.0,1.0,0.0,0.0,1.0,0.0,1.0,0.0,1.0,0.0,-0.3267557795223566,0.0,1.0,0.0,0.0,1.0,0.0,0.0,1.0,0.0
5073-WXOYN,0,1.125056875803025,-0.46402997296531395,0.32828739828723513,1.0,0.0,1.0,0.0,1.0,0.0,1.0,0.0,0.0,1.0,0.0,1.0,0.0,0.0,1.0,0.0,0.0,0.0,0.0,1.0,1.0,0.0,0.0,1.0,0.0,0.0,0.0,0.0,1.0,0.0,0.0,1.0,1.0,0.0,0.0,0.0,1.0,0.0,0.0,1.0,0.0,0.0,1.0,4.0,0.0,1.0,0.0,0.2917962685690138,0.0,1.0,0.0,0.0,1.0,0.0,0.0,1.0,0.0
4713-ZBURT,0,0.5142514200025698,1.1612074931971548,1.0372535953301774,0.0,1.0,1.0,0.0,0.0,1.0,0.0,1.0,0.0,0.0,1.0,0.0,1.0,0.0,1.0,0.0,0.0,1.0,0.0,0.0,0.0,0.0,1.0,1.0,0.0,0.0,0.0,0.0,1.0,0.0,0.0,1.0,0.0,0.0,1.0,1.0,0.0,1.0,0.0,0.0,0.0,1.0,0.0,6.0,0.0,1.0,0.0,2.0170164922928047,0.0,1.0,0.0,0.0,1.0,0.0,0.0,1.0,0.0
3050-GBUSH,0,-1.1960038562387048,-0.9958050130184734,-0.9570902219092615,1.0,0.0,1.0,0.0,1.0,0.0,1.0,0.0,0.0,1.0,0.0,1.0,0.0,0.0,1.0,0.0,0.0,1.0,0.0,0.0,1.0,0.0,0.0,1.0,0.0,0.0,0.0,0.0,1.0,1.0,0.0,0.0,1.0,0.0,0.0,0.0,1.0,0.0,1.0,0.0,0.0,1.0,0.0,2.0,1.0,0.0,0.0,0.80024008026128,1.0,0.0,0.0,1.0,0.0,0.0,1.0,0.0,0.0
0207-MDKNV,0,-0.7073594915983407,1.3406815692150957,-0.30907407316992697,1.0,0.0,1.0,0.0,1.0,0.0,0.0,1.0,1.0,0.0,0.0,0.0,1.0,0.0,0.0,0.0,1.0,1.0,0.0,0.0,0.0,0.0,1.0,0.0,0.0,1.0,0.0,0.0,1.0,0.0,0.0,1.0,1.0,0.0,0.0,1.0,0.0,0.0,0.0,1.0,0.0,0.0,1.0,7.0,1.0,0.0,0.0,0.43694058939047675,1.0,0.0,0.0,1.0,0.0,0.0,1.0,0.0,0.0
7876-AEHIG,0,0.758573602322752,-0.15327393393424887,0.3501702965562104,1.0,0.0,1.0,0.0,0.0,1.0,1.0,0.0,0.0,1.0,0.0,1.0,0.0,0.0,0.0,0.0,1.0,1.0,0.0,0.0,0.0,0.0,1.0,0.0,0.0,1.0,0.0,0.0,1.0,0.0,0.0,1.0,0.0,1.0,0.0,1.0,0.0,1.0,0.0,0.0,0.0,1.0,0.0,6.0,0.0,1.0,0.0,0.46161677058625444,0.0,1.0,0.0,0.0,1.0,0.0,0.0,1.0,0.0
7945-HLKEA,0,1.125056875803025,-0.00038860991896550476,0.7748132317152583,1.0,0.0,1.0,0.0,1.0,0.0,0.0,1.0,0.0,0.0,1.0,1.0,0.0,0.0,0.0,0.0,1.0,1.0,0.0,0.0,0.0,0.0,1.0,0.0,0.0,1.0,1.0,0.0,0.0,1.0,0.0,0.0,0.0,1.0,0.0,1.0,0.0,0.0,0.0,1.0,0.0,1.0,0.0,6.0,0.0,1.0,0.0,0.6886880551369676,0.0,1.0,0.0,0.0,1.0,0.0,0.0,1.0,0.0
9342-VNIMQ,0,0.025607055362205634,-0.33607160395252245,-0.27269816667240643,0.0,1.0,1.0,0.0,1.0,0.0,0.0,1.0,0.0,0.0,1.0,1.0,0.0,0.0,1.0,0.0,0.0,0.0,0.0,1.0,1.0,0.0,0.0,1.0,0.0,0.0,1.0,0.0,0.0,1.0,0.0,0.0,1.0,0.0,0.0,0.0,1.0,1.0,0.0,0.0,0.0,1.0,0.0,4.0,0.0,0.0,1.0,-10.649337177397264,0.0,0.0,1.0,0.0,0.0,1.0,0.0,0.0,1.0
9851-KIELU,0,-0.9109613101984924,1.506861269231708,-0.5470726512182889,0.0,1.0,1.0,0.0,1.0,0.0,0.0,1.0,1.0,0.0,0.0,0.0,1.0,0.0,0.0,0.0,1.0,0.0,0.0,1.0,0.0,0.0,1.0,0.0,0.0,1.0,0.0,0.0,1.0,0.0,0.0,1.0,1.0,0.0,0.0,0.0,1.0,0.0,0.0,1.0,0.0,0.0,1.0,8.0,1.0,0.0,0.0,0.6005443316786806,1.0,0.0,0.0,1.0,0.0,0.0,1.0,0.0,0.0
3523-BRGUW,1,-0.2594354906780068,-1.5109620830699715,-0.7849168136538657,0.0,1.0,1.0,0.0,1.0,0.0,0.0,1.0,1.0,0.0,0.0,0.0,0.0,1.0,0.0,1.0,0.0,0.0,1.0,0.0,0.0,1.0,0.0,0.0,1.0,0.0,0.0,1.0,0.0,0.0,1.0,0.0,0.0,1.0,0.0,1.0,0.0,0.0,1.0,0.0,0.0,1.0,0.0,1.0,0.0,0.0,1.0,3.0254797121341026,0.0,0.0,1.0,0.0,0.0,1.0,0.0,0.0,1.0
3908-BLSYF,0,-1.0738427650786138,0.6360796411446599,-0.7878507102967828,1.0,0.0,1.0,0.0,1.0,0.0,0.0,1.0,1.0,0.0,0.0,0.0,1.0,0.0,1.0,0.0,0.0,1.0,0.0,0.0,0.0,0.0,1.0,1.0,0.0,0.0,1.0,0.0,0.0,0.0,0.0,1.0,1.0,0.0,0.0,1.0,0.0,0.0,0.0,1.0,0.0,0.0,1.0,4.0,1.0,0.0,0.0,0.7336741801665031,1.0,0.0,0.0,1.0,0.0,0.0,1.0,0.0,0.0
3199-NPKCN,0,1.4100994218432374,1.5450826002355291,2.3066822886632976,1.0,0.0,0.0,1.0,1.0,0.0,0.0,1.0,0.0,0.0,1.0,0.0,1.0,0.0,0.0,0.0,1.0,1.0,0.0,0.0,0.0,0.0,1.0,0.0,0.0,1.0,0.0,0.0,1.0,0.0,0.0,1.0,0.0,1.0,0.0,0.0,1.0,0.0,0.0,1.0,0.0,1.0,0.0,8.0,0.0,1.0,0.0,1.6358295400533356,0.0,1.0,0.0,0.0,1.0,0.0,0.0,1.0,0.0
5170-PTRKA,0,0.6771328748826912,-0.9625690730151509,-0.2211674707486903,1.0,0.0,0.0,1.0,0.0,1.0,1.0,0.0,0.0,1.0,0.0,1.0,0.0,0.0,0.0,0.0,1.0,1.0,0.0,0.0,1.0,0.0,0.0,0.0,0.0,1.0,1.0,0.0,0.0,1.0,0.0,0.0,0.0,1.0,0.0,0.0,1.0,0.0,1.0,0.0,0.0,1.0,0.0,3.0,0.0,1.0,0.0,-0.3266234426839874,0.0,1.0,0.0,0.0,1.0,0.0,0.0,1.0,0.0
4661-NJEUX,0,-1.2774445836787656,-1.4860351280674797,-0.9985177248821804,0.0,1.0,1.0,0.0,1.0,0.0,0.0,1.0,1.0,0.0,0.0,0.0,0.0,1.0,0.0,1.0,0.0,0.0,1.0,0.0,0.0,1.0,0.0,0.0,1.0,0.0,0.0,1.0,0.0,0.0,1.0,0.0,1.0,0.0,0.0,0.0,1.0,0.0,0.0,0.0,1.0,1.0,0.0,1.0,1.0,0.0,0.0,0.7816524784242805,1.0,0.0,0.0,1.0,0.0,0.0,1.0,0.0,0.0
2123-AGEEN,1,-1.0331224013585834,0.6510358141461546,-0.738393595459038,1.0,0.0,1.0,0.0,1.0,0.0,0.0,1.0,1.0,0.0,0.0,0.0,1.0,0.0,1.0,0.0,0.0,1.0,0.0,0.0,0.0,0.0,1.0,1.0,0.0,0.0,0.0,0.0,1.0,1.0,0.0,0.0,1.0,0.0,0.0,0.0,1.0,0.0,0.0,1.0,0.0,1.0,0.0,4.0,1.0,0.0,0.0,0.714720341450375,1.0,0.0,0.0,1.0,0.0,0.0,1.0,0.0,0.0
1258-YMZNM,1,-0.21871512695797646,1.5201556452330371,0.2533737667132025,1.0,0.0,1.0,0.0,1.0,0.0,0.0,1.0,0.0,0.0,1.0,0.0,1.0,0.0,0.0,0.0,1.0,0.0,0.0,1.0,0.0,0.0,1.0,1.0,0.0,0.0,0.0,0.0,1.0,0.0,0.0,1.0,0.0,1.0,0.0,0.0,1.0,1.0,0.0,0.0,0.0,1.0,0.0,8.0,0.0,0.0,1.0,-1.158464758415568,0.0,0.0,1.0,0.0,0.0,1.0,0.0,0.0,1.0
0048-LUMLS,0,0.18848851024232702,0.8787020031689138,0.4254148187290683,0.0,1.0,0.0,1.0,0.0,1.0,0.0,1.0,1.0,0.0,0.0,0.0,1.0,0.0,1.0,0.0,0.0,1.0,0.0,0.0,1.0,0.0,0.0,1.0,0.0,0.0,0.0,0.0,1.0,0.0,0.0,1.0,0.0,1.0,0.0,1.0,0.0,0.0,1.0,0.0,0.0,1.0,0.0,4.0,0.0,0.0,1.0,2.256980110788403,0.0,0.0,1.0,0.0,0.0,1.0,0.0,0.0,1.0
7549-MYGPK,0,1.247217966963116,1.1894580421999785,1.7347709776537668,1.0,0.0,0.0,1.0,0.0,1.0,0.0,1.0,0.0,0.0,1.0,0.0,1.0,0.0,0.0,0.0,1.0,0.0,0.0,1.0,0.0,0.0,1.0,1.0,0.0,0.0,0.0,0.0,1.0,1.0,0.0,0.0,1.0,0.0,0.0,0.0,1.0,0.0,0.0,1.0,0.0,0.0,1.0,7.0,0.0,1.0,0.0,1.3909124335963556,0.0,1.0,0.0,0.0,1.0,0.0,0.0,1.0,0.0
5898-IGSLP,0,-0.055833672077855064,0.8155537171626008,0.23810868042073183,0.0,1.0,0.0,1.0,0.0,1.0,0.0,1.0,0.0,0.0,1.0,0.0,1.0,0.0,0.0,0.0,1.0,1.0,0.0,0.0,0.0,0.0,1.0,0.0,0.0,1.0,1.0,0.0,0.0,1.0,0.0,0.0,1.0,0.0,0.0,1.0,0.0,0.0,0.0,1.0,0.0,1.0,0.0,6.0,0.0,0.0,1.0,-4.2646072085087035,0.0,0.0,1.0,0.0,0.0,1.0,0.0,0.0,1.0
3804-RVTGV,0,0.7178532386027215,1.2991366442109427,1.206471047569401,0.0,1.0,0.0,1.0,0.0,1.0,0.0,1.0,0.0,0.0,1.0,0.0,1.0,0.0,1.0,0.0,0.0,0.0,0.0,1.0,0.0,0.0,1.0,1.0,0.0,0.0,0.0,0.0,1.0,0.0,0.0,1.0,1.0,0.0,0.0,0.0,1.0,1.0,0.0,0.0,0.0,0.0,1.0,7.0,0.0,1.0,0.0,1.6806653264081644,0.0,1.0,0.0,0.0,1.0,0.0,0.0,1.0,0.0
6259-WJQLC,1,-0.015113308357824713,0.5430190091353566,0.1482167344065438,0.0,1.0,1.0,0.0,1.0,0.0,0.0,1.0,0.0,0.0,1.0,0.0,1.0,0.0,1.0,0.0,0.0,1.0,0.0,0.0,0.0,0.0,1.0,1.0,0.0,0.0,1.0,0.0,0.0,1.0,0.0,0.0,1.0,0.0,0.0,0.0,1.0,0.0,1.0,0.0,0.0,1.0,0.0,4.0,0.0,0.0,1.0,-9.807034363181412,0.0,0.0,1.0,0.0,0.0,1.0,0.0,0.0,1.0
9227-LUNBG,0,-1.2774445836787656,-1.3348116010523623,-0.9965103219159741,1.0,0.0,1.0,0.0,1.0,0.0,1.0,0.0,0.0,1.0,0.0,1.0,0.0,0.0,1.0,0.0,0.0,1.0,0.0,0.0,1.0,0.0,0.0,1.0,0.0,0.0,1.0,0.0,0.0,1.0,0.0,0.0,1.0,0.0,0.0,1.0,0.0,0.0,0.0,1.0,0.0,0.0,1.0,1.0,1.0,0.0,0.0,0.7800810576426249,1.0,0.0,0.0,1.0,0.0,0.0,1.0,0.0,0.0
7997-EASSD,0,1.247217966963116,0.5463426031356892,1.1831763494121048,1.0,0.0,0.0,1.0,1.0,0.0,0.0,1.0,0.0,0.0,1.0,0.0,1.0,0.0,1.0,0.0,0.0,1.0,0.0,0.0,1.0,0.0,0.0,0.0,0.0,1.0,1.0,0.0,0.0,1.0,0.0,0.0,0.0,1.0,0.0,0.0,1.0,0.0,1.0,0.0,0.0,1.0,0.0,4.0,0.0,1.0,0.0,0.9486524254401596,0.0,1.0,0.0,0.0,1.0,0.0,0.0,1.0,0.0
0730-KOAVE,0,-0.0965540357978854,0.9817334171792131,0.1748865166718574,0.0,1.0,1.0,0.0,1.0,0.0,0.0,1.0,0.0,0.0,1.0,0.0,1.0,0.0,0.0,0.0,1.0,0.0,0.0,1.0,1.0,0.0,0.0,1.0,0.0,0.0,1.0,0.0,0.0,0.0,0.0,1.0,1.0,0.0,0.0,0.0,1.0,0.0,1.0,0.0,0.0,1.0,0.0,6.0,0.0,0.0,1.0,-1.8112812709138721,0.0,0.0,1.0,0.0,0.0,1.0,0.0,0.0,1.0
8975-SKGRX,0,1.5729808767233588,1.7062769092516428,2.6591469545319346,0.0,1.0,0.0,1.0,1.0,0.0,0.0,1.0,0.0,0.0,1.0,0.0,1.0,0.0,0.0,0.0,1.0,0.0,0.0,1.0,0.0,0.0,1.0,0.0,0.0,1.0,0.0,0.0,1.0,0.0,0.0,1.0,0.0,0.0,1.0,0.0,1.0,1.0,0.0,0.0,0.0,1.0,0.0,9.0,0.0,1.0,0.0,1.6905144836033505,0.0,1.0,0.0,0.0,1.0,0.0,0.0,1.0,0.0
0678-RLHVP,0,0.8400143297628127,1.3556377422165908,1.4995739400087915,1.0,0.0,1.0,0.0,1.0,0.0,0.0,1.0,0.0,0.0,1.0,0.0,1.0,0.0,1.0,0.0,0.0,0.0,0.0,1.0,0.0,0.0,1.0,1.0,0.0,0.0,0.0,0.0,1.0,0.0,0.0,1.0,0.0,0.0,1.0,1.0,0.0,0.0,0.0,1.0,0.0,1.0,0.0,7.0,0.0,1.0,0.0,1.785176617680097,0.0,1.0,0.0,0.0,1.0,0.0,0.0,1.0,0.0
4315-MURBD,0,-0.8295205827584317,1.1346187411944968,-0.5128144445532499,1.0,0.0,1.0,0.0,1.0,0.0,0.0,1.0,1.0,0.0,0.0,0.0,1.0,0.0,0.0,0.0,1.0,1.0,0.0,0.0,1.0,0.0,0.0,0.0,0.0,1.0,0.0,0.0,1.0,0.0,0.0,1.0,1.0,0.0,0.0,0.0,1.0,1.0,0.0,0.0,0.0,0.0,1.0,6.0,1.0,0.0,0.0,0.6182058109371698,1.0,0.0,0.0,1.0,0.0,0.0,1.0,0.0,0.0
2267-FPIMA,0,0.7178532386027215,0.9850570111795457,1.161028738664069,0.0,1.0,0.0,1.0,1.0,0.0,0.0,1.0,0.0,0.0,1.0,0.0,1.0,0.0,0.0,0.0,1.0,0.0,0.0,1.0,1.0,0.0,0.0,1.0,0.0,0.0,1.0,0.0,0.0,0.0,0.0,1.0,1.0,0.0,0.0,0.0,1.0,0.0,1.0,0.0,0.0,1.0,0.0,6.0,0.0,1.0,0.0,1.6173622632447469,0.0,1.0,0.0,0.0,1.0,0.0,0.0,1.0,0.0
1051-GEJLJ,0,-1.2367242199587352,-1.504314895069307,-0.9952088188939281,1.0,0.0,1.0,0.0,1.0,0.0,0.0,1.0,1.0,0.0,0.0,0.0,0.0,1.0,0.0,1.0,0.0,0.0,1.0,0.0,0.0,1.0,0.0,0.0,1.0,0.0,0.0,1.0,0.0,0.0,1.0,0.0,1.0,0.0,0.0,1.0,0.0,0.0,0.0,0.0,1.0,1.0,0.0,1.0,1.0,0.0,0.0,0.8047136158836886,1.0,0.0,0.0,1.0,0.0,0.0,1.0,0.0,0.0
9734-YWGEX,0,-0.9516816739185228,1.114677177192503,-0.599926909537306,1.0,0.0,1.0,0.0,1.0,0.0,0.0,1.0,0.0,0.0,1.0,0.0,1.0,0.0,1.0,0.0,0.0,1.0,0.0,0.0,0.0,0.0,1.0,1.0,0.0,0.0,0.0,0.0,1.0,0.0,0.0,1.0,1.0,0.0,0.0,1.0,0.0,0.0,1.0,0.0,0.0,0.0,1.0,6.0,1.0,0.0,0.0,0.630386111216289,1.0,0.0,0.0,1.0,0.0,0.0,1.0,0.0,0.0
2719-BDAQO,0,-0.62591876415828,0.966777244177718,-0.29014713091712363,0.0,1.0,1.0,0.0,1.0,0.0,0.0,1.0,1.0,0.0,0.0,0.0,1.0,0.0,0.0,0.0,1.0,1.0,0.0,0.0,1.0,0.0,0.0,1.0,0.0,0.0,0.0,0.0,1.0,0.0,0.0,1.0,1.0,0.0,0.0,1.0,0.0,0.0,0.0,1.0,0.0,0.0,1.0,5.0,1.0,0.0,0.0,0.46355397462369785,1.0,0.0,0.0,1.0,0.0,0.0,1.0,0.0,0.0
5285-MVEHD,0,0.9621754209229036,1.3572995392167568,1.670048776523551,1.0,0.0,0.0,1.0,1.0,0.0,0.0,1.0,1.0,0.0,0.0,0.0,1.0,0.0,0.0,0.0,1.0,0.0,0.0,1.0,0.0,0.0,1.0,1.0,0.0,0.0,0.0,0.0,1.0,0.0,0.0,1.0,0.0,1.0,0.0,0.0,1.0,0.0,1.0,0.0,0.0,1.0,0.0,7.0,0.0,1.0,0.0,1.735700933746225,0.0,1.0,0.0,0.0,1.0,0.0,0.0,1.0,0.0
0379-DJQHR,0,1.4100994218432374,0.5513279941361872,1.374431115533089,0.0,1.0,0.0,1.0,0.0,1.0,0.0,1.0,1.0,0.0,0.0,1.0,0.0,0.0,0.0,0.0,1.0,0.0,0.0,1.0,0.0,0.0,1.0,1.0,0.0,0.0,0.0,0.0,1.0,0.0,0.0,1.0,0.0,0.0,1.0,1.0,0.0,0.0,1.0,0.0,0.0,1.0,0.0,7.0,0.0,1.0,0.0,0.9747051124497846,0.0,1.0,0.0,0.0,1.0,0.0,0.0,1.0,0.0
0781-LKXBR,1,-0.9516816739185228,1.1877962451998125,-0.6020887281162975,0.0,1.0,1.0,0.0,1.0,0.0,0.0,1.0,0.0,0.0,1.0,0.0,1.0,0.0,1.0,0.0,0.0,1.0,0.0,0.0,0.0,0.0,1.0,1.0,0.0,0.0,0.0,0.0,1.0,0.0,0.0,1.0,1.0,0.0,0.0,0.0,1.0,0.0,0.0,1.0,0.0,0.0,1.0,6.0,1.0,0.0,0.0,0.6326576886126366,1.0,0.0,0.0,1.0,0.0,0.0,1.0,0.0,0.0
5543-QDCRY,0,-1.1552834925186746,-0.2779087089467081,-0.903750657378634,0.0,1.0,1.0,0.0,1.0,0.0,0.0,1.0,1.0,0.0,0.0,1.0,0.0,0.0,1.0,0.0,0.0,1.0,0.0,0.0,1.0,0.0,0.0,1.0,0.0,0.0,0.0,0.0,1.0,1.0,0.0,0.0,1.0,0.0,0.0,0.0,1.0,0.0,0.0,1.0,0.0,1.0,0.0,3.0,1.0,0.0,0.0,0.7822760934706469,1.0,0.0,0.0,1.0,0.0,0.0,1.0,0.0,0.0
0297-RBCSG,0,-0.5444780367182193,0.019552954083027783,-0.46388675467362556,0.0,1.0,1.0,0.0,1.0,0.0,0.0,1.0,1.0,0.0,0.0,1.0,0.0,0.0,1.0,0.0,0.0,0.0,0.0,1.0,1.0,0.0,0.0,0.0,0.0,1.0,1.0,0.0,0.0,0.0,0.0,1.0,0.0,1.0,0.0,0.0,1.0,1.0,0.0,0.0,0.0,1.0,0.0,5.0,1.0,0.0,0.0,0.8519843288255506,1.0,0.0,0.0,1.0,0.0,0.0,1.0,0.0,0.0
4694-PHWFW,0,-0.9924020376385531,-1.4893587220678117,-0.9319645957717988,1.0,0.0,1.0,0.0,0.0,1.0,0.0,1.0,1.0,0.0,0.0,0.0,0.0,1.0,0.0,1.0,0.0,0.0,1.0,0.0,0.0,1.0,0.0,0.0,1.0,0.0,0.0,1.0,0.0,0.0,1.0,0.0,1.0,0.0,0.0,1.0,0.0,0.0,0.0,0.0,1.0,1.0,0.0,1.0,1.0,0.0,0.0,0.9390998410174904,1.0,0.0,0.0,1.0,0.0,0.0,1.0,0.0,0.0
0835-JKADZ,0,1.5729808767233588,1.5450826002355291,2.5151433659231937,1.0,0.0,1.0,0.0,1.0,0.0,0.0,1.0,0.0,0.0,1.0,0.0,1.0,0.0,1.0,0.0,0.0,0.0,0.0,1.0,0.0,0.0,1.0,0.0,0.0,1.0,0.0,0.0,1.0,0.0,0.0,1.0,0.0,0.0,1.0,0.0,1.0,0.0,0.0,1.0,0.0,1.0,0.0,8.0,0.0,1.0,0.0,1.5989662704370777,0.0,1.0,0.0,0.0,1.0,0.0,0.0,1.0,0.0
1907-UBQFC,1,-0.9109613101984924,0.2688225041079463,-0.7035397857161135,0.0,1.0,1.0,0.0,1.0,0.0,0.0,1.0,1.0,0.0,0.0,0.0,1.0,0.0,1.0,0.0,0.0,0.0,0.0,1.0,1.0,0.0,0.0,1.0,0.0,0.0,1.0,0.0,0.0,1.0,0.0,0.0,1.0,0.0,0.0,0.0,1.0,0.0,0.0,1.0,0.0,0.0,1.0,3.0,1.0,0.0,0.0,0.7723047925743597,1.0,0.0,0.0,1.0,0.0,0.0,1.0,0.0,0.0
7508-SMHXL,1,-0.7073594915983407,0.8055829351616043,-0.43898172226871307,1.0,0.0,1.0,0.0,1.0,0.0,0.0,1.0,0.0,0.0,1.0,0.0,1.0,0.0,1.0,0.0,0.0,0.0,0.0,1.0,1.0,0.0,0.0,1.0,0.0,0.0,0.0,0.0,1.0,1.0,0.0,0.0,1.0,0.0,0.0,1.0,0.0,0.0,1.0,0.0,0.0,1.0,0.0,5.0,1.0,0.0,0.0,0.6205921140278976,1.0,0.0,0.0,1.0,0.0,0.0,1.0,0.0,0.0
3865-YIOTT,0,1.6137012404433893,1.3739175092184182,2.4552962862823366,0.0,1.0,0.0,1.0,0.0,1.0,0.0,1.0,0.0,0.0,1.0,0.0,1.0,0.0,0.0,0.0,1.0,1.0,0.0,0.0,0.0,0.0,1.0,1.0,0.0,0.0,0.0,0.0,1.0,0.0,0.0,1.0,0.0,1.0,0.0,0.0,1.0,1.0,0.0,0.0,0.0,1.0,0.0,7.0,0.0,1.0,0.0,1.5215308910636434,0.0,1.0,0.0,0.0,1.0,0.0,0.0,1.0,0.0
5993-BQHEA,0,-0.8295205827584317,-1.4860351280674797,-0.8895664803756591,0.0,1.0,1.0,0.0,1.0,0.0,0.0,1.0,1.0,0.0,0.0,0.0,0.0,1.0,0.0,1.0,0.0,0.0,1.0,0.0,0.0,1.0,0.0,0.0,1.0,0.0,0.0,1.0,0.0,0.0,1.0,0.0,0.0,1.0,0.0,1.0,0.0,0.0,1.0,0.0,0.0,1.0,0.0,1.0,1.0,0.0,0.0,1.0723862660737782,1.0,0.0,0.0,1.0,0.0,0.0,1.0,0.0,0.0
6024-RUGGH,0,1.6137012404433893,-1.3148700370503688,-0.21371140258849503,0.0,1.0,0.0,1.0,0.0,1.0,0.0,1.0,0.0,0.0,1.0,0.0,0.0,1.0,0.0,1.0,0.0,0.0,1.0,0.0,0.0,1.0,0.0,0.0,1.0,0.0,0.0,1.0,0.0,0.0,1.0,0.0,0.0,0.0,1.0,0.0,1.0,1.0,0.0,0.0,0.0,1.0,0.0,2.0,0.0,1.0,0.0,-0.1324355445929846,0.0,1.0,0.0,0.0,1.0,0.0,0.0,1.0,0.0
6513-EECDB,1,-1.2774445836787656,0.2920876621102721,-0.9749141954993139,0.0,1.0,0.0,1.0,1.0,0.0,0.0,1.0,0.0,0.0,1.0,0.0,1.0,0.0,1.0,0.0,0.0,1.0,0.0,0.0,1.0,0.0,0.0,1.0,0.0,0.0,1.0,0.0,0.0,1.0,0.0,0.0,1.0,0.0,0.0,0.0,1.0,0.0,0.0,1.0,0.0,0.0,1.0,3.0,1.0,0.0,0.0,0.7631753329696469,1.0,0.0,0.0,1.0,0.0,0.0,1.0,0.0,0.0
3956-CJUST,1,-0.38159658183809786,0.35357415111641893,-0.28224987529182816,1.0,0.0,1.0,0.0,1.0,0.0,0.0,1.0,1.0,0.0,0.0,0.0,1.0,0.0,0.0,0.0,1.0,1.0,0.0,0.0,1.0,0.0,0.0,1.0,0.0,0.0,1.0,0.0,0.0,1.0,0.0,0.0,1.0,0.0,0.0,0.0,1.0,1.0,0.0,0.0,0.0,1.0,0.0,3.0,0.0,0.0,1.0,0.7396551455787932,0.0,0.0,1.0,0.0,0.0,1.0,0.0,0.0,1.0
4079-WWQQQ,0,1.6137012404433893,0.02620014208369237,1.1136231455390408,0.0,1.0,1.0,0.0,1.0,0.0,1.0,0.0,0.0,1.0,0.0,1.0,0.0,0.0,0.0,0.0,1.0,0.0,0.0,1.0,0.0,0.0,1.0,0.0,0.0,1.0,0.0,0.0,1.0,0.0,0.0,1.0,0.0,0.0,1.0,0.0,1.0,1.0,0.0,0.0,0.0,1.0,0.0,7.0,0.0,1.0,0.0,0.6901049076674538,0.0,1.0,0.0,0.0,1.0,0.0,0.0,1.0,0.0
6103-BOCOU,0,-0.2594354906780068,0.5297246331340278,-0.03983942259246312,1.0,0.0,1.0,0.0,1.0,0.0,0.0,1.0,0.0,0.0,1.0,0.0,1.0,0.0,1.0,0.0,0.0,1.0,0.0,0.0,0.0,0.0,1.0,1.0,0.0,0.0,1.0,0.0,0.0,1.0,0.0,0.0,1.0,0.0,0.0,0.0,1.0,0.0,0.0,1.0,0.0,1.0,0.0,4.0,0.0,0.0,1.0,0.1535619605796688,0.0,0.0,1.0,0.0,0.0,1.0,0.0,0.0,1.0
5149-TGWDZ,0,-0.46303730927815856,1.3224018022132684,-0.019368324211808723,1.0,0.0,1.0,0.0,1.0,0.0,0.0,1.0,1.0,0.0,0.0,0.0,1.0,0.0,1.0,0.0,0.0,0.0,0.0,1.0,0.0,0.0,1.0,0.0,0.0,1.0,0.0,0.0,1.0,0.0,0.0,1.0,0.0,1.0,0.0,0.0,1.0,0.0,0.0,0.0,1.0,1.0,0.0,7.0,0.0,0.0,1.0,0.04182886308233462,0.0,0.0,1.0,0.0,0.0,1.0,0.0,0.0,1.0
7471-WNSUF,0,1.125056875803025,-1.3497677740538576,-0.3429793298628857,0.0,1.0,0.0,1.0,1.0,0.0,0.0,1.0,0.0,0.0,1.0,0.0,0.0,1.0,0.0,1.0,0.0,0.0,1.0,0.0,0.0,1.0,0.0,0.0,1.0,0.0,0.0,1.0,0.0,0.0,1.0,0.0,0.0,1.0,0.0,1.0,0.0,1.0,0.0,0.0,0.0,1.0,0.0,2.0,0.0,1.0,0.0,-0.30485510309696956,0.0,1.0,0.0,0.0,1.0,0.0,0.0,1.0,0.0
8942-DBMHZ,0,-0.8295205827584317,-1.4727407520661506,-0.8947063143440778,0.0,1.0,1.0,0.0,1.0,0.0,0.0,1.0,1.0,0.0,0.0,0.0,0.0,1.0,0.0,1.0,0.0,0.0,1.0,0.0,0.0,1.0,0.0,0.0,1.0,0.0,0.0,1.0,0.0,0.0,1.0,0.0,1.0,0.0,0.0,1.0,0.0,0.0,0.0,0.0,1.0,1.0,0.0,1.0,1.0,0.0,0.0,1.078582416085303,1.0,0.0,0.0,1.0,0.0,0.0,1.0,0.0,0.0
4301-VVZKA,0,-0.6666391278783103,0.35357415111641893,-0.4826151625671336,0.0,1.0,0.0,1.0,1.0,0.0,0.0,1.0,0.0,0.0,1.0,0.0,1.0,0.0,1.0,0.0,0.0,1.0,0.0,0.0,1.0,0.0,0.0,1.0,0.0,0.0,1.0,0.0,0.0,1.0,0.0,0.0,1.0,0.0,0.0,0.0,1.0,0.0,0.0,1.0,0.0,1.0,0.0,3.0,1.0,0.0,0.0,0.7239526490188725,1.0,0.0,0.0,1.0,0.0,0.0,1.0,0.0,0.0
9199-PWQVC,0,1.247217966963116,0.4964886931307054,1.104225852532404,1.0,0.0,0.0,1.0,1.0,0.0,0.0,1.0,0.0,0.0,1.0,1.0,0.0,0.0,0.0,0.0,1.0,0.0,0.0,1.0,1.0,0.0,0.0,1.0,0.0,0.0,0.0,0.0,1.0,0.0,0.0,1.0,0.0,1.0,0.0,0.0,1.0,0.0,1.0,0.0,0.0,1.0,0.0,7.0,0.0,1.0,0.0,0.8853511429290204,0.0,1.0,0.0,0.0,1.0,0.0,0.0,1.0,0.0
4824-GUCBY,1,-0.4223169455581282,0.5629605731373504,-0.2040052783562882,1.0,0.0,1.0,0.0,1.0,0.0,0.0,1.0,1.0,0.0,0.0,0.0,1.0,0.0,0.0,0.0,1.0,0.0,0.0,1.0,1.0,0.0,0.0,1.0,0.0,0.0,1.0,0.0,0.0,1.0,0.0,0.0,1.0,0.0,0.0,1.0,0.0,0.0,0.0,1.0,0.0,1.0,0.0,4.0,0.0,0.0,1.0,0.4830620236814738,0.0,0.0,1.0,0.0,0.0,1.0,0.0,0.0,1.0
5393-HJZSM,0,-0.015113308357824713,0.38348649711940885,0.05331731066346725,1.0,0.0,0.0,1.0,0.0,1.0,0.0,1.0,1.0,0.0,0.0,1.0,0.0,0.0,0.0,0.0,1.0,0.0,0.0,1.0,0.0,0.0,1.0,0.0,0.0,1.0,1.0,0.0,0.0,0.0,0.0,1.0,1.0,0.0,0.0,1.0,0.0,1.0,0.0,0.0,0.0,1.0,0.0,7.0,0.0,0.0,1.0,-3.527838471969172,0.0,0.0,1.0,0.0,0.0,1.0,0.0,0.0,1.0
7074-IEVOJ,1,-1.1960038562387048,0.48651791112970877,-0.9168980438386232,1.0,0.0,1.0,0.0,1.0,0.0,0.0,1.0,0.0,0.0,1.0,0.0,1.0,0.0,1.0,0.0,0.0,0.0,0.0,1.0,1.0,0.0,0.0,1.0,0.0,0.0,1.0,0.0,0.0,1.0,0.0,0.0,1.0,0.0,0.0,0.0,1.0,0.0,0.0,1.0,0.0,0.0,1.0,4.0,1.0,0.0,0.0,0.7666346885554053,1.0,0.0,0.0,1.0,0.0,0.0,1.0,0.0,0.0
9625-QSTYE,0,-0.7888002190384014,0.544680806135523,-0.5872207105424171,1.0,0.0,1.0,0.0,1.0,0.0,0.0,1.0,1.0,0.0,0.0,0.0,1.0,0.0,1.0,0.0,0.0,0.0,0.0,1.0,0.0,0.0,1.0,1.0,0.0,0.0,1.0,0.0,0.0,1.0,0.0,0.0,1.0,0.0,0.0,0.0,1.0,0.0,0.0,1.0,0.0,0.0,1.0,4.0,1.0,0.0,0.0,0.744447955729877,1.0,0.0,0.0,1.0,0.0,0.0,1.0,0.0,0.0
0862-PRCBS,0,1.4508197855632678,1.2958130502106107,2.0983535676429312,1.0,0.0,0.0,1.0,0.0,1.0,0.0,1.0,0.0,0.0,1.0,0.0,1.0,0.0,1.0,0.0,0.0,0.0,0.0,1.0,1.0,0.0,0.0,0.0,0.0,1.0,0.0,0.0,1.0,0.0,0.0,1.0,0.0,0.0,1.0,0.0,1.0,0.0,1.0,0.0,0.0,1.0,0.0,7.0,0.0,1.0,0.0,1.4463226849558466,0.0,1.0,0.0,0.0,1.0,0.0,0.0,1.0,0.0
8812-ZRHFP,0,-0.0965540357978854,0.720831288153132,0.11239231224039872,1.0,0.0,0.0,1.0,0.0,1.0,0.0,1.0,1.0,0.0,0.0,0.0,1.0,0.0,1.0,0.0,0.0,1.0,0.0,0.0,0.0,0.0,1.0,1.0,0.0,0.0,1.0,0.0,0.0,0.0,0.0,1.0,0.0,1.0,0.0,1.0,0.0,0.0,0.0,1.0,0.0,1.0,0.0,4.0,0.0,0.0,1.0,-1.1640353643597794,0.0,0.0,1.0,0.0,0.0,1.0,0.0,0.0,1.0
5146-CBVOE,0,-0.6666391278783103,0.3436033691154218,-0.47226931651053145,1.0,0.0,1.0,0.0,1.0,0.0,0.0,1.0,1.0,0.0,0.0,0.0,1.0,0.0,1.0,0.0,0.0,0.0,0.0,1.0,1.0,0.0,0.0,1.0,0.0,0.0,1.0,0.0,0.0,1.0,0.0,0.0,1.0,0.0,0.0,1.0,0.0,1.0,0.0,0.0,0.0,1.0,0.0,3.0,1.0,0.0,0.0,0.7084332388553414,1.0,0.0,0.0,1.0,0.0,0.0,1.0,0.0,0.0
0454-OKRCT,0,0.025607055362205634,0.5264010391336954,0.1622685551699886,0.0,1.0,1.0,0.0,1.0,0.0,0.0,1.0,1.0,0.0,0.0,0.0,1.0,0.0,1.0,0.0,0.0,0.0,0.0,1.0,1.0,0.0,0.0,0.0,0.0,1.0,1.0,0.0,0.0,1.0,0.0,0.0,0.0,0.0,1.0,1.0,0.0,1.0,0.0,0.0,0.0,1.0,0.0,4.0,0.0,0.0,1.0,6.336868994686775,0.0,0.0,1.0,0.0,0.0,1.0,0.0,0.0,1.0
5787-KXGIY,0,1.6137012404433893,-1.5109620830699715,-0.43170212909455796,0.0,1.0,0.0,1.0,1.0,0.0,0.0,1.0,1.0,0.0,0.0,0.0,0.0,1.0,0.0,1.0,0.0,0.0,1.0,0.0,0.0,1.0,0.0,0.0,1.0,0.0,0.0,1.0,0.0,0.0,1.0,0.0,0.0,0.0,1.0,1.0,0.0,0.0,1.0,0.0,0.0,1.0,0.0,1.0,0.0,1.0,0.0,-0.26752295795220504,0.0,1.0,0.0,0.0,1.0,0.0,0.0,1.0,0.0
4750-ZRXIU,1,-1.1552834925186746,0.6593447991469852,-0.8484919273748203,1.0,0.0,1.0,0.0,1.0,0.0,0.0,1.0,0.0,0.0,1.0,0.0,1.0,0.0,1.0,0.0,0.0,1.0,0.0,0.0,1.0,0.0,0.0,1.0,0.0,0.0,1.0,0.0,0.0,0.0,0.0,1.0,1.0,0.0,0.0,0.0,1.0,0.0,0.0,1.0,0.0,0.0,1.0,4.0,1.0,0.0,0.0,0.7344447772944396,1.0,0.0,0.0,1.0,0.0,0.0,1.0,0.0,0.0
4198-VFOEA,0,-0.8295205827584317,-1.03568814102246,-0.8152484518795119,1.0,0.0,1.0,0.0,1.0,0.0,1.0,0.0,0.0,1.0,0.0,1.0,0.0,0.0,0.0,0.0,1.0,1.0,0.0,0.0,1.0,0.0,0.0,0.0,0.0,1.0,1.0,0.0,0.0,1.0,0.0,0.0,0.0,1.0,0.0,0.0,1.0,0.0,0.0,0.0,1.0,1.0,0.0,3.0,1.0,0.0,0.0,0.9827947236324622,1.0,0.0,0.0,1.0,0.0,0.0,1.0,0.0,0.0
6630-UJZMY,1,-1.1552834925186746,0.6144762801425001,-0.8714557349332914,1.0,0.0,0.0,1.0,1.0,0.0,0.0,1.0,0.0,0.0,1.0,0.0,1.0,0.0,1.0,0.0,0.0,1.0,0.0,0.0,1.0,0.0,0.0,1.0,0.0,0.0,0.0,0.0,1.0,1.0,0.0,0.0,1.0,0.0,0.0,0.0,1.0,0.0,0.0,1.0,0.0,1.0,0.0,4.0,1.0,0.0,0.0,0.7543219829389234,1.0,0.0,0.0,1.0,0.0,0.0,1.0,0.0,0.0
5709-LVOEQ,0,-1.318164947398796,0.534710024134526,,1.0,0.0,0.0,1.0,0.0,1.0,0.0,1.0,1.0,0.0,0.0,1.0,0.0,0.0,0.0,0.0,1.0,0.0,0.0,1.0,0.0,0.0,1.0,1.0,0.0,0.0,0.0,0.0,1.0,0.0,0.0,1.0,0.0,0.0,1.0,1.0,0.0,0.0,0.0,0.0,1.0,1.0,0.0,7.0,1.0,0.0,0.0,,1.0,0.0,0.0,1.0,0.0,0.0,1.0,0.0,0.0
6400-BWQKW,0,-1.0738427650786138,0.4748853321285456,-0.8156675799713573,1.0,0.0,1.0,0.0,1.0,0.0,0.0,1.0,0.0,0.0,1.0,0.0,1.0,0.0,0.0,0.0,1.0,1.0,0.0,0.0,1.0,0.0,0.0,1.0,0.0,0.0,1.0,0.0,0.0,1.0,0.0,0.0,1.0,0.0,0.0,0.0,1.0,0.0,0.0,1.0,0.0,0.0,1.0,4.0,1.0,0.0,0.0,0.7595782236439839,1.0,0.0,0.0,1.0,0.0,0.0,1.0,0.0,0.0
2692-AQCPF,0,1.3286586944031769,1.438727592224897,2.133405911745151,1.0,0.0,0.0,1.0,1.0,0.0,0.0,1.0,0.0,0.0,1.0,0.0,1.0,0.0,1.0,0.0,0.0,0.0,0.0,1.0,0.0,0.0,1.0,0.0,0.0,1.0,0.0,0.0,1.0,0.0,0.0,1.0,0.0,1.0,0.0,0.0,1.0,0.0,1.0,0.0,0.0,1.0,0.0,8.0,0.0,1.0,0.0,1.605683928259289,0.0,1.0,0.0,0.0,1.0,0.0,0.0,1.0,0.0
0347-UBKUZ,0,-0.7073594915983407,-1.491020519067978,-0.8659850103660475,1.0,0.0,1.0,0.0,1.0,0.0,0.0,1.0,1.0,0.0,0.0,0.0,0.0,1.0,0.0,1.0,0.0,0.0,1.0,0.0,0.0,1.0,0.0,0.0,1.0,0.0,0.0,1.0,0.0,0.0,1.0,0.0,1.0,0.0,0.0,1.0,0.0,0.0,0.0,0.0,1.0,1.0,0.0,1.0,1.0,0.0,0.0,1.2242502159818038,1.0,0.0,0.0,1.0,0.0,0.0,1.0,0.0,0.0
0835-DUUIQ,0,-0.3408762181180675,-1.4527991880641573,-0.7728503364833722,1.0,0.0,1.0,0.0,0.0,1.0,0.0,1.0,1.0,0.0,0.0,0.0,0.0,1.0,0.0,1.0,0.0,0.0,1.0,0.0,0.0,1.0,0.0,0.0,1.0,0.0,0.0,1.0,0.0,0.0,1.0,0.0,0.0,1.0,0.0,1.0,0.0,1.0,0.0,0.0,0.0,1.0,0.0,1.0,0.0,0.0,1.0,2.2672462771095523,0.0,0.0,1.0,0.0,0.0,1.0,0.0,0.0,1.0
0811-GSDTP,0,-0.7888002190384014,-1.150352134033923,-0.8387416843961034,1.0,0.0,1.0,0.0,0.0,1.0,1.0,0.0,0.0,1.0,0.0,1.0,0.0,0.0,1.0,0.0,0.0,0.0,0.0,1.0,1.0,0.0,0.0,1.0,0.0,0.0,1.0,0.0,0.0,1.0,0.0,0.0,1.0,0.0,0.0,1.0,0.0,0.0,0.0,1.0,0.0,1.0,0.0,2.0,1.0,0.0,0.0,1.063313199150203,1.0,0.0,0.0,1.0,0.0,0.0,1.0,0.0,0.0
7567-ECMCM,0,-0.3408762181180675,0.5014740841312035,-0.12454741589172254,0.0,1.0,1.0,0.0,1.0,0.0,0.0,1.0,1.0,0.0,0.0,0.0,1.0,0.0,1.0,0.0,0.0,1.0,0.0,0.0,1.0,0.0,0.0,1.0,0.0,0.0,1.0,0.0,0.0,0.0,0.0,1.0,1.0,0.0,0.0,0.0,1.0,0.0,1.0,0.0,0.0,1.0,0.0,3.0,0.0,0.0,1.0,0.36537431851166485,0.0,0.0,1.0,0.0,0.0,1.0,0.0,0.0,1.0
6115-ZTBFQ,0,1.6137012404433893,0.02453834508352634,1.1631464384965504,1.0,0.0,0.0,1.0,1.0,0.0,1.0,0.0,0.0,1.0,0.0,1.0,0.0,0.0,0.0,0.0,1.0,0.0,0.0,1.0,0.0,0.0,1.0,0.0,0.0,1.0,0.0,0.0,1.0,0.0,0.0,1.0,0.0,0.0,1.0,1.0,0.0,1.0,0.0,0.0,0.0,1.0,0.0,7.0,0.0,1.0,0.0,0.7207941652055482,0.0,1.0,0.0,0.0,1.0,0.0,0.0,1.0,0.0
6353-BRMMA,0,0.880734693482843,1.3074456292117733,1.4834926569058853,1.0,0.0,0.0,1.0,0.0,1.0,0.0,1.0,0.0,0.0,1.0,0.0,1.0,0.0,0.0,0.0,1.0,0.0,0.0,1.0,1.0,0.0,0.0,1.0,0.0,0.0,0.0,0.0,1.0,0.0,0.0,1.0,1.0,0.0,0.0,0.0,1.0,1.0,0.0,0.0,0.0,1.0,0.0,7.0,0.0,1.0,0.0,1.68438085598678,0.0,1.0,0.0,0.0,1.0,0.0,0.0,1.0,0.0
6680-WKXRZ,0,-1.1960038562387048,0.32033821111309646,-0.9121552785887949,1.0,0.0,1.0,0.0,1.0,0.0,0.0,1.0,0.0,0.0,1.0,0.0,1.0,0.0,1.0,0.0,0.0,1.0,0.0,0.0,1.0,0.0,0.0,1.0,0.0,0.0,1.0,0.0,0.0,1.0,0.0,0.0,1.0,0.0,0.0,1.0,0.0,1.0,0.0,0.0,0.0,0.0,1.0,3.0,1.0,0.0,0.0,0.762669178557182,1.0,0.0,0.0,1.0,0.0,0.0,1.0,0.0,0.0
6231-WFGFH,0,-1.1552834925186746,-1.4710789550659844,-0.9731273862656578,0.0,1.0,0.0,1.0,0.0,1.0,0.0,1.0,1.0,0.0,0.0,0.0,0.0,1.0,0.0,1.0,0.0,0.0,1.0,0.0,0.0,1.0,0.0,0.0,1.0,0.0,0.0,1.0,0.0,0.0,1.0,0.0,1.0,0.0,0.0,0.0,1.0,0.0,0.0,0.0,1.0,1.0,0.0,1.0,1.0,0.0,0.0,0.8423277858355859,1.0,0.0,0.0,1.0,0.0,0.0,1.0,0.0,0.0
9904-EHEVJ,1,-0.015113308357824713,0.8836873941694119,0.2705580184788597,1.0,0.0,0.0,1.0,0.0,1.0,0.0,1.0,0.0,0.0,1.0,0.0,1.0,0.0,1.0,0.0,0.0,1.0,0.0,0.0,0.0,0.0,1.0,1.0,0.0,0.0,0.0,0.0,1.0,1.0,0.0,0.0,1.0,0.0,0.0,0.0,1.0,0.0,0.0,0.0,1.0,1.0,0.0,5.0,0.0,0.0,1.0,-17.901971697598686,0.0,0.0,1.0,0.0,0.0,1.0,0.0,0.0,1.0
7028-DVOIQ,1,0.10704778280226633,1.1396041321949948,0.49082086043018913,0.0,1.0,1.0,0.0,1.0,0.0,0.0,1.0,0.0,0.0,1.0,0.0,1.0,0.0,1.0,0.0,0.0,1.0,0.0,0.0,0.0,0.0,1.0,1.0,0.0,0.0,0.0,0.0,1.0,0.0,0.0,1.0,1.0,0.0,0.0,0.0,1.0,0.0,0.0,1.0,0.0,0.0,1.0,6.0,0.0,0.0,1.0,4.585063301468004,0.0,0.0,1.0,0.0,0.0,1.0,0.0,0.0,1.0
6169-PPETC,0,0.10704778280226633,-1.4710789550659844,-0.6723478319335218,0.0,1.0,0.0,1.0,0.0,1.0,0.0,1.0,1.0,0.0,0.0,0.0,0.0,1.0,0.0,1.0,0.0,0.0,1.0,0.0,0.0,1.0,0.0,0.0,1.0,0.0,0.0,1.0,0.0,0.0,1.0,0.0,0.0,0.0,1.0,1.0,0.0,1.0,0.0,0.0,0.0,1.0,0.0,1.0,0.0,0.0,1.0,-6.280819782838952,0.0,0.0,1.0,0.0,0.0,1.0,0.0,0.0,1.0
4208-UFFGW,1,-1.2367242199587352,-0.6584602219847502,-0.9697964209041503,0.0,1.0,1.0,0.0,1.0,0.0,0.0,1.0,1.0,0.0,0.0,1.0,0.0,0.0,1.0,0.0,0.0,1.0,0.0,0.0,1.0,0.0,0.0,1.0,0.0,0.0,1.0,0.0,0.0,1.0,0.0,0.0,1.0,0.0,0.0,1.0,0.0,0.0,0.0,0.0,1.0,0.0,1.0,2.0,1.0,0.0,0.0,0.7841654632885808,1.0,0.0,0.0,1.0,0.0,0.0,1.0,0.0,0.0
8584-KMVXD,0,-0.9924020376385531,0.36022133911708304,-0.771085586622971,1.0,0.0,1.0,0.0,1.0,0.0,0.0,1.0,1.0,0.0,0.0,0.0,1.0,0.0,1.0,0.0,0.0,0.0,0.0,1.0,1.0,0.0,0.0,1.0,0.0,0.0,1.0,0.0,0.0,1.0,0.0,0.0,1.0,0.0,0.0,1.0,0.0,0.0,0.0,1.0,0.0,1.0,0.0,3.0,1.0,0.0,0.0,0.7769891207174359,1.0,0.0,0.0,1.0,0.0,0.0,1.0,0.0,0.0
8467-WYNSR,0,-0.4223169455581282,-0.32111543095102724,-0.4544894616669889,0.0,1.0,1.0,0.0,1.0,0.0,0.0,1.0,1.0,0.0,0.0,1.0,0.0,0.0,0.0,0.0,1.0,1.0,0.0,0.0,1.0,0.0,0.0,0.0,0.0,1.0,1.0,0.0,0.0,1.0,0.0,0.0,1.0,0.0,0.0,1.0,0.0,0.0,0.0,0.0,1.0,1.0,0.0,4.0,0.0,0.0,1.0,1.0761809736674002,0.0,0.0,1.0,0.0,0.0,1.0,0.0,0.0,1.0
0851-DFJKB,0,-0.7073594915983407,-0.1931570619382357,-0.5859633262668811,1.0,0.0,1.0,0.0,1.0,0.0,0.0,1.0,1.0,0.0,0.0,1.0,0.0,0.0,0.0,0.0,1.0,1.0,0.0,0.0,0.0,0.0,1.0,0.0,0.0,1.0,1.0,0.0,0.0,1.0,0.0,0.0,1.0,0.0,0.0,1.0,0.0,0.0,0.0,1.0,0.0,1.0,0.0,5.0,1.0,0.0,0.0,0.8283812307980002,1.0,0.0,0.0,1.0,0.0,0.0,1.0,0.0,0.0
5382-SOYZL,0,-0.4223169455581282,1.0083221691818711,-0.053251521531512566,0.0,1.0,1.0,0.0,1.0,0.0,0.0,1.0,0.0,0.0,1.0,0.0,1.0,0.0,1.0,0.0,0.0,1.0,0.0,0.0,1.0,0.0,0.0,1.0,0.0,0.0,0.0,0.0,1.0,0.0,0.0,1.0,1.0,0.0,0.0,0.0,1.0,0.0,0.0,1.0,0.0,1.0,0.0,5.0,0.0,0.0,1.0,0.12609373621306172,0.0,0.0,1.0,0.0,0.0,1.0,0.0,0.0,1.0
9448-REEVD,0,-1.2774445836787656,-0.6667692069855808,-0.987642453867458,0.0,1.0,0.0,1.0,1.0,0.0,0.0,1.0,1.0,0.0,0.0,1.0,0.0,0.0,1.0,0.0,0.0,1.0,0.0,0.0,1.0,0.0,0.0,1.0,0.0,0.0,1.0,0.0,0.0,1.0,0.0,0.0,1.0,0.0,0.0,1.0,0.0,0.0,1.0,0.0,0.0,0.0,1.0,2.0,1.0,0.0,0.0,0.7731391768269589,1.0,0.0,0.0,1.0,0.0,0.0,1.0,0.0,0.0
3261-CQXOL,0,1.5729808767233588,-1.3065610520495383,-0.20733624371779563,1.0,0.0,0.0,1.0,0.0,1.0,0.0,1.0,0.0,0.0,1.0,0.0,0.0,1.0,0.0,1.0,0.0,0.0,1.0,0.0,0.0,1.0,0.0,0.0,1.0,0.0,0.0,1.0,0.0,0.0,1.0,0.0,0.0,0.0,1.0,1.0,0.0,1.0,0.0,0.0,0.0,1.0,0.0,2.0,0.0,1.0,0.0,-0.13181103901891872,0.0,1.0,0.0,0.0,1.0,0.0,0.0,1.0,0.0
8388-FYNPZ,0,-1.1552834925186746,-0.2662761299455452,-0.8992064264881008,0.0,1.0,1.0,0.0,1.0,0.0,0.0,1.0,1.0,0.0,0.0,1.0,0.0,0.0,0.0,0.0,1.0,1.0,0.0,0.0,0.0,0.0,1.0,1.0,0.0,0.0,1.0,0.0,0.0,1.0,0.0,0.0,1.0,0.0,0.0,1.0,0.0,0.0,0.0,1.0,0.0,1.0,0.0,4.0,1.0,0.0,0.0,0.7783426598848988,1.0,0.0,0.0,1.0,0.0,0.0,1.0,0.0,0.0
4002-BQWPQ,0,-0.30015585439803716,0.5646223701375164,-0.11228240436193394,0.0,1.0,1.0,0.0,1.0,0.0,0.0,1.0,0.0,0.0,1.0,1.0,0.0,0.0,0.0,0.0,1.0,0.0,0.0,1.0,0.0,0.0,1.0,0.0,0.0,1.0,1.0,0.0,0.0,0.0,0.0,1.0,1.0,0.0,0.0,1.0,0.0,1.0,0.0,0.0,0.0,1.0,0.0,8.0,0.0,0.0,1.0,0.3740803409852405,0.0,0.0,1.0,0.0,0.0,1.0,0.0,0.0,1.0
5651-YLPRD,0,-0.015113308357824713,0.7091987091519689,0.19432082450952612,1.0,0.0,0.0,1.0,0.0,1.0,0.0,1.0,1.0,0.0,0.0,0.0,1.0,0.0,1.0,0.0,0.0,0.0,0.0,1.0,1.0,0.0,0.0,1.0,0.0,0.0,0.0,0.0,1.0,1.0,0.0,0.0,1.0,0.0,0.0,0.0,1.0,0.0,0.0,1.0,0.0,1.0,0.0,4.0,0.0,0.0,1.0,-12.857596755704327,0.0,0.0,1.0,0.0,0.0,1.0,0.0,0.0,1.0
2826-DXLQO,1,-1.0331224013585834,-1.1619847130350858,-0.9101037568760786,0.0,1.0,0.0,1.0,1.0,0.0,1.0,0.0,0.0,1.0,0.0,1.0,0.0,0.0,0.0,0.0,1.0,1.0,0.0,0.0,1.0,0.0,0.0,1.0,0.0,0.0,1.0,0.0,0.0,1.0,0.0,0.0,1.0,0.0,0.0,1.0,0.0,1.0,0.0,0.0,0.0,1.0,0.0,2.0,1.0,0.0,0.0,0.8809253924600493,1.0,0.0,0.0,1.0,0.0,0.0,1.0,0.0,0.0
4378-BZYFP,0,-0.62591876415828,-1.4710789550659844,-0.8459771588237486,0.0,1.0,1.0,0.0,1.0,0.0,0.0,1.0,1.0,0.0,0.0,0.0,0.0,1.0,0.0,1.0,0.0,0.0,1.0,0.0,0.0,1.0,0.0,0.0,1.0,0.0,0.0,1.0,0.0,0.0,1.0,0.0,0.0,1.0,0.0,0.0,1.0,0.0,0.0,0.0,1.0,1.0,0.0,1.0,1.0,0.0,0.0,1.3515766058897398,1.0,0.0,0.0,1.0,0.0,0.0,1.0,0.0,0.0
9489-UTFKA,1,-0.9924020376385531,-0.12834697893175703,-0.7638501121953258,0.0,1.0,0.0,1.0,1.0,0.0,0.0,1.0,1.0,0.0,0.0,1.0,0.0,0.0,0.0,0.0,1.0,1.0,0.0,0.0,1.0,0.0,0.0,1.0,0.0,0.0,0.0,0.0,1.0,1.0,0.0,0.0,1.0,0.0,0.0,1.0,0.0,1.0,0.0,0.0,0.0,1.0,0.0,4.0,1.0,0.0,0.0,0.7696982505325437,1.0,0.0,0.0,1.0,0.0,0.0,1.0,0.0,0.0
4849-PYRLQ,1,0.9621754209229036,0.28211688010927544,0.7812986874522327,1.0,0.0,1.0,0.0,1.0,0.0,0.0,1.0,0.0,0.0,1.0,1.0,0.0,0.0,0.0,0.0,1.0,1.0,0.0,0.0,0.0,0.0,1.0,0.0,0.0,1.0,1.0,0.0,0.0,0.0,0.0,1.0,0.0,0.0,1.0,1.0,0.0,1.0,0.0,0.0,0.0,1.0,0.0,7.0,0.0,1.0,0.0,0.8120127270584643,0.0,1.0,0.0,0.0,1.0,0.0,0.0,1.0,0.0
9117-SHLZX,0,-1.2774445836787656,-0.6335332669822583,-0.9872012664023576,0.0,1.0,1.0,0.0,1.0,0.0,0.0,1.0,1.0,0.0,0.0,1.0,0.0,0.0,1.0,0.0,0.0,1.0,0.0,0.0,1.0,0.0,0.0,1.0,0.0,0.0,1.0,0.0,0.0,1.0,0.0,0.0,1.0,0.0,0.0,0.0,1.0,0.0,0.0,0.0,1.0,0.0,1.0,2.0,1.0,0.0,0.0,0.7727938096221993,1.0,0.0,0.0,1.0,0.0,0.0,1.0,0.0,0.0
9889-TMAHG,1,-0.9924020376385531,1.1811490571991479,-0.6401411469811992,0.0,1.0,1.0,0.0,1.0,0.0,0.0,1.0,1.0,0.0,0.0,0.0,1.0,0.0,0.0,0.0,1.0,1.0,0.0,0.0,1.0,0.0,0.0,0.0,0.0,1.0,0.0,0.0,1.0,0.0,0.0,1.0,1.0,0.0,0.0,1.0,0.0,0.0,1.0,0.0,0.0,0.0,1.0,6.0,1.0,0.0,0.0,0.6450421529810962,1.0,0.0,0.0,1.0,0.0,0.0,1.0,0.0,0.0
4541-RMRLG,0,-1.0331224013585834,-1.5126238800701375,-0.9578181812266768,0.0,1.0,1.0,0.0,1.0,0.0,0.0,1.0,1.0,0.0,0.0,0.0,0.0,1.0,0.0,1.0,0.0,0.0,1.0,0.0,0.0,1.0,0.0,0.0,1.0,0.0,0.0,1.0,0.0,0.0,1.0,0.0,1.0,0.0,0.0,1.0,0.0,0.0,0.0,1.0,0.0,0.0,1.0,1.0,1.0,0.0,0.0,0.9271100694042841,1.0,0.0,0.0,1.0,0.0,0.0,1.0,0.0,0.0
7764-BDPEE,0,-1.1960038562387048,-1.4594463760648215,-0.9806055137991079,0.0,1.0,1.0,0.0,0.0,1.0,0.0,1.0,1.0,0.0,0.0,0.0,0.0,1.0,0.0,1.0,0.0,0.0,1.0,0.0,0.0,1.0,0.0,0.0,1.0,0.0,0.0,1.0,0.0,0.0,1.0,0.0,1.0,0.0,0.0,1.0,0.0,0.0,0.0,0.0,1.0,1.0,0.0,1.0,1.0,0.0,0.0,0.819901632159448,1.0,0.0,0.0,1.0,0.0,0.0,1.0,0.0,0.0
3429-IFLEM,0,1.5729808767233588,0.4183842341228973,1.4412710164957858,1.0,0.0,1.0,0.0,1.0,0.0,0.0,1.0,1.0,0.0,0.0,1.0,0.0,0.0,0.0,0.0,1.0,0.0,0.0,1.0,0.0,0.0,1.0,0.0,0.0,1.0,0.0,0.0,1.0,1.0,0.0,0.0,0.0,0.0,1.0,1.0,0.0,0.0,1.0,0.0,0.0,1.0,0.0,7.0,0.0,1.0,0.0,0.9162673480799494,0.0,1.0,0.0,0.0,1.0,0.0,0.0,1.0,0.0
3158-MOERK,0,-1.2367242199587352,1.0382345151848615,-0.9302439646579075,1.0,0.0,1.0,0.0,1.0,0.0,0.0,1.0,0.0,0.0,1.0,0.0,1.0,0.0,1.0,0.0,0.0,1.0,0.0,0.0,1.0,0.0,0.0,1.0,0.0,0.0,0.0,0.0,1.0,0.0,0.0,1.0,1.0,0.0,0.0,0.0,1.0,0.0,0.0,1.0,0.0,0.0,1.0,5.0,1.0,0.0,0.0,0.7521838334248409,1.0,0.0,0.0,1.0,0.0,0.0,1.0,0.0,0.0
7294-TMAOP,0,-1.2774445836787656,0.8570986421667539,-0.9674140085926086,1.0,0.0,1.0,0.0,1.0,0.0,0.0,1.0,1.0,0.0,0.0,0.0,1.0,0.0,1.0,0.0,0.0,1.0,0.0,0.0,1.0,0.0,0.0,1.0,0.0,0.0,0.0,0.0,1.0,0.0,0.0,1.0,1.0,0.0,0.0,1.0,0.0,0.0,0.0,1.0,0.0,0.0,1.0,4.0,1.0,0.0,0.0,0.7573040904887353,1.0,0.0,0.0,1.0,0.0,0.0,1.0,0.0,0.0
5002-GCQFH,0,0.6771328748826912,0.966777244177718,1.080820857508833,0.0,1.0,0.0,1.0,1.0,0.0,0.0,1.0,0.0,0.0,1.0,0.0,1.0,0.0,0.0,0.0,1.0,0.0,0.0,1.0,1.0,0.0,0.0,1.0,0.0,0.0,0.0,0.0,1.0,1.0,0.0,0.0,1.0,0.0,0.0,0.0,1.0,1.0,0.0,0.0,0.0,1.0,0.0,6.0,0.0,1.0,0.0,1.5961724760388838,0.0,1.0,0.0,0.0,1.0,0.0,0.0,1.0,0.0
0556-FJEGU,0,1.0436161483629645,0.1774236690988095,0.7789824532604561,0.0,1.0,1.0,0.0,1.0,0.0,0.0,1.0,1.0,0.0,0.0,1.0,0.0,0.0,1.0,0.0,0.0,0.0,0.0,1.0,0.0,0.0,1.0,0.0,0.0,1.0,0.0,0.0,1.0,1.0,0.0,0.0,0.0,0.0,1.0,1.0,0.0,1.0,0.0,0.0,0.0,1.0,0.0,6.0,0.0,1.0,0.0,0.7464262166529163,0.0,1.0,0.0,0.0,1.0,0.0,0.0,1.0,0.0
8919-FYFQZ,1,0.47353105628253944,-1.1437049460332582,-0.40748093726055096,0.0,1.0,0.0,1.0,1.0,0.0,1.0,0.0,0.0,1.0,0.0,1.0,0.0,0.0,1.0,0.0,0.0,0.0,0.0,1.0,1.0,0.0,0.0,1.0,0.0,0.0,1.0,0.0,0.0,1.0,0.0,0.0,1.0,0.0,0.0,0.0,1.0,0.0,0.0,1.0,0.0,0.0,1.0,2.0,0.0,0.0,1.0,-0.8605157610136163,0.0,0.0,1.0,0.0,0.0,1.0,0.0,0.0,1.0
0604-THJFP,0,1.0843365120829946,0.3718539181182462,0.996664348540949,1.0,0.0,0.0,1.0,0.0,1.0,0.0,1.0,1.0,0.0,0.0,1.0,0.0,0.0,1.0,0.0,0.0,0.0,0.0,1.0,1.0,0.0,0.0,0.0,0.0,1.0,0.0,0.0,1.0,0.0,0.0,1.0,0.0,0.0,1.0,0.0,1.0,0.0,1.0,0.0,0.0,1.0,0.0,6.0,0.0,1.0,0.0,0.9191467200771201,0.0,1.0,0.0,0.0,1.0,0.0,0.0,1.0,0.0
2834-JRTUA,0,1.5729808767233588,1.438727592224897,2.3157266316978538,0.0,1.0,1.0,0.0,1.0,0.0,0.0,1.0,0.0,0.0,1.0,0.0,1.0,0.0,0.0,0.0,1.0,1.0,0.0,0.0,0.0,0.0,1.0,0.0,0.0,1.0,0.0,0.0,1.0,0.0,0.0,1.0,0.0,0.0,1.0,0.0,1.0,0.0,0.0,1.0,0.0,0.0,1.0,8.0,0.0,1.0,0.0,1.4721899458318222,0.0,1.0,0.0,0.0,1.0,0.0,0.0,1.0,0.0
5875-YPQFJ,0,-1.2774445836787656,0.17077648109814536,-0.97652452974693,0.0,1.0,1.0,0.0,1.0,0.0,0.0,1.0,1.0,0.0,0.0,0.0,1.0,0.0,1.0,0.0,0.0,1.0,0.0,0.0,1.0,0.0,0.0,1.0,0.0,0.0,1.0,0.0,0.0,1.0,0.0,0.0,1.0,0.0,0.0,0.0,1.0,0.0,0.0,1.0,0.0,0.0,1.0,2.0,1.0,0.0,0.0,0.7644359232670191,1.0,0.0,0.0,1.0,0.0,0.0,1.0,0.0,0.0
5879-SESNB,0,-0.8702409464784621,0.3485887601159204,-0.6153022926960516,1.0,0.0,1.0,0.0,1.0,0.0,0.0,1.0,0.0,0.0,1.0,0.0,1.0,0.0,1.0,0.0,0.0,1.0,0.0,0.0,1.0,0.0,0.0,1.0,0.0,0.0,1.0,0.0,0.0,1.0,0.0,0.0,1.0,0.0,0.0,1.0,0.0,0.0,0.0,1.0,0.0,1.0,0.0,3.0,1.0,0.0,0.0,0.707048197612338,1.0,0.0,0.0,1.0,0.0,0.0,1.0,0.0,0.0
6646-QVXLR,1,1.2064976032430856,1.2958130502106107,1.8088904717906187,0.0,1.0,0.0,1.0,1.0,0.0,0.0,1.0,0.0,0.0,1.0,0.0,1.0,0.0,1.0,0.0,0.0,0.0,0.0,1.0,0.0,0.0,1.0,1.0,0.0,0.0,0.0,0.0,1.0,0.0,0.0,1.0,0.0,1.0,0.0,0.0,1.0,0.0,0.0,1.0,0.0,0.0,1.0,7.0,0.0,1.0,0.0,1.4992905638007825,0.0,1.0,0.0,0.0,1.0,0.0,0.0,1.0,0.0
6461-PPAXN,0,0.10704778280226633,-0.32610082195152557,-0.16204835042524884,1.0,0.0,0.0,1.0,0.0,1.0,0.0,1.0,1.0,0.0,0.0,1.0,0.0,0.0,0.0,0.0,1.0,1.0,0.0,0.0,1.0,0.0,0.0,0.0,0.0,1.0,1.0,0.0,0.0,1.0,0.0,0.0,0.0,1.0,0.0,0.0,1.0,1.0,0.0,0.0,0.0,1.0,0.0,4.0,0.0,0.0,1.0,-1.5137945521447838,0.0,0.0,1.0,0.0,0.0,1.0,0.0,0.0,1.0
3318-ISQFQ,0,-0.5037576729981889,-1.504314895069307,-0.8251531104710139,1.0,0.0,1.0,0.0,1.0,0.0,0.0,1.0,1.0,0.0,0.0,0.0,0.0,1.0,0.0,1.0,0.0,0.0,1.0,0.0,0.0,1.0,0.0,0.0,1.0,0.0,0.0,1.0,0.0,0.0,1.0,0.0,1.0,0.0,0.0,0.0,1.0,1.0,0.0,0.0,0.0,1.0,0.0,1.0,1.0,0.0,0.0,1.637996113409037,1.0,0.0,0.0,1.0,0.0,0.0,1.0,0.0,0.0
1106-HRLKZ,0,0.3106496014024181,-1.5009913010689746,-0.6504649336645464,0.0,1.0,0.0,1.0,0.0,1.0,0.0,1.0,1.0,0.0,0.0,0.0,0.0,1.0,0.0,1.0,0.0,0.0,1.0,0.0,0.0,1.0,0.0,0.0,1.0,0.0,0.0,1.0,0.0,0.0,1.0,0.0,0.0,0.0,1.0,1.0,0.0,0.0,0.0,0.0,1.0,1.0,0.0,1.0,0.0,0.0,1.0,-2.0938862651941044,0.0,0.0,1.0,0.0,0.0,1.0,0.0,0.0,1.0
2483-XSSMZ,0,0.26992923768238775,-0.562075995975115,-0.17510749939221795,1.0,0.0,1.0,0.0,1.0,0.0,0.0,1.0,1.0,0.0,0.0,1.0,0.0,0.0,0.0,0.0,1.0,1.0,0.0,0.0,1.0,0.0,0.0,1.0,0.0,0.0,1.0,0.0,0.0,1.0,0.0,0.0,0.0,1.0,0.0,0.0,1.0,0.0,0.0,1.0,0.0,1.0,0.0,3.0,0.0,0.0,1.0,-0.6487163113403009,0.0,0.0,1.0,0.0,0.0,1.0,0.0,0.0,1.0
8603-IJWDN,0,-1.2774445836787656,0.7258166791536301,-0.969156699079755,0.0,1.0,1.0,0.0,1.0,0.0,0.0,1.0,0.0,0.0,1.0,0.0,1.0,0.0,1.0,0.0,0.0,1.0,0.0,0.0,1.0,0.0,0.0,1.0,0.0,0.0,1.0,0.0,0.0,0.0,0.0,1.0,1.0,0.0,0.0,0.0,1.0,0.0,0.0,1.0,0.0,0.0,1.0,4.0,1.0,0.0,0.0,0.7586682909475354,1.0,0.0,0.0,1.0,0.0,0.0,1.0,0.0,0.0
8165-ZJRNM,0,1.6137012404433893,-1.3630621500551865,-0.2664994827877471,1.0,0.0,0.0,1.0,0.0,1.0,0.0,1.0,0.0,0.0,1.0,0.0,0.0,1.0,0.0,1.0,0.0,0.0,1.0,0.0,0.0,1.0,0.0,0.0,1.0,0.0,0.0,1.0,0.0,0.0,1.0,0.0,0.0,0.0,1.0,1.0,0.0,1.0,0.0,0.0,0.0,1.0,0.0,2.0,0.0,1.0,0.0,-0.16514796922045016,0.0,1.0,0.0,0.0,1.0,0.0,0.0,1.0,0.0
9369-XFEHK,1,0.025607055362205634,0.5264010391336954,0.1646509674815303,1.0,0.0,0.0,1.0,1.0,0.0,0.0,1.0,0.0,0.0,1.0,0.0,1.0,0.0,1.0,0.0,0.0,0.0,0.0,1.0,1.0,0.0,0.0,1.0,0.0,0.0,1.0,0.0,0.0,1.0,0.0,0.0,1.0,0.0,0.0,0.0,1.0,1.0,0.0,0.0,0.0,0.0,1.0,4.0,0.0,0.0,1.0,6.429906334507502,0.0,0.0,1.0,0.0,0.0,1.0,0.0,0.0,1.0
2604-XVDAM,0,-0.8295205827584317,-0.6966815529885713,-0.7687031743114293,1.0,0.0,1.0,0.0,1.0,0.0,0.0,1.0,1.0,0.0,0.0,1.0,0.0,0.0,1.0,0.0,0.0,1.0,0.0,0.0,1.0,0.0,0.0,1.0,0.0,0.0,1.0,0.0,0.0,1.0,0.0,0.0,1.0,0.0,0.0,1.0,0.0,1.0,0.0,0.0,0.0,1.0,0.0,2.0,1.0,0.0,0.0,0.9266836655881832,1.0,0.0,0.0,1.0,0.0,0.0,1.0,0.0,0.0
3717-OFRTN,0,-1.2774445836787656,-1.4960059100684764,-0.9986500811217106,0.0,1.0,1.0,0.0,1.0,0.0,0.0,1.0,1.0,0.0,0.0,0.0,0.0,1.0,0.0,1.0,0.0,0.0,1.0,0.0,0.0,1.0,0.0,0.0,1.0,0.0,0.0,1.0,0.0,0.0,1.0,0.0,1.0,0.0,0.0,1.0,0.0,1.0,0.0,0.0,0.0,1.0,0.0,1.0,1.0,0.0,0.0,0.7817560885857086,1.0,0.0,0.0,1.0,0.0,0.0,1.0,0.0,0.0
9046-JBFWA,0,-0.21871512695797646,-1.51594747407047,-0.7702914491857905,0.0,1.0,1.0,0.0,0.0,1.0,0.0,1.0,1.0,0.0,0.0,0.0,0.0,1.0,0.0,1.0,0.0,0.0,1.0,0.0,0.0,1.0,0.0,0.0,1.0,0.0,0.0,1.0,0.0,0.0,1.0,0.0,1.0,0.0,0.0,1.0,0.0,0.0,0.0,0.0,1.0,1.0,0.0,1.0,0.0,0.0,1.0,3.5218937981084086,0.0,0.0,1.0,0.0,0.0,1.0,0.0,0.0,1.0
3280-NMUVX,0,0.06632741908223598,-1.5009913010689746,-0.7078854822473517,0.0,1.0,0.0,1.0,0.0,1.0,0.0,1.0,1.0,0.0,0.0,0.0,0.0,1.0,0.0,1.0,0.0,0.0,1.0,0.0,0.0,1.0,0.0,0.0,1.0,0.0,0.0,1.0,0.0,0.0,1.0,0.0,0.0,1.0,0.0,1.0,0.0,0.0,1.0,0.0,0.0,1.0,0.0,1.0,0.0,0.0,1.0,-10.67259199954216,0.0,0.0,1.0,0.0,0.0,1.0,0.0,0.0,1.0
1206-EHBDD,0,0.9621754209229036,0.5164302571326987,0.9840022682925698,1.0,0.0,0.0,1.0,1.0,0.0,0.0,1.0,1.0,0.0,0.0,0.0,1.0,0.0,0.0,0.0,1.0,1.0,0.0,0.0,0.0,0.0,1.0,1.0,0.0,0.0,1.0,0.0,0.0,1.0,0.0,0.0,0.0,0.0,1.0,1.0,0.0,1.0,0.0,0.0,0.0,1.0,0.0,4.0,0.0,1.0,0.0,1.0226848939341333,0.0,1.0,0.0,0.0,1.0,0.0,0.0,1.0,0.0
8361-LBRDI,0,1.0436161483629645,-1.343120586053193,-0.3791787613743662,1.0,0.0,1.0,0.0,1.0,0.0,0.0,1.0,0.0,0.0,1.0,0.0,0.0,1.0,0.0,1.0,0.0,0.0,1.0,0.0,0.0,1.0,0.0,0.0,1.0,0.0,0.0,1.0,0.0,0.0,1.0,0.0,0.0,0.0,1.0,1.0,0.0,0.0,1.0,0.0,0.0,1.0,0.0,2.0,0.0,1.0,0.0,-0.36333163488237796,0.0,1.0,0.0,0.0,1.0,0.0,0.0,1.0,0.0
4883-KCPZJ,0,-0.4223169455581282,-1.3132082400502028,-0.7623280154407298,1.0,0.0,0.0,1.0,0.0,1.0,0.0,1.0,0.0,0.0,1.0,0.0,0.0,1.0,0.0,1.0,0.0,0.0,1.0,0.0,0.0,1.0,0.0,0.0,1.0,0.0,0.0,1.0,0.0,0.0,1.0,0.0,0.0,0.0,1.0,1.0,0.0,0.0,1.0,0.0,0.0,1.0,0.0,2.0,0.0,0.0,1.0,1.8051087541212625,0.0,0.0,1.0,0.0,0.0,1.0,0.0,0.0,1.0
9108-EQPNQ,0,-0.9109613101984924,-1.2849576910473786,-0.9078537008040668,1.0,0.0,0.0,1.0,0.0,1.0,0.0,1.0,0.0,0.0,1.0,0.0,0.0,1.0,0.0,1.0,0.0,0.0,1.0,0.0,0.0,1.0,0.0,0.0,1.0,0.0,0.0,1.0,0.0,0.0,1.0,0.0,0.0,0.0,1.0,1.0,0.0,0.0,1.0,0.0,0.0,1.0,0.0,2.0,1.0,0.0,0.0,0.9965886483216851,1.0,0.0,0.0,1.0,0.0,0.0,1.0,0.0,0.0
7277-KAMWT,0,-0.7888002190384014,-1.4876969250676457,-0.8889267585512636,0.0,1.0,1.0,0.0,1.0,0.0,0.0,1.0,1.0,0.0,0.0,0.0,0.0,1.0,0.0,1.0,0.0,0.0,1.0,0.0,0.0,1.0,0.0,0.0,1.0,0.0,0.0,1.0,0.0,0.0,1.0,0.0,0.0,0.0,1.0,1.0,0.0,0.0,1.0,0.0,0.0,1.0,0.0,1.0,1.0,0.0,0.0,1.126935232897023,1.0,0.0,0.0,1.0,0.0,0.0,1.0,0.0,0.0
3842-IYKUE,0,0.10704778280226633,0.682609957149311,0.27980089587271106,1.0,0.0,1.0,0.0,1.0,0.0,0.0,1.0,0.0,0.0,1.0,0.0,1.0,0.0,1.0,0.0,0.0,0.0,0.0,1.0,1.0,0.0,0.0,0.0,0.0,1.0,1.0,0.0,0.0,1.0,0.0,0.0,1.0,0.0,0.0,1.0,0.0,0.0,1.0,0.0,0.0,0.0,1.0,5.0,0.0,0.0,1.0,2.613794406088225,0.0,0.0,1.0,0.0,0.0,1.0,0.0,0.0,1.0
6641-XRPSU,0,0.06632741908223598,0.17410007509847744,0.05858950087141587,1.0,0.0,1.0,0.0,1.0,0.0,0.0,1.0,1.0,0.0,0.0,0.0,1.0,0.0,1.0,0.0,0.0,1.0,0.0,0.0,1.0,0.0,0.0,1.0,0.0,0.0,1.0,0.0,0.0,1.0,0.0,0.0,1.0,0.0,0.0,0.0,1.0,0.0,1.0,0.0,0.0,0.0,1.0,2.0,0.0,0.0,1.0,0.8833375650991898,0.0,0.0,1.0,0.0,0.0,1.0,0.0,0.0,1.0
1374-DMZUI,1,-1.1552834925186746,0.9817334171792131,-0.8201015139956154,1.0,0.0,1.0,0.0,1.0,0.0,0.0,1.0,0.0,0.0,1.0,0.0,1.0,0.0,1.0,0.0,0.0,1.0,0.0,0.0,1.0,0.0,0.0,1.0,0.0,0.0,0.0,0.0,1.0,0.0,0.0,1.0,1.0,0.0,0.0,0.0,1.0,0.0,0.0,1.0,0.0,0.0,1.0,5.0,1.0,0.0,0.0,0.7098703645524121,1.0,0.0,0.0,1.0,0.0,0.0,1.0,0.0,0.0
2545-LXYVJ,0,1.6137012404433893,-1.46443176706532,-0.34906771688127003,0.0,1.0,0.0,1.0,1.0,0.0,0.0,1.0,1.0,0.0,0.0,0.0,0.0,1.0,0.0,1.0,0.0,0.0,1.0,0.0,0.0,1.0,0.0,0.0,1.0,0.0,0.0,1.0,0.0,0.0,1.0,0.0,0.0,0.0,1.0,1.0,0.0,1.0,0.0,0.0,0.0,1.0,0.0,1.0,0.0,1.0,0.0,-0.21631495851447588,0.0,1.0,0.0,0.0,1.0,0.0,0.0,1.0,0.0
3234-VKACU,0,-1.2367242199587352,0.18407085709947407,-0.9489503131781607,0.0,1.0,1.0,0.0,1.0,0.0,0.0,1.0,1.0,0.0,0.0,1.0,0.0,0.0,1.0,0.0,0.0,1.0,0.0,0.0,1.0,0.0,0.0,0.0,0.0,1.0,0.0,0.0,1.0,0.0,0.0,1.0,1.0,0.0,0.0,1.0,0.0,0.0,0.0,1.0,0.0,1.0,0.0,5.0,1.0,0.0,0.0,0.7673095568629065,1.0,0.0,0.0,1.0,0.0,0.0,1.0,0.0,0.0
8357-EQXFO,0,-1.0331224013585834,1.0166311541827018,-0.7157827378726471,1.0,0.0,1.0,0.0,1.0,0.0,0.0,1.0,1.0,0.0,0.0,0.0,1.0,0.0,1.0,0.0,0.0,1.0,0.0,0.0,0.0,0.0,1.0,1.0,0.0,0.0,0.0,0.0,1.0,0.0,0.0,1.0,1.0,0.0,0.0,0.0,1.0,0.0,0.0,1.0,0.0,0.0,1.0,5.0,1.0,0.0,0.0,0.6928343988392603,1.0,0.0,0.0,1.0,0.0,0.0,1.0,0.0,0.0
1989-PRJHP,1,-0.21871512695797646,0.356897745116751,-0.17177653403071064,0.0,1.0,0.0,1.0,1.0,0.0,0.0,1.0,0.0,0.0,1.0,0.0,1.0,0.0,1.0,0.0,0.0,1.0,0.0,0.0,1.0,0.0,0.0,1.0,0.0,0.0,1.0,0.0,0.0,1.0,0.0,0.0,1.0,0.0,0.0,0.0,1.0,0.0,0.0,1.0,0.0,0.0,1.0,3.0,0.0,0.0,1.0,0.7853893620431452,0.0,0.0,1.0,0.0,0.0,1.0,0.0,0.0,1.0
8120-JDCAM,0,-1.1552834925186746,0.15914390209698223,-0.8816692247503635,0.0,1.0,0.0,1.0,0.0,1.0,0.0,1.0,1.0,0.0,0.0,0.0,1.0,0.0,1.0,0.0,0.0,1.0,0.0,0.0,1.0,0.0,0.0,1.0,0.0,0.0,1.0,0.0,0.0,1.0,0.0,0.0,1.0,0.0,0.0,0.0,1.0,0.0,0.0,0.0,1.0,1.0,0.0,2.0,1.0,0.0,0.0,0.7631626613379587,1.0,0.0,0.0,1.0,0.0,0.0,1.0,0.0,0.0
8917-FAEMR,0,0.18848851024232702,-1.4926823160681442,-0.6613622640525241,1.0,0.0,1.0,0.0,1.0,0.0,0.0,1.0,1.0,0.0,0.0,0.0,0.0,1.0,0.0,1.0,0.0,0.0,1.0,0.0,0.0,1.0,0.0,0.0,1.0,0.0,0.0,1.0,0.0,0.0,1.0,0.0,0.0,0.0,1.0,1.0,0.0,0.0,0.0,0.0,1.0,1.0,0.0,1.0,0.0,0.0,1.0,-3.5087669970029207,0.0,0.0,1.0,0.0,0.0,1.0,0.0,0.0,1.0
7047-YXDMZ,0,-0.46303730927815856,-1.4876969250676457,-0.8230795293850425,0.0,1.0,1.0,0.0,1.0,0.0,0.0,1.0,1.0,0.0,0.0,0.0,0.0,1.0,0.0,1.0,0.0,0.0,1.0,0.0,0.0,1.0,0.0,0.0,1.0,0.0,0.0,1.0,0.0,0.0,1.0,0.0,1.0,0.0,0.0,1.0,0.0,0.0,0.0,0.0,1.0,1.0,0.0,1.0,0.0,0.0,1.0,1.777566327577714,0.0,0.0,1.0,0.0,0.0,1.0,0.0,0.0,1.0
2858-EIMXH,1,0.8400143297628127,1.0332491241843629,1.2057430882519855,1.0,0.0,0.0,1.0,1.0,0.0,0.0,1.0,0.0,0.0,1.0,0.0,1.0,0.0,1.0,0.0,0.0,1.0,0.0,0.0,1.0,0.0,0.0,1.0,0.0,0.0,0.0,0.0,1.0,0.0,0.0,1.0,0.0,1.0,0.0,0.0,1.0,0.0,1.0,0.0,0.0,1.0,0.0,5.0,0.0,1.0,0.0,1.4353839518338223,0.0,1.0,0.0,0.0,1.0,0.0,0.0,1.0,0.0
9524-EGPJC,0,-0.5851984004382496,0.8421424691652587,-0.29583844921691765,1.0,0.0,1.0,0.0,1.0,0.0,0.0,1.0,0.0,0.0,1.0,0.0,1.0,0.0,1.0,0.0,0.0,1.0,0.0,0.0,1.0,0.0,0.0,0.0,0.0,1.0,1.0,0.0,0.0,0.0,0.0,1.0,1.0,0.0,0.0,0.0,1.0,0.0,0.0,1.0,0.0,0.0,1.0,5.0,1.0,0.0,0.0,0.5055353004987146,1.0,0.0,0.0,1.0,0.0,0.0,1.0,0.0,0.0
6993-OHLXR,0,-1.2367242199587352,0.13920233809498894,-0.9545313346116796,1.0,0.0,1.0,0.0,1.0,0.0,0.0,1.0,1.0,0.0,0.0,0.0,1.0,0.0,1.0,0.0,0.0,1.0,0.0,0.0,1.0,0.0,0.0,1.0,0.0,0.0,1.0,0.0,0.0,1.0,0.0,0.0,1.0,0.0,0.0,1.0,0.0,0.0,0.0,1.0,0.0,0.0,1.0,2.0,1.0,0.0,0.0,0.7718223021811028,1.0,0.0,0.0,1.0,0.0,0.0,1.0,0.0,0.0
8818-XYFCQ,0,-0.015113308357824713,1.156222102196656,0.40648787647626494,0.0,1.0,0.0,1.0,0.0,1.0,0.0,1.0,0.0,0.0,1.0,0.0,1.0,0.0,0.0,0.0,1.0,1.0,0.0,0.0,1.0,0.0,0.0,1.0,0.0,0.0,0.0,0.0,1.0,0.0,0.0,1.0,1.0,0.0,0.0,0.0,1.0,0.0,1.0,0.0,0.0,0.0,1.0,6.0,0.0,0.0,1.0,-26.89602215823323,0.0,0.0,1.0,0.0,0.0,1.0,0.0,0.0,1.0
6419-ZTTLE,1,-0.38159658183809786,-1.462769970065154,-0.7932993754907716,0.0,1.0,0.0,1.0,1.0,0.0,0.0,1.0,1.0,0.0,0.0,0.0,0.0,1.0,0.0,1.0,0.0,0.0,1.0,0.0,0.0,1.0,0.0,0.0,1.0,0.0,0.0,1.0,0.0,0.0,1.0,0.0,0.0,1.0,0.0,0.0,1.0,0.0,0.0,1.0,0.0,1.0,0.0,1.0,0.0,0.0,1.0,2.0788953917499953,0.0,0.0,1.0,0.0,0.0,1.0,0.0,0.0,1.0
0929-HYQEW,0,-1.1960038562387048,-0.4856333339674735,-0.936398529796057,0.0,1.0,1.0,0.0,1.0,0.0,0.0,1.0,1.0,0.0,0.0,1.0,0.0,0.0,0.0,0.0,1.0,1.0,0.0,0.0,1.0,0.0,0.0,1.0,0.0,0.0,1.0,0.0,0.0,1.0,0.0,0.0,1.0,0.0,0.0,0.0,1.0,0.0,0.0,0.0,1.0,1.0,0.0,3.0,1.0,0.0,0.0,0.7829393901294961,1.0,0.0,0.0,1.0,0.0,0.0,1.0,0.0,0.0
6614-YOLAC,0,1.5729808767233588,-0.20312784393923258,0.8214688061496159,1.0,0.0,0.0,1.0,0.0,1.0,1.0,0.0,0.0,1.0,0.0,1.0,0.0,0.0,0.0,0.0,1.0,0.0,0.0,1.0,1.0,0.0,0.0,0.0,0.0,1.0,0.0,0.0,1.0,0.0,0.0,1.0,0.0,0.0,1.0,1.0,0.0,0.0,0.0,0.0,1.0,1.0,0.0,6.0,0.0,1.0,0.0,0.5222369949346105,0.0,1.0,0.0,0.0,1.0,0.0,0.0,1.0,0.0
7426-RHZGU,0,-0.9516816739185228,1.0349109211845293,-0.6423029655601906,0.0,1.0,1.0,0.0,1.0,0.0,0.0,1.0,1.0,0.0,0.0,0.0,1.0,0.0,1.0,0.0,0.0,1.0,0.0,0.0,1.0,0.0,0.0,0.0,0.0,1.0,0.0,0.0,1.0,0.0,0.0,1.0,1.0,0.0,0.0,0.0,1.0,1.0,0.0,0.0,0.0,1.0,0.0,5.0,1.0,0.0,0.0,0.6749136640569383,1.0,0.0,0.0,1.0,0.0,0.0,1.0,0.0,0.0
4065-JJAVA,0,-1.2774445836787656,-0.5072366949696331,-0.9855247540349764,1.0,0.0,1.0,0.0,1.0,0.0,0.0,1.0,1.0,0.0,0.0,1.0,0.0,0.0,1.0,0.0,0.0,0.0,0.0,1.0,1.0,0.0,0.0,1.0,0.0,0.0,1.0,0.0,0.0,1.0,0.0,0.0,1.0,0.0,0.0,1.0,0.0,0.0,0.0,1.0,0.0,1.0,0.0,3.0,1.0,0.0,0.0,0.7714814142441132,1.0,0.0,0.0,1.0,0.0,0.0,1.0,0.0,0.0
4695-VADHF,0,-0.5851984004382496,-0.24301097194321938,-0.5702129337628001,0.0,1.0,0.0,1.0,0.0,1.0,0.0,1.0,1.0,0.0,0.0,1.0,0.0,0.0,1.0,0.0,0.0,1.0,0.0,0.0,0.0,0.0,1.0,1.0,0.0,0.0,1.0,0.0,0.0,0.0,0.0,1.0,1.0,0.0,0.0,1.0,0.0,0.0,0.0,1.0,0.0,0.0,1.0,4.0,1.0,0.0,0.0,0.9743925023304456,1.0,0.0,0.0,1.0,0.0,0.0,1.0,0.0,0.0
3863-IUBJR,0,-0.8295205827584317,-0.3693075439558449,-0.7001426422348412,0.0,1.0,0.0,1.0,0.0,1.0,0.0,1.0,1.0,0.0,0.0,1.0,0.0,0.0,1.0,0.0,0.0,1.0,0.0,0.0,1.0,0.0,0.0,1.0,0.0,0.0,1.0,0.0,0.0,0.0,0.0,1.0,0.0,1.0,0.0,1.0,0.0,0.0,1.0,0.0,0.0,0.0,1.0,3.0,1.0,0.0,0.0,0.8440328748765151,1.0,0.0,0.0,1.0,0.0,0.0,1.0,0.0,0.0
7649-SIJJF,0,1.5729808767233588,0.5097830691320341,1.4568449340138265,0.0,1.0,0.0,1.0,1.0,0.0,0.0,1.0,0.0,0.0,1.0,1.0,0.0,0.0,0.0,0.0,1.0,0.0,0.0,1.0,0.0,0.0,1.0,0.0,0.0,1.0,1.0,0.0,0.0,0.0,0.0,1.0,0.0,0.0,1.0,0.0,1.0,0.0,0.0,0.0,1.0,1.0,0.0,8.0,0.0,1.0,0.0,0.9261682424573066,0.0,1.0,0.0,0.0,1.0,0.0,0.0,1.0,0.0
9361-YNQWJ,0,1.2879383306831464,-1.341458789053027,-0.3009341644388262,1.0,0.0,1.0,0.0,1.0,0.0,0.0,1.0,0.0,0.0,1.0,0.0,0.0,1.0,0.0,1.0,0.0,0.0,1.0,0.0,0.0,1.0,0.0,0.0,1.0,0.0,0.0,1.0,0.0,0.0,1.0,0.0,0.0,1.0,0.0,0.0,1.0,1.0,0.0,0.0,0.0,1.0,0.0,2.0,0.0,1.0,0.0,-0.23365572502155837,0.0,1.0,0.0,0.0,1.0,0.0,0.0,1.0,0.0
3748-FVMZZ,0,-1.1552834925186746,-0.8213163280010305,-0.9356926298518965,0.0,1.0,1.0,0.0,1.0,0.0,1.0,0.0,0.0,1.0,0.0,1.0,0.0,0.0,1.0,0.0,0.0,1.0,0.0,0.0,1.0,0.0,0.0,0.0,0.0,1.0,1.0,0.0,0.0,0.0,0.0,1.0,1.0,0.0,0.0,0.0,1.0,0.0,0.0,1.0,0.0,1.0,0.0,3.0,1.0,0.0,0.0,0.8099246945976522,1.0,0.0,0.0,1.0,0.0,0.0,1.0,0.0,0.0
9391-TTOYH,0,-0.38159658183809786,-1.504314895069307,-0.7999171874672761,1.0,0.0,1.0,0.0,1.0,0.0,0.0,1.0,1.0,0.0,0.0,0.0,0.0,1.0,0.0,1.0,0.0,0.0,1.0,0.0,0.0,1.0,0.0,0.0,1.0,0.0,0.0,1.0,0.0,0.0,1.0,0.0,1.0,0.0,0.0,0.0,1.0,0.0,0.0,0.0,1.0,1.0,0.0,1.0,0.0,0.0,1.0,2.0962378216654507,0.0,0.0,1.0,0.0,0.0,1.0,0.0,0.0,1.0
1452-XRSJV,0,0.26992923768238775,-0.45572098796448335,-0.09587023066020242,1.0,0.0,0.0,1.0,0.0,1.0,0.0,1.0,1.0,0.0,0.0,1.0,0.0,0.0,0.0,0.0,1.0,1.0,0.0,0.0,1.0,0.0,0.0,1.0,0.0,0.0,1.0,0.0,0.0,1.0,0.0,0.0,1.0,0.0,0.0,1.0,0.0,0.0,1.0,0.0,0.0,1.0,0.0,3.0,0.0,0.0,1.0,-0.35516801174761264,0.0,0.0,1.0,0.0,0.0,1.0,0.0,0.0,1.0
3422-WJOYD,0,-0.1779947632379461,-0.34604238595351905,-0.3780316739651053,0.0,1.0,0.0,1.0,1.0,0.0,0.0,1.0,1.0,0.0,0.0,1.0,0.0,0.0,0.0,0.0,1.0,1.0,0.0,0.0,1.0,0.0,0.0,0.0,0.0,1.0,1.0,0.0,0.0,1.0,0.0,0.0,0.0,1.0,0.0,1.0,0.0,0.0,0.0,0.0,1.0,1.0,0.0,4.0,0.0,0.0,1.0,2.1238359325198055,0.0,0.0,1.0,0.0,0.0,1.0,0.0,0.0,1.0
8242-SOQUO,1,-1.1145631287986442,0.6626683931473177,-0.8341974535055703,1.0,0.0,1.0,0.0,1.0,0.0,0.0,1.0,1.0,0.0,0.0,0.0,1.0,0.0,1.0,0.0,0.0,0.0,0.0,1.0,1.0,0.0,0.0,1.0,0.0,0.0,0.0,0.0,1.0,1.0,0.0,0.0,1.0,0.0,0.0,0.0,1.0,0.0,0.0,1.0,0.0,1.0,0.0,4.0,1.0,0.0,0.0,0.7484524043108514,1.0,0.0,0.0,1.0,0.0,0.0,1.0,0.0,0.0
7460-ITWWP,1,0.5142514200025698,0.7091987091519689,0.6962598035541481,1.0,0.0,0.0,1.0,1.0,0.0,0.0,1.0,1.0,0.0,0.0,0.0,1.0,0.0,1.0,0.0,0.0,1.0,0.0,0.0,0.0,0.0,1.0,1.0,0.0,0.0,1.0,0.0,0.0,0.0,0.0,1.0,1.0,0.0,0.0,0.0,1.0,0.0,0.0,1.0,0.0,1.0,0.0,4.0,0.0,1.0,0.0,1.3539287913889837,0.0,1.0,0.0,0.0,1.0,0.0,0.0,1.0,0.0
7147-AYBAA,0,0.18848851024232702,0.1857326540996401,0.11894394609713828,0.0,1.0,1.0,0.0,1.0,0.0,0.0,1.0,1.0,0.0,0.0,0.0,1.0,0.0,1.0,0.0,0.0,1.0,0.0,0.0,1.0,0.0,0.0,1.0,0.0,0.0,1.0,0.0,0.0,1.0,0.0,0.0,1.0,0.0,0.0,0.0,1.0,0.0,0.0,0.0,1.0,1.0,0.0,2.0,0.0,0.0,1.0,0.6310408307870864,0.0,0.0,1.0,0.0,0.0,1.0,0.0,0.0,1.0
7868-TMWMZ,1,1.125056875803025,1.503537675231376,1.934628899344207,1.0,0.0,0.0,1.0,1.0,0.0,0.0,1.0,1.0,0.0,0.0,0.0,1.0,0.0,0.0,0.0,1.0,0.0,0.0,1.0,0.0,0.0,1.0,0.0,0.0,1.0,0.0,0.0,1.0,0.0,0.0,1.0,0.0,0.0,1.0,0.0,1.0,1.0,0.0,0.0,0.0,1.0,0.0,8.0,0.0,1.0,0.0,1.7195831970391173,0.0,1.0,0.0,0.0,1.0,0.0,0.0,1.0,0.0
4822-RVYBB,1,-0.9924020376385531,1.1911198392001445,-0.6458545246542481,0.0,1.0,1.0,0.0,1.0,0.0,0.0,1.0,0.0,0.0,1.0,0.0,1.0,0.0,1.0,0.0,0.0,1.0,0.0,0.0,0.0,0.0,1.0,1.0,0.0,0.0,0.0,0.0,1.0,0.0,0.0,1.0,1.0,0.0,0.0,0.0,1.0,0.0,0.0,1.0,0.0,0.0,1.0,6.0,1.0,0.0,0.0,0.6507992730356298,1.0,0.0,0.0,1.0,0.0,0.0,1.0,0.0,0.0
6732-FZUGP,0,0.5956921474426305,1.001674981181207,1.0288269147467615,1.0,0.0,1.0,0.0,1.0,0.0,0.0,1.0,0.0,0.0,1.0,0.0,1.0,0.0,0.0,0.0,1.0,1.0,0.0,0.0,0.0,0.0,1.0,1.0,0.0,0.0,0.0,0.0,1.0,1.0,0.0,0.0,0.0,1.0,0.0,1.0,0.0,0.0,1.0,0.0,0.0,1.0,0.0,6.0,0.0,1.0,0.0,1.7271117626170234,0.0,1.0,0.0,0.0,1.0,0.0,0.0,1.0,0.0
8436-BJUMM,0,-0.2594354906780068,0.6310942501441613,-0.09384076832074104,0.0,1.0,0.0,1.0,0.0,1.0,0.0,1.0,0.0,0.0,1.0,0.0,1.0,0.0,1.0,0.0,0.0,1.0,0.0,0.0,1.0,0.0,0.0,1.0,0.0,0.0,0.0,0.0,1.0,1.0,0.0,0.0,1.0,0.0,0.0,0.0,1.0,0.0,0.0,1.0,0.0,0.0,1.0,4.0,0.0,0.0,1.0,0.36171137601682124,0.0,0.0,1.0,0.0,0.0,1.0,0.0,0.0,1.0
4184-TJFAN,1,-1.1960038562387048,0.7823177771592784,-0.886588464986232,1.0,0.0,0.0,1.0,0.0,1.0,0.0,1.0,1.0,0.0,0.0,0.0,1.0,0.0,0.0,0.0,1.0,1.0,0.0,0.0,1.0,0.0,0.0,0.0,0.0,1.0,0.0,0.0,1.0,1.0,0.0,0.0,1.0,0.0,0.0,0.0,1.0,0.0,0.0,0.0,1.0,0.0,1.0,5.0,1.0,0.0,0.0,0.7412923130318754,1.0,0.0,0.0,1.0,0.0,0.0,1.0,0.0,0.0
8329-GWVPJ,0,0.7178532386027215,0.1657910900976468,0.562249111029929,1.0,0.0,0.0,1.0,0.0,1.0,0.0,1.0,1.0,0.0,0.0,0.0,1.0,0.0,1.0,0.0,0.0,1.0,0.0,0.0,1.0,0.0,0.0,1.0,0.0,0.0,1.0,0.0,0.0,1.0,0.0,0.0,1.0,0.0,0.0,0.0,1.0,1.0,0.0,0.0,0.0,1.0,0.0,2.0,0.0,1.0,0.0,0.7832368523186285,0.0,1.0,0.0,0.0,1.0,0.0,0.0,1.0,0.0
1352-VHKAJ,0,-0.21871512695797646,0.22727757910379318,-0.14391554560962616,0.0,1.0,0.0,1.0,0.0,1.0,0.0,1.0,0.0,0.0,1.0,1.0,0.0,0.0,1.0,0.0,0.0,1.0,0.0,0.0,1.0,0.0,0.0,0.0,0.0,1.0,0.0,0.0,1.0,0.0,0.0,1.0,1.0,0.0,0.0,1.0,0.0,1.0,0.0,0.0,0.0,1.0,0.0,6.0,0.0,0.0,1.0,0.658004535906096,0.0,0.0,1.0,0.0,0.0,1.0,0.0,0.0,1.0
4145-UQXUQ,1,-0.9924020376385531,0.9086143491719036,-0.6853187434074708,1.0,0.0,1.0,0.0,1.0,0.0,0.0,1.0,1.0,0.0,0.0,0.0,1.0,0.0,1.0,0.0,0.0,1.0,0.0,0.0,0.0,0.0,1.0,1.0,0.0,0.0,0.0,0.0,1.0,0.0,0.0,1.0,1.0,0.0,0.0,0.0,1.0,0.0,0.0,1.0,0.0,0.0,1.0,5.0,1.0,0.0,0.0,0.690565635111154,1.0,0.0,0.0,1.0,0.0,0.0,1.0,0.0,0.0
2632-TACXW,0,1.2064976032430856,-1.3663857440555187,-0.3823111923765783,1.0,0.0,0.0,1.0,1.0,0.0,0.0,1.0,0.0,0.0,1.0,0.0,0.0,1.0,0.0,1.0,0.0,0.0,1.0,0.0,0.0,1.0,0.0,0.0,1.0,0.0,0.0,1.0,0.0,0.0,1.0,0.0,0.0,0.0,1.0,1.0,0.0,1.0,0.0,0.0,0.0,1.0,0.0,2.0,0.0,1.0,0.0,-0.31687687679521237,0.0,1.0,0.0,0.0,1.0,0.0,0.0,1.0,0.0
8146-QQKZH,0,1.5729808767233588,0.5679459641378485,1.6064074846828313,1.0,0.0,0.0,1.0,1.0,0.0,0.0,1.0,1.0,0.0,0.0,1.0,0.0,0.0,0.0,0.0,1.0,1.0,0.0,0.0,0.0,0.0,1.0,0.0,0.0,1.0,0.0,0.0,1.0,0.0,0.0,1.0,0.0,0.0,1.0,1.0,0.0,1.0,0.0,0.0,0.0,1.0,0.0,7.0,0.0,1.0,0.0,1.0212504859112481,0.0,1.0,0.0,0.0,1.0,0.0,0.0,1.0,0.0
1767-CJKBA,0,1.369379058123207,-1.3181936310507012,-0.25835957405664634,0.0,1.0,1.0,0.0,1.0,0.0,0.0,1.0,0.0,0.0,1.0,0.0,0.0,1.0,0.0,1.0,0.0,0.0,1.0,0.0,0.0,1.0,0.0,0.0,1.0,0.0,0.0,1.0,0.0,0.0,1.0,0.0,0.0,0.0,1.0,1.0,0.0,0.0,0.0,0.0,1.0,1.0,0.0,2.0,0.0,1.0,0.0,-0.18866914352461273,0.0,1.0,0.0,0.0,1.0,0.0,0.0,1.0,0.0
6445-TNRXS,0,1.4508197855632678,1.6597465932469917,2.4558918893602226,0.0,1.0,0.0,1.0,0.0,1.0,0.0,1.0,0.0,0.0,1.0,0.0,1.0,0.0,0.0,0.0,1.0,0.0,0.0,1.0,0.0,0.0,1.0,0.0,0.0,1.0,0.0,0.0,1.0,0.0,0.0,1.0,0.0,0.0,1.0,0.0,1.0,1.0,0.0,0.0,0.0,1.0,0.0,9.0,0.0,1.0,0.0,1.6927615089056318,0.0,1.0,0.0,0.0,1.0,0.0,0.0,1.0,0.0
4581-LNWUM,0,-0.7888002190384014,-0.518869273970796,-0.7208563937213007,1.0,0.0,1.0,0.0,1.0,0.0,1.0,0.0,0.0,1.0,0.0,1.0,0.0,0.0,1.0,0.0,0.0,1.0,0.0,0.0,0.0,0.0,1.0,1.0,0.0,0.0,0.0,0.0,1.0,0.0,0.0,1.0,1.0,0.0,0.0,1.0,0.0,0.0,0.0,1.0,0.0,1.0,0.0,4.0,1.0,0.0,0.0,0.9138643427356947,1.0,0.0,0.0,1.0,0.0,0.0,1.0,0.0,0.0
4869-EPIUS,0,0.9621754209229036,0.5363718211346925,1.0033483386372186,0.0,1.0,0.0,1.0,1.0,0.0,0.0,1.0,1.0,0.0,0.0,0.0,1.0,0.0,1.0,0.0,0.0,1.0,0.0,0.0,1.0,0.0,0.0,1.0,0.0,0.0,1.0,0.0,0.0,0.0,0.0,1.0,0.0,1.0,0.0,0.0,1.0,0.0,0.0,1.0,0.0,1.0,0.0,3.0,0.0,1.0,0.0,1.0427914877256192,0.0,1.0,0.0,0.0,1.0,0.0,0.0,1.0,0.0
9948-YPTDG,0,0.22920887396235737,0.4881797081298748,0.3219563581630457,0.0,1.0,0.0,1.0,1.0,0.0,0.0,1.0,1.0,0.0,0.0,0.0,1.0,0.0,0.0,0.0,1.0,0.0,0.0,1.0,1.0,0.0,0.0,1.0,0.0,0.0,1.0,0.0,0.0,1.0,0.0,0.0,1.0,0.0,0.0,0.0,1.0,0.0,0.0,1.0,0.0,0.0,1.0,4.0,0.0,0.0,1.0,1.4046417688693855,0.0,0.0,1.0,0.0,0.0,1.0,0.0,0.0,1.0
1236-WFCDV,1,-0.748079855318371,0.8537750481664219,-0.44877608399394,0.0,1.0,1.0,0.0,1.0,0.0,0.0,1.0,1.0,0.0,0.0,0.0,1.0,0.0,1.0,0.0,0.0,1.0,0.0,0.0,1.0,0.0,0.0,1.0,0.0,0.0,0.0,0.0,1.0,0.0,0.0,1.0,1.0,0.0,0.0,1.0,0.0,0.0,1.0,0.0,0.0,0.0,1.0,4.0,1.0,0.0,0.0,0.5999039819123962,1.0,0.0,0.0,1.0,0.0,0.0,1.0,0.0,0.0
1915-OAKWD,0,-0.6666391278783103,-1.5109620830699715,-0.8483816305085452,1.0,0.0,1.0,0.0,0.0,1.0,0.0,1.0,1.0,0.0,0.0,0.0,0.0,1.0,0.0,1.0,0.0,0.0,1.0,0.0,0.0,1.0,0.0,0.0,1.0,0.0,0.0,1.0,0.0,0.0,1.0,0.0,0.0,1.0,0.0,0.0,1.0,1.0,0.0,0.0,0.0,1.0,0.0,1.0,1.0,0.0,0.0,1.2726250155892598,1.0,0.0,0.0,1.0,0.0,0.0,1.0,0.0,0.0
7296-PIXQY,0,-0.748079855318371,0.18074726309914202,-0.5456608513299679,1.0,0.0,0.0,1.0,0.0,1.0,0.0,1.0,1.0,0.0,0.0,0.0,1.0,0.0,1.0,0.0,0.0,1.0,0.0,0.0,1.0,0.0,0.0,1.0,0.0,0.0,1.0,0.0,0.0,1.0,0.0,0.0,1.0,0.0,0.0,1.0,0.0,0.0,0.0,1.0,0.0,1.0,0.0,2.0,1.0,0.0,0.0,0.7294152455124504,1.0,0.0,0.0,1.0,0.0,0.0,1.0,0.0,0.0
4883-QICIH,0,-0.015113308357824713,0.1657910900976468,0.02850051575157485,0.0,1.0,0.0,1.0,0.0,1.0,0.0,1.0,1.0,0.0,0.0,0.0,1.0,0.0,1.0,0.0,0.0,1.0,0.0,0.0,1.0,0.0,0.0,1.0,0.0,0.0,1.0,0.0,0.0,1.0,0.0,0.0,1.0,0.0,0.0,0.0,1.0,1.0,0.0,0.0,0.0,0.0,1.0,2.0,0.0,0.0,1.0,-1.8857893372379377,0.0,0.0,1.0,0.0,0.0,1.0,0.0,0.0,1.0
3354-OADJP,0,-0.9924020376385531,-0.3493659799538514,-0.8098218460587782,1.0,0.0,1.0,0.0,1.0,0.0,0.0,1.0,1.0,0.0,0.0,1.0,0.0,0.0,0.0,0.0,1.0,1.0,0.0,0.0,1.0,0.0,0.0,0.0,0.0,1.0,1.0,0.0,0.0,1.0,0.0,0.0,0.0,1.0,0.0,1.0,0.0,1.0,0.0,0.0,0.0,1.0,0.0,4.0,1.0,0.0,0.0,0.816021950121919,1.0,0.0,0.0,1.0,0.0,0.0,1.0,0.0,0.0
3524-WQDSG,0,0.43281069256250915,1.1479131171958254,0.8500136351416059,1.0,0.0,0.0,1.0,0.0,1.0,0.0,1.0,0.0,0.0,1.0,0.0,1.0,0.0,1.0,0.0,0.0,1.0,0.0,0.0,0.0,0.0,1.0,1.0,0.0,0.0,0.0,0.0,1.0,0.0,0.0,1.0,1.0,0.0,0.0,0.0,1.0,1.0,0.0,0.0,0.0,1.0,0.0,6.0,0.0,0.0,1.0,1.9639386220081467,0.0,0.0,1.0,0.0,0.0,1.0,0.0,0.0,1.0
0810-DHDBD,0,0.7992939660427822,0.3070438351117673,0.7034070404887732,1.0,0.0,1.0,0.0,1.0,0.0,0.0,1.0,0.0,0.0,1.0,1.0,0.0,0.0,0.0,0.0,1.0,1.0,0.0,0.0,0.0,0.0,1.0,0.0,0.0,1.0,0.0,0.0,1.0,1.0,0.0,0.0,0.0,1.0,0.0,1.0,0.0,0.0,1.0,0.0,0.0,1.0,0.0,7.0,0.0,1.0,0.0,0.8800354692670398,0.0,1.0,0.0,0.0,1.0,0.0,0.0,1.0,0.0
4026-SKKHW,0,-1.1960038562387048,-0.4823097399671412,-0.9401706826226645,0.0,1.0,1.0,0.0,1.0,0.0,0.0,1.0,1.0,0.0,0.0,1.0,0.0,0.0,1.0,0.0,0.0,1.0,0.0,0.0,1.0,0.0,0.0,0.0,0.0,1.0,1.0,0.0,0.0,1.0,0.0,0.0,1.0,0.0,0.0,0.0,1.0,0.0,0.0,0.0,1.0,1.0,0.0,3.0,1.0,0.0,0.0,0.7860933538955248,1.0,0.0,0.0,1.0,0.0,0.0,1.0,0.0,0.0
2829-HYVZP,0,-0.13727439951791576,-1.4943441130683104,-0.7549160660270446,0.0,1.0,1.0,0.0,1.0,0.0,0.0,1.0,1.0,0.0,0.0,0.0,0.0,1.0,0.0,1.0,0.0,0.0,1.0,0.0,0.0,1.0,0.0,0.0,1.0,0.0,0.0,1.0,0.0,0.0,1.0,0.0,0.0,1.0,0.0,0.0,1.0,0.0,0.0,0.0,1.0,1.0,0.0,1.0,0.0,0.0,1.0,5.499321568174262,0.0,0.0,1.0,0.0,0.0,1.0,0.0,0.0,1.0
8329-IBCTI,0,-1.2774445836787656,-1.4993295040688086,-0.9986941998682206,1.0,0.0,1.0,0.0,1.0,0.0,0.0,1.0,1.0,0.0,0.0,0.0,0.0,1.0,0.0,1.0,0.0,0.0,1.0,0.0,0.0,1.0,0.0,0.0,1.0,0.0,0.0,1.0,0.0,0.0,1.0,0.0,1.0,0.0,0.0,1.0,0.0,0.0,0.0,0.0,1.0,0.0,1.0,1.0,1.0,0.0,0.0,0.7817906253061845,1.0,0.0,0.0,1.0,0.0,0.0,1.0,0.0,0.0
1271-SJBGZ,1,-0.8295205827584317,-0.7016669439890695,-0.7748797988228336,0.0,1.0,1.0,0.0,1.0,0.0,1.0,0.0,0.0,1.0,0.0,1.0,0.0,0.0,1.0,0.0,0.0,1.0,0.0,0.0,0.0,0.0,1.0,0.0,0.0,1.0,1.0,0.0,0.0,0.0,0.0,1.0,1.0,0.0,0.0,0.0,1.0,0.0,0.0,1.0,0.0,0.0,1.0,4.0,1.0,0.0,0.0,0.9341296827694145,1.0,0.0,0.0,1.0,0.0,0.0,1.0,0.0,0.0
3845-JHAMY,0,-0.6666391278783103,-0.9725398550161476,-0.7635192215965007,1.0,0.0,0.0,1.0,0.0,1.0,1.0,0.0,0.0,1.0,0.0,1.0,0.0,0.0,1.0,0.0,0.0,1.0,0.0,0.0,1.0,0.0,0.0,1.0,0.0,0.0,1.0,0.0,0.0,0.0,0.0,1.0,1.0,0.0,0.0,0.0,1.0,0.0,1.0,0.0,0.0,1.0,0.0,2.0,1.0,0.0,0.0,1.1453261437361582,1.0,0.0,0.0,1.0,0.0,0.0,1.0,0.0,0.0
7013-PSXHK,0,0.3106496014024181,0.531386430134194,0.4082526263366662,1.0,0.0,1.0,0.0,1.0,0.0,0.0,1.0,0.0,0.0,1.0,1.0,0.0,0.0,1.0,0.0,0.0,1.0,0.0,0.0,0.0,0.0,1.0,0.0,0.0,1.0,0.0,0.0,1.0,0.0,0.0,1.0,0.0,1.0,0.0,0.0,1.0,0.0,0.0,0.0,1.0,1.0,0.0,7.0,0.0,0.0,1.0,1.3141900858511397,0.0,0.0,1.0,0.0,0.0,1.0,0.0,0.0,1.0
5669-SRAIP,0,-1.1145631287986442,-0.8395960950028577,-0.9143832752875515,1.0,0.0,1.0,0.0,1.0,0.0,1.0,0.0,0.0,1.0,0.0,1.0,0.0,0.0,1.0,0.0,0.0,1.0,0.0,0.0,0.0,0.0,1.0,1.0,0.0,0.0,1.0,0.0,0.0,0.0,0.0,1.0,1.0,0.0,0.0,1.0,0.0,0.0,0.0,1.0,0.0,0.0,1.0,3.0,1.0,0.0,0.0,0.820396128008594,1.0,0.0,0.0,1.0,0.0,0.0,1.0,0.0,0.0
5981-ITEMU,0,0.3106496014024181,1.074794049188516,0.6280963401961502,0.0,1.0,0.0,1.0,1.0,0.0,0.0,1.0,0.0,0.0,1.0,0.0,1.0,0.0,1.0,0.0,0.0,1.0,0.0,0.0,1.0,0.0,0.0,1.0,0.0,0.0,0.0,0.0,1.0,0.0,0.0,1.0,1.0,0.0,0.0,0.0,1.0,1.0,0.0,0.0,0.0,0.0,1.0,5.0,0.0,0.0,1.0,2.0218803995261174,0.0,0.0,1.0,0.0,0.0,1.0,0.0,0.0,1.0
3486-NPGST,0,0.14776814652229667,-1.502653098069141,-0.7334964145964247,1.0,0.0,1.0,0.0,1.0,0.0,0.0,1.0,1.0,0.0,0.0,0.0,0.0,1.0,0.0,1.0,0.0,0.0,1.0,0.0,0.0,1.0,0.0,0.0,1.0,0.0,0.0,1.0,0.0,0.0,1.0,0.0,0.0,1.0,0.0,1.0,0.0,0.0,0.0,0.0,1.0,1.0,0.0,1.0,0.0,0.0,1.0,-4.963833084864117,0.0,0.0,1.0,0.0,0.0,1.0,0.0,0.0,1.0
6941-PMGEP,0,-1.1145631287986442,0.5064594751317021,-0.825373704203564,1.0,0.0,1.0,0.0,1.0,0.0,0.0,1.0,1.0,0.0,0.0,0.0,1.0,0.0,1.0,0.0,0.0,1.0,0.0,0.0,1.0,0.0,0.0,1.0,0.0,0.0,1.0,0.0,0.0,0.0,0.0,1.0,1.0,0.0,0.0,0.0,1.0,0.0,0.0,1.0,0.0,0.0,1.0,3.0,1.0,0.0,0.0,0.7405356259122001,1.0,0.0,0.0,1.0,0.0,0.0,1.0,0.0,0.0
1624-WOIWJ,0,-0.9109613101984924,0.6626683931473177,-0.6402735032207293,1.0,0.0,1.0,0.0,1.0,0.0,0.0,1.0,1.0,0.0,0.0,0.0,1.0,0.0,0.0,0.0,1.0,1.0,0.0,0.0,1.0,0.0,0.0,1.0,0.0,0.0,0.0,0.0,1.0,1.0,0.0,0.0,1.0,0.0,0.0,0.0,1.0,0.0,0.0,0.0,1.0,0.0,1.0,4.0,1.0,0.0,0.0,0.7028547711660971,1.0,0.0,0.0,1.0,0.0,0.0,1.0,0.0,0.0
2074-GKOWZ,0,-1.2367242199587352,0.8238627021634315,-0.9255011994080792,0.0,1.0,0.0,1.0,0.0,1.0,0.0,1.0,1.0,0.0,0.0,0.0,1.0,0.0,1.0,0.0,0.0,1.0,0.0,0.0,1.0,0.0,0.0,1.0,0.0,0.0,0.0,0.0,1.0,0.0,0.0,1.0,1.0,0.0,0.0,0.0,1.0,1.0,0.0,0.0,0.0,0.0,1.0,4.0,1.0,0.0,0.0,0.7483488917512747,1.0,0.0,0.0,1.0,0.0,0.0,1.0,0.0,0.0
0376-YMCJC,0,-0.38159658183809786,0.85876043916692,-0.1500480513745204,0.0,1.0,1.0,0.0,1.0,0.0,0.0,1.0,0.0,0.0,1.0,0.0,1.0,0.0,1.0,0.0,0.0,1.0,0.0,0.0,1.0,0.0,0.0,0.0,0.0,1.0,0.0,0.0,1.0,1.0,0.0,0.0,1.0,0.0,0.0,0.0,1.0,0.0,0.0,1.0,0.0,0.0,1.0,5.0,0.0,0.0,1.0,0.3932112039677078,0.0,0.0,1.0,0.0,0.0,1.0,0.0,0.0,1.0
6100-FJZDG,0,-0.2594354906780068,-1.4860351280674797,-0.7841667949631951,0.0,1.0,0.0,1.0,0.0,1.0,0.0,1.0,1.0,0.0,0.0,0.0,0.0,1.0,0.0,1.0,0.0,0.0,1.0,0.0,0.0,1.0,0.0,0.0,1.0,0.0,0.0,1.0,0.0,0.0,1.0,0.0,0.0,1.0,0.0,0.0,1.0,1.0,0.0,0.0,0.0,1.0,0.0,1.0,0.0,0.0,1.0,3.0225887480308087,0.0,0.0,1.0,0.0,0.0,1.0,0.0,0.0,1.0
4829-ZLJTK,1,1.6137012404433893,1.58330393123935,2.5428058199849835,1.0,0.0,0.0,1.0,1.0,0.0,0.0,1.0,0.0,0.0,1.0,0.0,1.0,0.0,0.0,0.0,1.0,0.0,0.0,1.0,0.0,0.0,1.0,1.0,0.0,0.0,0.0,0.0,1.0,0.0,0.0,1.0,0.0,0.0,1.0,0.0,1.0,0.0,0.0,1.0,0.0,1.0,0.0,8.0,0.0,1.0,0.0,1.5757599710875283,0.0,1.0,0.0,0.0,1.0,0.0,0.0,1.0,0.0
1730-VFMWO,0,0.06632741908223598,-0.48397153696730727,-0.20647592816085,1.0,0.0,0.0,1.0,1.0,0.0,0.0,1.0,1.0,0.0,0.0,1.0,0.0,0.0,1.0,0.0,0.0,1.0,0.0,0.0,1.0,0.0,0.0,0.0,0.0,1.0,1.0,0.0,0.0,1.0,0.0,0.0,1.0,0.0,0.0,1.0,0.0,1.0,0.0,0.0,0.0,1.0,0.0,3.0,0.0,0.0,1.0,-3.112979986524895,0.0,0.0,1.0,0.0,0.0,1.0,0.0,0.0,1.0
7143-BQIBA,0,-0.9109613101984924,-0.08347845992727167,-0.736937676824207,0.0,1.0,1.0,0.0,1.0,0.0,0.0,1.0,1.0,0.0,0.0,1.0,0.0,0.0,0.0,0.0,1.0,1.0,0.0,0.0,1.0,0.0,0.0,0.0,0.0,1.0,0.0,0.0,1.0,1.0,0.0,0.0,1.0,0.0,0.0,1.0,0.0,1.0,0.0,0.0,0.0,1.0,0.0,5.0,1.0,0.0,0.0,0.808967042369377,1.0,0.0,0.0,1.0,0.0,0.0,1.0,0.0,0.0
3800-LYTRK,0,-0.748079855318371,-0.3011738669490337,-0.6565533206829306,1.0,0.0,1.0,0.0,1.0,0.0,0.0,1.0,1.0,0.0,0.0,1.0,0.0,0.0,0.0,0.0,1.0,1.0,0.0,0.0,1.0,0.0,0.0,0.0,0.0,1.0,1.0,0.0,0.0,1.0,0.0,0.0,0.0,1.0,0.0,1.0,0.0,0.0,0.0,0.0,1.0,1.0,0.0,4.0,1.0,0.0,0.0,0.8776513844280861,1.0,0.0,0.0,1.0,0.0,0.0,1.0,0.0,0.0
0634-SZPQA,0,-0.38159658183809786,0.8404806721650927,-0.05007497178279022,1.0,0.0,1.0,0.0,1.0,0.0,0.0,1.0,0.0,0.0,1.0,0.0,1.0,0.0,0.0,0.0,1.0,1.0,0.0,0.0,1.0,0.0,0.0,1.0,0.0,0.0,0.0,0.0,1.0,1.0,0.0,0.0,1.0,0.0,0.0,0.0,1.0,1.0,0.0,0.0,0.0,0.0,1.0,5.0,0.0,0.0,1.0,0.1312248960448912,0.0,0.0,1.0,0.0,0.0,1.0,0.0,0.0,1.0
9646-NMHXE,0,0.5956921474426305,-1.4993295040688086,-0.5780440112683306,0.0,1.0,0.0,1.0,1.0,0.0,0.0,1.0,1.0,0.0,0.0,0.0,0.0,1.0,0.0,1.0,0.0,0.0,1.0,0.0,0.0,1.0,0.0,0.0,1.0,0.0,0.0,1.0,0.0,0.0,1.0,0.0,0.0,0.0,1.0,1.0,0.0,0.0,0.0,0.0,1.0,1.0,0.0,1.0,0.0,1.0,0.0,-0.9703737303738764,0.0,1.0,0.0,0.0,1.0,0.0,0.0,1.0,0.0
7030-NJVDP,0,-0.3408762181180675,0.8138919201624348,-0.03225099819273788,0.0,1.0,0.0,1.0,1.0,0.0,0.0,1.0,1.0,0.0,0.0,0.0,1.0,0.0,0.0,0.0,1.0,1.0,0.0,0.0,1.0,0.0,0.0,0.0,0.0,1.0,1.0,0.0,0.0,0.0,0.0,1.0,1.0,0.0,0.0,0.0,1.0,0.0,0.0,1.0,0.0,1.0,0.0,5.0,0.0,0.0,1.0,0.09461205117444499,0.0,0.0,1.0,0.0,0.0,1.0,0.0,0.0,1.0
5536-RTPWK,0,0.6771328748826912,1.1396041321949948,1.1340501251731852,0.0,1.0,0.0,1.0,1.0,0.0,0.0,1.0,0.0,0.0,1.0,0.0,1.0,0.0,1.0,0.0,0.0,0.0,0.0,1.0,1.0,0.0,0.0,1.0,0.0,0.0,0.0,0.0,1.0,0.0,0.0,1.0,1.0,0.0,0.0,0.0,1.0,1.0,0.0,0.0,0.0,0.0,1.0,6.0,0.0,1.0,0.0,1.6747822580164222,0.0,1.0,0.0,0.0,1.0,0.0,0.0,1.0,0.0
8883-GRDWQ,1,-0.5037576729981889,-0.357674964954682,-0.5415136891580249,0.0,1.0,1.0,0.0,1.0,0.0,0.0,1.0,1.0,0.0,0.0,1.0,0.0,0.0,0.0,0.0,1.0,1.0,0.0,0.0,1.0,0.0,0.0,0.0,0.0,1.0,1.0,0.0,0.0,1.0,0.0,0.0,0.0,1.0,0.0,1.0,0.0,0.0,0.0,0.0,1.0,1.0,0.0,4.0,1.0,0.0,0.0,1.0749487664081134,1.0,0.0,0.0,1.0,0.0,0.0,1.0,0.0,0.0
6166-ILMNY,0,-1.2367242199587352,0.1657910900976468,-0.9435898854771919,1.0,0.0,1.0,0.0,1.0,0.0,0.0,1.0,1.0,0.0,0.0,0.0,1.0,0.0,1.0,0.0,0.0,1.0,0.0,0.0,1.0,0.0,0.0,1.0,0.0,0.0,1.0,0.0,0.0,1.0,0.0,0.0,1.0,0.0,0.0,1.0,0.0,1.0,0.0,0.0,0.0,0.0,1.0,2.0,1.0,0.0,0.0,0.7629751809248758,1.0,0.0,0.0,1.0,0.0,0.0,1.0,0.0,0.0
3097-NNSPB,0,-1.2367242199587352,-0.5221928679711283,-0.9671713554868036,1.0,0.0,1.0,0.0,1.0,0.0,0.0,1.0,1.0,0.0,0.0,1.0,0.0,0.0,1.0,0.0,0.0,0.0,0.0,1.0,1.0,0.0,0.0,1.0,0.0,0.0,1.0,0.0,0.0,1.0,0.0,0.0,1.0,0.0,0.0,0.0,1.0,0.0,1.0,0.0,0.0,0.0,1.0,3.0,1.0,0.0,0.0,0.7820428676646071,1.0,0.0,0.0,1.0,0.0,0.0,1.0,0.0,0.0
7771-ZONAT,0,-0.4223169455581282,-0.2662761299455452,-0.43168006972130296,0.0,1.0,1.0,0.0,1.0,0.0,1.0,0.0,0.0,1.0,0.0,1.0,0.0,0.0,1.0,0.0,0.0,1.0,0.0,0.0,0.0,0.0,1.0,0.0,0.0,1.0,0.0,0.0,1.0,0.0,0.0,1.0,0.0,0.0,1.0,1.0,0.0,1.0,0.0,0.0,0.0,1.0,0.0,5.0,0.0,0.0,1.0,1.0221708464736137,0.0,0.0,1.0,0.0,0.0,1.0,0.0,0.0,1.0
0655-RBDUG,0,-1.0331224013585834,1.1063681921916724,-0.6927968709409211,0.0,1.0,1.0,0.0,1.0,0.0,0.0,1.0,0.0,0.0,1.0,0.0,1.0,0.0,1.0,0.0,0.0,1.0,0.0,0.0,0.0,0.0,1.0,1.0,0.0,0.0,0.0,0.0,1.0,0.0,0.0,1.0,1.0,0.0,0.0,0.0,1.0,1.0,0.0,0.0,0.0,0.0,1.0,6.0,1.0,0.0,0.0,0.6705854698628884,1.0,0.0,0.0,1.0,0.0,0.0,1.0,0.0,0.0
2111-DWYHN,0,-1.2774445836787656,-1.451137391063991,-0.9980544780438252,0.0,1.0,1.0,0.0,1.0,0.0,0.0,1.0,1.0,0.0,0.0,0.0,0.0,1.0,0.0,1.0,0.0,0.0,1.0,0.0,0.0,1.0,0.0,0.0,1.0,0.0,0.0,1.0,0.0,0.0,1.0,0.0,1.0,0.0,0.0,1.0,0.0,0.0,0.0,0.0,1.0,1.0,0.0,1.0,1.0,0.0,0.0,0.7812898428592832,1.0,0.0,0.0,1.0,0.0,0.0,1.0,0.0,0.0
4194-WHFCB,0,1.0843365120829946,1.0598378761870213,1.4548154716743653,1.0,0.0,0.0,1.0,0.0,1.0,0.0,1.0,0.0,0.0,1.0,0.0,1.0,0.0,1.0,0.0,0.0,0.0,0.0,1.0,1.0,0.0,0.0,0.0,0.0,1.0,1.0,0.0,0.0,0.0,0.0,1.0,1.0,0.0,0.0,0.0,1.0,1.0,0.0,0.0,0.0,1.0,0.0,6.0,0.0,1.0,0.0,1.3416641932306475,0.0,1.0,0.0,0.0,1.0,0.0,0.0,1.0,0.0
4121-AGSIN,0,1.0436161483629645,-1.3381351950526947,-0.34650882958368817,1.0,0.0,0.0,1.0,0.0,1.0,0.0,1.0,0.0,0.0,1.0,0.0,0.0,1.0,0.0,1.0,0.0,0.0,1.0,0.0,0.0,1.0,0.0,0.0,1.0,0.0,0.0,1.0,0.0,0.0,1.0,0.0,0.0,1.0,0.0,0.0,1.0,0.0,1.0,0.0,0.0,1.0,0.0,2.0,0.0,1.0,0.0,-0.33202708690089583,0.0,1.0,0.0,0.0,1.0,0.0,0.0,1.0,0.0
4361-BKAXE,0,0.35136996512244845,1.653099405246327,0.9900906553109542,1.0,0.0,1.0,0.0,1.0,0.0,0.0,1.0,0.0,0.0,1.0,0.0,1.0,0.0,0.0,0.0,1.0,0.0,0.0,1.0,0.0,0.0,1.0,0.0,0.0,1.0,0.0,0.0,1.0,0.0,0.0,1.0,1.0,0.0,0.0,0.0,1.0,1.0,0.0,0.0,0.0,0.0,1.0,9.0,0.0,0.0,1.0,2.8178010461591922,0.0,0.0,1.0,0.0,0.0,1.0,0.0,0.0,1.0
9845-PEEKO,1,1.0843365120829946,0.47987072312904416,1.0178413468657639,1.0,0.0,1.0,0.0,1.0,0.0,0.0,1.0,0.0,0.0,1.0,0.0,1.0,0.0,1.0,0.0,0.0,0.0,0.0,1.0,1.0,0.0,0.0,1.0,0.0,0.0,1.0,0.0,0.0,1.0,0.0,0.0,0.0,0.0,1.0,0.0,1.0,0.0,1.0,0.0,0.0,1.0,0.0,4.0,0.0,1.0,0.0,0.9386766336130336,0.0,1.0,0.0,0.0,1.0,0.0,0.0,1.0,0.0
0455-XFASS,0,-1.1960038562387048,0.15914390209698223,-0.9190378030443598,1.0,0.0,0.0,1.0,0.0,1.0,0.0,1.0,1.0,0.0,0.0,0.0,1.0,0.0,1.0,0.0,0.0,1.0,0.0,0.0,1.0,0.0,0.0,1.0,0.0,0.0,1.0,0.0,0.0,1.0,0.0,0.0,1.0,0.0,0.0,0.0,1.0,0.0,0.0,1.0,0.0,1.0,0.0,2.0,1.0,0.0,0.0,0.7684237791127434,1.0,0.0,0.0,1.0,0.0,0.0,1.0,0.0,0.0
0301-KOBTQ,0,-0.015113308357824713,-1.4860351280674797,-0.7362758956265566,0.0,1.0,1.0,0.0,1.0,0.0,0.0,1.0,1.0,0.0,0.0,0.0,0.0,1.0,0.0,1.0,0.0,0.0,1.0,0.0,0.0,1.0,0.0,0.0,1.0,0.0,0.0,1.0,0.0,0.0,1.0,0.0,0.0,0.0,1.0,0.0,1.0,1.0,0.0,0.0,0.0,1.0,0.0,1.0,0.0,0.0,1.0,48.717056397870664,0.0,0.0,1.0,0.0,0.0,1.0,0.0,0.0,1.0
1751-NCDLI,1,0.5549717837226001,1.1329569441943304,1.0066131258789606,0.0,1.0,0.0,1.0,1.0,0.0,0.0,1.0,0.0,0.0,1.0,0.0,1.0,0.0,1.0,0.0,0.0,1.0,0.0,0.0,0.0,0.0,1.0,1.0,0.0,0.0,0.0,0.0,1.0,0.0,0.0,1.0,1.0,0.0,0.0,0.0,1.0,0.0,0.0,1.0,0.0,1.0,0.0,6.0,0.0,1.0,0.0,1.8138095582569493,0.0,1.0,0.0,0.0,1.0,0.0,0.0,1.0,0.0
4367-NUYAO,0,-1.318164947398796,-1.2965902700485417,,0.0,1.0,0.0,1.0,0.0,1.0,0.0,1.0,0.0,0.0,1.0,0.0,0.0,1.0,0.0,1.0,0.0,0.0,1.0,0.0,0.0,1.0,0.0,0.0,1.0,0.0,0.0,1.0,0.0,0.0,1.0,0.0,0.0,0.0,1.0,1.0,0.0,0.0,0.0,0.0,1.0,1.0,0.0,2.0,1.0,0.0,0.0,,1.0,0.0,0.0,1.0,0.0,0.0,1.0,0.0,0.0
9878-TNQGW,0,-1.2367242199587352,0.5380336181348585,-0.9318542989055237,0.0,1.0,1.0,0.0,1.0,0.0,0.0,1.0,1.0,0.0,0.0,0.0,1.0,0.0,1.0,0.0,0.0,1.0,0.0,0.0,1.0,0.0,0.0,1.0,0.0,0.0,1.0,0.0,0.0,0.0,0.0,1.0,1.0,0.0,0.0,0.0,1.0,0.0,0.0,1.0,0.0,0.0,1.0,3.0,1.0,0.0,0.0,0.7534859299000518,1.0,0.0,0.0,1.0,0.0,0.0,1.0,0.0,0.0
9170-ARBTB,0,0.7992939660427822,-1.5009913010689746,-0.5607053438898884,1.0,0.0,0.0,1.0,0.0,1.0,0.0,1.0,1.0,0.0,0.0,0.0,0.0,1.0,0.0,1.0,0.0,0.0,1.0,0.0,0.0,1.0,0.0,0.0,1.0,0.0,0.0,1.0,0.0,0.0,1.0,0.0,0.0,1.0,0.0,1.0,0.0,0.0,1.0,0.0,0.0,1.0,0.0,1.0,0.0,1.0,0.0,-0.7015007840805801,0.0,1.0,0.0,0.0,1.0,0.0,0.0,1.0,0.0
4441-NIHPT,1,-0.7888002190384014,0.3170146171127639,-0.5924929007503658,1.0,0.0,1.0,0.0,1.0,0.0,0.0,1.0,1.0,0.0,0.0,0.0,1.0,0.0,1.0,0.0,0.0,1.0,0.0,0.0,0.0,0.0,1.0,1.0,0.0,0.0,1.0,0.0,0.0,1.0,0.0,0.0,1.0,0.0,0.0,0.0,1.0,0.0,0.0,1.0,0.0,0.0,1.0,3.0,1.0,0.0,0.0,0.751131764989433,1.0,0.0,0.0,1.0,0.0,0.0,1.0,0.0,0.0
8999-BOHSE,1,-0.8702409464784621,0.82884809316393,-0.5451314263718475,1.0,0.0,1.0,0.0,1.0,0.0,0.0,1.0,1.0,0.0,0.0,0.0,1.0,0.0,1.0,0.0,0.0,1.0,0.0,0.0,1.0,0.0,0.0,1.0,0.0,0.0,0.0,0.0,1.0,0.0,0.0,1.0,1.0,0.0,0.0,1.0,0.0,1.0,0.0,0.0,0.0,0.0,1.0,4.0,1.0,0.0,0.0,0.6264143609626615,1.0,0.0,0.0,1.0,0.0,0.0,1.0,0.0,0.0
7241-AJHFS,0,-0.015113308357824713,0.7607144161571191,0.21313746989605434,0.0,1.0,1.0,0.0,1.0,0.0,0.0,1.0,0.0,0.0,1.0,0.0,1.0,0.0,0.0,0.0,1.0,1.0,0.0,0.0,1.0,0.0,0.0,0.0,0.0,1.0,1.0,0.0,0.0,1.0,0.0,0.0,1.0,0.0,0.0,1.0,0.0,1.0,0.0,0.0,0.0,1.0,0.0,5.0,0.0,0.0,1.0,-14.102634899638321,0.0,0.0,1.0,0.0,0.0,1.0,0.0,0.0,1.0
7029-RPUAV,1,-0.62591876415828,1.1861344481996465,-0.29155893080544465,0.0,1.0,0.0,1.0,1.0,0.0,0.0,1.0,0.0,0.0,1.0,0.0,1.0,0.0,1.0,0.0,0.0,1.0,0.0,0.0,0.0,0.0,1.0,1.0,0.0,0.0,0.0,0.0,1.0,0.0,0.0,1.0,1.0,0.0,0.0,0.0,1.0,0.0,1.0,0.0,0.0,0.0,1.0,6.0,1.0,0.0,0.0,0.4658095387147019,1.0,0.0,0.0,1.0,0.0,0.0,1.0,0.0,0.0
4546-FOKWR,0,-0.6666391278783103,0.3319707901142591,-0.5091084698464073,1.0,0.0,1.0,0.0,1.0,0.0,0.0,1.0,0.0,0.0,1.0,0.0,1.0,0.0,1.0,0.0,0.0,1.0,0.0,0.0,1.0,0.0,0.0,1.0,0.0,0.0,1.0,0.0,0.0,1.0,0.0,0.0,1.0,0.0,0.0,0.0,1.0,0.0,1.0,0.0,0.0,1.0,0.0,3.0,1.0,0.0,0.0,0.7636942515911563,1.0,0.0,0.0,1.0,0.0,0.0,1.0,0.0,0.0
9036-CSKBW,0,0.758573602322752,1.4187860282229037,1.498978336930906,1.0,0.0,1.0,0.0,1.0,0.0,0.0,1.0,0.0,0.0,1.0,0.0,1.0,0.0,0.0,0.0,1.0,0.0,0.0,1.0,0.0,0.0,1.0,1.0,0.0,0.0,0.0,0.0,1.0,0.0,0.0,1.0,0.0,1.0,0.0,1.0,0.0,1.0,0.0,0.0,0.0,1.0,0.0,8.0,0.0,1.0,0.0,1.9760486422689045,0.0,1.0,0.0,0.0,1.0,0.0,0.0,1.0,0.0
5832-TRLPB,0,-0.13727439951791576,0.35191235411625243,-0.01738298061885733,0.0,1.0,1.0,0.0,1.0,0.0,0.0,1.0,1.0,0.0,0.0,1.0,0.0,0.0,1.0,0.0,0.0,1.0,0.0,0.0,0.0,0.0,1.0,0.0,0.0,1.0,0.0,0.0,1.0,0.0,0.0,1.0,0.0,1.0,0.0,0.0,1.0,1.0,0.0,0.0,0.0,1.0,0.0,6.0,0.0,0.0,1.0,0.12662944205112817,0.0,0.0,1.0,0.0,0.0,1.0,0.0,0.0,1.0
8590-YFFQO,0,1.5322605130033284,0.006258578081699082,0.988237667957533,0.0,1.0,0.0,1.0,1.0,0.0,0.0,1.0,1.0,0.0,0.0,1.0,0.0,0.0,0.0,0.0,1.0,0.0,0.0,1.0,0.0,0.0,1.0,0.0,0.0,1.0,1.0,0.0,0.0,1.0,0.0,0.0,0.0,0.0,1.0,1.0,0.0,0.0,1.0,0.0,0.0,1.0,0.0,6.0,0.0,1.0,0.0,0.6449540790035266,0.0,1.0,0.0,0.0,1.0,0.0,0.0,1.0,0.0
8659-IOOPU,0,1.5729808767233588,1.1861344481996465,2.1514063603212437,1.0,0.0,0.0,1.0,0.0,1.0,0.0,1.0,0.0,0.0,1.0,0.0,1.0,0.0,0.0,0.0,1.0,1.0,0.0,0.0,0.0,0.0,1.0,0.0,0.0,1.0,1.0,0.0,0.0,0.0,0.0,1.0,0.0,0.0,1.0,1.0,0.0,0.0,0.0,1.0,0.0,1.0,0.0,7.0,0.0,1.0,0.0,1.3677256933999031,0.0,1.0,0.0,0.0,1.0,0.0,0.0,1.0,0.0
1338-CECEE,0,0.35136996512244845,0.12424616509349373,0.24558680795418197,0.0,1.0,0.0,1.0,0.0,1.0,0.0,1.0,0.0,0.0,1.0,1.0,0.0,0.0,1.0,0.0,0.0,0.0,0.0,1.0,0.0,0.0,1.0,1.0,0.0,0.0,0.0,0.0,1.0,1.0,0.0,0.0,0.0,1.0,0.0,1.0,0.0,1.0,0.0,0.0,0.0,1.0,0.0,6.0,0.0,0.0,1.0,0.6989408097775168,0.0,0.0,1.0,0.0,0.0,1.0,0.0,0.0,1.0
7439-DKZTW,0,-1.2774445836787656,0.5247392421335293,-0.9718258832436117,0.0,1.0,1.0,0.0,1.0,0.0,0.0,1.0,1.0,0.0,0.0,0.0,1.0,0.0,1.0,0.0,0.0,1.0,0.0,0.0,1.0,0.0,0.0,1.0,0.0,0.0,0.0,0.0,1.0,1.0,0.0,0.0,1.0,0.0,0.0,0.0,1.0,0.0,0.0,1.0,0.0,1.0,0.0,3.0,1.0,0.0,0.0,0.7607577625363303,1.0,0.0,0.0,1.0,0.0,0.0,1.0,0.0,0.0
4646-QZXTF,0,-1.0331224013585834,0.5480044001358552,-0.7514306850527522,1.0,0.0,0.0,1.0,1.0,0.0,0.0,1.0,1.0,0.0,0.0,1.0,0.0,0.0,0.0,0.0,1.0,1.0,0.0,0.0,0.0,0.0,1.0,0.0,0.0,1.0,0.0,0.0,1.0,0.0,0.0,1.0,1.0,0.0,0.0,1.0,0.0,1.0,0.0,0.0,0.0,1.0,0.0,7.0,1.0,0.0,0.0,0.7273394556778567,1.0,0.0,0.0,1.0,0.0,0.0,1.0,0.0,0.0
4607-CHPCA,0,-0.30015585439803716,0.8521132511662559,-0.046192522089907616,0.0,1.0,0.0,1.0,0.0,1.0,0.0,1.0,1.0,0.0,0.0,0.0,1.0,0.0,1.0,0.0,0.0,1.0,0.0,0.0,1.0,0.0,0.0,1.0,0.0,0.0,0.0,0.0,1.0,0.0,0.0,1.0,0.0,1.0,0.0,0.0,1.0,0.0,0.0,1.0,0.0,0.0,1.0,4.0,0.0,0.0,1.0,0.15389512286057774,0.0,0.0,1.0,0.0,0.0,1.0,0.0,0.0,1.0
9742-XOKTS,0,1.4100994218432374,0.8238627021634315,1.656769033824032,0.0,1.0,0.0,1.0,0.0,1.0,0.0,1.0,0.0,0.0,1.0,0.0,1.0,0.0,0.0,0.0,1.0,0.0,0.0,1.0,1.0,0.0,0.0,0.0,0.0,1.0,1.0,0.0,0.0,1.0,0.0,0.0,0.0,1.0,0.0,1.0,0.0,0.0,0.0,1.0,0.0,1.0,0.0,6.0,0.0,1.0,0.0,1.1749306525197747,0.0,1.0,0.0,0.0,1.0,0.0,0.0,1.0,0.0
6921-OZMFH,0,-1.1145631287986442,-0.3011738669490337,-0.8929195051104214,0.0,1.0,0.0,1.0,0.0,1.0,0.0,1.0,0.0,0.0,1.0,1.0,0.0,0.0,1.0,0.0,0.0,1.0,0.0,0.0,1.0,0.0,0.0,0.0,0.0,1.0,1.0,0.0,0.0,1.0,0.0,0.0,1.0,0.0,0.0,0.0,1.0,0.0,0.0,0.0,1.0,1.0,0.0,4.0,1.0,0.0,0.0,0.8011385645538749,1.0,0.0,0.0,1.0,0.0,0.0,1.0,0.0,0.0
9578-FOMUK,0,-0.7073594915983407,-1.328164413051698,-0.8643526167451764,0.0,1.0,1.0,0.0,0.0,1.0,0.0,1.0,0.0,0.0,1.0,0.0,0.0,1.0,0.0,1.0,0.0,0.0,1.0,0.0,0.0,1.0,0.0,0.0,1.0,0.0,0.0,1.0,0.0,0.0,1.0,0.0,1.0,0.0,0.0,0.0,1.0,0.0,0.0,1.0,0.0,1.0,0.0,2.0,1.0,0.0,0.0,1.22194248753501,1.0,0.0,0.0,1.0,0.0,0.0,1.0,0.0,0.0
4712-UYOOI,0,-0.5037576729981889,-1.4876969250676457,-0.8231015887582974,1.0,0.0,0.0,1.0,0.0,1.0,0.0,1.0,1.0,0.0,0.0,0.0,0.0,1.0,0.0,1.0,0.0,0.0,1.0,0.0,0.0,1.0,0.0,0.0,1.0,0.0,0.0,1.0,0.0,0.0,1.0,0.0,1.0,0.0,0.0,1.0,0.0,0.0,0.0,1.0,0.0,1.0,0.0,1.0,1.0,0.0,0.0,1.6339236757615734,1.0,0.0,0.0,1.0,0.0,0.0,1.0,0.0,0.0
8824-RWFXJ,0,-1.1960038562387048,-0.28621769394753876,-0.9331778613008246,0.0,1.0,0.0,1.0,0.0,1.0,0.0,1.0,1.0,0.0,0.0,1.0,0.0,0.0,1.0,0.0,0.0,0.0,0.0,1.0,0.0,0.0,1.0,1.0,0.0,0.0,1.0,0.0,0.0,1.0,0.0,0.0,1.0,0.0,0.0,0.0,1.0,0.0,0.0,0.0,1.0,0.0,1.0,4.0,1.0,0.0,0.0,0.780246532177214,1.0,0.0,0.0,1.0,0.0,0.0,1.0,0.0,0.0
7722-CVFXN,0,0.880734693482843,1.3440051632154282,1.479985216558338,0.0,1.0,0.0,1.0,0.0,1.0,0.0,1.0,0.0,0.0,1.0,0.0,1.0,0.0,1.0,0.0,0.0,0.0,0.0,1.0,1.0,0.0,0.0,0.0,0.0,1.0,0.0,0.0,1.0,0.0,0.0,1.0,0.0,1.0,0.0,0.0,1.0,0.0,0.0,1.0,0.0,1.0,0.0,7.0,0.0,1.0,0.0,1.680398453143448,0.0,1.0,0.0,0.0,1.0,0.0,0.0,1.0,0.0
8717-VCTXJ,0,0.3920903288424788,-1.502653098069141,-0.637030775352242,0.0,1.0,1.0,0.0,1.0,0.0,0.0,1.0,1.0,0.0,0.0,0.0,0.0,1.0,0.0,1.0,0.0,0.0,1.0,0.0,0.0,1.0,0.0,0.0,1.0,0.0,0.0,1.0,0.0,0.0,1.0,0.0,0.0,1.0,0.0,0.0,1.0,0.0,0.0,0.0,1.0,1.0,0.0,1.0,0.0,0.0,1.0,-1.6247041268089204,0.0,0.0,1.0,0.0,0.0,1.0,0.0,0.0,1.0
7363-QTBIW,0,-0.9516816739185228,0.4981504901308714,-0.6680462541487937,1.0,0.0,0.0,1.0,1.0,0.0,0.0,1.0,1.0,0.0,0.0,0.0,1.0,0.0,1.0,0.0,0.0,1.0,0.0,0.0,1.0,0.0,0.0,1.0,0.0,0.0,1.0,0.0,0.0,0.0,0.0,1.0,1.0,0.0,0.0,0.0,1.0,0.0,0.0,1.0,0.0,1.0,0.0,3.0,1.0,0.0,0.0,0.701963978562424,1.0,0.0,0.0,1.0,0.0,0.0,1.0,0.0,0.0
4159-NAAIX,0,1.247217966963116,1.086426628189679,1.7513816857147932,1.0,0.0,1.0,0.0,1.0,0.0,0.0,1.0,0.0,0.0,1.0,0.0,1.0,0.0,1.0,0.0,0.0,0.0,0.0,1.0,1.0,0.0,0.0,1.0,0.0,0.0,0.0,0.0,1.0,0.0,0.0,1.0,0.0,0.0,1.0,1.0,0.0,1.0,0.0,0.0,0.0,1.0,0.0,6.0,0.0,1.0,0.0,1.4042306414004593,0.0,1.0,0.0,0.0,1.0,0.0,0.0,1.0,0.0
0971-QIFJK,0,1.4915401492832983,-1.3464441800535252,-0.2830219533557537,1.0,0.0,0.0,1.0,1.0,0.0,0.0,1.0,0.0,0.0,1.0,0.0,0.0,1.0,0.0,1.0,0.0,0.0,1.0,0.0,0.0,1.0,0.0,0.0,1.0,0.0,0.0,1.0,0.0,0.0,1.0,0.0,0.0,0.0,1.0,1.0,0.0,1.0,0.0,0.0,0.0,1.0,0.0,2.0,0.0,1.0,0.0,-0.18975148170952616,0.0,1.0,0.0,0.0,1.0,0.0,0.0,1.0,0.0
9397-TZSHA,0,1.4915401492832983,-1.3348116010523623,-0.26702890774586746,1.0,0.0,1.0,0.0,1.0,0.0,0.0,1.0,0.0,0.0,1.0,0.0,0.0,1.0,0.0,1.0,0.0,0.0,1.0,0.0,0.0,1.0,0.0,0.0,1.0,0.0,0.0,1.0,0.0,0.0,1.0,0.0,0.0,0.0,1.0,1.0,0.0,0.0,1.0,0.0,0.0,1.0,0.0,2.0,0.0,1.0,0.0,-0.17902897744601634,0.0,1.0,0.0,0.0,1.0,0.0,0.0,1.0,0.0
3391-JSQEW,0,0.3106496014024181,-0.4856333339674735,-0.09917913664845474,0.0,1.0,0.0,1.0,1.0,0.0,0.0,1.0,1.0,0.0,0.0,1.0,0.0,0.0,1.0,0.0,0.0,0.0,0.0,1.0,1.0,0.0,0.0,1.0,0.0,0.0,1.0,0.0,0.0,1.0,0.0,0.0,1.0,0.0,0.0,0.0,1.0,0.0,0.0,0.0,1.0,1.0,0.0,3.0,0.0,0.0,1.0,-0.31926368551806783,0.0,0.0,1.0,0.0,0.0,1.0,0.0,0.0,1.0
0343-QLUZP,0,1.125056875803025,-0.8362725010025254,0.06229547557825851,0.0,1.0,1.0,0.0,1.0,0.0,1.0,0.0,0.0,1.0,0.0,1.0,0.0,0.0,0.0,0.0,1.0,0.0,0.0,1.0,0.0,0.0,1.0,1.0,0.0,0.0,1.0,0.0,0.0,1.0,0.0,0.0,0.0,0.0,1.0,1.0,0.0,1.0,0.0,0.0,0.0,1.0,0.0,4.0,0.0,1.0,0.0,0.05537095672056068,0.0,1.0,0.0,0.0,1.0,0.0,0.0,1.0,0.0
9763-PDTKK,0,-1.1552834925186746,0.9850570111795457,-0.8365357470706019,1.0,0.0,1.0,0.0,1.0,0.0,0.0,1.0,1.0,0.0,0.0,0.0,1.0,0.0,0.0,0.0,1.0,1.0,0.0,0.0,0.0,0.0,1.0,0.0,0.0,1.0,1.0,0.0,0.0,0.0,0.0,1.0,1.0,0.0,0.0,0.0,1.0,1.0,0.0,0.0,0.0,0.0,1.0,6.0,1.0,0.0,0.0,0.7240956462096074,1.0,0.0,0.0,1.0,0.0,0.0,1.0,0.0,0.0
2176-LVPNX,1,1.5729808767233588,0.8338334841644282,1.7692277186781007,1.0,0.0,1.0,0.0,1.0,0.0,0.0,1.0,0.0,0.0,1.0,1.0,0.0,0.0,0.0,0.0,1.0,0.0,0.0,1.0,0.0,0.0,1.0,0.0,0.0,1.0,0.0,0.0,1.0,0.0,0.0,1.0,0.0,0.0,1.0,1.0,0.0,0.0,0.0,0.0,1.0,1.0,0.0,9.0,0.0,1.0,0.0,1.1247611111226852,0.0,1.0,0.0,0.0,1.0,0.0,0.0,1.0,0.0
7627-JKIAZ,0,0.18848851024232702,0.47156173812821356,0.24545445171465202,1.0,0.0,0.0,1.0,1.0,0.0,0.0,1.0,0.0,0.0,1.0,0.0,1.0,0.0,1.0,0.0,0.0,1.0,0.0,0.0,0.0,0.0,1.0,1.0,0.0,0.0,1.0,0.0,0.0,1.0,0.0,0.0,1.0,0.0,0.0,0.0,1.0,0.0,1.0,0.0,0.0,0.0,1.0,4.0,0.0,0.0,1.0,1.3022250077688433,0.0,0.0,1.0,0.0,0.0,1.0,0.0,0.0,1.0
3312-UUMZW,0,-0.015113308357824713,1.1329569441943304,0.3805681129016218,0.0,1.0,0.0,1.0,1.0,0.0,0.0,1.0,0.0,0.0,1.0,0.0,1.0,0.0,1.0,0.0,0.0,0.0,0.0,1.0,1.0,0.0,0.0,1.0,0.0,0.0,0.0,0.0,1.0,0.0,0.0,1.0,1.0,0.0,0.0,0.0,1.0,0.0,1.0,0.0,0.0,1.0,0.0,6.0,0.0,0.0,1.0,-25.180993061958386,0.0,0.0,1.0,0.0,0.0,1.0,0.0,0.0,1.0
1271-UODNO,0,0.26992923768238775,-0.3626603559551803,-0.03644227911119082,0.0,1.0,1.0,0.0,1.0,0.0,0.0,1.0,0.0,0.0,1.0,1.0,0.0,0.0,1.0,0.0,0.0,1.0,0.0,0.0,1.0,0.0,0.0,0.0,0.0,1.0,1.0,0.0,0.0,1.0,0.0,0.0,0.0,0.0,1.0,0.0,1.0,0.0,1.0,0.0,0.0,1.0,0.0,4.0,0.0,0.0,1.0,-0.1350067870530966,0.0,0.0,1.0,0.0,0.0,1.0,0.0,0.0,1.0
8461-EFQYM,0,0.22920887396235737,-1.3464441800535252,-0.6039417154697188,1.0,0.0,1.0,0.0,1.0,0.0,0.0,1.0,0.0,0.0,1.0,0.0,0.0,1.0,0.0,1.0,0.0,0.0,1.0,0.0,0.0,1.0,0.0,0.0,1.0,0.0,0.0,1.0,0.0,0.0,1.0,0.0,0.0,1.0,0.0,0.0,1.0,0.0,0.0,1.0,0.0,1.0,0.0,2.0,0.0,0.0,1.0,-2.63489674299828,0.0,0.0,1.0,0.0,0.0,1.0,0.0,0.0,1.0
6900-RBKER,0,0.7992939660427822,0.8205391081630994,1.0122823848054998,0.0,1.0,1.0,0.0,1.0,0.0,0.0,1.0,0.0,0.0,1.0,0.0,1.0,0.0,1.0,0.0,0.0,1.0,0.0,0.0,0.0,0.0,1.0,1.0,0.0,0.0,1.0,0.0,0.0,0.0,0.0,1.0,0.0,0.0,1.0,0.0,1.0,0.0,1.0,0.0,0.0,1.0,0.0,5.0,0.0,1.0,0.0,1.2664706951526234,0.0,1.0,0.0,0.0,1.0,0.0,0.0,1.0,0.0
6891-JPYFF,0,0.6364125111626608,1.3456669602155942,1.1974708232813547,1.0,0.0,0.0,1.0,0.0,1.0,0.0,1.0,0.0,0.0,1.0,0.0,1.0,0.0,0.0,0.0,1.0,0.0,0.0,1.0,1.0,0.0,0.0,1.0,0.0,0.0,0.0,0.0,1.0,0.0,0.0,1.0,1.0,0.0,0.0,0.0,1.0,0.0,1.0,0.0,0.0,1.0,0.0,7.0,0.0,1.0,0.0,1.8815953525076015,0.0,1.0,0.0,0.0,1.0,0.0,0.0,1.0,0.0
1459-QNFQT,0,1.5322605130033284,-0.17487729493640844,0.8212702717903209,0.0,1.0,0.0,1.0,0.0,1.0,1.0,0.0,0.0,1.0,0.0,1.0,0.0,0.0,0.0,0.0,1.0,1.0,0.0,0.0,0.0,0.0,1.0,0.0,0.0,1.0,0.0,0.0,1.0,0.0,0.0,1.0,0.0,0.0,1.0,1.0,0.0,1.0,0.0,0.0,0.0,1.0,0.0,6.0,0.0,1.0,0.0,0.5359860577367348,0.0,1.0,0.0,0.0,1.0,0.0,0.0,1.0,0.0
1047-NNCBF,0,-0.5037576729981889,0.19237984210030468,-0.34842799505687455,0.0,1.0,1.0,0.0,1.0,0.0,0.0,1.0,1.0,0.0,0.0,0.0,1.0,0.0,1.0,0.0,0.0,1.0,0.0,0.0,1.0,0.0,0.0,1.0,0.0,0.0,1.0,0.0,0.0,1.0,0.0,0.0,1.0,0.0,0.0,1.0,0.0,0.0,1.0,0.0,0.0,1.0,0.0,2.0,1.0,0.0,0.0,0.6916579413731873,1.0,0.0,0.0,1.0,0.0,0.0,1.0,0.0,0.0
3696-XRIEN,0,0.7178532386027215,0.5895493251400082,0.8364030018432616,1.0,0.0,1.0,0.0,1.0,0.0,0.0,1.0,0.0,0.0,1.0,1.0,0.0,0.0,0.0,0.0,1.0,1.0,0.0,0.0,0.0,0.0,1.0,0.0,0.0,1.0,0.0,0.0,1.0,0.0,0.0,1.0,0.0,1.0,0.0,0.0,1.0,0.0,1.0,0.0,0.0,1.0,0.0,8.0,0.0,1.0,0.0,1.1651448469763728,0.0,1.0,0.0,0.0,1.0,0.0,0.0,1.0,0.0
4081-DYXAV,0,-0.5444780367182193,-0.6617838159850825,-0.6131404741170602,1.0,0.0,1.0,0.0,1.0,0.0,1.0,0.0,0.0,1.0,0.0,1.0,0.0,0.0,1.0,0.0,0.0,1.0,0.0,0.0,1.0,0.0,0.0,1.0,0.0,0.0,0.0,0.0,1.0,0.0,0.0,1.0,0.0,1.0,0.0,0.0,1.0,0.0,1.0,0.0,0.0,0.0,1.0,3.0,1.0,0.0,0.0,1.1261069001289679,1.0,0.0,0.0,1.0,0.0,0.0,1.0,0.0,0.0
0074-HDKDG,0,-0.30015585439803716,-0.10508182092943122,-0.2966105272808432,0.0,1.0,0.0,1.0,0.0,1.0,0.0,1.0,1.0,0.0,0.0,1.0,0.0,0.0,0.0,0.0,1.0,0.0,0.0,1.0,0.0,0.0,1.0,1.0,0.0,0.0,1.0,0.0,0.0,1.0,0.0,0.0,0.0,1.0,0.0,0.0,1.0,1.0,0.0,0.0,0.0,1.0,0.0,5.0,0.0,0.0,1.0,0.9881883792528248,0.0,0.0,1.0,0.0,0.0,1.0,0.0,0.0,1.0
8791-GFXLZ,0,-0.8295205827584317,-0.5221928679711283,-0.7457173073797032,0.0,1.0,1.0,0.0,1.0,0.0,0.0,1.0,1.0,0.0,0.0,1.0,0.0,0.0,1.0,0.0,0.0,0.0,0.0,1.0,1.0,0.0,0.0,1.0,0.0,0.0,1.0,0.0,0.0,1.0,0.0,0.0,1.0,0.0,0.0,0.0,1.0,1.0,0.0,0.0,0.0,1.0,0.0,3.0,1.0,0.0,0.0,0.8989738445066008,1.0,0.0,0.0,1.0,0.0,0.0,1.0,0.0,0.0
8111-SLLHI,1,0.26992923768238775,1.3589613362169235,0.8830365169043642,0.0,1.0,0.0,1.0,1.0,0.0,0.0,1.0,0.0,0.0,1.0,0.0,1.0,0.0,1.0,0.0,0.0,0.0,0.0,1.0,0.0,0.0,1.0,1.0,0.0,0.0,0.0,0.0,1.0,0.0,0.0,1.0,1.0,0.0,0.0,0.0,1.0,0.0,0.0,1.0,0.0,0.0,1.0,7.0,0.0,0.0,1.0,3.271362985670301,0.0,0.0,1.0,0.0,0.0,1.0,0.0,0.0,1.0
0927-LCSMG,0,-1.0331224013585834,0.32864719611392706,-0.7671148994370682,0.0,1.0,1.0,0.0,1.0,0.0,0.0,1.0,1.0,0.0,0.0,0.0,1.0,0.0,1.0,0.0,0.0,1.0,0.0,0.0,0.0,0.0,1.0,1.0,0.0,0.0,1.0,0.0,0.0,1.0,0.0,0.0,1.0,0.0,0.0,1.0,0.0,0.0,0.0,0.0,1.0,0.0,1.0,3.0,1.0,0.0,0.0,0.7425208266012737,1.0,0.0,0.0,1.0,0.0,0.0,1.0,0.0,0.0
9330-DHBFL,0,-0.38159658183809786,0.04946530008601819,-0.3306701995865871,1.0,0.0,0.0,1.0,0.0,1.0,0.0,1.0,1.0,0.0,0.0,1.0,0.0,0.0,0.0,0.0,1.0,0.0,0.0,1.0,0.0,0.0,1.0,0.0,0.0,1.0,1.0,0.0,0.0,1.0,0.0,0.0,0.0,1.0,0.0,0.0,1.0,0.0,0.0,0.0,1.0,1.0,0.0,6.0,0.0,0.0,1.0,0.8665439244602102,0.0,0.0,1.0,0.0,0.0,1.0,0.0,0.0,1.0
0098-BOWSO,0,-0.21871512695797646,-1.5076384890696393,-0.7736224145472977,0.0,1.0,1.0,0.0,1.0,0.0,0.0,1.0,1.0,0.0,0.0,0.0,0.0,1.0,0.0,1.0,0.0,0.0,1.0,0.0,0.0,1.0,0.0,0.0,1.0,0.0,0.0,1.0,0.0,0.0,1.0,0.0,1.0,0.0,0.0,0.0,1.0,0.0,0.0,1.0,0.0,1.0,0.0,1.0,0.0,0.0,1.0,3.5371234962451417,0.0,0.0,1.0,0.0,0.0,1.0,0.0,0.0,1.0
3452-ABWRL,1,0.5956921474426305,0.7075369121518029,0.6980907315343144,0.0,1.0,1.0,0.0,1.0,0.0,0.0,1.0,0.0,0.0,1.0,0.0,1.0,0.0,1.0,0.0,0.0,1.0,0.0,0.0,1.0,0.0,0.0,1.0,0.0,0.0,0.0,0.0,1.0,1.0,0.0,0.0,1.0,0.0,0.0,0.0,1.0,0.0,1.0,0.0,0.0,1.0,0.0,4.0,0.0,1.0,0.0,1.1718984957772096,0.0,1.0,0.0,0.0,1.0,0.0,0.0,1.0,0.0
5859-HZYLF,0,-0.2594354906780068,-1.51594747407047,-0.7798210984319571,0.0,1.0,0.0,1.0,0.0,1.0,0.0,1.0,1.0,0.0,0.0,0.0,0.0,1.0,0.0,1.0,0.0,0.0,1.0,0.0,0.0,1.0,0.0,0.0,1.0,0.0,0.0,1.0,0.0,0.0,1.0,0.0,0.0,0.0,1.0,0.0,1.0,0.0,1.0,0.0,0.0,1.0,0.0,1.0,0.0,0.0,1.0,3.0058381619029007,0.0,0.0,1.0,0.0,0.0,1.0,0.0,0.0,1.0
8257-RZAHR,0,-0.748079855318371,-0.0020504069191315333,-0.5922061288980506,1.0,0.0,0.0,1.0,1.0,0.0,0.0,1.0,0.0,0.0,1.0,1.0,0.0,0.0,0.0,0.0,1.0,1.0,0.0,0.0,1.0,0.0,0.0,1.0,0.0,0.0,0.0,0.0,1.0,1.0,0.0,0.0,1.0,0.0,0.0,0.0,1.0,1.0,0.0,0.0,0.0,0.0,1.0,5.0,1.0,0.0,0.0,0.7916349099469027,1.0,0.0,0.0,1.0,0.0,0.0,1.0,0.0,0.0
5293-WXJAK,1,-0.8702409464784621,1.3057838322116073,-0.5072113637464759,1.0,0.0,0.0,1.0,1.0,0.0,0.0,1.0,0.0,0.0,1.0,0.0,1.0,0.0,1.0,0.0,0.0,1.0,0.0,0.0,0.0,0.0,1.0,0.0,0.0,1.0,0.0,0.0,1.0,0.0,0.0,1.0,1.0,0.0,0.0,0.0,1.0,1.0,0.0,0.0,0.0,0.0,1.0,7.0,1.0,0.0,0.0,0.5828401499595826,1.0,0.0,0.0,1.0,0.0,0.0,1.0,0.0,0.0
3156-QLHBO,0,-1.2367242199587352,-1.5126238800701375,-0.9860321196198418,0.0,1.0,1.0,0.0,0.0,1.0,0.0,1.0,1.0,0.0,0.0,0.0,0.0,1.0,0.0,1.0,0.0,0.0,1.0,0.0,0.0,1.0,0.0,0.0,1.0,0.0,0.0,1.0,0.0,0.0,1.0,0.0,1.0,0.0,0.0,1.0,0.0,0.0,0.0,0.0,1.0,1.0,0.0,1.0,1.0,0.0,0.0,0.7972934496687888,1.0,0.0,0.0,1.0,0.0,0.0,1.0,0.0,0.0
2208-NQBCT,0,-0.2594354906780068,0.5712695581381809,-0.09408342142654609,1.0,0.0,0.0,1.0,0.0,1.0,0.0,1.0,1.0,0.0,0.0,0.0,1.0,0.0,0.0,0.0,1.0,0.0,0.0,1.0,1.0,0.0,0.0,1.0,0.0,0.0,1.0,0.0,0.0,1.0,0.0,0.0,1.0,0.0,0.0,1.0,0.0,0.0,0.0,1.0,0.0,1.0,0.0,4.0,0.0,0.0,1.0,0.3626466879325923,0.0,0.0,1.0,0.0,0.0,1.0,0.0,0.0,1.0
1779-PWPMG,1,1.6137012404433893,1.6580847962468257,2.6694707412152825,1.0,0.0,0.0,1.0,1.0,0.0,0.0,1.0,0.0,0.0,1.0,0.0,1.0,0.0,0.0,0.0,1.0,0.0,0.0,1.0,0.0,0.0,1.0,0.0,0.0,1.0,0.0,0.0,1.0,0.0,0.0,1.0,0.0,0.0,1.0,0.0,1.0,1.0,0.0,0.0,0.0,1.0,0.0,9.0,0.0,1.0,0.0,1.6542533861359643,0.0,1.0,0.0,0.0,1.0,0.0,0.0,1.0,0.0
6621-NRZAK,0,1.247217966963116,-1.4876969250676457,-0.47385759138489253,1.0,0.0,0.0,1.0,0.0,1.0,0.0,1.0,1.0,0.0,0.0,0.0,0.0,1.0,0.0,1.0,0.0,0.0,1.0,0.0,0.0,1.0,0.0,0.0,1.0,0.0,0.0,1.0,0.0,0.0,1.0,0.0,0.0,0.0,1.0,1.0,0.0,0.0,1.0,0.0,0.0,1.0,0.0,1.0,0.0,1.0,0.0,-0.37993165904970155,0.0,1.0,0.0,0.0,1.0,0.0,0.0,1.0,0.0
0831-JNISG,0,1.5729808767233588,-1.4943441130683104,-0.39135553541113466,0.0,1.0,0.0,1.0,0.0,1.0,0.0,1.0,1.0,0.0,0.0,0.0,0.0,1.0,0.0,1.0,0.0,0.0,1.0,0.0,0.0,1.0,0.0,0.0,1.0,0.0,0.0,1.0,0.0,0.0,1.0,0.0,0.0,0.0,1.0,1.0,0.0,0.0,0.0,0.0,1.0,1.0,0.0,1.0,0.0,1.0,0.0,-0.24879866068452058,0.0,1.0,0.0,0.0,1.0,0.0,0.0,1.0,0.0
0774-IFUVM,0,-0.8702409464784621,0.012905766082363669,-0.6882305806771329,0.0,1.0,0.0,1.0,0.0,1.0,0.0,1.0,0.0,0.0,1.0,1.0,0.0,0.0,0.0,0.0,1.0,1.0,0.0,0.0,1.0,0.0,0.0,1.0,0.0,0.0,0.0,0.0,1.0,1.0,0.0,0.0,1.0,0.0,0.0,0.0,1.0,1.0,0.0,0.0,0.0,1.0,0.0,5.0,1.0,0.0,0.0,0.7908506069062176,1.0,0.0,0.0,1.0,0.0,0.0,1.0,0.0,0.0
3082-WQRVY,1,-0.748079855318371,-1.4993295040688086,-0.906486019662256,0.0,1.0,0.0,1.0,1.0,0.0,0.0,1.0,1.0,0.0,0.0,0.0,0.0,1.0,0.0,1.0,0.0,0.0,1.0,0.0,0.0,1.0,0.0,0.0,1.0,0.0,0.0,1.0,0.0,0.0,1.0,0.0,0.0,1.0,0.0,1.0,0.0,0.0,0.0,0.0,1.0,1.0,0.0,1.0,1.0,0.0,0.0,1.2117503408462587,1.0,0.0,0.0,1.0,0.0,0.0,1.0,0.0,0.0
9553-DLCLU,0,-0.7888002190384014,0.8039211381614382,-0.4948139959771572,1.0,0.0,1.0,0.0,0.0,1.0,0.0,1.0,0.0,0.0,1.0,1.0,0.0,0.0,0.0,0.0,1.0,0.0,0.0,1.0,0.0,0.0,1.0,0.0,0.0,1.0,0.0,0.0,1.0,0.0,0.0,1.0,0.0,0.0,1.0,1.0,0.0,0.0,1.0,0.0,0.0,1.0,0.0,9.0,1.0,0.0,0.0,0.6272995164483696,1.0,0.0,0.0,1.0,0.0,0.0,1.0,0.0,0.0
1641-BYBTK,0,-1.0738427650786138,-1.481049737066981,-0.9639727463648263,0.0,1.0,1.0,0.0,0.0,1.0,0.0,1.0,1.0,0.0,0.0,0.0,0.0,1.0,0.0,1.0,0.0,0.0,1.0,0.0,0.0,1.0,0.0,0.0,1.0,0.0,0.0,1.0,0.0,0.0,1.0,0.0,1.0,0.0,0.0,0.0,1.0,0.0,0.0,0.0,1.0,1.0,0.0,1.0,1.0,0.0,0.0,0.8976851897812581,1.0,0.0,0.0,1.0,0.0,0.0,1.0,0.0,0.0
2460-NGXBJ,1,-0.8702409464784621,0.3469269631157543,-0.6653108918651718,0.0,1.0,0.0,1.0,0.0,1.0,0.0,1.0,0.0,0.0,1.0,0.0,1.0,0.0,1.0,0.0,0.0,1.0,0.0,0.0,1.0,0.0,0.0,1.0,0.0,0.0,1.0,0.0,0.0,1.0,0.0,0.0,1.0,0.0,0.0,0.0,1.0,0.0,1.0,0.0,0.0,1.0,0.0,3.0,1.0,0.0,0.0,0.7645134310876026,1.0,0.0,0.0,1.0,0.0,0.0,1.0,0.0,0.0
2446-ZKVAF,0,-0.5851984004382496,-0.26461433294537917,-0.5332414241873942,0.0,1.0,0.0,1.0,1.0,0.0,0.0,1.0,0.0,0.0,1.0,1.0,0.0,0.0,1.0,0.0,0.0,0.0,0.0,1.0,1.0,0.0,0.0,1.0,0.0,0.0,1.0,0.0,0.0,1.0,0.0,0.0,1.0,0.0,0.0,1.0,0.0,0.0,1.0,0.0,0.0,1.0,0.0,4.0,1.0,0.0,0.0,0.911214767142314,1.0,0.0,0.0,1.0,0.0,0.0,1.0,0.0,0.0
0841-NULXI,0,-1.2774445836787656,-0.9708780580159815,-0.9916793191731256,0.0,1.0,1.0,0.0,1.0,0.0,1.0,0.0,0.0,1.0,0.0,1.0,0.0,0.0,1.0,0.0,0.0,1.0,0.0,0.0,1.0,0.0,0.0,1.0,0.0,0.0,1.0,0.0,0.0,0.0,0.0,1.0,1.0,0.0,0.0,0.0,1.0,0.0,0.0,1.0,0.0,0.0,1.0,2.0,1.0,0.0,0.0,0.7762992867505082,1.0,0.0,0.0,1.0,0.0,0.0,1.0,0.0,0.0
3522-CDKHF,0,-0.015113308357824713,0.356897745116751,0.018264966561247552,1.0,0.0,0.0,1.0,1.0,0.0,0.0,1.0,1.0,0.0,0.0,0.0,1.0,0.0,0.0,0.0,1.0,1.0,0.0,0.0,1.0,0.0,0.0,1.0,0.0,0.0,1.0,0.0,0.0,1.0,0.0,0.0,1.0,0.0,0.0,0.0,1.0,1.0,0.0,0.0,0.0,1.0,0.0,3.0,0.0,0.0,1.0,-1.208535294113225,0.0,0.0,1.0,0.0,0.0,1.0,0.0,0.0,1.0
1430-SFQSA,0,-0.13727439951791576,-0.9692162610158153,-0.5341458584908498,0.0,1.0,1.0,0.0,1.0,0.0,1.0,0.0,0.0,1.0,0.0,1.0,0.0,0.0,0.0,0.0,1.0,1.0,0.0,0.0,1.0,0.0,0.0,0.0,0.0,1.0,1.0,0.0,0.0,1.0,0.0,0.0,0.0,1.0,0.0,1.0,0.0,0.0,0.0,0.0,1.0,1.0,0.0,3.0,0.0,0.0,1.0,3.8910813696266664,0.0,0.0,1.0,0.0,0.0,1.0,0.0,0.0,1.0
0411-EZJZE,0,-1.1960038562387048,-0.1499503399339166,-0.9321410707578389,1.0,0.0,1.0,0.0,1.0,0.0,0.0,1.0,0.0,0.0,1.0,1.0,0.0,0.0,1.0,0.0,0.0,1.0,0.0,0.0,1.0,0.0,0.0,1.0,0.0,0.0,0.0,0.0,1.0,1.0,0.0,0.0,1.0,0.0,0.0,0.0,1.0,0.0,0.0,1.0,0.0,1.0,0.0,4.0,1.0,0.0,0.0,0.7793796532473699,1.0,0.0,0.0,1.0,0.0,0.0,1.0,0.0,0.0
7851-WZEKY,0,-1.2367242199587352,1.0099839661820376,-0.9204937216791907,1.0,0.0,1.0,0.0,1.0,0.0,0.0,1.0,0.0,0.0,1.0,0.0,1.0,0.0,1.0,0.0,0.0,1.0,0.0,0.0,1.0,0.0,0.0,1.0,0.0,0.0,0.0,0.0,1.0,0.0,0.0,1.0,1.0,0.0,0.0,0.0,1.0,0.0,0.0,1.0,0.0,0.0,1.0,5.0,1.0,0.0,0.0,0.7442999068215096,1.0,0.0,0.0,1.0,0.0,0.0,1.0,0.0,0.0
8844-TONUD,0,-0.7888002190384014,1.0598378761870213,-0.49432868976554695,0.0,1.0,0.0,1.0,0.0,1.0,0.0,1.0,1.0,0.0,0.0,0.0,1.0,0.0,1.0,0.0,0.0,1.0,0.0,0.0,0.0,0.0,1.0,1.0,0.0,0.0,0.0,0.0,1.0,0.0,0.0,1.0,1.0,0.0,0.0,0.0,1.0,0.0,0.0,0.0,1.0,0.0,1.0,5.0,1.0,0.0,0.0,0.6266842704077411,1.0,0.0,0.0,1.0,0.0,0.0,1.0,0.0,0.0
8807-ARQET,0,0.35136996512244845,-0.8113455460000336,-0.2671171452388876,1.0,0.0,1.0,0.0,1.0,0.0,1.0,0.0,0.0,1.0,0.0,1.0,0.0,0.0,1.0,0.0,0.0,0.0,0.0,1.0,1.0,0.0,0.0,1.0,0.0,0.0,1.0,0.0,0.0,0.0,0.0,1.0,1.0,0.0,0.0,0.0,1.0,0.0,0.0,1.0,0.0,1.0,0.0,3.0,0.0,0.0,1.0,-0.7602162158219764,0.0,0.0,1.0,0.0,0.0,1.0,0.0,0.0,1.0
8992-CEUEN,0,-1.2774445836787656,-1.5259182560714666,-0.9990471498403009,1.0,0.0,1.0,0.0,1.0,0.0,0.0,1.0,1.0,0.0,0.0,0.0,0.0,1.0,0.0,1.0,0.0,0.0,1.0,0.0,0.0,1.0,0.0,0.0,1.0,0.0,0.0,1.0,0.0,0.0,1.0,0.0,1.0,0.0,0.0,1.0,0.0,0.0,0.0,1.0,0.0,1.0,0.0,1.0,1.0,0.0,0.0,0.782066919069992,1.0,0.0,0.0,1.0,0.0,0.0,1.0,0.0,0.0
4320-QMLLA,0,-1.0331224013585834,-0.32942441595185784,-0.843947696484287,0.0,1.0,1.0,0.0,1.0,0.0,0.0,1.0,1.0,0.0,0.0,1.0,0.0,0.0,1.0,0.0,0.0,1.0,0.0,0.0,1.0,0.0,0.0,1.0,0.0,0.0,0.0,0.0,1.0,1.0,0.0,0.0,1.0,0.0,0.0,1.0,0.0,0.0,0.0,0.0,1.0,1.0,0.0,3.0,1.0,0.0,0.0,0.8168903272007977,1.0,0.0,0.0,1.0,0.0,0.0,1.0,0.0,0.0
8777-PVYGU,0,0.7992939660427822,-0.015344782920460707,0.4973504349136736,1.0,0.0,0.0,1.0,1.0,0.0,0.0,1.0,1.0,0.0,0.0,1.0,0.0,0.0,0.0,0.0,1.0,1.0,0.0,0.0,0.0,0.0,1.0,1.0,0.0,0.0,0.0,0.0,1.0,1.0,0.0,0.0,0.0,1.0,0.0,0.0,1.0,0.0,0.0,0.0,1.0,1.0,0.0,5.0,0.0,1.0,0.0,0.6222371943779353,0.0,1.0,0.0,0.0,1.0,0.0,0.0,1.0,0.0
8292-ITGYJ,0,0.5142514200025698,-1.3331498040521963,-0.5049392483012093,1.0,0.0,0.0,1.0,0.0,1.0,0.0,1.0,0.0,0.0,1.0,0.0,0.0,1.0,0.0,1.0,0.0,0.0,1.0,0.0,0.0,1.0,0.0,0.0,1.0,0.0,0.0,1.0,0.0,0.0,1.0,0.0,0.0,0.0,1.0,0.0,1.0,1.0,0.0,0.0,0.0,1.0,0.0,2.0,0.0,1.0,0.0,-0.981891791953994,0.0,1.0,0.0,0.0,1.0,0.0,0.0,1.0,0.0
6870-ZWMNX,0,1.5322605130033284,0.37683930911874425,1.3151575795968622,0.0,1.0,0.0,1.0,1.0,0.0,0.0,1.0,0.0,0.0,1.0,1.0,0.0,0.0,1.0,0.0,0.0,0.0,0.0,1.0,0.0,0.0,1.0,0.0,0.0,1.0,0.0,0.0,1.0,1.0,0.0,0.0,0.0,0.0,1.0,1.0,0.0,0.0,1.0,0.0,0.0,1.0,0.0,7.0,0.0,1.0,0.0,0.8583119961886047,0.0,1.0,0.0,0.0,1.0,0.0,0.0,1.0,0.0
0621-CXBKL,0,0.8400143297628127,-1.5309036470719648,-0.5636612999060605,1.0,0.0,1.0,0.0,1.0,0.0,0.0,1.0,1.0,0.0,0.0,0.0,0.0,1.0,0.0,1.0,0.0,0.0,1.0,0.0,0.0,1.0,0.0,0.0,1.0,0.0,0.0,1.0,0.0,0.0,1.0,0.0,0.0,0.0,1.0,1.0,0.0,0.0,0.0,0.0,1.0,1.0,0.0,1.0,0.0,1.0,0.0,-0.6710139100427209,0.0,1.0,0.0,0.0,1.0,0.0,0.0,1.0,0.0
5268-DSMNQ,1,1.2064976032430856,1.1030445981913404,1.6117679123838002,1.0,0.0,0.0,1.0,1.0,0.0,0.0,1.0,0.0,0.0,1.0,0.0,1.0,0.0,1.0,0.0,0.0,0.0,0.0,1.0,0.0,0.0,1.0,1.0,0.0,0.0,0.0,0.0,1.0,1.0,0.0,0.0,0.0,1.0,0.0,0.0,1.0,0.0,1.0,0.0,0.0,1.0,0.0,6.0,0.0,1.0,0.0,1.3359064353309458,0.0,1.0,0.0,0.0,1.0,0.0,0.0,1.0,0.0
5334-JLAXU,0,1.125056875803025,0.9750862291785486,1.4085349065853425,1.0,0.0,0.0,1.0,1.0,0.0,0.0,1.0,0.0,0.0,1.0,0.0,1.0,0.0,0.0,0.0,1.0,0.0,0.0,1.0,1.0,0.0,0.0,1.0,0.0,0.0,1.0,0.0,0.0,0.0,0.0,1.0,1.0,0.0,0.0,0.0,1.0,0.0,1.0,0.0,0.0,1.0,0.0,6.0,0.0,1.0,0.0,1.2519677332579129,0.0,1.0,0.0,0.0,1.0,0.0,0.0,1.0,0.0
4086-YQSNZ,1,-1.1960038562387048,0.5197538511330312,-0.9085154820017173,1.0,0.0,0.0,1.0,1.0,0.0,0.0,1.0,1.0,0.0,0.0,0.0,1.0,0.0,1.0,0.0,0.0,1.0,0.0,0.0,1.0,0.0,0.0,1.0,0.0,0.0,0.0,0.0,1.0,1.0,0.0,0.0,1.0,0.0,0.0,0.0,1.0,0.0,0.0,1.0,0.0,0.0,1.0,3.0,1.0,0.0,0.0,0.7596258801864523,1.0,0.0,0.0,1.0,0.0,0.0,1.0,0.0,0.0
6242-MBHPK,1,-0.38159658183809786,1.0083221691818711,0.01886056963913313,1.0,0.0,0.0,1.0,1.0,0.0,0.0,1.0,1.0,0.0,0.0,0.0,1.0,0.0,0.0,0.0,1.0,1.0,0.0,0.0,1.0,0.0,0.0,1.0,0.0,0.0,0.0,0.0,1.0,0.0,0.0,1.0,1.0,0.0,0.0,0.0,1.0,0.0,0.0,1.0,0.0,1.0,0.0,5.0,0.0,0.0,1.0,-0.04942541557443827,0.0,0.0,1.0,0.0,0.0,1.0,0.0,0.0,1.0
5868-CZJDR,0,-1.2774445836787656,-1.1104690060299358,-0.993532306526547,0.0,1.0,1.0,0.0,0.0,1.0,1.0,0.0,0.0,1.0,0.0,1.0,0.0,0.0,1.0,0.0,0.0,0.0,0.0,1.0,1.0,0.0,0.0,1.0,0.0,0.0,1.0,0.0,0.0,1.0,0.0,0.0,1.0,0.0,0.0,0.0,1.0,0.0,0.0,0.0,1.0,0.0,1.0,2.0,1.0,0.0,0.0,0.7777498290104983,1.0,0.0,0.0,1.0,0.0,0.0,1.0,0.0,0.0
9359-UGBTK,0,1.4100994218432374,0.252204534106285,1.1948236984907528,1.0,0.0,1.0,0.0,1.0,0.0,0.0,1.0,1.0,0.0,0.0,1.0,0.0,0.0,0.0,0.0,1.0,1.0,0.0,0.0,0.0,0.0,1.0,0.0,0.0,1.0,1.0,0.0,0.0,0.0,0.0,1.0,0.0,1.0,0.0,0.0,1.0,1.0,0.0,0.0,0.0,1.0,0.0,6.0,0.0,1.0,0.0,0.8473329468704532,0.0,1.0,0.0,0.0,1.0,0.0,0.0,1.0,0.0
0135-NMXAP,0,-0.8295205827584317,0.830509890164096,-0.543057845285876,1.0,0.0,1.0,0.0,1.0,0.0,0.0,1.0,0.0,0.0,1.0,0.0,1.0,0.0,1.0,0.0,0.0,0.0,0.0,1.0,1.0,0.0,0.0,1.0,0.0,0.0,0.0,0.0,1.0,1.0,0.0,0.0,1.0,0.0,0.0,0.0,1.0,1.0,0.0,0.0,0.0,0.0,1.0,5.0,1.0,0.0,0.0,0.6546647022066989,1.0,0.0,0.0,1.0,0.0,0.0,1.0,0.0,0.0
4782-OSFXZ,1,1.5729808767233588,0.5961965131406728,1.5652888129354825,1.0,0.0,0.0,1.0,1.0,0.0,0.0,1.0,0.0,0.0,1.0,1.0,0.0,0.0,0.0,0.0,1.0,0.0,0.0,1.0,0.0,0.0,1.0,0.0,0.0,1.0,1.0,0.0,0.0,0.0,0.0,1.0,0.0,0.0,1.0,0.0,1.0,1.0,0.0,0.0,0.0,1.0,0.0,8.0,0.0,1.0,0.0,0.9951098809262707,0.0,1.0,0.0,0.0,1.0,0.0,0.0,1.0,0.0
6479-OAUSD,0,-0.30015585439803716,-1.491020519067978,-0.7820049763842036,0.0,1.0,1.0,0.0,1.0,0.0,0.0,1.0,1.0,0.0,0.0,0.0,0.0,1.0,0.0,1.0,0.0,0.0,1.0,0.0,0.0,1.0,0.0,0.0,1.0,0.0,0.0,1.0,0.0,0.0,1.0,0.0,0.0,1.0,0.0,1.0,0.0,0.0,1.0,0.0,0.0,1.0,0.0,1.0,0.0,0.0,1.0,2.605329747615669,0.0,0.0,1.0,0.0,0.0,1.0,0.0,0.0,1.0
7129-ACFOG,0,-1.1145631287986442,-0.3643221529553466,-0.8820883528422088,1.0,0.0,1.0,0.0,1.0,0.0,0.0,1.0,0.0,0.0,1.0,1.0,0.0,0.0,0.0,0.0,1.0,1.0,0.0,0.0,1.0,0.0,0.0,1.0,0.0,0.0,1.0,0.0,0.0,1.0,0.0,0.0,1.0,0.0,0.0,0.0,1.0,0.0,0.0,1.0,0.0,1.0,0.0,4.0,1.0,0.0,0.0,0.7914207190695306,1.0,0.0,0.0,1.0,0.0,0.0,1.0,0.0,0.0
4189-NAKJS,0,-0.2594354906780068,-0.43910301796282214,-0.43584929126650085,0.0,1.0,1.0,0.0,1.0,0.0,0.0,1.0,0.0,0.0,1.0,1.0,0.0,0.0,1.0,0.0,0.0,1.0,0.0,0.0,1.0,0.0,0.0,1.0,0.0,0.0,1.0,0.0,0.0,1.0,0.0,0.0,0.0,1.0,0.0,0.0,1.0,0.0,1.0,0.0,0.0,1.0,0.0,3.0,0.0,0.0,1.0,1.6799910071187851,0.0,0.0,1.0,0.0,0.0,1.0,0.0,0.0,1.0
5562-BETPV,0,-1.2774445836787656,-1.4993295040688086,-0.9986941998682206,0.0,1.0,0.0,1.0,0.0,1.0,0.0,1.0,1.0,0.0,0.0,0.0,0.0,1.0,0.0,1.0,0.0,0.0,1.0,0.0,0.0,1.0,0.0,0.0,1.0,0.0,0.0,1.0,0.0,0.0,1.0,0.0,0.0,1.0,0.0,1.0,0.0,0.0,0.0,0.0,1.0,1.0,0.0,1.0,1.0,0.0,0.0,0.7817906253061845,1.0,0.0,0.0,1.0,0.0,0.0,1.0,0.0,0.0
1282-IHQAC,1,1.5322605130033284,-0.6883725679877406,0.3213386957119052,0.0,1.0,1.0,0.0,1.0,0.0,1.0,0.0,0.0,1.0,0.0,1.0,0.0,0.0,1.0,0.0,0.0,0.0,0.0,1.0,0.0,0.0,1.0,1.0,0.0,0.0,0.0,0.0,1.0,1.0,0.0,0.0,0.0,1.0,0.0,0.0,1.0,0.0,1.0,0.0,0.0,1.0,0.0,4.0,0.0,1.0,0.0,0.20971544524244173,0.0,1.0,0.0,0.0,1.0,0.0,0.0,1.0,0.0
9127-FHJBZ,0,1.6137012404433893,1.6364814352446657,2.5632327996191275,0.0,1.0,0.0,1.0,0.0,1.0,0.0,1.0,0.0,0.0,1.0,0.0,1.0,0.0,0.0,0.0,1.0,0.0,0.0,1.0,0.0,0.0,1.0,0.0,0.0,1.0,0.0,0.0,1.0,0.0,0.0,1.0,0.0,0.0,1.0,0.0,1.0,0.0,0.0,1.0,0.0,1.0,0.0,9.0,0.0,1.0,0.0,1.5884184354439983,0.0,1.0,0.0,0.0,1.0,0.0,0.0,1.0,0.0
6270-OMFIW,0,1.125056875803025,0.9850570111795457,1.4678084425215692,0.0,1.0,0.0,1.0,1.0,0.0,0.0,1.0,1.0,0.0,0.0,0.0,1.0,0.0,1.0,0.0,0.0,0.0,0.0,1.0,1.0,0.0,0.0,1.0,0.0,0.0,0.0,0.0,1.0,0.0,0.0,1.0,0.0,1.0,0.0,0.0,1.0,0.0,0.0,1.0,0.0,0.0,1.0,5.0,0.0,1.0,0.0,1.304652657203575,0.0,1.0,0.0,0.0,1.0,0.0,0.0,1.0,0.0
1641-RQDAY,1,-0.015113308357824713,1.1844726511994805,0.41222331352256897,1.0,0.0,0.0,1.0,0.0,1.0,0.0,1.0,0.0,0.0,1.0,0.0,1.0,0.0,1.0,0.0,0.0,0.0,0.0,1.0,1.0,0.0,0.0,1.0,0.0,0.0,0.0,0.0,1.0,0.0,0.0,1.0,1.0,0.0,0.0,0.0,1.0,0.0,0.0,1.0,0.0,1.0,0.0,6.0,0.0,0.0,1.0,-27.275517958260004,0.0,0.0,1.0,0.0,0.0,1.0,0.0,0.0,1.0
0107-WESLM,0,-1.2774445836787656,-1.4926823160681442,-0.9986059623752006,0.0,1.0,1.0,0.0,1.0,0.0,0.0,1.0,1.0,0.0,0.0,0.0,0.0,1.0,0.0,1.0,0.0,0.0,1.0,0.0,0.0,1.0,0.0,0.0,1.0,0.0,0.0,1.0,0.0,0.0,1.0,0.0,1.0,0.0,0.0,0.0,1.0,0.0,0.0,1.0,0.0,0.0,1.0,1.0,1.0,0.0,0.0,0.7817215518652326,1.0,0.0,0.0,1.0,0.0,0.0,1.0,0.0,0.0
6994-ORCWG,0,-0.748079855318371,-0.3493659799538514,-0.6662373855418824,1.0,0.0,1.0,0.0,1.0,0.0,0.0,1.0,0.0,0.0,1.0,1.0,0.0,0.0,1.0,0.0,0.0,0.0,0.0,1.0,1.0,0.0,0.0,1.0,0.0,0.0,1.0,0.0,0.0,1.0,0.0,0.0,0.0,1.0,0.0,0.0,1.0,0.0,0.0,0.0,1.0,1.0,0.0,4.0,1.0,0.0,0.0,0.8905966131895668,1.0,0.0,0.0,1.0,0.0,0.0,1.0,0.0,0.0
1346-UFHAX,0,-0.7888002190384014,0.5064594751317021,-0.5532272163564382,1.0,0.0,1.0,0.0,1.0,0.0,0.0,1.0,0.0,0.0,1.0,0.0,1.0,0.0,0.0,0.0,1.0,1.0,0.0,0.0,1.0,0.0,0.0,1.0,0.0,0.0,1.0,0.0,0.0,1.0,0.0,0.0,1.0,0.0,0.0,0.0,1.0,0.0,1.0,0.0,0.0,1.0,0.0,4.0,1.0,0.0,0.0,0.7013527671567562,1.0,0.0,0.0,1.0,0.0,0.0,1.0,0.0,0.0
3992-YWPKO,0,-1.0738427650786138,1.5002140812310438,-0.7120105850460395,1.0,0.0,1.0,0.0,1.0,0.0,0.0,1.0,0.0,0.0,1.0,0.0,1.0,0.0,1.0,0.0,0.0,0.0,0.0,1.0,0.0,0.0,1.0,0.0,0.0,1.0,0.0,0.0,1.0,0.0,0.0,1.0,1.0,0.0,0.0,0.0,1.0,0.0,1.0,0.0,0.0,0.0,1.0,8.0,1.0,0.0,0.0,0.6630491988218729,1.0,0.0,0.0,1.0,0.0,0.0,1.0,0.0,0.0
2933-XEUJM,0,0.5549717837226001,0.47987072312904416,0.5781759785200504,1.0,0.0,1.0,0.0,1.0,0.0,0.0,1.0,0.0,0.0,1.0,1.0,0.0,0.0,0.0,0.0,1.0,1.0,0.0,0.0,0.0,0.0,1.0,1.0,0.0,0.0,0.0,0.0,1.0,0.0,0.0,1.0,0.0,0.0,1.0,1.0,0.0,0.0,0.0,0.0,1.0,1.0,0.0,7.0,0.0,1.0,0.0,1.0418114856971699,0.0,1.0,0.0,0.0,1.0,0.0,0.0,1.0,0.0
0125-LZQXK,0,-0.7073594915983407,1.2160467942026365,-0.32178027216481586,0.0,1.0,1.0,0.0,1.0,0.0,0.0,1.0,1.0,0.0,0.0,0.0,1.0,0.0,1.0,0.0,0.0,1.0,0.0,0.0,0.0,0.0,1.0,0.0,0.0,1.0,0.0,0.0,1.0,0.0,0.0,1.0,1.0,0.0,0.0,0.0,1.0,0.0,0.0,1.0,0.0,0.0,1.0,6.0,1.0,0.0,0.0,0.45490344865200744,1.0,0.0,0.0,1.0,0.0,0.0,1.0,0.0,0.0
5461-QKNTN,1,0.43281069256250915,0.9817334171792131,0.7367166941038465,0.0,1.0,0.0,1.0,1.0,0.0,0.0,1.0,0.0,0.0,1.0,0.0,1.0,0.0,1.0,0.0,0.0,0.0,0.0,1.0,1.0,0.0,0.0,0.0,0.0,1.0,0.0,0.0,1.0,1.0,0.0,0.0,1.0,0.0,0.0,0.0,1.0,0.0,0.0,1.0,0.0,1.0,0.0,6.0,0.0,0.0,1.0,1.7021684232014334,0.0,0.0,1.0,0.0,0.0,1.0,0.0,0.0,1.0
4835-YSJMR,0,0.26992923768238775,-0.4972659129686364,-0.13771686172496672,0.0,1.0,1.0,0.0,1.0,0.0,0.0,1.0,1.0,0.0,0.0,1.0,0.0,0.0,1.0,0.0,0.0,1.0,0.0,0.0,1.0,0.0,0.0,0.0,0.0,1.0,1.0,0.0,0.0,1.0,0.0,0.0,0.0,0.0,1.0,0.0,1.0,1.0,0.0,0.0,0.0,1.0,0.0,3.0,0.0,0.0,1.0,-0.5101961643999872,0.0,0.0,1.0,0.0,0.0,1.0,0.0,0.0,1.0
8399-YNDCH,1,-0.46303730927815856,-0.15659752793458118,-0.4619896485736942,0.0,1.0,1.0,0.0,1.0,0.0,0.0,1.0,1.0,0.0,0.0,1.0,0.0,0.0,1.0,0.0,0.0,1.0,0.0,0.0,0.0,0.0,1.0,1.0,0.0,0.0,0.0,0.0,1.0,1.0,0.0,0.0,1.0,0.0,0.0,0.0,1.0,1.0,0.0,0.0,0.0,0.0,1.0,4.0,0.0,0.0,1.0,0.997737416222253,0.0,0.0,1.0,0.0,0.0,1.0,0.0,0.0,1.0
3164-YAXFY,0,1.002895784642934,-0.3659839499555126,0.40267160490314724,0.0,1.0,1.0,0.0,1.0,0.0,1.0,0.0,0.0,1.0,0.0,1.0,0.0,0.0,0.0,0.0,1.0,1.0,0.0,0.0,0.0,0.0,1.0,1.0,0.0,0.0,0.0,0.0,1.0,0.0,0.0,1.0,1.0,0.0,0.0,0.0,1.0,0.0,0.0,1.0,0.0,1.0,0.0,5.0,0.0,1.0,0.0,0.40150892153416756,0.0,1.0,0.0,0.0,1.0,0.0,0.0,1.0,0.0
0887-WBJVH,0,0.8400143297628127,0.9534828681763893,1.1421900339042859,1.0,0.0,0.0,1.0,1.0,0.0,0.0,1.0,1.0,0.0,0.0,0.0,1.0,0.0,1.0,0.0,0.0,1.0,0.0,0.0,1.0,0.0,0.0,0.0,0.0,1.0,0.0,0.0,1.0,0.0,0.0,1.0,0.0,1.0,0.0,0.0,1.0,0.0,0.0,1.0,0.0,1.0,0.0,5.0,0.0,1.0,0.0,1.359726844453708,0.0,1.0,0.0,0.0,1.0,0.0,0.0,1.0,0.0
4660-IRIBM,0,-0.5851984004382496,0.7690234011579498,-0.3453617421744274,0.0,1.0,0.0,1.0,0.0,1.0,0.0,1.0,1.0,0.0,0.0,0.0,1.0,0.0,0.0,0.0,1.0,1.0,0.0,0.0,0.0,0.0,1.0,1.0,0.0,0.0,0.0,0.0,1.0,1.0,0.0,0.0,1.0,0.0,0.0,0.0,1.0,0.0,0.0,0.0,1.0,1.0,0.0,5.0,1.0,0.0,0.0,0.5901618013921248,1.0,0.0,0.0,1.0,0.0,0.0,1.0,0.0,0.0
5673-FSSMF,0,-1.2774445836787656,-0.15327393393424887,-0.980826107531658,1.0,0.0,1.0,0.0,1.0,0.0,0.0,1.0,0.0,0.0,1.0,1.0,0.0,0.0,1.0,0.0,0.0,1.0,0.0,0.0,1.0,0.0,0.0,1.0,0.0,0.0,1.0,0.0,0.0,0.0,0.0,1.0,1.0,0.0,0.0,0.0,1.0,0.0,0.0,1.0,0.0,0.0,1.0,4.0,1.0,0.0,0.0,0.7678032535134243,1.0,0.0,0.0,1.0,0.0,0.0,1.0,0.0,0.0
7670-ZBPOQ,0,1.0436161483629645,-0.12336158793125872,0.5274173606602597,1.0,0.0,0.0,1.0,1.0,0.0,0.0,1.0,0.0,0.0,1.0,1.0,0.0,0.0,0.0,0.0,1.0,1.0,0.0,0.0,1.0,0.0,0.0,0.0,0.0,1.0,1.0,0.0,0.0,1.0,0.0,0.0,0.0,1.0,0.0,0.0,1.0,1.0,0.0,0.0,0.0,1.0,0.0,5.0,0.0,1.0,0.0,0.5053748559636378,0.0,1.0,0.0,0.0,1.0,0.0,0.0,1.0,0.0
8089-UZWLX,1,1.5729808767233588,1.3057838322116073,2.2634017983369574,1.0,0.0,1.0,0.0,1.0,0.0,0.0,1.0,0.0,0.0,1.0,0.0,1.0,0.0,1.0,0.0,0.0,1.0,0.0,0.0,0.0,0.0,1.0,1.0,0.0,0.0,0.0,0.0,1.0,0.0,0.0,1.0,0.0,0.0,1.0,1.0,0.0,1.0,0.0,0.0,0.0,1.0,0.0,6.0,0.0,1.0,0.0,1.4389251845526558,0.0,1.0,0.0,0.0,1.0,0.0,0.0,1.0,0.0
0080-OROZO,0,0.10704778280226633,1.1462513201956595,0.5509105931768512,1.0,0.0,1.0,0.0,1.0,0.0,0.0,1.0,1.0,0.0,0.0,0.0,1.0,0.0,1.0,0.0,0.0,1.0,0.0,0.0,0.0,0.0,1.0,0.0,0.0,1.0,0.0,0.0,1.0,0.0,0.0,1.0,0.0,1.0,0.0,0.0,1.0,0.0,0.0,1.0,0.0,1.0,0.0,6.0,0.0,0.0,1.0,5.146398914160301,0.0,0.0,1.0,0.0,0.0,1.0,0.0,0.0,1.0
3916-NRPAP,0,-1.1960038562387048,0.6959043331506402,-0.8940886518929373,0.0,1.0,1.0,0.0,1.0,0.0,0.0,1.0,1.0,0.0,0.0,0.0,1.0,0.0,1.0,0.0,0.0,1.0,0.0,0.0,0.0,0.0,1.0,1.0,0.0,0.0,1.0,0.0,0.0,0.0,0.0,1.0,1.0,0.0,0.0,1.0,0.0,0.0,1.0,0.0,0.0,1.0,0.0,4.0,1.0,0.0,0.0,0.7475633520988333,1.0,0.0,0.0,1.0,0.0,0.0,1.0,0.0,0.0
6807-SIWJI,0,0.22920887396235737,1.332372584214265,0.7076424401537361,0.0,1.0,1.0,0.0,1.0,0.0,0.0,1.0,0.0,0.0,1.0,0.0,1.0,0.0,0.0,0.0,1.0,0.0,0.0,1.0,1.0,0.0,0.0,1.0,0.0,0.0,0.0,0.0,1.0,0.0,0.0,1.0,0.0,1.0,0.0,0.0,1.0,0.0,0.0,1.0,0.0,1.0,0.0,7.0,0.0,0.0,1.0,3.0873256690312574,0.0,0.0,1.0,0.0,0.0,1.0,0.0,0.0,1.0
8221-HVAYI,0,0.10704778280226633,0.14584952609565352,0.09125943266209387,0.0,1.0,0.0,1.0,0.0,1.0,0.0,1.0,0.0,0.0,1.0,1.0,0.0,0.0,0.0,0.0,1.0,0.0,0.0,1.0,0.0,0.0,1.0,0.0,0.0,1.0,1.0,0.0,0.0,1.0,0.0,0.0,0.0,0.0,1.0,0.0,1.0,0.0,1.0,0.0,0.0,1.0,0.0,7.0,0.0,0.0,1.0,0.8525111896120635,0.0,0.0,1.0,0.0,0.0,1.0,0.0,0.0,1.0
1579-KLYDT,0,-1.0331224013585834,0.8537750481664219,-0.7455408323936631,0.0,1.0,1.0,0.0,1.0,0.0,0.0,1.0,0.0,0.0,1.0,0.0,1.0,0.0,1.0,0.0,0.0,1.0,0.0,0.0,0.0,0.0,1.0,1.0,0.0,0.0,0.0,0.0,1.0,1.0,0.0,0.0,1.0,0.0,0.0,0.0,1.0,0.0,0.0,1.0,0.0,0.0,1.0,5.0,1.0,0.0,0.0,0.7216384345294005,1.0,0.0,0.0,1.0,0.0,0.0,1.0,0.0,0.0
5232-NXPAY,0,0.5956921474426305,0.32200000811326246,0.5413368251841746,1.0,0.0,1.0,0.0,1.0,0.0,0.0,1.0,1.0,0.0,0.0,1.0,0.0,0.0,1.0,0.0,0.0,1.0,0.0,0.0,0.0,0.0,1.0,0.0,0.0,1.0,0.0,0.0,1.0,0.0,0.0,1.0,0.0,0.0,1.0,1.0,0.0,0.0,0.0,0.0,1.0,1.0,0.0,6.0,0.0,1.0,0.0,0.9087526627775621,0.0,1.0,0.0,0.0,1.0,0.0,0.0,1.0,0.0
8967-SZQAS,0,-0.748079855318371,-0.4756625519664766,-0.6696565883964098,1.0,0.0,1.0,0.0,1.0,0.0,0.0,1.0,1.0,0.0,0.0,1.0,0.0,0.0,1.0,0.0,0.0,0.0,0.0,1.0,1.0,0.0,0.0,1.0,0.0,0.0,1.0,0.0,0.0,1.0,0.0,0.0,1.0,0.0,0.0,1.0,0.0,0.0,0.0,1.0,0.0,1.0,0.0,3.0,1.0,0.0,0.0,0.8951672520461262,1.0,0.0,0.0,1.0,0.0,0.0,1.0,0.0,0.0
4468-KAZHE,1,-0.5037576729981889,-0.1582593249347472,-0.4517540993833671,1.0,0.0,0.0,1.0,1.0,0.0,0.0,1.0,1.0,0.0,0.0,1.0,0.0,0.0,1.0,0.0,0.0,0.0,0.0,1.0,1.0,0.0,0.0,1.0,0.0,0.0,1.0,0.0,0.0,0.0,0.0,1.0,1.0,0.0,0.0,0.0,1.0,0.0,0.0,1.0,0.0,1.0,0.0,4.0,1.0,0.0,0.0,0.8967686719185541,1.0,0.0,0.0,1.0,0.0,0.0,1.0,0.0,0.0
0455-ENTCR,0,1.369379058123207,0.6809481601491449,1.4360870637808572,0.0,1.0,0.0,1.0,1.0,0.0,0.0,1.0,0.0,0.0,1.0,1.0,0.0,0.0,0.0,0.0,1.0,0.0,0.0,1.0,1.0,0.0,0.0,0.0,0.0,1.0,0.0,0.0,1.0,0.0,0.0,1.0,0.0,0.0,1.0,1.0,0.0,0.0,0.0,1.0,0.0,1.0,0.0,8.0,0.0,1.0,0.0,1.0487140541999207,0.0,1.0,0.0,0.0,1.0,0.0,0.0,1.0,0.0
8944-AILEF,0,-0.7073594915983407,-1.505976692069473,-0.8569847860780013,0.0,1.0,0.0,1.0,1.0,0.0,0.0,1.0,1.0,0.0,0.0,0.0,0.0,1.0,0.0,1.0,0.0,0.0,1.0,0.0,0.0,1.0,0.0,0.0,1.0,0.0,0.0,1.0,0.0,0.0,1.0,0.0,1.0,0.0,0.0,0.0,1.0,0.0,1.0,0.0,0.0,1.0,0.0,1.0,1.0,0.0,0.0,1.2115265240048865,1.0,0.0,0.0,1.0,0.0,0.0,1.0,0.0,0.0
5542-NKVRU,0,0.3920903288424788,-1.462769970065154,-0.6348027786534853,1.0,0.0,1.0,0.0,1.0,0.0,0.0,1.0,1.0,0.0,0.0,0.0,0.0,1.0,0.0,1.0,0.0,0.0,1.0,0.0,0.0,1.0,0.0,0.0,1.0,0.0,0.0,1.0,0.0,0.0,1.0,0.0,0.0,0.0,1.0,0.0,1.0,1.0,0.0,0.0,0.0,1.0,0.0,1.0,0.0,0.0,1.0,-1.619021771150381,0.0,0.0,1.0,0.0,0.0,1.0,0.0,0.0,1.0
7126-RBHSD,0,-0.62591876415828,0.46989994112804756,-0.41222370251037926,1.0,0.0,0.0,1.0,1.0,0.0,0.0,1.0,0.0,0.0,1.0,0.0,1.0,0.0,0.0,0.0,1.0,1.0,0.0,0.0,1.0,0.0,0.0,1.0,0.0,0.0,1.0,0.0,0.0,1.0,0.0,0.0,1.0,0.0,0.0,1.0,0.0,0.0,0.0,1.0,0.0,1.0,0.0,4.0,1.0,0.0,0.0,0.6585897821176961,1.0,0.0,0.0,1.0,0.0,0.0,1.0,0.0,0.0
5370-IIVVL,0,0.18848851024232702,1.3207400052131024,0.6594427095915273,0.0,1.0,1.0,0.0,1.0,0.0,0.0,1.0,0.0,0.0,1.0,0.0,1.0,0.0,1.0,0.0,0.0,0.0,0.0,1.0,1.0,0.0,0.0,0.0,0.0,1.0,0.0,0.0,1.0,0.0,0.0,1.0,0.0,1.0,0.0,0.0,1.0,0.0,1.0,0.0,0.0,1.0,0.0,7.0,0.0,0.0,1.0,3.4985830634648556,0.0,0.0,1.0,0.0,0.0,1.0,0.0,0.0,1.0
6789-HJBWG,0,-0.8295205827584317,-0.5105602889699654,-0.7375112205288374,1.0,0.0,1.0,0.0,1.0,0.0,0.0,1.0,1.0,0.0,0.0,1.0,0.0,0.0,1.0,0.0,0.0,0.0,0.0,1.0,1.0,0.0,0.0,1.0,0.0,0.0,1.0,0.0,0.0,1.0,0.0,0.0,1.0,0.0,0.0,0.0,1.0,0.0,0.0,1.0,0.0,1.0,0.0,3.0,1.0,0.0,0.0,0.8890812788229648,1.0,0.0,0.0,1.0,0.0,0.0,1.0,0.0,0.0
3927-NLNRY,0,0.8400143297628127,0.9800716201790471,1.1403149871776095,0.0,1.0,0.0,1.0,1.0,0.0,0.0,1.0,1.0,0.0,0.0,0.0,1.0,0.0,1.0,0.0,0.0,0.0,0.0,1.0,1.0,0.0,0.0,1.0,0.0,0.0,0.0,0.0,1.0,0.0,0.0,1.0,0.0,1.0,0.0,0.0,1.0,1.0,0.0,0.0,0.0,0.0,1.0,5.0,0.0,1.0,0.0,1.357494684048533,0.0,1.0,0.0,0.0,1.0,0.0,0.0,1.0,0.0
9087-EYCPR,0,1.125056875803025,-1.3215172250510334,-0.343354339208221,1.0,0.0,1.0,0.0,1.0,0.0,0.0,1.0,0.0,0.0,1.0,0.0,0.0,1.0,0.0,1.0,0.0,0.0,1.0,0.0,0.0,1.0,0.0,0.0,1.0,0.0,0.0,1.0,0.0,0.0,1.0,0.0,0.0,0.0,1.0,1.0,0.0,0.0,0.0,0.0,1.0,1.0,0.0,2.0,0.0,1.0,0.0,-0.30518842788560985,0.0,1.0,0.0,0.0,1.0,0.0,0.0,1.0,0.0
6791-YBNAK,0,-0.5851984004382496,-1.303237458049206,-0.800953978010262,0.0,1.0,0.0,1.0,0.0,1.0,1.0,0.0,0.0,1.0,0.0,1.0,0.0,0.0,1.0,0.0,0.0,1.0,0.0,0.0,1.0,0.0,0.0,1.0,0.0,0.0,1.0,0.0,0.0,1.0,0.0,0.0,1.0,0.0,0.0,1.0,0.0,0.0,1.0,0.0,0.0,1.0,0.0,1.0,1.0,0.0,0.0,1.3686879140654438,1.0,0.0,0.0,1.0,0.0,0.0,1.0,0.0,0.0
6358-LYNGM,0,-1.2774445836787656,0.33695618111475767,-0.9743185924214285,0.0,1.0,1.0,0.0,1.0,0.0,0.0,1.0,0.0,0.0,1.0,0.0,1.0,0.0,1.0,0.0,0.0,1.0,0.0,0.0,1.0,0.0,0.0,1.0,0.0,0.0,1.0,0.0,0.0,1.0,0.0,0.0,1.0,0.0,0.0,0.0,1.0,0.0,0.0,1.0,0.0,0.0,1.0,3.0,1.0,0.0,0.0,0.7627090872432216,1.0,0.0,0.0,1.0,0.0,0.0,1.0,0.0,0.0
6077-BDPXA,0,-1.1960038562387048,0.179085466098976,-0.9216849278349617,1.0,0.0,1.0,0.0,1.0,0.0,0.0,1.0,1.0,0.0,0.0,0.0,1.0,0.0,1.0,0.0,0.0,1.0,0.0,0.0,1.0,0.0,0.0,1.0,0.0,0.0,1.0,0.0,0.0,1.0,0.0,0.0,1.0,0.0,0.0,0.0,1.0,0.0,0.0,1.0,0.0,1.0,0.0,2.0,1.0,0.0,0.0,0.7706370870187286,1.0,0.0,0.0,1.0,0.0,0.0,1.0,0.0,0.0
0013-MHZWF,0,-0.9516816739185228,0.15415851109648415,-0.7552469566258698,1.0,0.0,1.0,0.0,0.0,1.0,0.0,1.0,1.0,0.0,0.0,1.0,0.0,0.0,1.0,0.0,0.0,1.0,0.0,0.0,1.0,0.0,0.0,0.0,0.0,1.0,0.0,0.0,1.0,0.0,0.0,1.0,1.0,0.0,0.0,0.0,1.0,0.0,1.0,0.0,0.0,1.0,0.0,5.0,1.0,0.0,0.0,0.7935919933355042,1.0,0.0,0.0,1.0,0.0,0.0,1.0,0.0,0.0
5494-HECPR,0,-1.2774445836787656,0.5147684601325326,-0.9719582394831419,1.0,0.0,1.0,0.0,1.0,0.0,0.0,1.0,1.0,0.0,0.0,0.0,1.0,0.0,1.0,0.0,0.0,1.0,0.0,0.0,1.0,0.0,0.0,1.0,0.0,0.0,0.0,0.0,1.0,1.0,0.0,0.0,1.0,0.0,0.0,0.0,1.0,0.0,0.0,1.0,0.0,0.0,1.0,3.0,1.0,0.0,0.0,0.7608613726977582,1.0,0.0,0.0,1.0,0.0,0.0,1.0,0.0,0.0
8268-YDIXR,0,0.9621754209229036,0.9435120861753926,1.310613348706329,0.0,1.0,0.0,1.0,1.0,0.0,0.0,1.0,0.0,0.0,1.0,0.0,1.0,0.0,0.0,0.0,1.0,0.0,0.0,1.0,0.0,0.0,1.0,1.0,0.0,0.0,1.0,0.0,0.0,1.0,0.0,0.0,0.0,1.0,0.0,0.0,1.0,0.0,0.0,1.0,0.0,1.0,0.0,6.0,0.0,1.0,0.0,1.3621355526305265,0.0,1.0,0.0,0.0,1.0,0.0,0.0,1.0,0.0
9824-BEMCV,0,-0.62591876415828,0.14086413509515497,-0.500152364304871,0.0,1.0,0.0,1.0,0.0,1.0,0.0,1.0,1.0,0.0,0.0,0.0,1.0,0.0,1.0,0.0,0.0,1.0,0.0,0.0,1.0,0.0,0.0,1.0,0.0,0.0,1.0,0.0,0.0,1.0,0.0,0.0,1.0,0.0,0.0,0.0,1.0,0.0,0.0,1.0,0.0,0.0,1.0,2.0,1.0,0.0,0.0,0.7990691331605364,1.0,0.0,0.0,1.0,0.0,0.0,1.0,0.0,0.0
1373-ORVIZ,0,-0.8702409464784621,0.05278889408635025,-0.6805318594111325,1.0,0.0,0.0,1.0,0.0,1.0,0.0,1.0,0.0,0.0,1.0,1.0,0.0,0.0,1.0,0.0,0.0,1.0,0.0,0.0,1.0,0.0,0.0,0.0,0.0,1.0,1.0,0.0,0.0,0.0,0.0,1.0,1.0,0.0,0.0,0.0,1.0,0.0,0.0,1.0,0.0,0.0,1.0,5.0,1.0,0.0,0.0,0.7820039520836028,1.0,0.0,0.0,1.0,0.0,0.0,1.0,0.0,0.0
4291-SHSBH,0,-1.0331224013585834,0.15914390209698223,-0.7773504486273954,0.0,1.0,1.0,0.0,1.0,0.0,0.0,1.0,1.0,0.0,0.0,0.0,1.0,0.0,1.0,0.0,0.0,1.0,0.0,0.0,1.0,0.0,0.0,1.0,0.0,0.0,1.0,0.0,0.0,1.0,0.0,0.0,1.0,0.0,0.0,0.0,1.0,0.0,0.0,1.0,0.0,1.0,0.0,2.0,1.0,0.0,0.0,0.7524282191588906,1.0,0.0,0.0,1.0,0.0,0.0,1.0,0.0,0.0
6980-IMXXE,0,1.4915401492832983,-1.481049737066981,-0.38412006098348955,1.0,0.0,0.0,1.0,0.0,1.0,0.0,1.0,1.0,0.0,0.0,0.0,0.0,1.0,0.0,1.0,0.0,0.0,1.0,0.0,0.0,1.0,0.0,0.0,1.0,0.0,0.0,1.0,0.0,0.0,1.0,0.0,0.0,0.0,1.0,1.0,0.0,1.0,0.0,0.0,0.0,1.0,0.0,1.0,0.0,1.0,0.0,-0.2575324983159612,0.0,1.0,0.0,0.0,1.0,0.0,0.0,1.0,0.0
9866-QEVEE,0,-0.5444780367182193,0.7058751151516368,-0.3312658026644725,0.0,1.0,1.0,0.0,1.0,0.0,0.0,1.0,0.0,0.0,1.0,0.0,1.0,0.0,1.0,0.0,0.0,1.0,0.0,0.0,1.0,0.0,0.0,1.0,0.0,0.0,1.0,0.0,0.0,0.0,0.0,1.0,1.0,0.0,0.0,0.0,1.0,1.0,0.0,0.0,0.0,0.0,1.0,4.0,1.0,0.0,0.0,0.6084098537034482,1.0,0.0,0.0,1.0,0.0,0.0,1.0,0.0,0.0
9897-KXHCM,0,-1.1960038562387048,0.5164302571326987,-0.8970446079091093,1.0,0.0,0.0,1.0,0.0,1.0,0.0,1.0,1.0,0.0,0.0,0.0,1.0,0.0,1.0,0.0,0.0,1.0,0.0,0.0,1.0,0.0,0.0,1.0,0.0,0.0,1.0,0.0,0.0,0.0,0.0,1.0,1.0,0.0,0.0,0.0,1.0,0.0,0.0,1.0,0.0,0.0,1.0,3.0,1.0,0.0,0.0,0.7500348792605167,1.0,0.0,0.0,1.0,0.0,0.0,1.0,0.0,0.0
0040-HALCW,0,0.880734693482843,-1.4744025490663168,-0.5262044841190443,0.0,1.0,0.0,1.0,0.0,1.0,0.0,1.0,1.0,0.0,0.0,0.0,0.0,1.0,0.0,1.0,0.0,0.0,1.0,0.0,0.0,1.0,0.0,0.0,1.0,0.0,0.0,1.0,0.0,0.0,1.0,0.0,0.0,0.0,1.0,1.0,0.0,0.0,1.0,0.0,0.0,1.0,0.0,1.0,0.0,1.0,0.0,-0.5974608335663286,0.0,1.0,0.0,0.0,1.0,0.0,0.0,1.0,0.0
0784-GTUUK,0,1.2064976032430856,-1.3630621500551865,-0.36905350905031403,0.0,1.0,0.0,1.0,1.0,0.0,0.0,1.0,0.0,0.0,1.0,0.0,0.0,1.0,0.0,1.0,0.0,0.0,1.0,0.0,0.0,1.0,0.0,0.0,1.0,0.0,0.0,1.0,0.0,0.0,1.0,0.0,0.0,1.0,0.0,0.0,1.0,0.0,1.0,0.0,0.0,1.0,0.0,2.0,0.0,1.0,0.0,-0.30588830682986196,0.0,1.0,0.0,0.0,1.0,0.0,0.0,1.0,0.0
7979-CORPM,0,-0.3408762181180675,0.8570986421667539,-0.00033108509273033085,0.0,1.0,1.0,0.0,1.0,0.0,0.0,1.0,0.0,0.0,1.0,0.0,1.0,0.0,1.0,0.0,0.0,0.0,0.0,1.0,1.0,0.0,0.0,1.0,0.0,0.0,0.0,0.0,1.0,1.0,0.0,0.0,1.0,0.0,0.0,0.0,1.0,0.0,1.0,0.0,0.0,0.0,1.0,5.0,0.0,0.0,1.0,0.0009712765958218143,0.0,0.0,1.0,0.0,0.0,1.0,0.0,0.0,1.0
2294-DMMUS,0,1.2064976032430856,0.18905624809997262,0.8899411007331839,1.0,0.0,0.0,1.0,0.0,1.0,0.0,1.0,0.0,0.0,1.0,1.0,0.0,0.0,1.0,0.0,0.0,1.0,0.0,0.0,1.0,0.0,0.0,1.0,0.0,0.0,0.0,0.0,1.0,0.0,0.0,1.0,1.0,0.0,0.0,0.0,1.0,0.0,1.0,0.0,0.0,1.0,0.0,5.0,0.0,1.0,0.0,0.7376235960527459,0.0,1.0,0.0,0.0,1.0,0.0,0.0,1.0,0.0
0872-JCPIB,0,-0.62591876415828,0.03284733008435696,-0.5171160223379778,0.0,1.0,1.0,0.0,1.0,0.0,0.0,1.0,0.0,0.0,1.0,1.0,0.0,0.0,0.0,0.0,1.0,1.0,0.0,0.0,1.0,0.0,0.0,1.0,0.0,0.0,1.0,0.0,0.0,0.0,0.0,1.0,1.0,0.0,0.0,1.0,0.0,1.0,0.0,0.0,0.0,1.0,0.0,5.0,1.0,0.0,0.0,0.8261711454415057,1.0,0.0,0.0,1.0,0.0,0.0,1.0,0.0,0.0
3055-MJDSB,0,-0.9516816739185228,-1.3348116010523623,-0.9234937964418729,0.0,1.0,1.0,0.0,1.0,0.0,1.0,0.0,0.0,1.0,0.0,1.0,0.0,0.0,1.0,0.0,0.0,1.0,0.0,0.0,1.0,0.0,0.0,1.0,0.0,0.0,1.0,0.0,0.0,1.0,0.0,0.0,1.0,0.0,0.0,0.0,1.0,0.0,0.0,0.0,1.0,1.0,0.0,1.0,1.0,0.0,0.0,0.9703809811104305,1.0,0.0,0.0,1.0,0.0,0.0,1.0,0.0,0.0
9091-WTUUY,0,1.2879383306831464,0.14917312009598557,0.9549280143424596,0.0,1.0,0.0,1.0,0.0,1.0,0.0,1.0,1.0,0.0,0.0,1.0,0.0,0.0,0.0,0.0,1.0,1.0,0.0,0.0,0.0,0.0,1.0,0.0,0.0,1.0,0.0,0.0,1.0,1.0,0.0,0.0,0.0,0.0,1.0,1.0,0.0,0.0,0.0,0.0,1.0,1.0,0.0,6.0,0.0,1.0,0.0,0.7414392378833449,0.0,1.0,0.0,0.0,1.0,0.0,0.0,1.0,0.0
1618-CFHME,0,-1.2367242199587352,0.37019212111808014,-0.9441193104353124,1.0,0.0,1.0,0.0,1.0,0.0,0.0,1.0,0.0,0.0,1.0,0.0,1.0,0.0,1.0,0.0,0.0,1.0,0.0,0.0,1.0,0.0,0.0,1.0,0.0,0.0,1.0,0.0,0.0,1.0,0.0,0.0,1.0,0.0,0.0,0.0,1.0,0.0,0.0,1.0,0.0,0.0,1.0,3.0,1.0,0.0,0.0,0.763403267437274,1.0,0.0,0.0,1.0,0.0,0.0,1.0,0.0,0.0
3165-HDOEW,0,-1.2774445836787656,-0.62854787598176,-0.9871350882825926,0.0,1.0,0.0,1.0,0.0,1.0,0.0,1.0,1.0,0.0,0.0,1.0,0.0,0.0,1.0,0.0,0.0,1.0,0.0,0.0,1.0,0.0,0.0,1.0,0.0,0.0,1.0,0.0,0.0,1.0,0.0,0.0,1.0,0.0,0.0,0.0,1.0,0.0,0.0,0.0,1.0,0.0,1.0,2.0,1.0,0.0,0.0,0.7727420045414853,1.0,0.0,0.0,1.0,0.0,0.0,1.0,0.0,0.0
6581-NQCBA,0,-0.6666391278783103,-0.4922805219681379,-0.649913449333171,1.0,0.0,0.0,1.0,1.0,0.0,1.0,0.0,0.0,1.0,0.0,1.0,0.0,0.0,1.0,0.0,0.0,1.0,0.0,0.0,1.0,0.0,0.0,0.0,0.0,1.0,0.0,0.0,1.0,0.0,0.0,1.0,1.0,0.0,0.0,0.0,1.0,0.0,0.0,1.0,0.0,0.0,1.0,4.0,1.0,0.0,0.0,0.9749104457784056,1.0,0.0,0.0,1.0,0.0,0.0,1.0,0.0,0.0
7115-IRDHS,0,1.6137012404433893,-1.3331498040521963,-0.19996841305062044,1.0,0.0,0.0,1.0,1.0,0.0,0.0,1.0,0.0,0.0,1.0,0.0,0.0,1.0,0.0,1.0,0.0,0.0,1.0,0.0,0.0,1.0,0.0,0.0,1.0,0.0,0.0,1.0,0.0,0.0,1.0,0.0,0.0,0.0,1.0,1.0,0.0,1.0,0.0,0.0,0.0,1.0,0.0,2.0,0.0,1.0,0.0,-0.12391910475056463,0.0,1.0,0.0,0.0,1.0,0.0,0.0,1.0,0.0
8496-DMZUK,0,-0.0965540357978854,0.8521132511662559,0.23707188987774613,0.0,1.0,1.0,0.0,1.0,0.0,0.0,1.0,0.0,0.0,1.0,0.0,1.0,0.0,0.0,0.0,1.0,0.0,0.0,1.0,0.0,0.0,1.0,1.0,0.0,0.0,1.0,0.0,0.0,1.0,0.0,0.0,0.0,1.0,0.0,1.0,0.0,1.0,0.0,0.0,0.0,1.0,0.0,6.0,0.0,0.0,1.0,-2.4553286449258724,0.0,0.0,1.0,0.0,0.0,1.0,0.0,0.0,1.0
2040-VZIKE,0,0.6771328748826912,1.1994288242009752,1.1312265253965434,1.0,0.0,0.0,1.0,1.0,0.0,0.0,1.0,0.0,0.0,1.0,0.0,1.0,0.0,0.0,0.0,1.0,1.0,0.0,0.0,1.0,0.0,0.0,1.0,0.0,0.0,0.0,0.0,1.0,0.0,0.0,1.0,1.0,0.0,0.0,0.0,1.0,0.0,0.0,0.0,1.0,1.0,0.0,6.0,0.0,1.0,0.0,1.670612323456487,0.0,1.0,0.0,0.0,1.0,0.0,0.0,1.0,0.0
9068-VPWQQ,0,1.1657772395230555,0.35191235411625243,1.0791443451414517,0.0,1.0,0.0,1.0,1.0,0.0,0.0,1.0,0.0,0.0,1.0,1.0,0.0,0.0,0.0,0.0,1.0,1.0,0.0,0.0,0.0,0.0,1.0,0.0,0.0,1.0,1.0,0.0,0.0,0.0,0.0,1.0,0.0,0.0,1.0,1.0,0.0,0.0,1.0,0.0,0.0,1.0,0.0,7.0,0.0,1.0,0.0,0.9256865793528041,0.0,1.0,0.0,0.0,1.0,0.0,0.0,1.0,0.0
0178-SZBHO,0,0.5956921474426305,0.7457582431556239,0.7650850481097964,0.0,1.0,0.0,1.0,0.0,1.0,0.0,1.0,0.0,0.0,1.0,0.0,1.0,0.0,1.0,0.0,0.0,0.0,0.0,1.0,1.0,0.0,0.0,1.0,0.0,0.0,0.0,0.0,1.0,1.0,0.0,0.0,1.0,0.0,0.0,1.0,0.0,0.0,0.0,1.0,0.0,1.0,0.0,5.0,0.0,1.0,0.0,1.284363158712747,0.0,1.0,0.0,0.0,1.0,0.0,0.0,1.0,0.0
0384-RVBPI,0,-0.5037576729981889,-0.012021188920128179,-0.390318744868149,0.0,1.0,1.0,0.0,1.0,0.0,0.0,1.0,1.0,0.0,0.0,1.0,0.0,0.0,0.0,0.0,1.0,1.0,0.0,0.0,0.0,0.0,1.0,1.0,0.0,0.0,1.0,0.0,0.0,0.0,0.0,1.0,1.0,0.0,0.0,1.0,0.0,0.0,1.0,0.0,0.0,1.0,0.0,5.0,1.0,0.0,0.0,0.774814490755265,1.0,0.0,0.0,1.0,0.0,0.0,1.0,0.0,0.0
1689-MRZQR,0,0.06632741908223598,0.4499583771260538,0.12397348319928185,0.0,1.0,0.0,1.0,0.0,1.0,0.0,1.0,1.0,0.0,0.0,0.0,1.0,0.0,1.0,0.0,0.0,1.0,0.0,0.0,1.0,0.0,0.0,1.0,0.0,0.0,0.0,0.0,1.0,1.0,0.0,0.0,1.0,0.0,0.0,1.0,0.0,0.0,0.0,1.0,0.0,0.0,1.0,3.0,0.0,0.0,1.0,1.8691136322607917,0.0,0.0,1.0,0.0,0.0,1.0,0.0,0.0,1.0
1299-AURJA,0,1.5322605130033284,-1.33148800705203,-0.26356558614483,1.0,0.0,0.0,1.0,0.0,1.0,0.0,1.0,0.0,0.0,1.0,0.0,0.0,1.0,0.0,1.0,0.0,0.0,1.0,0.0,0.0,1.0,0.0,0.0,1.0,0.0,0.0,1.0,0.0,0.0,1.0,0.0,0.0,0.0,1.0,1.0,0.0,1.0,0.0,0.0,0.0,1.0,0.0,2.0,0.0,1.0,0.0,-0.17201094977526024,0.0,1.0,0.0,0.0,1.0,0.0,0.0,1.0,0.0
4525-VZCZG,0,0.880734693482843,1.3656085242175875,1.563281409969276,0.0,1.0,1.0,0.0,0.0,1.0,0.0,1.0,1.0,0.0,0.0,0.0,1.0,0.0,0.0,0.0,1.0,0.0,0.0,1.0,1.0,0.0,0.0,0.0,0.0,1.0,0.0,0.0,1.0,0.0,0.0,1.0,0.0,1.0,0.0,0.0,1.0,0.0,0.0,1.0,0.0,1.0,0.0,7.0,0.0,1.0,0.0,1.7749742590328983,0.0,1.0,0.0,0.0,1.0,0.0,0.0,1.0,0.0
1543-LLLFT,1,1.1657772395230555,1.114677177192503,1.6691222828468406,0.0,1.0,0.0,1.0,1.0,0.0,0.0,1.0,0.0,0.0,1.0,0.0,1.0,0.0,1.0,0.0,0.0,0.0,0.0,1.0,0.0,0.0,1.0,0.0,0.0,1.0,0.0,0.0,1.0,1.0,0.0,0.0,0.0,1.0,0.0,0.0,1.0,0.0,0.0,0.0,1.0,1.0,0.0,7.0,0.0,1.0,0.0,1.4317677736869476,0.0,1.0,0.0,0.0,1.0,0.0,0.0,1.0,0.0
5835-BEQEU,0,-1.1960038562387048,0.40508985812156867,-0.906596316528531,0.0,1.0,1.0,0.0,1.0,0.0,0.0,1.0,0.0,0.0,1.0,0.0,1.0,0.0,1.0,0.0,0.0,1.0,0.0,0.0,1.0,0.0,0.0,1.0,0.0,0.0,1.0,0.0,0.0,1.0,0.0,0.0,1.0,0.0,0.0,0.0,1.0,0.0,0.0,1.0,0.0,0.0,1.0,3.0,1.0,0.0,0.0,0.7580212319546131,1.0,0.0,0.0,1.0,0.0,0.0,1.0,0.0,0.0
2788-CJQAQ,0,-0.7888002190384014,-1.505976692069473,-0.888154680487338,0.0,1.0,1.0,0.0,1.0,0.0,0.0,1.0,1.0,0.0,0.0,0.0,0.0,1.0,0.0,1.0,0.0,0.0,1.0,0.0,0.0,1.0,0.0,0.0,1.0,0.0,0.0,1.0,0.0,0.0,1.0,0.0,0.0,1.0,0.0,1.0,0.0,0.0,0.0,0.0,1.0,1.0,0.0,1.0,1.0,0.0,0.0,1.125956432377841,1.0,0.0,0.0,1.0,0.0,0.0,1.0,0.0,0.0
5565-FILXA,1,-0.6666391278783103,1.04321990618536,-0.3326996619260485,1.0,0.0,1.0,0.0,1.0,0.0,0.0,1.0,0.0,0.0,1.0,0.0,1.0,0.0,1.0,0.0,0.0,1.0,0.0,0.0,1.0,0.0,0.0,1.0,0.0,0.0,0.0,0.0,1.0,0.0,0.0,1.0,1.0,0.0,0.0,0.0,1.0,0.0,0.0,1.0,0.0,0.0,1.0,5.0,1.0,0.0,0.0,0.49907010856821504,1.0,0.0,0.0,1.0,0.0,0.0,1.0,0.0,0.0
0319-QZTCO,0,-1.1960038562387048,-0.2014660469390663,-0.9329793269415295,1.0,0.0,0.0,1.0,0.0,1.0,0.0,1.0,1.0,0.0,0.0,1.0,0.0,0.0,1.0,0.0,0.0,0.0,0.0,1.0,1.0,0.0,0.0,1.0,0.0,0.0,0.0,0.0,1.0,1.0,0.0,0.0,1.0,0.0,0.0,0.0,1.0,0.0,1.0,0.0,0.0,1.0,0.0,4.0,1.0,0.0,0.0,0.7800805340842651,1.0,0.0,0.0,1.0,0.0,0.0,1.0,0.0,0.0
2120-SMPEX,0,-0.30015585439803716,-1.4827115340671475,-0.7707326366508908,0.0,1.0,1.0,0.0,1.0,0.0,0.0,1.0,1.0,0.0,0.0,0.0,0.0,1.0,0.0,1.0,0.0,0.0,1.0,0.0,0.0,1.0,0.0,0.0,1.0,0.0,0.0,1.0,0.0,0.0,1.0,0.0,1.0,0.0,0.0,0.0,1.0,0.0,0.0,0.0,1.0,1.0,0.0,1.0,0.0,0.0,1.0,2.5677747921878646,0.0,0.0,1.0,0.0,0.0,1.0,0.0,0.0,1.0
0096-FCPUF,0,-0.0965540357978854,-0.00869759491979612,-0.17420306508876235,0.0,1.0,1.0,0.0,1.0,0.0,0.0,1.0,0.0,0.0,1.0,1.0,0.0,0.0,0.0,0.0,1.0,1.0,0.0,0.0,1.0,0.0,0.0,1.0,0.0,0.0,1.0,0.0,0.0,0.0,0.0,1.0,1.0,0.0,0.0,0.0,1.0,0.0,0.0,0.0,1.0,1.0,0.0,5.0,0.0,0.0,1.0,1.8042028347050978,0.0,0.0,1.0,0.0,0.0,1.0,0.0,0.0,1.0
0668-OGMHD,0,-0.46303730927815856,-1.2051914350394048,-0.729702202396562,1.0,0.0,0.0,1.0,1.0,0.0,1.0,0.0,0.0,1.0,0.0,1.0,0.0,0.0,0.0,0.0,1.0,1.0,0.0,0.0,1.0,0.0,0.0,1.0,0.0,0.0,1.0,0.0,0.0,1.0,0.0,0.0,1.0,0.0,0.0,1.0,0.0,0.0,0.0,1.0,0.0,1.0,0.0,2.0,0.0,0.0,1.0,1.5759036858911317,0.0,0.0,1.0,0.0,0.0,1.0,0.0,0.0,1.0
5552-ZNFSJ,0,-1.2774445836787656,-0.6468276429835875,-0.9873777413883976,0.0,1.0,1.0,0.0,1.0,0.0,0.0,1.0,1.0,0.0,0.0,1.0,0.0,0.0,1.0,0.0,0.0,1.0,0.0,0.0,1.0,0.0,0.0,1.0,0.0,0.0,1.0,0.0,0.0,1.0,0.0,0.0,1.0,0.0,0.0,1.0,0.0,0.0,0.0,1.0,0.0,0.0,1.0,2.0,1.0,0.0,0.0,0.7729319565041031,1.0,0.0,0.0,1.0,0.0,0.0,1.0,0.0,0.0
2223-KAGMX,0,-0.7073594915983407,-1.5076384890696393,-0.8797279999039223,1.0,0.0,1.0,0.0,1.0,0.0,0.0,1.0,1.0,0.0,0.0,0.0,0.0,1.0,0.0,1.0,0.0,0.0,1.0,0.0,0.0,1.0,0.0,0.0,1.0,0.0,0.0,1.0,0.0,0.0,1.0,0.0,1.0,0.0,0.0,1.0,0.0,1.0,0.0,0.0,0.0,0.0,1.0,1.0,1.0,0.0,0.0,1.2436787946622443,1.0,0.0,0.0,1.0,0.0,0.0,1.0,0.0,0.0
6507-ZJSUR,1,-0.38159658183809786,0.8537750481664219,-0.07325937307381156,0.0,1.0,0.0,1.0,1.0,0.0,0.0,1.0,1.0,0.0,0.0,0.0,1.0,0.0,1.0,0.0,0.0,1.0,0.0,0.0,1.0,0.0,0.0,1.0,0.0,0.0,0.0,0.0,1.0,0.0,0.0,1.0,1.0,0.0,0.0,0.0,1.0,0.0,0.0,1.0,0.0,1.0,0.0,4.0,0.0,0.0,1.0,0.19198120884870432,0.0,0.0,1.0,0.0,0.0,1.0,0.0,0.0,1.0
9408-HRXRK,0,0.5142514200025698,1.3423433662152622,1.079850245085612,1.0,0.0,0.0,1.0,0.0,1.0,0.0,1.0,0.0,0.0,1.0,0.0,1.0,0.0,0.0,0.0,1.0,0.0,0.0,1.0,1.0,0.0,0.0,1.0,0.0,0.0,0.0,0.0,1.0,0.0,0.0,1.0,1.0,0.0,0.0,0.0,1.0,0.0,0.0,1.0,0.0,1.0,0.0,7.0,0.0,1.0,0.0,2.0998488347979976,0.0,1.0,0.0,0.0,1.0,0.0,0.0,1.0,0.0
5593-SUAOO,0,-0.3408762181180675,0.611152686142168,-0.11040735763525764,1.0,0.0,0.0,1.0,0.0,1.0,0.0,1.0,0.0,0.0,1.0,0.0,1.0,0.0,1.0,0.0,0.0,0.0,0.0,1.0,0.0,0.0,1.0,1.0,0.0,0.0,1.0,0.0,0.0,1.0,0.0,0.0,0.0,1.0,0.0,1.0,0.0,1.0,0.0,0.0,0.0,1.0,0.0,5.0,0.0,0.0,1.0,0.32389281436177053,0.0,0.0,1.0,0.0,0.0,1.0,0.0,0.0,1.0
7321-PKUYW,0,-0.8702409464784621,0.8438042661654253,-0.571492377411591,1.0,0.0,1.0,0.0,1.0,0.0,0.0,1.0,0.0,0.0,1.0,0.0,1.0,0.0,1.0,0.0,0.0,1.0,0.0,0.0,1.0,0.0,0.0,0.0,0.0,1.0,0.0,0.0,1.0,1.0,0.0,0.0,1.0,0.0,0.0,1.0,0.0,0.0,0.0,1.0,0.0,0.0,1.0,5.0,1.0,0.0,0.0,0.6567059154412416,1.0,0.0,0.0,1.0,0.0,0.0,1.0,0.0,0.0
2833-SLKDQ,0,-1.2774445836787656,-0.6551366279844181,-0.9874880382546727,0.0,1.0,1.0,0.0,1.0,0.0,0.0,1.0,1.0,0.0,0.0,1.0,0.0,0.0,1.0,0.0,0.0,1.0,0.0,0.0,1.0,0.0,0.0,1.0,0.0,0.0,1.0,0.0,0.0,1.0,0.0,0.0,1.0,0.0,0.0,1.0,0.0,0.0,0.0,0.0,1.0,0.0,1.0,2.0,1.0,0.0,0.0,0.7730182983052929,1.0,0.0,0.0,1.0,0.0,0.0,1.0,0.0,0.0
6766-HFKLA,0,0.9621754209229036,1.2775332832087833,1.5269716815915209,1.0,0.0,0.0,1.0,1.0,0.0,0.0,1.0,0.0,0.0,1.0,0.0,1.0,0.0,1.0,0.0,0.0,1.0,0.0,0.0,0.0,0.0,1.0,0.0,0.0,1.0,0.0,0.0,1.0,0.0,0.0,1.0,0.0,0.0,1.0,1.0,0.0,1.0,0.0,0.0,0.0,1.0,0.0,7.0,0.0,1.0,0.0,1.5869992606201409,0.0,1.0,0.0,0.0,1.0,0.0,0.0,1.0,0.0
7595-EUIVN,0,-1.2774445836787656,0.36686852711774764,-0.9739215237028381,1.0,0.0,1.0,0.0,1.0,0.0,0.0,1.0,1.0,0.0,0.0,0.0,1.0,0.0,1.0,0.0,0.0,0.0,0.0,1.0,1.0,0.0,0.0,1.0,0.0,0.0,1.0,0.0,0.0,1.0,0.0,0.0,1.0,0.0,0.0,1.0,0.0,0.0,0.0,1.0,0.0,0.0,1.0,3.0,1.0,0.0,0.0,0.762398256758938,1.0,0.0,0.0,1.0,0.0,0.0,1.0,0.0,0.0
7617-EYGLW,0,-1.2774445836787656,-1.505976692069473,-0.9987824373612407,0.0,1.0,1.0,0.0,1.0,0.0,0.0,1.0,1.0,0.0,0.0,0.0,0.0,1.0,0.0,1.0,0.0,0.0,1.0,0.0,0.0,1.0,0.0,0.0,1.0,0.0,0.0,1.0,0.0,0.0,1.0,0.0,1.0,0.0,0.0,1.0,0.0,0.0,0.0,1.0,0.0,1.0,0.0,1.0,1.0,0.0,0.0,0.7818596987471365,1.0,0.0,0.0,1.0,0.0,0.0,1.0,0.0,0.0
2026-TGDHM,0,-1.0331224013585834,0.4831943171293762,-0.7765563111902147,1.0,0.0,1.0,0.0,1.0,0.0,0.0,1.0,1.0,0.0,0.0,0.0,1.0,0.0,1.0,0.0,0.0,1.0,0.0,0.0,1.0,0.0,0.0,1.0,0.0,0.0,1.0,0.0,0.0,0.0,0.0,1.0,1.0,0.0,0.0,0.0,1.0,0.0,0.0,1.0,0.0,0.0,1.0,3.0,1.0,0.0,0.0,0.7516595421501098,1.0,0.0,0.0,1.0,0.0,0.0,1.0,0.0,0.0
9220-ZNKJI,1,0.9214550572028734,0.7989357471609396,1.1126745924890753,1.0,0.0,0.0,1.0,1.0,0.0,0.0,1.0,1.0,0.0,0.0,0.0,1.0,0.0,1.0,0.0,0.0,1.0,0.0,0.0,0.0,0.0,1.0,0.0,0.0,1.0,0.0,0.0,1.0,1.0,0.0,0.0,0.0,0.0,1.0,1.0,0.0,0.0,1.0,0.0,0.0,1.0,0.0,5.0,0.0,1.0,0.0,1.2075191120733106,0.0,1.0,0.0,0.0,1.0,0.0,0.0,1.0,0.0
4030-VPZBD,0,-1.2367242199587352,-1.125425179031431,-0.9813114137432684,1.0,0.0,1.0,0.0,1.0,0.0,1.0,0.0,0.0,1.0,0.0,1.0,0.0,0.0,1.0,0.0,0.0,1.0,0.0,0.0,1.0,0.0,0.0,0.0,0.0,1.0,1.0,0.0,0.0,1.0,0.0,0.0,1.0,0.0,0.0,0.0,1.0,0.0,0.0,1.0,0.0,0.0,1.0,2.0,1.0,0.0,0.0,0.793476344933239,1.0,0.0,0.0,1.0,0.0,0.0,1.0,0.0,0.0
2226-ICFDO,0,1.6137012404433893,0.7025515211513048,1.688622768804274,1.0,0.0,0.0,1.0,0.0,1.0,0.0,1.0,0.0,0.0,1.0,1.0,0.0,0.0,0.0,0.0,1.0,1.0,0.0,0.0,0.0,0.0,1.0,0.0,0.0,1.0,0.0,0.0,1.0,0.0,0.0,1.0,0.0,0.0,1.0,0.0,1.0,0.0,1.0,0.0,0.0,1.0,0.0,8.0,0.0,1.0,0.0,1.0464283762589777,0.0,1.0,0.0,0.0,1.0,0.0,0.0,1.0,0.0
0723-VSOBE,1,0.5142514200025698,-1.0157465770204666,-0.3029636267782877,1.0,0.0,1.0,0.0,1.0,0.0,1.0,0.0,0.0,1.0,0.0,1.0,0.0,0.0,1.0,0.0,0.0,1.0,0.0,0.0,1.0,0.0,0.0,1.0,0.0,0.0,1.0,0.0,0.0,0.0,0.0,1.0,0.0,1.0,0.0,1.0,0.0,0.0,0.0,1.0,0.0,1.0,0.0,2.0,0.0,1.0,0.0,-0.589135226455522,0.0,1.0,0.0,0.0,1.0,0.0,0.0,1.0,0.0
5529-GIBVH,0,0.5956921474426305,-1.4827115340671475,-0.545793207569498,1.0,0.0,1.0,0.0,1.0,0.0,0.0,1.0,1.0,0.0,0.0,0.0,0.0,1.0,0.0,1.0,0.0,0.0,1.0,0.0,0.0,1.0,0.0,0.0,1.0,0.0,0.0,1.0,0.0,0.0,1.0,0.0,0.0,0.0,1.0,1.0,0.0,0.0,0.0,0.0,1.0,1.0,0.0,1.0,0.0,1.0,0.0,-0.9162336786083987,0.0,1.0,0.0,0.0,1.0,0.0,0.0,1.0,0.0
4187-CINZD,1,0.5549717837226001,1.0133075601823696,0.9445380495393472,1.0,0.0,1.0,0.0,1.0,0.0,0.0,1.0,1.0,0.0,0.0,0.0,1.0,0.0,1.0,0.0,0.0,0.0,0.0,1.0,1.0,0.0,0.0,1.0,0.0,0.0,0.0,0.0,1.0,0.0,0.0,1.0,0.0,1.0,0.0,1.0,0.0,0.0,1.0,0.0,0.0,0.0,1.0,5.0,0.0,1.0,0.0,1.7019568872558568,0.0,1.0,0.0,0.0,1.0,0.0,0.0,1.0,0.0
9992-UJOEL,0,-1.2367242199587352,-0.4806479429669752,-0.966443396169388,0.0,1.0,1.0,0.0,1.0,0.0,0.0,1.0,1.0,0.0,0.0,1.0,0.0,0.0,1.0,0.0,0.0,0.0,0.0,1.0,1.0,0.0,0.0,1.0,0.0,0.0,1.0,0.0,0.0,1.0,0.0,0.0,1.0,0.0,0.0,0.0,1.0,0.0,0.0,0.0,1.0,1.0,0.0,3.0,1.0,0.0,0.0,0.7814542487100598,1.0,0.0,0.0,1.0,0.0,0.0,1.0,0.0,0.0
4741-WWJQZ,0,-1.2367242199587352,0.5114448661322006,-0.9215305122221764,1.0,0.0,0.0,1.0,1.0,0.0,0.0,1.0,1.0,0.0,0.0,0.0,1.0,0.0,0.0,0.0,1.0,1.0,0.0,0.0,1.0,0.0,0.0,0.0,0.0,1.0,1.0,0.0,0.0,1.0,0.0,0.0,1.0,0.0,0.0,0.0,1.0,0.0,0.0,1.0,0.0,1.0,0.0,4.0,1.0,0.0,0.0,0.7451382429082891,1.0,0.0,0.0,1.0,0.0,0.0,1.0,0.0,0.0
6625-UTXEW,0,-0.8295205827584317,-0.44907379996381874,-0.7373126861695424,1.0,0.0,0.0,1.0,1.0,0.0,0.0,1.0,1.0,0.0,0.0,1.0,0.0,0.0,1.0,0.0,0.0,0.0,0.0,1.0,1.0,0.0,0.0,1.0,0.0,0.0,1.0,0.0,0.0,1.0,0.0,0.0,1.0,0.0,0.0,0.0,1.0,0.0,0.0,1.0,0.0,1.0,0.0,3.0,1.0,0.0,0.0,0.8888419425564253,1.0,0.0,0.0,1.0,0.0,0.0,1.0,0.0,0.0
6818-WOBHJ,1,1.4508197855632678,0.8255244991635975,1.6960567775912145,1.0,0.0,0.0,1.0,1.0,0.0,0.0,1.0,0.0,0.0,1.0,0.0,1.0,0.0,1.0,0.0,0.0,0.0,0.0,1.0,1.0,0.0,0.0,1.0,0.0,0.0,1.0,0.0,0.0,0.0,0.0,1.0,1.0,0.0,0.0,0.0,1.0,1.0,0.0,0.0,0.0,0.0,1.0,5.0,0.0,1.0,0.0,1.169033393718666,0.0,1.0,0.0,0.0,1.0,0.0,0.0,1.0,0.0
6244-BESBM,0,1.4915401492832983,1.0116457631822036,1.9361068773522927,0.0,1.0,0.0,1.0,0.0,1.0,0.0,1.0,1.0,0.0,0.0,0.0,1.0,0.0,1.0,0.0,0.0,1.0,0.0,0.0,1.0,0.0,0.0,0.0,0.0,1.0,0.0,0.0,1.0,0.0,0.0,1.0,0.0,0.0,1.0,0.0,1.0,0.0,1.0,0.0,0.0,1.0,0.0,5.0,0.0,1.0,0.0,1.2980588409119351,0.0,1.0,0.0,0.0,1.0,0.0,0.0,1.0,0.0
1004-NOZNR,1,0.9621754209229036,0.9983513871808745,1.3151796389701174,0.0,1.0,1.0,0.0,0.0,1.0,0.0,1.0,1.0,0.0,0.0,0.0,1.0,0.0,0.0,0.0,1.0,1.0,0.0,0.0,1.0,0.0,0.0,1.0,0.0,0.0,0.0,0.0,1.0,0.0,0.0,1.0,0.0,1.0,0.0,1.0,0.0,0.0,1.0,0.0,0.0,1.0,0.0,5.0,0.0,1.0,0.0,1.366881350709019,0.0,1.0,0.0,0.0,1.0,0.0,0.0,1.0,0.0
1251-STYSZ,1,-1.1552834925186746,0.5147684601325326,-0.8733749004064777,1.0,0.0,1.0,0.0,1.0,0.0,0.0,1.0,0.0,0.0,1.0,0.0,1.0,0.0,0.0,0.0,1.0,1.0,0.0,0.0,1.0,0.0,0.0,1.0,0.0,0.0,1.0,0.0,0.0,1.0,0.0,0.0,1.0,0.0,0.0,0.0,1.0,0.0,0.0,1.0,0.0,1.0,0.0,4.0,1.0,0.0,0.0,0.755983190327079,1.0,0.0,0.0,1.0,0.0,0.0,1.0,0.0,0.0
2612-PHGOX,0,1.2879383306831464,0.37683930911874425,1.1186306232679295,0.0,1.0,0.0,1.0,1.0,0.0,0.0,1.0,0.0,0.0,1.0,1.0,0.0,0.0,1.0,0.0,0.0,0.0,0.0,1.0,0.0,0.0,1.0,0.0,0.0,1.0,0.0,0.0,1.0,1.0,0.0,0.0,0.0,0.0,1.0,0.0,1.0,1.0,0.0,0.0,0.0,1.0,0.0,7.0,0.0,1.0,0.0,0.8685436224843056,0.0,1.0,0.0,0.0,1.0,0.0,0.0,1.0,0.0
2408-TZMJL,0,1.0843365120829946,1.5085230662318745,1.8374353007826085,0.0,1.0,0.0,1.0,1.0,0.0,0.0,1.0,0.0,0.0,1.0,0.0,1.0,0.0,0.0,0.0,1.0,0.0,0.0,1.0,0.0,0.0,1.0,1.0,0.0,0.0,0.0,0.0,1.0,0.0,0.0,1.0,0.0,1.0,0.0,0.0,1.0,0.0,0.0,1.0,0.0,0.0,1.0,8.0,0.0,1.0,0.0,1.6945249747727502,0.0,1.0,0.0,0.0,1.0,0.0,0.0,1.0,0.0
8480-PPONV,0,1.2064976032430856,1.6879971422498155,2.1511195884689287,0.0,1.0,0.0,1.0,0.0,1.0,0.0,1.0,0.0,0.0,1.0,0.0,1.0,0.0,0.0,0.0,1.0,0.0,0.0,1.0,0.0,0.0,1.0,0.0,0.0,1.0,0.0,0.0,1.0,0.0,0.0,1.0,0.0,0.0,1.0,1.0,0.0,1.0,0.0,0.0,0.0,1.0,0.0,9.0,0.0,1.0,0.0,1.7829455961509442,0.0,1.0,0.0,0.0,1.0,0.0,0.0,1.0,0.0
8780-IHCRN,0,1.247217966963116,-1.3331498040521963,-0.3127138697570045,0.0,1.0,0.0,1.0,0.0,1.0,0.0,1.0,0.0,0.0,1.0,0.0,0.0,1.0,0.0,1.0,0.0,0.0,1.0,0.0,0.0,1.0,0.0,0.0,1.0,0.0,0.0,1.0,0.0,0.0,1.0,0.0,0.0,0.0,1.0,1.0,0.0,0.0,1.0,0.0,0.0,1.0,0.0,2.0,0.0,1.0,0.0,-0.25072912517323637,0.0,1.0,0.0,0.0,1.0,0.0,0.0,1.0,0.0
4598-ZADCK,0,0.8400143297628127,-0.3709693409560109,0.2629034159593691,1.0,0.0,1.0,0.0,1.0,0.0,1.0,0.0,0.0,1.0,0.0,1.0,0.0,0.0,0.0,0.0,1.0,0.0,0.0,1.0,0.0,0.0,1.0,0.0,0.0,1.0,0.0,0.0,1.0,1.0,0.0,0.0,0.0,1.0,0.0,0.0,1.0,0.0,0.0,1.0,0.0,1.0,0.0,6.0,0.0,1.0,0.0,0.31297491797979543,0.0,1.0,0.0,0.0,1.0,0.0,0.0,1.0,0.0
1257-SXUXQ,0,-1.1145631287986442,-1.505976692069473,-0.96939935218556,0.0,1.0,0.0,1.0,0.0,1.0,0.0,1.0,1.0,0.0,0.0,0.0,0.0,1.0,0.0,1.0,0.0,0.0,1.0,0.0,0.0,1.0,0.0,0.0,1.0,0.0,0.0,1.0,0.0,0.0,1.0,0.0,1.0,0.0,0.0,1.0,0.0,0.0,0.0,0.0,1.0,1.0,0.0,1.0,1.0,0.0,0.0,0.869757241324184,1.0,0.0,0.0,1.0,0.0,0.0,1.0,0.0,0.0
9681-KYGYB,1,0.6771328748826912,0.7789941831589463,0.8277336681540403,0.0,1.0,0.0,1.0,1.0,0.0,0.0,1.0,0.0,0.0,1.0,0.0,1.0,0.0,0.0,0.0,1.0,0.0,0.0,1.0,0.0,0.0,1.0,1.0,0.0,0.0,1.0,0.0,0.0,1.0,0.0,0.0,1.0,0.0,0.0,0.0,1.0,0.0,0.0,1.0,0.0,1.0,0.0,6.0,0.0,1.0,0.0,1.222409513490893,0.0,1.0,0.0,0.0,1.0,0.0,0.0,1.0,0.0
7182-OVLBJ,0,1.2064976032430856,1.2093996062019723,1.9213932753911975,1.0,0.0,0.0,1.0,0.0,1.0,0.0,1.0,0.0,0.0,1.0,0.0,1.0,0.0,0.0,0.0,1.0,1.0,0.0,0.0,1.0,0.0,0.0,1.0,0.0,0.0,0.0,0.0,1.0,0.0,0.0,1.0,0.0,0.0,1.0,0.0,1.0,1.0,0.0,0.0,0.0,1.0,0.0,6.0,0.0,1.0,0.0,1.5925379961190644,0.0,1.0,0.0,0.0,1.0,0.0,0.0,1.0,0.0
5095-ETBRJ,0,0.9214550572028734,-0.26461433294537917,0.36563391720797633,1.0,0.0,0.0,1.0,1.0,0.0,0.0,1.0,1.0,0.0,0.0,1.0,0.0,0.0,0.0,0.0,1.0,0.0,0.0,1.0,1.0,0.0,0.0,0.0,0.0,1.0,1.0,0.0,0.0,1.0,0.0,0.0,0.0,0.0,1.0,1.0,0.0,0.0,0.0,0.0,1.0,1.0,0.0,5.0,0.0,1.0,0.0,0.39680059743540597,0.0,1.0,0.0,0.0,1.0,0.0,0.0,1.0,0.0
7005-CYUIL,1,1.5729808767233588,1.1512367111961581,2.1551785131478516,1.0,0.0,0.0,1.0,1.0,0.0,0.0,1.0,1.0,0.0,0.0,0.0,1.0,0.0,0.0,0.0,1.0,0.0,0.0,1.0,0.0,0.0,1.0,0.0,0.0,1.0,0.0,0.0,1.0,1.0,0.0,0.0,0.0,0.0,1.0,0.0,1.0,0.0,0.0,1.0,0.0,1.0,0.0,7.0,0.0,1.0,0.0,1.3701237853808215,0.0,1.0,0.0,0.0,1.0,0.0,0.0,1.0,0.0
4821-WQOYN,0,1.6137012404433893,-1.4843733310673135,-0.4222386579681563,1.0,0.0,0.0,1.0,0.0,1.0,0.0,1.0,1.0,0.0,0.0,0.0,0.0,1.0,0.0,1.0,0.0,0.0,1.0,0.0,0.0,1.0,0.0,0.0,1.0,0.0,0.0,1.0,0.0,0.0,1.0,0.0,0.0,0.0,1.0,0.0,1.0,0.0,1.0,0.0,0.0,1.0,0.0,1.0,0.0,1.0,0.0,-0.26165850740260926,0.0,1.0,0.0,0.0,1.0,0.0,0.0,1.0,0.0
4730-AWNAU,0,0.14776814652229667,-0.1349941669324214,-0.021508083417545183,0.0,1.0,0.0,1.0,0.0,1.0,1.0,0.0,0.0,1.0,0.0,1.0,0.0,0.0,0.0,0.0,1.0,1.0,0.0,0.0,0.0,0.0,1.0,0.0,0.0,1.0,0.0,0.0,1.0,0.0,0.0,1.0,0.0,1.0,0.0,1.0,0.0,0.0,1.0,0.0,0.0,1.0,0.0,6.0,0.0,0.0,1.0,-0.1455529078744981,0.0,0.0,1.0,0.0,0.0,1.0,0.0,0.0,1.0
3452-FLHYD,0,-0.30015585439803716,-1.4561227820644893,-0.7889095602130235,0.0,1.0,0.0,1.0,1.0,0.0,0.0,1.0,1.0,0.0,0.0,0.0,0.0,1.0,0.0,1.0,0.0,0.0,1.0,0.0,0.0,1.0,0.0,0.0,1.0,0.0,0.0,1.0,0.0,0.0,1.0,0.0,0.0,1.0,0.0,0.0,1.0,1.0,0.0,0.0,0.0,1.0,0.0,1.0,0.0,0.0,1.0,2.6283330764784925,0.0,0.0,1.0,0.0,0.0,1.0,0.0,0.0,1.0
2388-LAESQ,1,1.6137012404433893,1.6647319842474897,2.6624117417736772,1.0,0.0,0.0,1.0,1.0,0.0,0.0,1.0,0.0,0.0,1.0,0.0,1.0,0.0,0.0,0.0,1.0,0.0,0.0,1.0,0.0,0.0,1.0,0.0,0.0,1.0,0.0,0.0,1.0,0.0,0.0,1.0,0.0,0.0,1.0,0.0,1.0,1.0,0.0,0.0,0.0,1.0,0.0,9.0,0.0,1.0,0.0,1.6498789708075943,0.0,1.0,0.0,0.0,1.0,0.0,0.0,1.0,0.0
9531-NSBMR,0,0.14776814652229667,-1.5126238800701375,-0.7074442947822513,1.0,0.0,1.0,0.0,1.0,0.0,0.0,1.0,1.0,0.0,0.0,0.0,0.0,1.0,0.0,1.0,0.0,0.0,1.0,0.0,0.0,1.0,0.0,0.0,1.0,0.0,0.0,1.0,0.0,0.0,1.0,0.0,0.0,1.0,0.0,0.0,1.0,1.0,0.0,0.0,0.0,1.0,0.0,1.0,0.0,0.0,1.0,-4.787529054345318,0.0,0.0,1.0,0.0,0.0,1.0,0.0,0.0,1.0
6260-ONULR,0,-1.2774445836787656,-0.0651986929254444,-0.9796569607491422,0.0,1.0,1.0,0.0,1.0,0.0,0.0,1.0,1.0,0.0,0.0,1.0,0.0,0.0,1.0,0.0,0.0,1.0,0.0,0.0,1.0,0.0,0.0,1.0,0.0,0.0,0.0,0.0,1.0,0.0,0.0,1.0,1.0,0.0,0.0,0.0,1.0,0.0,0.0,0.0,1.0,1.0,0.0,4.0,1.0,0.0,0.0,0.7668880304208117,1.0,0.0,0.0,1.0,0.0,0.0,1.0,0.0,0.0
4389-UEFCZ,0,1.6137012404433893,1.3539759452164248,2.3209547031592925,1.0,0.0,0.0,1.0,1.0,0.0,0.0,1.0,0.0,0.0,1.0,0.0,1.0,0.0,0.0,0.0,1.0,1.0,0.0,0.0,0.0,0.0,1.0,1.0,0.0,0.0,0.0,0.0,1.0,0.0,0.0,1.0,0.0,0.0,1.0,0.0,1.0,0.0,0.0,1.0,0.0,1.0,0.0,7.0,0.0,1.0,0.0,1.4382802993456054,0.0,1.0,0.0,0.0,1.0,0.0,0.0,1.0,0.0
8711-LOBKY,0,1.0843365120829946,-1.4926823160681442,-0.483122528151999,0.0,1.0,0.0,1.0,0.0,1.0,0.0,1.0,1.0,0.0,0.0,0.0,0.0,1.0,0.0,1.0,0.0,0.0,1.0,0.0,0.0,1.0,0.0,0.0,1.0,0.0,0.0,1.0,0.0,0.0,1.0,0.0,0.0,0.0,1.0,1.0,0.0,0.0,0.0,0.0,1.0,1.0,0.0,1.0,0.0,1.0,0.0,-0.44554667556469874,0.0,1.0,0.0,0.0,1.0,0.0,0.0,1.0,0.0
9134-CEQMF,1,-1.0331224013585834,0.8222009051632655,-0.7088119759240623,0.0,1.0,0.0,1.0,1.0,0.0,0.0,1.0,1.0,0.0,0.0,0.0,1.0,0.0,1.0,0.0,0.0,1.0,0.0,0.0,1.0,0.0,0.0,1.0,0.0,0.0,0.0,0.0,1.0,0.0,0.0,1.0,1.0,0.0,0.0,0.0,1.0,0.0,0.0,1.0,0.0,0.0,1.0,4.0,1.0,0.0,0.0,0.6860871228732973,1.0,0.0,0.0,1.0,0.0,0.0,1.0,0.0,0.0
8985-OOPOS,0,-1.2774445836787656,0.31036742911209936,-0.9746715423935088,1.0,0.0,1.0,0.0,1.0,0.0,0.0,1.0,1.0,0.0,0.0,1.0,0.0,0.0,1.0,0.0,0.0,1.0,0.0,0.0,0.0,0.0,1.0,0.0,0.0,1.0,0.0,0.0,1.0,0.0,0.0,1.0,0.0,1.0,0.0,1.0,0.0,0.0,1.0,0.0,0.0,1.0,0.0,6.0,1.0,0.0,0.0,0.7629853810070293,1.0,0.0,0.0,1.0,0.0,0.0,1.0,0.0,0.0
8800-ZKRFW,0,-0.0965540357978854,1.42044782522307,0.4231868220303116,1.0,0.0,0.0,1.0,0.0,1.0,0.0,1.0,0.0,0.0,1.0,0.0,1.0,0.0,1.0,0.0,0.0,0.0,0.0,1.0,0.0,0.0,1.0,0.0,0.0,1.0,0.0,0.0,1.0,0.0,0.0,1.0,1.0,0.0,0.0,0.0,1.0,0.0,0.0,1.0,0.0,1.0,0.0,8.0,0.0,0.0,1.0,-4.382901434758874,0.0,0.0,1.0,0.0,0.0,1.0,0.0,0.0,1.0
2616-FLVQC,0,1.2879383306831464,-1.502653098069141,-0.4602248987132929,0.0,1.0,1.0,0.0,1.0,0.0,0.0,1.0,1.0,0.0,0.0,0.0,0.0,1.0,0.0,1.0,0.0,0.0,1.0,0.0,0.0,1.0,0.0,0.0,1.0,0.0,0.0,1.0,0.0,0.0,1.0,0.0,0.0,0.0,1.0,1.0,0.0,0.0,0.0,0.0,1.0,1.0,0.0,1.0,0.0,1.0,0.0,-0.3573345770904893,0.0,1.0,0.0,0.0,1.0,0.0,0.0,1.0,0.0
9968-FFVVH,0,1.247217966963116,0.1342169470944904,0.8065125510827157,0.0,1.0,1.0,0.0,1.0,0.0,0.0,1.0,0.0,0.0,1.0,1.0,0.0,0.0,0.0,0.0,1.0,0.0,0.0,1.0,0.0,0.0,1.0,0.0,0.0,1.0,1.0,0.0,0.0,1.0,0.0,0.0,0.0,1.0,0.0,1.0,0.0,1.0,0.0,0.0,0.0,1.0,0.0,7.0,0.0,1.0,0.0,0.6466492405064644,0.0,1.0,0.0,0.0,1.0,0.0,0.0,1.0,0.0
3108-PCCGG,1,1.6137012404433893,0.6543594081464871,1.595576332414619,0.0,1.0,0.0,1.0,1.0,0.0,0.0,1.0,0.0,0.0,1.0,1.0,0.0,0.0,0.0,0.0,1.0,0.0,0.0,1.0,0.0,0.0,1.0,1.0,0.0,0.0,0.0,0.0,1.0,0.0,0.0,1.0,0.0,0.0,1.0,1.0,0.0,0.0,1.0,0.0,0.0,1.0,0.0,8.0,0.0,1.0,0.0,0.9887681142119032,0.0,1.0,0.0,0.0,1.0,0.0,0.0,1.0,0.0
7993-PYKOF,0,-0.9924020376385531,0.3402797751150897,-0.7281139275222008,0.0,1.0,0.0,1.0,1.0,0.0,0.0,1.0,1.0,0.0,0.0,0.0,1.0,0.0,0.0,0.0,1.0,1.0,0.0,0.0,1.0,0.0,0.0,1.0,0.0,0.0,1.0,0.0,0.0,1.0,0.0,0.0,1.0,0.0,0.0,1.0,0.0,0.0,0.0,1.0,0.0,0.0,1.0,3.0,1.0,0.0,0.0,0.7336884648632597,1.0,0.0,0.0,1.0,0.0,0.0,1.0,0.0,0.0
8390-FESFV,0,1.2064976032430856,0.6560212051466532,1.2838112102014851,1.0,0.0,1.0,0.0,1.0,0.0,0.0,1.0,0.0,0.0,1.0,1.0,0.0,0.0,1.0,0.0,0.0,0.0,0.0,1.0,0.0,0.0,1.0,0.0,0.0,1.0,0.0,0.0,1.0,0.0,0.0,1.0,0.0,0.0,1.0,1.0,0.0,1.0,0.0,0.0,0.0,1.0,0.0,8.0,0.0,1.0,0.0,1.0640810282180249,0.0,1.0,0.0,0.0,1.0,0.0,0.0,1.0,0.0
3022-BEXHZ,0,1.4100994218432374,1.5434208032353631,2.3151310286199687,0.0,1.0,0.0,1.0,0.0,1.0,0.0,1.0,0.0,0.0,1.0,0.0,1.0,0.0,1.0,0.0,0.0,0.0,0.0,1.0,0.0,0.0,1.0,0.0,0.0,1.0,0.0,0.0,1.0,0.0,0.0,1.0,0.0,0.0,1.0,0.0,1.0,1.0,0.0,0.0,0.0,1.0,0.0,8.0,0.0,1.0,0.0,1.641821131728217,0.0,1.0,0.0,0.0,1.0,0.0,0.0,1.0,0.0
5027-XWQHA,0,-1.0738427650786138,-0.6651074099854147,-0.8878237898885128,0.0,1.0,1.0,0.0,1.0,0.0,0.0,1.0,1.0,0.0,0.0,1.0,0.0,0.0,1.0,0.0,0.0,1.0,0.0,0.0,1.0,0.0,0.0,1.0,0.0,0.0,1.0,0.0,0.0,1.0,0.0,0.0,1.0,0.0,0.0,1.0,0.0,0.0,0.0,1.0,0.0,0.0,1.0,2.0,1.0,0.0,0.0,0.8267726139808905,1.0,0.0,0.0,1.0,0.0,0.0,1.0,0.0,0.0
6248-TKCQV,0,1.5322605130033284,0.5264010391336954,1.4016082633832678,1.0,0.0,0.0,1.0,0.0,1.0,0.0,1.0,0.0,0.0,1.0,1.0,0.0,0.0,0.0,0.0,1.0,1.0,0.0,0.0,1.0,0.0,0.0,0.0,0.0,1.0,0.0,0.0,1.0,0.0,0.0,1.0,0.0,0.0,1.0,0.0,1.0,1.0,0.0,0.0,0.0,1.0,0.0,7.0,0.0,1.0,0.0,0.9147323522917302,0.0,1.0,0.0,0.0,1.0,0.0,0.0,1.0,0.0
6729-GDNGC,1,-0.5037576729981889,0.5297246331340278,-0.2951987273925222,1.0,0.0,1.0,0.0,1.0,0.0,0.0,1.0,1.0,0.0,0.0,0.0,1.0,0.0,1.0,0.0,0.0,1.0,0.0,0.0,1.0,0.0,0.0,1.0,0.0,0.0,0.0,0.0,1.0,1.0,0.0,0.0,1.0,0.0,0.0,1.0,0.0,1.0,0.0,0.0,0.0,1.0,0.0,3.0,1.0,0.0,0.0,0.5859935107997521,1.0,0.0,0.0,1.0,0.0,0.0,1.0,0.0,0.0
6198-ZFIOJ,0,-1.1145631287986442,0.36022133911708304,-0.8297855788545672,1.0,0.0,1.0,0.0,1.0,0.0,0.0,1.0,0.0,0.0,1.0,0.0,1.0,0.0,1.0,0.0,0.0,1.0,0.0,0.0,1.0,0.0,0.0,1.0,0.0,0.0,1.0,0.0,0.0,1.0,0.0,0.0,1.0,0.0,0.0,1.0,0.0,0.0,0.0,1.0,0.0,1.0,0.0,3.0,1.0,0.0,0.0,0.7444940151115257,1.0,0.0,0.0,1.0,0.0,0.0,1.0,0.0,0.0
5989-OMNJE,0,-0.3408762181180675,-0.23802558094272108,-0.4039293781664935,1.0,0.0,0.0,1.0,0.0,1.0,1.0,0.0,0.0,1.0,0.0,1.0,0.0,0.0,0.0,0.0,1.0,0.0,0.0,1.0,0.0,0.0,1.0,1.0,0.0,0.0,0.0,0.0,1.0,0.0,0.0,1.0,0.0,1.0,0.0,1.0,0.0,0.0,0.0,1.0,0.0,1.0,0.0,6.0,0.0,0.0,1.0,1.1849737725809508,0.0,0.0,1.0,0.0,0.0,1.0,0.0,0.0,1.0
4566-QVRRW,0,-0.8702409464784621,-0.6883725679877406,-0.793961156688422,1.0,0.0,0.0,1.0,1.0,0.0,0.0,1.0,1.0,0.0,0.0,1.0,0.0,0.0,1.0,0.0,0.0,1.0,0.0,0.0,1.0,0.0,0.0,1.0,0.0,0.0,1.0,0.0,0.0,1.0,0.0,0.0,1.0,0.0,0.0,0.0,1.0,0.0,0.0,1.0,0.0,0.0,1.0,2.0,1.0,0.0,0.0,0.9123463563755353,1.0,0.0,0.0,1.0,0.0,0.0,1.0,0.0,0.0
1291-CUOCY,0,1.6137012404433893,1.5234792392333694,2.505459301064242,0.0,1.0,0.0,1.0,1.0,0.0,0.0,1.0,0.0,0.0,1.0,0.0,1.0,0.0,1.0,0.0,0.0,0.0,0.0,1.0,0.0,0.0,1.0,0.0,0.0,1.0,0.0,0.0,1.0,0.0,0.0,1.0,0.0,0.0,1.0,0.0,1.0,0.0,1.0,0.0,0.0,1.0,0.0,8.0,0.0,1.0,0.0,1.5526165799908715,0.0,1.0,0.0,0.0,1.0,0.0,0.0,1.0,0.0
9795-SHUHB,0,1.369379058123207,-0.21808401694072754,0.6739136584468176,1.0,0.0,0.0,1.0,0.0,1.0,0.0,1.0,1.0,0.0,0.0,1.0,0.0,0.0,0.0,0.0,1.0,0.0,0.0,1.0,1.0,0.0,0.0,0.0,0.0,1.0,1.0,0.0,0.0,1.0,0.0,0.0,0.0,0.0,1.0,0.0,1.0,0.0,1.0,0.0,0.0,1.0,0.0,5.0,0.0,1.0,0.0,0.49213083437280347,0.0,1.0,0.0,0.0,1.0,0.0,0.0,1.0,0.0
3230-IUALN,0,0.5142514200025698,0.5396954151350245,0.5516164931210117,1.0,0.0,0.0,1.0,0.0,1.0,0.0,1.0,1.0,0.0,0.0,1.0,0.0,0.0,0.0,0.0,1.0,1.0,0.0,0.0,0.0,0.0,1.0,0.0,0.0,1.0,0.0,0.0,1.0,0.0,0.0,1.0,0.0,0.0,1.0,0.0,1.0,0.0,0.0,0.0,1.0,1.0,0.0,7.0,0.0,1.0,0.0,1.0726591539956372,0.0,1.0,0.0,0.0,1.0,0.0,0.0,1.0,0.0
0042-RLHYP,0,1.4915401492832983,-1.4976677070686424,-0.3910687635588194,1.0,0.0,0.0,1.0,0.0,1.0,0.0,1.0,1.0,0.0,0.0,0.0,0.0,1.0,0.0,1.0,0.0,0.0,1.0,0.0,0.0,1.0,0.0,0.0,1.0,0.0,0.0,1.0,0.0,0.0,1.0,0.0,0.0,0.0,1.0,1.0,0.0,1.0,0.0,0.0,0.0,1.0,0.0,1.0,0.0,1.0,0.0,-0.2621912415476931,0.0,1.0,0.0,0.0,1.0,0.0,0.0,1.0,0.0
8519-IMDHU,1,-0.7073594915983407,0.6925807391503077,-0.41372373989172034,0.0,1.0,0.0,1.0,1.0,0.0,0.0,1.0,0.0,0.0,1.0,0.0,1.0,0.0,1.0,0.0,0.0,1.0,0.0,0.0,1.0,0.0,0.0,1.0,0.0,0.0,1.0,0.0,0.0,0.0,0.0,1.0,1.0,0.0,0.0,0.0,1.0,1.0,0.0,0.0,0.0,0.0,1.0,4.0,1.0,0.0,0.0,0.584884694141695,1.0,0.0,0.0,1.0,0.0,0.0,1.0,0.0,0.0
4945-RVMTE,0,-0.1779947632379461,-0.1732154979362424,-0.2809704316430372,1.0,0.0,1.0,0.0,1.0,0.0,0.0,1.0,1.0,0.0,0.0,1.0,0.0,0.0,1.0,0.0,0.0,1.0,0.0,0.0,0.0,0.0,1.0,1.0,0.0,0.0,0.0,0.0,1.0,1.0,0.0,0.0,1.0,0.0,0.0,0.0,1.0,1.0,0.0,0.0,0.0,1.0,0.0,4.0,0.0,0.0,1.0,1.5785320114582901,0.0,0.0,1.0,0.0,0.0,1.0,0.0,0.0,1.0
0201-OAMXR,0,1.5322605130033284,1.6879971422498155,2.5784317077918333,1.0,0.0,1.0,0.0,1.0,0.0,0.0,1.0,0.0,0.0,1.0,0.0,1.0,0.0,0.0,0.0,1.0,0.0,0.0,1.0,0.0,0.0,1.0,0.0,0.0,1.0,0.0,0.0,1.0,0.0,0.0,1.0,0.0,1.0,0.0,1.0,0.0,0.0,1.0,0.0,0.0,0.0,1.0,9.0,0.0,1.0,0.0,1.6827632676756399,0.0,1.0,0.0,0.0,1.0,0.0,0.0,1.0,0.0
1866-NXPSP,0,0.14776814652229667,0.358559542116917,0.17508505103115266,1.0,0.0,1.0,0.0,1.0,0.0,0.0,1.0,1.0,0.0,0.0,1.0,0.0,0.0,0.0,0.0,1.0,0.0,0.0,1.0,0.0,0.0,1.0,0.0,0.0,1.0,1.0,0.0,0.0,0.0,0.0,1.0,0.0,1.0,0.0,0.0,1.0,0.0,0.0,0.0,1.0,1.0,0.0,7.0,0.0,0.0,1.0,1.1848632817813287,0.0,0.0,1.0,0.0,0.0,1.0,0.0,0.0,1.0
3372-KWFBM,1,-0.6666391278783103,0.7258166791536301,-0.4422023907639453,0.0,1.0,1.0,0.0,1.0,0.0,0.0,1.0,0.0,0.0,1.0,0.0,1.0,0.0,1.0,0.0,0.0,1.0,0.0,0.0,1.0,0.0,0.0,1.0,0.0,0.0,0.0,0.0,1.0,1.0,0.0,0.0,1.0,0.0,0.0,0.0,1.0,0.0,0.0,1.0,0.0,0.0,1.0,4.0,1.0,0.0,0.0,0.6633309871434158,1.0,0.0,0.0,1.0,0.0,0.0,1.0,0.0,0.0
7831-QGOXH,0,-0.5851984004382496,0.6792863631489789,-0.32180233153807086,1.0,0.0,1.0,0.0,1.0,0.0,0.0,1.0,0.0,0.0,1.0,0.0,1.0,0.0,1.0,0.0,0.0,1.0,0.0,0.0,1.0,0.0,0.0,1.0,0.0,0.0,0.0,0.0,1.0,1.0,0.0,0.0,1.0,0.0,0.0,0.0,1.0,0.0,0.0,1.0,0.0,0.0,1.0,4.0,1.0,0.0,0.0,0.5499029582054157,1.0,0.0,0.0,1.0,0.0,0.0,1.0,0.0,0.0
6393-WRYZE,0,0.06632741908223598,1.0930738161903437,0.4077673201250559,1.0,0.0,0.0,1.0,1.0,0.0,0.0,1.0,0.0,0.0,1.0,0.0,1.0,0.0,1.0,0.0,0.0,1.0,0.0,0.0,1.0,0.0,0.0,1.0,0.0,0.0,0.0,0.0,1.0,0.0,0.0,1.0,1.0,0.0,0.0,0.0,1.0,0.0,0.0,1.0,0.0,0.0,1.0,5.0,0.0,0.0,1.0,6.147794166685213,0.0,0.0,1.0,0.0,0.0,1.0,0.0,0.0,1.0
3941-XTSKM,0,0.3920903288424788,-0.6534748309842519,-0.10334835819365258,0.0,1.0,0.0,1.0,0.0,1.0,1.0,0.0,0.0,1.0,0.0,1.0,0.0,0.0,1.0,0.0,0.0,0.0,0.0,1.0,0.0,0.0,1.0,1.0,0.0,0.0,1.0,0.0,0.0,0.0,0.0,1.0,0.0,1.0,0.0,0.0,1.0,0.0,1.0,0.0,0.0,1.0,0.0,4.0,0.0,0.0,1.0,-0.2635830332738773,0.0,0.0,1.0,0.0,0.0,1.0,0.0,0.0,1.0
1661-CZBAU,0,0.6364125111626608,0.20567421810163386,0.5937940147846013,0.0,1.0,1.0,0.0,1.0,0.0,0.0,1.0,0.0,0.0,1.0,1.0,0.0,0.0,0.0,0.0,1.0,1.0,0.0,0.0,1.0,0.0,0.0,0.0,0.0,1.0,1.0,0.0,0.0,0.0,0.0,1.0,0.0,1.0,0.0,0.0,1.0,1.0,0.0,0.0,0.0,1.0,0.0,6.0,0.0,1.0,0.0,0.9330332203868841,0.0,1.0,0.0,0.0,1.0,0.0,0.0,1.0,0.0
6599-RCLCJ,0,0.5956921474426305,1.4885815022298807,1.253523690722349,0.0,1.0,0.0,1.0,1.0,0.0,0.0,1.0,0.0,0.0,1.0,0.0,1.0,0.0,1.0,0.0,0.0,0.0,0.0,1.0,0.0,0.0,1.0,0.0,0.0,1.0,0.0,0.0,1.0,0.0,0.0,1.0,1.0,0.0,0.0,0.0,1.0,0.0,0.0,1.0,0.0,0.0,1.0,8.0,0.0,1.0,0.0,2.104314613015899,0.0,1.0,0.0,0.0,1.0,0.0,0.0,1.0,0.0
9831-BPFRI,0,0.26992923768238775,0.8238627021634315,0.5255202545603284,1.0,0.0,0.0,1.0,0.0,1.0,0.0,1.0,0.0,0.0,1.0,0.0,1.0,0.0,1.0,0.0,0.0,0.0,0.0,1.0,0.0,0.0,1.0,0.0,0.0,1.0,1.0,0.0,0.0,1.0,0.0,0.0,0.0,1.0,0.0,0.0,1.0,0.0,0.0,1.0,0.0,0.0,1.0,6.0,0.0,0.0,1.0,1.9468815570793476,0.0,0.0,1.0,0.0,0.0,1.0,0.0,0.0,1.0
5158-RIVOP,0,-0.8702409464784621,-1.4577845790646555,-0.9181113093676491,1.0,0.0,0.0,1.0,0.0,1.0,0.0,1.0,1.0,0.0,0.0,0.0,0.0,1.0,0.0,1.0,0.0,0.0,1.0,0.0,0.0,1.0,0.0,0.0,1.0,0.0,0.0,1.0,0.0,0.0,1.0,0.0,0.0,0.0,1.0,1.0,0.0,0.0,1.0,0.0,0.0,1.0,0.0,1.0,1.0,0.0,0.0,1.0550081711081285,1.0,0.0,0.0,1.0,0.0,0.0,1.0,0.0,0.0
9788-YTFGE,0,-1.0331224013585834,-1.4893587220678117,-0.942288382455146,0.0,1.0,1.0,0.0,1.0,0.0,0.0,1.0,1.0,0.0,0.0,0.0,0.0,1.0,0.0,1.0,0.0,0.0,1.0,0.0,0.0,1.0,0.0,0.0,1.0,0.0,0.0,1.0,0.0,0.0,1.0,0.0,1.0,0.0,0.0,0.0,1.0,0.0,0.0,0.0,1.0,1.0,0.0,1.0,1.0,0.0,0.0,0.9120781634547966,1.0,0.0,0.0,1.0,0.0,0.0,1.0,0.0,0.0
9277-JOOMO,0,-1.1960038562387048,-1.3348116010523623,-0.96926699594603,1.0,0.0,1.0,0.0,1.0,0.0,0.0,1.0,0.0,0.0,1.0,0.0,0.0,1.0,0.0,1.0,0.0,0.0,1.0,0.0,0.0,1.0,0.0,0.0,1.0,0.0,0.0,1.0,0.0,0.0,1.0,0.0,1.0,0.0,0.0,1.0,0.0,0.0,0.0,0.0,1.0,1.0,0.0,2.0,1.0,0.0,0.0,0.8104212966288117,1.0,0.0,0.0,1.0,0.0,0.0,1.0,0.0,0.0
1907-YLNYW,0,-0.9924020376385531,0.06442147308751339,-0.7519159912643626,0.0,1.0,1.0,0.0,1.0,0.0,0.0,1.0,1.0,0.0,0.0,1.0,0.0,0.0,0.0,0.0,1.0,1.0,0.0,0.0,0.0,0.0,1.0,1.0,0.0,0.0,1.0,0.0,0.0,0.0,0.0,1.0,1.0,0.0,0.0,0.0,1.0,0.0,0.0,1.0,0.0,1.0,0.0,5.0,1.0,0.0,0.0,0.7576727603800236,1.0,0.0,0.0,1.0,0.0,0.0,1.0,0.0,0.0
1725-MIMXW,0,-1.2774445836787656,-1.505976692069473,-0.9987824373612407,0.0,1.0,1.0,0.0,0.0,1.0,0.0,1.0,1.0,0.0,0.0,0.0,0.0,1.0,0.0,1.0,0.0,0.0,1.0,0.0,0.0,1.0,0.0,0.0,1.0,0.0,0.0,1.0,0.0,0.0,1.0,0.0,1.0,0.0,0.0,0.0,1.0,0.0,0.0,0.0,1.0,0.0,1.0,1.0,1.0,0.0,0.0,0.7818596987471365,1.0,0.0,0.0,1.0,0.0,0.0,1.0,0.0,0.0
8947-YRTDV,0,-0.015113308357824713,0.9983513871808745,0.3742370727774324,0.0,1.0,0.0,1.0,0.0,1.0,0.0,1.0,1.0,0.0,0.0,0.0,1.0,0.0,0.0,0.0,1.0,0.0,0.0,1.0,0.0,0.0,1.0,1.0,0.0,0.0,1.0,0.0,0.0,0.0,0.0,1.0,0.0,1.0,0.0,1.0,0.0,0.0,0.0,0.0,1.0,1.0,0.0,6.0,0.0,0.0,1.0,-24.762088082698064,0.0,0.0,1.0,0.0,0.0,1.0,0.0,0.0,1.0
3161-ONRWK,0,1.125056875803025,0.03617092408468901,0.7257531855961039,0.0,1.0,0.0,1.0,0.0,1.0,0.0,1.0,1.0,0.0,0.0,1.0,0.0,0.0,0.0,0.0,1.0,0.0,0.0,1.0,0.0,0.0,1.0,0.0,0.0,1.0,1.0,0.0,0.0,1.0,0.0,0.0,0.0,1.0,0.0,0.0,1.0,1.0,0.0,0.0,0.0,1.0,0.0,6.0,0.0,1.0,0.0,0.6450813298466244,0.0,1.0,0.0,0.0,1.0,0.0,0.0,1.0,0.0
0114-RSRRW,0,-0.9109613101984924,-1.4893587220678117,-0.9245305869848586,1.0,0.0,0.0,1.0,1.0,0.0,0.0,1.0,1.0,0.0,0.0,0.0,0.0,1.0,0.0,1.0,0.0,0.0,1.0,0.0,0.0,1.0,0.0,0.0,1.0,0.0,0.0,1.0,0.0,0.0,1.0,0.0,1.0,0.0,0.0,0.0,1.0,1.0,0.0,0.0,0.0,1.0,0.0,1.0,1.0,0.0,0.0,1.0148955577305578,1.0,0.0,0.0,1.0,0.0,0.0,1.0,0.0,0.0
4565-NLZBV,0,1.5729808767233588,-1.3331498040521963,-0.2528667901161475,1.0,0.0,0.0,1.0,1.0,0.0,0.0,1.0,0.0,0.0,1.0,0.0,0.0,1.0,0.0,1.0,0.0,0.0,1.0,0.0,0.0,1.0,0.0,0.0,1.0,0.0,0.0,1.0,0.0,0.0,1.0,0.0,0.0,0.0,1.0,0.0,1.0,1.0,0.0,0.0,0.0,1.0,0.0,2.0,0.0,1.0,0.0,-0.16075642994649028,0.0,1.0,0.0,0.0,1.0,0.0,0.0,1.0,0.0
0031-PVLZI,0,-1.1552834925186746,-1.4760643460664828,-0.9736788705970331,1.0,0.0,0.0,1.0,0.0,1.0,0.0,1.0,1.0,0.0,0.0,0.0,0.0,1.0,0.0,1.0,0.0,0.0,1.0,0.0,0.0,1.0,0.0,0.0,1.0,0.0,0.0,1.0,0.0,0.0,1.0,0.0,1.0,0.0,0.0,1.0,0.0,0.0,0.0,0.0,1.0,0.0,1.0,1.0,1.0,0.0,0.0,0.842805144280458,1.0,0.0,0.0,1.0,0.0,0.0,1.0,0.0,0.0
7206-GZCDC,1,-1.2774445836787656,0.14917312009598557,-0.9768113015992452,1.0,0.0,1.0,0.0,1.0,0.0,0.0,1.0,1.0,0.0,0.0,0.0,1.0,0.0,1.0,0.0,0.0,1.0,0.0,0.0,1.0,0.0,0.0,1.0,0.0,0.0,1.0,0.0,0.0,1.0,0.0,0.0,1.0,0.0,0.0,0.0,1.0,0.0,0.0,1.0,0.0,0.0,1.0,2.0,1.0,0.0,0.0,0.7646604119501128,1.0,0.0,0.0,1.0,0.0,0.0,1.0,0.0,0.0
6682-VCIXC,0,0.43281069256250915,-0.44907379996381874,-0.05810458364761597,1.0,0.0,0.0,1.0,0.0,1.0,1.0,0.0,0.0,1.0,0.0,1.0,0.0,0.0,0.0,0.0,1.0,0.0,0.0,1.0,1.0,0.0,0.0,0.0,0.0,1.0,0.0,0.0,1.0,1.0,0.0,0.0,0.0,1.0,0.0,0.0,1.0,1.0,0.0,0.0,0.0,1.0,0.0,5.0,0.0,0.0,1.0,-0.1342494181546223,0.0,0.0,1.0,0.0,0.0,1.0,0.0,0.0,1.0
4791-QRGMF,0,1.0843365120829946,1.15456030519649,1.622599064652013,0.0,1.0,0.0,1.0,1.0,0.0,0.0,1.0,0.0,0.0,1.0,0.0,1.0,0.0,1.0,0.0,0.0,1.0,0.0,0.0,0.0,0.0,1.0,1.0,0.0,0.0,0.0,0.0,1.0,0.0,0.0,1.0,0.0,1.0,0.0,0.0,1.0,1.0,0.0,0.0,0.0,0.0,1.0,6.0,0.0,1.0,0.0,1.4963980706828952,0.0,1.0,0.0,0.0,1.0,0.0,0.0,1.0,0.0
6475-VHUIZ,0,-0.38159658183809786,-0.3493659799538514,-0.46843098556415874,1.0,0.0,0.0,1.0,1.0,0.0,0.0,1.0,1.0,0.0,0.0,1.0,0.0,0.0,1.0,0.0,0.0,1.0,0.0,0.0,0.0,0.0,1.0,0.0,0.0,1.0,1.0,0.0,0.0,1.0,0.0,0.0,1.0,0.0,0.0,1.0,0.0,0.0,0.0,1.0,0.0,1.0,0.0,4.0,0.0,0.0,1.0,1.2275555072002784,0.0,0.0,1.0,0.0,0.0,1.0,0.0,0.0,1.0
3910-MRQOY,0,1.6137012404433893,-1.5076384890696393,-0.34714855140808365,1.0,0.0,0.0,1.0,1.0,0.0,0.0,1.0,1.0,0.0,0.0,0.0,0.0,1.0,0.0,1.0,0.0,0.0,1.0,0.0,0.0,1.0,0.0,0.0,1.0,0.0,0.0,1.0,0.0,0.0,1.0,0.0,0.0,0.0,1.0,1.0,0.0,1.0,0.0,0.0,0.0,1.0,0.0,1.0,0.0,1.0,0.0,-0.21512566434707533,0.0,1.0,0.0,0.0,1.0,0.0,0.0,1.0,0.0
0661-WCQNQ,0,-0.4223169455581282,-0.28289409994720643,-0.4372610911548218,0.0,1.0,0.0,1.0,1.0,0.0,0.0,1.0,1.0,0.0,0.0,1.0,0.0,0.0,0.0,0.0,1.0,1.0,0.0,0.0,1.0,0.0,0.0,0.0,0.0,1.0,1.0,0.0,0.0,1.0,0.0,0.0,0.0,1.0,0.0,0.0,1.0,0.0,1.0,0.0,0.0,1.0,0.0,4.0,0.0,0.0,1.0,1.0353860903614551,0.0,0.0,1.0,0.0,0.0,1.0,0.0,0.0,1.0
7537-RBWEA,0,-1.2774445836787656,-1.3165318340505352,-0.9962676688101689,1.0,0.0,1.0,0.0,1.0,0.0,1.0,0.0,0.0,1.0,0.0,1.0,0.0,0.0,1.0,0.0,0.0,1.0,0.0,0.0,1.0,0.0,0.0,1.0,0.0,0.0,1.0,0.0,0.0,1.0,0.0,0.0,1.0,0.0,0.0,0.0,1.0,0.0,0.0,0.0,1.0,1.0,0.0,1.0,1.0,0.0,0.0,0.7798911056800072,1.0,0.0,0.0,1.0,0.0,0.0,1.0,0.0,0.0
4656-CAURT,0,1.4915401492832983,-1.3564149620545218,-0.25156528709410164,0.0,1.0,1.0,0.0,1.0,0.0,0.0,1.0,0.0,0.0,1.0,0.0,0.0,1.0,0.0,1.0,0.0,0.0,1.0,0.0,0.0,1.0,0.0,0.0,1.0,0.0,0.0,1.0,0.0,0.0,1.0,0.0,0.0,0.0,1.0,1.0,0.0,1.0,0.0,0.0,0.0,1.0,0.0,2.0,0.0,1.0,0.0,-0.16866142504778137,0.0,1.0,0.0,0.0,1.0,0.0,0.0,1.0,0.0
0121-SNYRK,0,0.7178532386027215,-0.9758634490164798,-0.2357707758435105,0.0,1.0,1.0,0.0,1.0,0.0,1.0,0.0,0.0,1.0,0.0,1.0,0.0,0.0,0.0,0.0,1.0,1.0,0.0,0.0,1.0,0.0,0.0,0.0,0.0,1.0,1.0,0.0,0.0,1.0,0.0,0.0,0.0,1.0,0.0,0.0,1.0,0.0,0.0,0.0,1.0,1.0,0.0,3.0,0.0,1.0,0.0,-0.32843868797253156,0.0,1.0,0.0,0.0,1.0,0.0,0.0,1.0,0.0
1768-ZAIFU,1,-1.2774445836787656,-1.3148700370503688,-0.996245609436914,1.0,0.0,1.0,0.0,1.0,0.0,1.0,0.0,0.0,1.0,0.0,1.0,0.0,0.0,1.0,0.0,0.0,1.0,0.0,0.0,1.0,0.0,0.0,1.0,0.0,0.0,1.0,0.0,0.0,1.0,0.0,0.0,1.0,0.0,0.0,0.0,1.0,0.0,0.0,1.0,0.0,0.0,1.0,1.0,1.0,0.0,0.0,0.7798738373197692,1.0,0.0,0.0,1.0,0.0,0.0,1.0,0.0,0.0
4671-LXRDQ,0,-1.2367242199587352,-0.6567984249845842,-0.9648110025485169,0.0,1.0,1.0,0.0,1.0,0.0,0.0,1.0,1.0,0.0,0.0,1.0,0.0,0.0,1.0,0.0,0.0,1.0,0.0,0.0,1.0,0.0,0.0,1.0,0.0,0.0,1.0,0.0,0.0,1.0,0.0,0.0,1.0,0.0,0.0,0.0,1.0,0.0,0.0,0.0,1.0,0.0,1.0,2.0,1.0,0.0,0.0,0.7801343152968323,1.0,0.0,0.0,1.0,0.0,0.0,1.0,0.0,0.0
3733-LSYCE,0,-0.7073594915983407,0.35191235411625243,-0.5156380443298918,1.0,0.0,0.0,1.0,1.0,0.0,0.0,1.0,1.0,0.0,0.0,0.0,1.0,0.0,1.0,0.0,0.0,0.0,0.0,1.0,1.0,0.0,0.0,1.0,0.0,0.0,1.0,0.0,0.0,1.0,0.0,0.0,1.0,0.0,0.0,1.0,0.0,1.0,0.0,0.0,0.0,1.0,0.0,3.0,1.0,0.0,0.0,0.7289617944685559,1.0,0.0,0.0,1.0,0.0,0.0,1.0,0.0,0.0
6265-FRMTQ,0,-0.055833672077855064,-1.4744025490663168,-0.7386362485648432,0.0,1.0,1.0,0.0,1.0,0.0,0.0,1.0,1.0,0.0,0.0,0.0,0.0,1.0,0.0,1.0,0.0,0.0,1.0,0.0,0.0,1.0,0.0,0.0,1.0,0.0,0.0,1.0,0.0,0.0,1.0,0.0,0.0,0.0,1.0,1.0,0.0,1.0,0.0,0.0,0.0,1.0,0.0,1.0,0.0,0.0,1.0,13.229225681858807,0.0,0.0,1.0,0.0,0.0,1.0,0.0,0.0,1.0
1934-SJVJK,0,-1.2774445836787656,-1.4827115340671475,-0.9984736061356704,0.0,1.0,1.0,0.0,1.0,0.0,0.0,1.0,1.0,0.0,0.0,0.0,0.0,1.0,0.0,1.0,0.0,0.0,1.0,0.0,0.0,1.0,0.0,0.0,1.0,0.0,0.0,1.0,0.0,0.0,1.0,0.0,1.0,0.0,0.0,1.0,0.0,0.0,0.0,0.0,1.0,0.0,1.0,1.0,1.0,0.0,0.0,0.7816179417038046,1.0,0.0,0.0,1.0,0.0,0.0,1.0,0.0,0.0
3838-OZURD,0,1.369379058123207,1.3373579752147637,2.1397369518693403,0.0,1.0,0.0,1.0,1.0,0.0,0.0,1.0,0.0,0.0,1.0,0.0,1.0,0.0,1.0,0.0,0.0,0.0,0.0,1.0,0.0,0.0,1.0,1.0,0.0,0.0,0.0,0.0,1.0,0.0,0.0,1.0,1.0,0.0,0.0,0.0,1.0,0.0,1.0,0.0,0.0,0.0,1.0,7.0,0.0,1.0,0.0,1.562560007892878,0.0,1.0,0.0,0.0,1.0,0.0,0.0,1.0,0.0
1371-DWPAZ,0,-1.318164947398796,-0.28954128794787104,,1.0,0.0,0.0,1.0,0.0,1.0,1.0,0.0,0.0,1.0,0.0,1.0,0.0,0.0,0.0,0.0,1.0,0.0,0.0,1.0,0.0,0.0,1.0,0.0,0.0,1.0,0.0,0.0,1.0,1.0,0.0,0.0,0.0,0.0,1.0,1.0,0.0,0.0,1.0,0.0,0.0,1.0,0.0,6.0,1.0,0.0,0.0,,1.0,0.0,0.0,1.0,0.0,0.0,1.0,0.0,0.0
9269-CQOOL,0,-1.1960038562387048,-0.33440980695235617,-0.9326043175961943,0.0,1.0,1.0,0.0,0.0,1.0,0.0,1.0,1.0,0.0,0.0,1.0,0.0,0.0,1.0,0.0,0.0,1.0,0.0,0.0,1.0,0.0,0.0,1.0,0.0,0.0,0.0,0.0,1.0,1.0,0.0,0.0,1.0,0.0,0.0,0.0,1.0,0.0,1.0,0.0,0.0,0.0,1.0,3.0,1.0,0.0,0.0,0.7797669821309173,1.0,0.0,0.0,1.0,0.0,0.0,1.0,0.0,0.0
2017-CCBLH,0,-0.9924020376385531,-1.4876969250676457,-0.9448913884992379,1.0,0.0,1.0,0.0,1.0,0.0,0.0,1.0,1.0,0.0,0.0,0.0,0.0,1.0,0.0,1.0,0.0,0.0,1.0,0.0,0.0,1.0,0.0,0.0,1.0,0.0,0.0,1.0,0.0,0.0,1.0,0.0,0.0,0.0,1.0,1.0,0.0,0.0,0.0,0.0,1.0,1.0,0.0,1.0,1.0,0.0,0.0,0.9521256029941575,1.0,0.0,0.0,1.0,0.0,0.0,1.0,0.0,0.0
7690-KPNCU,0,1.2879383306831464,0.27546969210861083,1.0612100746851238,0.0,1.0,0.0,1.0,0.0,1.0,0.0,1.0,1.0,0.0,0.0,1.0,0.0,0.0,0.0,0.0,1.0,1.0,0.0,0.0,0.0,0.0,1.0,1.0,0.0,0.0,0.0,0.0,1.0,0.0,0.0,1.0,0.0,1.0,0.0,0.0,1.0,0.0,1.0,0.0,0.0,1.0,0.0,6.0,0.0,1.0,0.0,0.8239603165799393,0.0,1.0,0.0,0.0,1.0,0.0,0.0,1.0,0.0
0536-BGFMZ,0,-0.1779947632379461,-1.4710789550659844,-0.7589529313327125,1.0,0.0,0.0,1.0,1.0,0.0,0.0,1.0,1.0,0.0,0.0,0.0,0.0,1.0,0.0,1.0,0.0,0.0,1.0,0.0,0.0,1.0,0.0,0.0,1.0,0.0,0.0,1.0,0.0,0.0,1.0,0.0,1.0,0.0,0.0,1.0,0.0,0.0,0.0,0.0,1.0,1.0,0.0,1.0,0.0,0.0,1.0,4.263905957267589,0.0,0.0,1.0,0.0,0.0,1.0,0.0,0.0,1.0
2293-IJWPS,0,1.002895784642934,1.1961052302006432,1.6331434450679103,1.0,0.0,0.0,1.0,1.0,0.0,0.0,1.0,0.0,0.0,1.0,0.0,1.0,0.0,1.0,0.0,0.0,1.0,0.0,0.0,0.0,0.0,1.0,1.0,0.0,0.0,0.0,0.0,1.0,0.0,0.0,1.0,0.0,1.0,0.0,0.0,1.0,0.0,1.0,0.0,0.0,1.0,0.0,6.0,0.0,1.0,0.0,1.628427868653737,0.0,1.0,0.0,0.0,1.0,0.0,0.0,1.0,0.0
2845-HSJCY,0,-0.748079855318371,0.7474200401557899,-0.45208498998219226,1.0,0.0,0.0,1.0,0.0,1.0,0.0,1.0,0.0,0.0,1.0,0.0,1.0,0.0,1.0,0.0,0.0,1.0,0.0,0.0,0.0,0.0,1.0,1.0,0.0,0.0,1.0,0.0,0.0,0.0,0.0,1.0,1.0,0.0,0.0,0.0,1.0,0.0,0.0,1.0,0.0,0.0,1.0,5.0,1.0,0.0,0.0,0.6043271808058406,1.0,0.0,0.0,1.0,0.0,0.0,1.0,0.0,0.0
5469-NUJUR,0,-0.5444780367182193,-1.4893587220678117,-0.8425800153424762,0.0,1.0,1.0,0.0,1.0,0.0,0.0,1.0,1.0,0.0,0.0,0.0,0.0,1.0,0.0,1.0,0.0,0.0,1.0,0.0,0.0,1.0,0.0,0.0,1.0,0.0,0.0,1.0,0.0,0.0,1.0,0.0,0.0,0.0,1.0,0.0,1.0,0.0,0.0,0.0,1.0,1.0,0.0,1.0,1.0,0.0,0.0,1.5475004656221458,1.0,0.0,0.0,1.0,0.0,0.0,1.0,0.0,0.0
1184-PJVDB,0,-0.9109613101984924,0.5047976781315361,-0.6291776384734564,0.0,1.0,0.0,1.0,1.0,0.0,0.0,1.0,1.0,0.0,0.0,0.0,1.0,0.0,1.0,0.0,0.0,1.0,0.0,0.0,1.0,0.0,0.0,1.0,0.0,0.0,0.0,0.0,1.0,1.0,0.0,0.0,1.0,0.0,0.0,0.0,1.0,0.0,0.0,1.0,0.0,0.0,1.0,3.0,1.0,0.0,0.0,0.6906743803821513,1.0,0.0,0.0,1.0,0.0,0.0,1.0,0.0,0.0
2625-TRCZQ,0,0.758573602322752,-0.5022513039691348,0.11914248045643334,1.0,0.0,0.0,1.0,1.0,0.0,1.0,0.0,0.0,1.0,0.0,1.0,0.0,0.0,1.0,0.0,0.0,0.0,0.0,1.0,1.0,0.0,0.0,1.0,0.0,0.0,0.0,0.0,1.0,0.0,0.0,1.0,1.0,0.0,0.0,0.0,1.0,0.0,0.0,1.0,0.0,1.0,0.0,4.0,0.0,1.0,0.0,0.15706120024690964,0.0,1.0,0.0,0.0,1.0,0.0,0.0,1.0,0.0
4102-HLENU,0,1.4100994218432374,0.0295237360840249,0.8998236999514311,1.0,0.0,0.0,1.0,1.0,0.0,0.0,1.0,0.0,0.0,1.0,1.0,0.0,0.0,0.0,0.0,1.0,0.0,0.0,1.0,0.0,0.0,1.0,1.0,0.0,0.0,1.0,0.0,0.0,1.0,0.0,0.0,0.0,0.0,1.0,1.0,0.0,0.0,0.0,0.0,1.0,1.0,0.0,6.0,0.0,1.0,0.0,0.6381278412093879,0.0,1.0,0.0,0.0,1.0,0.0,0.0,1.0,0.0
7266-GSSJX,0,-0.8702409464784621,-1.4727407520661506,-0.8967137173102842,0.0,1.0,0.0,1.0,0.0,1.0,0.0,1.0,1.0,0.0,0.0,0.0,0.0,1.0,0.0,1.0,0.0,0.0,1.0,0.0,0.0,1.0,0.0,0.0,1.0,0.0,0.0,1.0,0.0,0.0,1.0,0.0,1.0,0.0,0.0,0.0,1.0,0.0,0.0,1.0,0.0,1.0,0.0,1.0,1.0,0.0,0.0,1.0304200473891139,1.0,0.0,0.0,1.0,0.0,0.0,1.0,0.0,0.0
7722-VJRQD,0,1.6137012404433893,-0.12668518193159078,0.999620304557121,0.0,1.0,0.0,1.0,0.0,1.0,1.0,0.0,0.0,1.0,0.0,1.0,0.0,0.0,0.0,0.0,1.0,1.0,0.0,0.0,0.0,0.0,1.0,0.0,0.0,1.0,0.0,0.0,1.0,0.0,0.0,1.0,0.0,0.0,1.0,1.0,0.0,1.0,0.0,0.0,0.0,1.0,0.0,6.0,0.0,1.0,0.0,0.6194581001142814,0.0,1.0,0.0,0.0,1.0,0.0,0.0,1.0,0.0
7073-QETQY,0,1.369379058123207,-1.4760643460664828,-0.407569174753571,0.0,1.0,0.0,1.0,0.0,1.0,0.0,1.0,1.0,0.0,0.0,0.0,0.0,1.0,0.0,1.0,0.0,0.0,1.0,0.0,0.0,1.0,0.0,0.0,1.0,0.0,0.0,1.0,0.0,0.0,1.0,0.0,0.0,1.0,0.0,0.0,1.0,0.0,0.0,1.0,0.0,1.0,0.0,1.0,0.0,1.0,0.0,-0.2976306467780821,0.0,1.0,0.0,0.0,1.0,0.0,0.0,1.0,0.0
9415-DPEWS,0,-0.5851984004382496,0.7839795741594444,-0.2841249220185045,1.0,0.0,1.0,0.0,1.0,0.0,0.0,1.0,0.0,0.0,1.0,0.0,1.0,0.0,1.0,0.0,0.0,1.0,0.0,0.0,1.0,0.0,0.0,0.0,0.0,1.0,0.0,0.0,1.0,1.0,0.0,0.0,1.0,0.0,0.0,0.0,1.0,0.0,0.0,1.0,0.0,0.0,1.0,5.0,1.0,0.0,0.0,0.4855189655435251,1.0,0.0,0.0,1.0,0.0,0.0,1.0,0.0,0.0
5624-RYAMH,0,-0.9516816739185228,-1.504314895069307,-0.9284571554242514,1.0,0.0,1.0,0.0,1.0,0.0,0.0,1.0,1.0,0.0,0.0,0.0,0.0,1.0,0.0,1.0,0.0,0.0,1.0,0.0,0.0,1.0,0.0,0.0,1.0,0.0,0.0,1.0,0.0,0.0,1.0,0.0,1.0,0.0,0.0,0.0,1.0,0.0,0.0,1.0,0.0,1.0,0.0,1.0,1.0,0.0,0.0,0.975596337377555,1.0,0.0,0.0,1.0,0.0,0.0,1.0,0.0,0.0
0196-JTUQI,0,-0.9516816739185228,0.3469269631157543,-0.7277168588036106,1.0,0.0,1.0,0.0,1.0,0.0,0.0,1.0,0.0,0.0,1.0,0.0,1.0,0.0,1.0,0.0,0.0,1.0,0.0,0.0,1.0,0.0,0.0,1.0,0.0,0.0,1.0,0.0,0.0,1.0,0.0,0.0,1.0,0.0,0.0,0.0,1.0,0.0,1.0,0.0,0.0,1.0,0.0,3.0,1.0,0.0,0.0,0.7646641505738538,1.0,0.0,0.0,1.0,0.0,0.0,1.0,0.0,0.0
7130-YXBRO,0,0.6364125111626608,1.5517297882361936,1.3375919621972132,0.0,1.0,0.0,1.0,1.0,0.0,0.0,1.0,0.0,0.0,1.0,0.0,1.0,0.0,0.0,0.0,1.0,0.0,0.0,1.0,0.0,0.0,1.0,1.0,0.0,0.0,0.0,0.0,1.0,0.0,0.0,1.0,1.0,0.0,0.0,0.0,1.0,1.0,0.0,0.0,0.0,1.0,0.0,8.0,0.0,1.0,0.0,2.1017688036232487,0.0,1.0,0.0,0.0,1.0,0.0,0.0,1.0,0.0
9272-LSVYH,0,-0.9109613101984924,0.179085466098976,-0.6828701529761642,0.0,1.0,1.0,0.0,1.0,0.0,0.0,1.0,1.0,0.0,0.0,0.0,1.0,0.0,1.0,0.0,0.0,1.0,0.0,0.0,1.0,0.0,0.0,1.0,0.0,0.0,1.0,0.0,0.0,1.0,0.0,0.0,1.0,0.0,0.0,1.0,0.0,0.0,0.0,0.0,1.0,1.0,0.0,2.0,1.0,0.0,0.0,0.7496148797223576,1.0,0.0,0.0,1.0,0.0,0.0,1.0,0.0,0.0
7943-RQCHR,0,-0.9516816739185228,0.9966895901807084,-0.6147508083646763,1.0,0.0,1.0,0.0,1.0,0.0,0.0,1.0,0.0,0.0,1.0,0.0,1.0,0.0,1.0,0.0,0.0,1.0,0.0,0.0,1.0,0.0,0.0,1.0,0.0,0.0,0.0,0.0,1.0,0.0,0.0,1.0,1.0,0.0,0.0,0.0,1.0,0.0,0.0,1.0,0.0,0.0,1.0,5.0,1.0,0.0,0.0,0.6459626419341007,1.0,0.0,0.0,1.0,0.0,0.0,1.0,0.0,0.0
3793-MMFUH,1,-0.7888002190384014,1.0066603721817051,-0.43823170357804253,1.0,0.0,1.0,0.0,1.0,0.0,0.0,1.0,0.0,0.0,1.0,0.0,1.0,0.0,1.0,0.0,0.0,1.0,0.0,0.0,1.0,0.0,0.0,1.0,0.0,0.0,0.0,0.0,1.0,0.0,0.0,1.0,1.0,0.0,0.0,0.0,1.0,0.0,0.0,1.0,0.0,0.0,1.0,5.0,1.0,0.0,0.0,0.5555674212569001,1.0,0.0,0.0,1.0,0.0,0.0,1.0,0.0,0.0
3249-ZPQRG,0,-1.1552834925186746,0.45494376812655235,-0.8617496107010846,0.0,1.0,1.0,0.0,1.0,0.0,0.0,1.0,0.0,0.0,1.0,0.0,1.0,0.0,1.0,0.0,0.0,0.0,0.0,1.0,1.0,0.0,0.0,1.0,0.0,0.0,1.0,0.0,0.0,1.0,0.0,0.0,1.0,0.0,0.0,1.0,0.0,0.0,0.0,1.0,0.0,0.0,1.0,4.0,1.0,0.0,0.0,0.7459204743091703,1.0,0.0,0.0,1.0,0.0,0.0,1.0,0.0,0.0
2568-BRGYX,0,-1.1552834925186746,0.18074726309914202,-0.9023829762368231,0.0,1.0,1.0,0.0,1.0,0.0,0.0,1.0,1.0,0.0,0.0,0.0,1.0,0.0,1.0,0.0,0.0,1.0,0.0,0.0,1.0,0.0,0.0,1.0,0.0,0.0,1.0,0.0,0.0,1.0,0.0,0.0,1.0,0.0,0.0,0.0,1.0,0.0,0.0,1.0,0.0,0.0,1.0,2.0,1.0,0.0,0.0,0.7810922445273635,1.0,0.0,0.0,1.0,0.0,0.0,1.0,0.0,0.0
3084-DOWLE,0,1.6137012404433893,0.9052907551715716,1.8490605904880015,1.0,0.0,0.0,1.0,1.0,0.0,0.0,1.0,0.0,0.0,1.0,1.0,0.0,0.0,0.0,0.0,1.0,0.0,0.0,1.0,0.0,0.0,1.0,0.0,0.0,1.0,0.0,0.0,1.0,0.0,0.0,1.0,0.0,0.0,1.0,1.0,0.0,1.0,0.0,0.0,0.0,1.0,0.0,9.0,0.0,1.0,0.0,1.145850634644083,0.0,1.0,0.0,0.0,1.0,0.0,0.0,1.0,0.0
1084-MNSMJ,0,0.758573602322752,0.6892571451499756,0.9435453777428715,1.0,0.0,0.0,1.0,0.0,1.0,0.0,1.0,1.0,0.0,0.0,1.0,0.0,0.0,0.0,0.0,1.0,0.0,0.0,1.0,0.0,0.0,1.0,0.0,0.0,1.0,0.0,0.0,1.0,0.0,0.0,1.0,0.0,0.0,1.0,1.0,0.0,0.0,1.0,0.0,0.0,1.0,0.0,8.0,0.0,1.0,0.0,1.2438415664000646,0.0,1.0,0.0,0.0,1.0,0.0,0.0,1.0,0.0
7721-JXEAW,0,1.0843365120829946,-0.788080387997708,0.07473696209408716,0.0,1.0,0.0,1.0,1.0,0.0,1.0,0.0,0.0,1.0,0.0,1.0,0.0,0.0,1.0,0.0,0.0,0.0,0.0,1.0,1.0,0.0,0.0,1.0,0.0,0.0,1.0,0.0,0.0,0.0,0.0,1.0,1.0,0.0,0.0,0.0,1.0,1.0,0.0,0.0,0.0,0.0,1.0,3.0,0.0,1.0,0.0,0.06892414048708785,0.0,1.0,0.0,0.0,1.0,0.0,0.0,1.0,0.0
7249-WBIYX,0,-0.9109613101984924,0.6925807391503077,-0.6483031150855549,0.0,1.0,0.0,1.0,1.0,0.0,0.0,1.0,0.0,0.0,1.0,0.0,1.0,0.0,1.0,0.0,0.0,1.0,0.0,0.0,1.0,0.0,0.0,1.0,0.0,0.0,0.0,0.0,1.0,1.0,0.0,0.0,1.0,0.0,0.0,0.0,1.0,0.0,0.0,1.0,0.0,0.0,1.0,4.0,1.0,0.0,0.0,0.7116692090296283,1.0,0.0,0.0,1.0,0.0,0.0,1.0,0.0,0.0
4238-HFHSN,1,1.1657772395230555,0.5779167461388456,1.1565948046398111,0.0,1.0,0.0,1.0,1.0,0.0,0.0,1.0,0.0,0.0,1.0,0.0,1.0,0.0,1.0,0.0,0.0,0.0,0.0,1.0,1.0,0.0,0.0,1.0,0.0,0.0,1.0,0.0,0.0,1.0,0.0,0.0,1.0,0.0,0.0,0.0,1.0,0.0,0.0,1.0,0.0,1.0,0.0,4.0,0.0,1.0,0.0,0.9921233366273293,0.0,1.0,0.0,0.0,1.0,0.0,0.0,1.0,0.0
6250-CGGUN,0,0.880734693482843,0.6526976111463211,0.9709431193256008,0.0,1.0,1.0,0.0,1.0,0.0,0.0,1.0,1.0,0.0,0.0,0.0,1.0,0.0,0.0,0.0,1.0,1.0,0.0,0.0,0.0,0.0,1.0,0.0,0.0,1.0,1.0,0.0,0.0,1.0,0.0,0.0,0.0,1.0,0.0,1.0,0.0,0.0,0.0,1.0,0.0,1.0,0.0,5.0,0.0,1.0,0.0,1.1024240631262419,0.0,1.0,0.0,0.0,1.0,0.0,0.0,1.0,0.0
5478-JJVZK,0,0.025607055362205634,-0.12834697893175703,-0.11005440766317741,1.0,0.0,1.0,0.0,1.0,0.0,0.0,1.0,0.0,0.0,1.0,1.0,0.0,0.0,0.0,0.0,1.0,0.0,0.0,1.0,1.0,0.0,0.0,1.0,0.0,0.0,1.0,0.0,0.0,1.0,0.0,0.0,1.0,0.0,0.0,0.0,1.0,0.0,0.0,0.0,1.0,1.0,0.0,5.0,0.0,0.0,1.0,-4.297815820932329,0.0,0.0,1.0,0.0,0.0,1.0,0.0,0.0,1.0
7596-IIWYC,0,-0.21871512695797646,-1.479387940066815,-0.7699164398404551,1.0,0.0,1.0,0.0,1.0,0.0,0.0,1.0,1.0,0.0,0.0,0.0,0.0,1.0,0.0,1.0,0.0,0.0,1.0,0.0,0.0,1.0,0.0,0.0,1.0,0.0,0.0,1.0,0.0,0.0,1.0,0.0,0.0,0.0,1.0,0.0,1.0,1.0,0.0,0.0,0.0,1.0,0.0,1.0,0.0,0.0,1.0,3.5201791963314246,0.0,0.0,1.0,0.0,0.0,1.0,0.0,0.0,1.0
6567-HOOPW,1,-1.2774445836787656,0.47987072312904416,-0.9724214863214973,1.0,0.0,1.0,0.0,1.0,0.0,0.0,1.0,1.0,0.0,0.0,0.0,1.0,0.0,1.0,0.0,0.0,1.0,0.0,0.0,1.0,0.0,0.0,1.0,0.0,0.0,0.0,0.0,1.0,1.0,0.0,0.0,1.0,0.0,0.0,0.0,1.0,0.0,0.0,1.0,0.0,0.0,1.0,3.0,1.0,0.0,0.0,0.7612240082627558,1.0,0.0,0.0,1.0,0.0,0.0,1.0,0.0,0.0
9793-WECQC,0,-0.38159658183809786,1.0149693571825356,-0.03988354133897311,0.0,1.0,1.0,0.0,1.0,0.0,0.0,1.0,1.0,0.0,0.0,0.0,1.0,0.0,1.0,0.0,0.0,0.0,0.0,1.0,1.0,0.0,0.0,1.0,0.0,0.0,0.0,0.0,1.0,0.0,0.0,1.0,1.0,0.0,0.0,1.0,0.0,0.0,0.0,0.0,1.0,1.0,0.0,5.0,0.0,0.0,1.0,0.10451755397508965,0.0,0.0,1.0,0.0,0.0,1.0,0.0,0.0,1.0
4291-HPAXL,0,-1.2774445836787656,-1.4926823160681442,-0.9986059623752006,0.0,1.0,1.0,0.0,0.0,1.0,0.0,1.0,1.0,0.0,0.0,0.0,0.0,1.0,0.0,1.0,0.0,0.0,1.0,0.0,0.0,1.0,0.0,0.0,1.0,0.0,0.0,1.0,0.0,0.0,1.0,0.0,1.0,0.0,0.0,1.0,0.0,0.0,0.0,0.0,1.0,1.0,0.0,1.0,1.0,0.0,0.0,0.7817215518652326,1.0,0.0,0.0,1.0,0.0,0.0,1.0,0.0,0.0
8999-YPYBV,0,0.5142514200025698,0.6510358141461546,0.6947597661728072,0.0,1.0,0.0,1.0,0.0,1.0,0.0,1.0,1.0,0.0,0.0,1.0,0.0,0.0,0.0,0.0,1.0,0.0,0.0,1.0,0.0,0.0,1.0,0.0,0.0,1.0,0.0,0.0,1.0,0.0,0.0,1.0,0.0,0.0,1.0,0.0,1.0,0.0,0.0,0.0,1.0,1.0,0.0,8.0,0.0,1.0,0.0,1.3510118575255181,0.0,1.0,0.0,0.0,1.0,0.0,0.0,1.0,0.0
1839-FBNFR,0,0.26992923768238775,-1.4926823160681442,-0.6302364883896973,1.0,0.0,0.0,1.0,0.0,1.0,0.0,1.0,1.0,0.0,0.0,0.0,0.0,1.0,0.0,1.0,0.0,0.0,1.0,0.0,0.0,1.0,0.0,0.0,1.0,0.0,0.0,1.0,0.0,0.0,1.0,0.0,0.0,0.0,1.0,0.0,1.0,1.0,0.0,0.0,0.0,1.0,0.0,1.0,0.0,0.0,1.0,-2.3348211323860553,0.0,0.0,1.0,0.0,0.0,1.0,0.0,0.0,1.0
3164-AALRN,0,-1.1145631287986442,0.17410007509847744,-0.8540950081815941,0.0,1.0,1.0,0.0,1.0,0.0,0.0,1.0,1.0,0.0,0.0,1.0,0.0,0.0,1.0,0.0,0.0,1.0,0.0,0.0,0.0,0.0,1.0,1.0,0.0,0.0,0.0,0.0,1.0,0.0,0.0,1.0,0.0,1.0,0.0,0.0,1.0,0.0,0.0,0.0,1.0,0.0,1.0,5.0,1.0,0.0,0.0,0.7663047395998096,1.0,0.0,0.0,1.0,0.0,0.0,1.0,0.0,0.0
3071-MVJCD,0,1.6137012404433893,0.5829021371393436,1.5582077541206225,0.0,1.0,0.0,1.0,0.0,1.0,0.0,1.0,0.0,0.0,1.0,1.0,0.0,0.0,0.0,0.0,1.0,0.0,0.0,1.0,0.0,0.0,1.0,0.0,0.0,1.0,0.0,0.0,1.0,1.0,0.0,0.0,0.0,0.0,1.0,1.0,0.0,1.0,0.0,0.0,0.0,1.0,0.0,8.0,0.0,1.0,0.0,0.9656110530673453,0.0,1.0,0.0,0.0,1.0,0.0,0.0,1.0,0.0
1697-BCSHV,0,1.0436161483629645,0.06774506708784545,0.7443271778768269,1.0,0.0,0.0,1.0,0.0,1.0,0.0,1.0,0.0,0.0,1.0,1.0,0.0,0.0,1.0,0.0,0.0,0.0,0.0,1.0,1.0,0.0,0.0,1.0,0.0,0.0,0.0,0.0,1.0,1.0,0.0,0.0,1.0,0.0,0.0,0.0,1.0,1.0,0.0,0.0,0.0,1.0,0.0,5.0,0.0,1.0,0.0,0.7132192991114523,0.0,1.0,0.0,0.0,1.0,0.0,0.0,1.0,0.0
0562-KBDVM,0,1.5322605130033284,-0.6700928009859131,0.34185391283906963,1.0,0.0,1.0,0.0,1.0,0.0,1.0,0.0,0.0,1.0,0.0,1.0,0.0,0.0,0.0,0.0,1.0,0.0,0.0,1.0,0.0,0.0,1.0,0.0,0.0,1.0,1.0,0.0,0.0,1.0,0.0,0.0,0.0,0.0,1.0,0.0,1.0,1.0,0.0,0.0,0.0,1.0,0.0,5.0,0.0,1.0,0.0,0.22310430239373208,0.0,1.0,0.0,0.0,1.0,0.0,0.0,1.0,0.0
1131-SUEKT,0,1.1657772395230555,1.1196625681930017,1.7038216769769798,0.0,1.0,0.0,1.0,0.0,1.0,0.0,1.0,1.0,0.0,0.0,0.0,1.0,0.0,1.0,0.0,0.0,0.0,0.0,1.0,1.0,0.0,0.0,0.0,0.0,1.0,0.0,0.0,1.0,0.0,0.0,1.0,0.0,1.0,0.0,0.0,1.0,1.0,0.0,0.0,0.0,1.0,0.0,6.0,0.0,1.0,0.0,1.4615328033630592,0.0,1.0,0.0,0.0,1.0,0.0,0.0,1.0,0.0
3717-OEAUQ,0,-1.2367242199587352,0.19736523310080326,-0.9503621130664818,0.0,1.0,1.0,0.0,1.0,0.0,0.0,1.0,1.0,0.0,0.0,0.0,1.0,0.0,1.0,0.0,0.0,1.0,0.0,0.0,1.0,0.0,0.0,1.0,0.0,0.0,1.0,0.0,0.0,1.0,0.0,0.0,1.0,0.0,0.0,1.0,0.0,0.0,0.0,0.0,1.0,1.0,0.0,2.0,1.0,0.0,0.0,0.768451120895968,1.0,0.0,0.0,1.0,0.0,0.0,1.0,0.0,0.0
4538-WNTMJ,0,0.5549717837226001,-1.3231790220511994,-0.4929830679969909,1.0,0.0,0.0,1.0,0.0,1.0,0.0,1.0,0.0,0.0,1.0,0.0,0.0,1.0,0.0,1.0,0.0,0.0,1.0,0.0,0.0,1.0,0.0,0.0,1.0,0.0,0.0,1.0,0.0,0.0,1.0,0.0,0.0,1.0,0.0,1.0,0.0,0.0,0.0,0.0,1.0,1.0,0.0,2.0,0.0,1.0,0.0,-0.8883029416201923,0.0,1.0,0.0,0.0,1.0,0.0,0.0,1.0,0.0
3334-CTHOL,0,-1.2774445836787656,-0.4922805219681379,-0.9853262196756813,1.0,0.0,1.0,0.0,1.0,0.0,0.0,1.0,0.0,0.0,1.0,1.0,0.0,0.0,1.0,0.0,0.0,1.0,0.0,0.0,1.0,0.0,0.0,1.0,0.0,0.0,1.0,0.0,0.0,1.0,0.0,0.0,1.0,0.0,0.0,0.0,1.0,1.0,0.0,0.0,0.0,0.0,1.0,3.0,1.0,0.0,0.0,0.7713259990019714,1.0,0.0,0.0,1.0,0.0,0.0,1.0,0.0,0.0
4704-ERYFC,0,-0.4223169455581282,0.14917312009598557,-0.32175821279156086,1.0,0.0,0.0,1.0,1.0,0.0,0.0,1.0,1.0,0.0,0.0,0.0,1.0,0.0,1.0,0.0,0.0,1.0,0.0,0.0,1.0,0.0,0.0,1.0,0.0,0.0,1.0,0.0,0.0,1.0,0.0,0.0,1.0,0.0,0.0,0.0,1.0,0.0,0.0,1.0,0.0,0.0,1.0,2.0,0.0,0.0,1.0,0.7618879994652586,0.0,0.0,1.0,0.0,0.0,1.0,0.0,0.0,1.0
9432-RUVSL,0,0.6364125111626608,1.2542681252064576,1.1563300921607509,1.0,0.0,1.0,0.0,1.0,0.0,0.0,1.0,1.0,0.0,0.0,0.0,1.0,0.0,0.0,0.0,1.0,1.0,0.0,0.0,0.0,0.0,1.0,0.0,0.0,1.0,0.0,0.0,1.0,0.0,0.0,1.0,0.0,0.0,1.0,0.0,1.0,0.0,1.0,0.0,0.0,1.0,0.0,7.0,0.0,1.0,0.0,1.8169505971028972,0.0,1.0,0.0,0.0,1.0,0.0,0.0,1.0,0.0
8060-HIWJJ,0,1.2879383306831464,0.7241548821534641,1.4776469229933062,0.0,1.0,1.0,0.0,1.0,0.0,0.0,1.0,0.0,0.0,1.0,1.0,0.0,0.0,1.0,0.0,0.0,0.0,0.0,1.0,0.0,0.0,1.0,0.0,0.0,1.0,0.0,0.0,1.0,0.0,0.0,1.0,0.0,0.0,1.0,1.0,0.0,0.0,1.0,0.0,0.0,1.0,0.0,8.0,0.0,1.0,0.0,1.1472963322782193,0.0,1.0,0.0,0.0,1.0,0.0,0.0,1.0,0.0
7684-XSZIY,0,1.6137012404433893,-1.3447823830533592,-0.2823822315313582,0.0,1.0,0.0,1.0,0.0,1.0,0.0,1.0,0.0,0.0,1.0,0.0,0.0,1.0,0.0,1.0,0.0,0.0,1.0,0.0,0.0,1.0,0.0,0.0,1.0,0.0,0.0,1.0,0.0,0.0,1.0,0.0,0.0,0.0,1.0,1.0,0.0,1.0,0.0,0.0,0.0,1.0,0.0,2.0,0.0,1.0,0.0,-0.17499040370928223,0.0,1.0,0.0,0.0,1.0,0.0,0.0,1.0,0.0
9089-UOWJG,0,-0.8295205827584317,-0.2130986259402292,-0.6806421562774075,1.0,0.0,0.0,1.0,0.0,1.0,0.0,1.0,1.0,0.0,0.0,1.0,0.0,0.0,1.0,0.0,0.0,1.0,0.0,0.0,0.0,0.0,1.0,1.0,0.0,0.0,0.0,0.0,1.0,1.0,0.0,0.0,1.0,0.0,0.0,0.0,1.0,0.0,1.0,0.0,0.0,1.0,0.0,4.0,1.0,0.0,0.0,0.8205247349186275,1.0,0.0,0.0,1.0,0.0,0.0,1.0,0.0,0.0
8621-MNIHH,1,0.06632741908223598,0.9800716201790471,0.41217919477605897,1.0,0.0,0.0,1.0,1.0,0.0,0.0,1.0,0.0,0.0,1.0,0.0,1.0,0.0,1.0,0.0,0.0,0.0,0.0,1.0,0.0,0.0,1.0,1.0,0.0,0.0,1.0,0.0,0.0,0.0,0.0,1.0,1.0,0.0,0.0,0.0,1.0,0.0,0.0,1.0,0.0,0.0,1.0,6.0,0.0,0.0,1.0,6.214310770407319,0.0,0.0,1.0,0.0,0.0,1.0,0.0,0.0,1.0
8039-ACLPL,0,1.6137012404433893,0.13255515009432434,1.1492490333458907,1.0,0.0,0.0,1.0,0.0,1.0,0.0,1.0,1.0,0.0,0.0,1.0,0.0,0.0,0.0,0.0,1.0,0.0,0.0,1.0,0.0,0.0,1.0,1.0,0.0,0.0,1.0,0.0,0.0,0.0,0.0,1.0,0.0,0.0,1.0,1.0,0.0,0.0,1.0,0.0,0.0,1.0,0.0,6.0,0.0,1.0,0.0,0.7121820350278202,0.0,1.0,0.0,0.0,1.0,0.0,0.0,1.0,0.0
9885-AIBVB,0,-0.13727439951791576,0.6992279271509723,0.06924417815358838,0.0,1.0,0.0,1.0,1.0,0.0,0.0,1.0,0.0,0.0,1.0,0.0,1.0,0.0,1.0,0.0,0.0,0.0,0.0,1.0,0.0,0.0,1.0,1.0,0.0,0.0,1.0,0.0,0.0,1.0,0.0,0.0,1.0,0.0,0.0,0.0,1.0,0.0,0.0,1.0,0.0,1.0,0.0,5.0,0.0,0.0,1.0,-0.5044216430504311,0.0,0.0,1.0,0.0,0.0,1.0,0.0,0.0,1.0
1934-MKPXS,0,0.025607055362205634,-1.4843733310673135,-0.7335846520894447,0.0,1.0,0.0,1.0,0.0,1.0,0.0,1.0,1.0,0.0,0.0,0.0,0.0,1.0,0.0,1.0,0.0,0.0,1.0,0.0,0.0,1.0,0.0,0.0,1.0,0.0,0.0,1.0,0.0,0.0,1.0,0.0,0.0,1.0,0.0,1.0,0.0,0.0,1.0,0.0,0.0,1.0,0.0,1.0,0.0,0.0,1.0,-28.6477551484568,0.0,0.0,1.0,0.0,0.0,1.0,0.0,0.0,1.0
2592-YKDIF,0,-1.2774445836787656,-1.4760643460664828,-0.9983853686426505,1.0,0.0,1.0,0.0,1.0,0.0,0.0,1.0,1.0,0.0,0.0,0.0,0.0,1.0,0.0,1.0,0.0,0.0,1.0,0.0,0.0,1.0,0.0,0.0,1.0,0.0,0.0,1.0,0.0,0.0,1.0,0.0,1.0,0.0,0.0,1.0,0.0,0.0,0.0,0.0,1.0,1.0,0.0,1.0,1.0,0.0,0.0,0.7815488682628529,1.0,0.0,0.0,1.0,0.0,0.0,1.0,0.0,0.0
2272-JKMSI,0,1.2064976032430856,1.5301264272340338,2.01077785582052,1.0,0.0,0.0,1.0,0.0,1.0,0.0,1.0,0.0,0.0,1.0,0.0,1.0,0.0,1.0,0.0,0.0,0.0,0.0,1.0,0.0,0.0,1.0,0.0,0.0,1.0,0.0,0.0,1.0,0.0,0.0,1.0,0.0,1.0,0.0,0.0,1.0,0.0,0.0,1.0,0.0,1.0,0.0,8.0,0.0,1.0,0.0,1.6666239952864519,0.0,1.0,0.0,0.0,1.0,0.0,0.0,1.0,0.0
0471-LVHGK,0,0.35136996512244845,0.27380789510844483,0.31672828670160685,0.0,1.0,0.0,1.0,1.0,0.0,0.0,1.0,0.0,0.0,1.0,1.0,0.0,0.0,1.0,0.0,0.0,1.0,0.0,0.0,0.0,0.0,1.0,1.0,0.0,0.0,0.0,0.0,1.0,0.0,0.0,1.0,0.0,1.0,0.0,0.0,1.0,0.0,0.0,1.0,0.0,0.0,1.0,6.0,0.0,0.0,1.0,0.9014096768095435,0.0,0.0,1.0,0.0,0.0,1.0,0.0,0.0,1.0
9518-RWHZL,0,1.2879383306831464,1.1728400721983174,1.7519111106729135,1.0,0.0,1.0,0.0,1.0,0.0,0.0,1.0,0.0,0.0,1.0,0.0,1.0,0.0,1.0,0.0,0.0,1.0,0.0,0.0,0.0,0.0,1.0,1.0,0.0,0.0,0.0,0.0,1.0,0.0,0.0,1.0,0.0,1.0,0.0,0.0,1.0,0.0,1.0,0.0,0.0,0.0,1.0,6.0,0.0,1.0,0.0,1.360244562131843,0.0,1.0,0.0,0.0,1.0,0.0,0.0,1.0,0.0
8714-CTZJW,0,-1.1552834925186746,0.6011819041411709,-0.8663600197113829,1.0,0.0,1.0,0.0,1.0,0.0,0.0,1.0,1.0,0.0,0.0,0.0,1.0,0.0,1.0,0.0,0.0,1.0,0.0,0.0,0.0,0.0,1.0,1.0,0.0,0.0,1.0,0.0,0.0,0.0,0.0,1.0,1.0,0.0,0.0,0.0,1.0,0.0,1.0,0.0,0.0,1.0,0.0,4.0,1.0,0.0,0.0,0.749911190908303,1.0,0.0,0.0,1.0,0.0,0.0,1.0,0.0,0.0
3569-EDBPQ,0,-0.3408762181180675,0.6510358141461546,-0.15232016681978702,1.0,0.0,1.0,0.0,1.0,0.0,0.0,1.0,0.0,0.0,1.0,0.0,1.0,0.0,0.0,0.0,1.0,1.0,0.0,0.0,1.0,0.0,0.0,0.0,0.0,1.0,1.0,0.0,0.0,1.0,0.0,0.0,1.0,0.0,0.0,0.0,1.0,0.0,0.0,1.0,0.0,1.0,0.0,5.0,0.0,0.0,1.0,0.44684891090591916,0.0,0.0,1.0,0.0,0.0,1.0,0.0,0.0,1.0
3131-NWVFJ,0,-0.748079855318371,-1.502653098069141,-0.8774338250854006,1.0,0.0,0.0,1.0,0.0,1.0,0.0,1.0,1.0,0.0,0.0,0.0,0.0,1.0,0.0,1.0,0.0,0.0,1.0,0.0,0.0,1.0,0.0,0.0,1.0,0.0,0.0,1.0,0.0,0.0,1.0,0.0,0.0,1.0,0.0,1.0,0.0,0.0,0.0,0.0,1.0,1.0,0.0,1.0,1.0,0.0,0.0,1.1729146545618163,1.0,0.0,0.0,1.0,0.0,0.0,1.0,0.0,0.0
7521-YXVZY,0,-1.1960038562387048,-1.4893587220678117,-0.9816423043420935,0.0,1.0,1.0,0.0,0.0,1.0,0.0,1.0,1.0,0.0,0.0,0.0,0.0,1.0,0.0,1.0,0.0,0.0,1.0,0.0,0.0,1.0,0.0,0.0,1.0,0.0,0.0,1.0,0.0,0.0,1.0,0.0,1.0,0.0,0.0,1.0,0.0,0.0,0.0,0.0,1.0,1.0,0.0,1.0,1.0,0.0,0.0,0.8207685110892922,1.0,0.0,0.0,1.0,0.0,0.0,1.0,0.0,0.0
5419-CONWX,1,-1.1552834925186746,1.1645310871974868,-0.8119836646377697,1.0,0.0,1.0,0.0,1.0,0.0,0.0,1.0,1.0,0.0,0.0,0.0,1.0,0.0,1.0,0.0,0.0,0.0,0.0,1.0,0.0,0.0,1.0,1.0,0.0,0.0,0.0,0.0,1.0,0.0,0.0,1.0,1.0,0.0,0.0,0.0,1.0,0.0,1.0,0.0,0.0,0.0,1.0,6.0,1.0,0.0,0.0,0.7028436482438915,1.0,0.0,0.0,1.0,0.0,0.0,1.0,0.0,0.0
6240-EURKS,0,-0.5851984004382496,-0.9891578250178088,-0.7633868653569705,1.0,0.0,1.0,0.0,0.0,1.0,1.0,0.0,0.0,1.0,0.0,1.0,0.0,0.0,1.0,0.0,0.0,1.0,0.0,0.0,1.0,0.0,0.0,1.0,0.0,0.0,1.0,0.0,0.0,0.0,0.0,1.0,1.0,0.0,0.0,0.0,1.0,0.0,0.0,1.0,0.0,0.0,1.0,2.0,1.0,0.0,0.0,1.3044923991338275,1.0,0.0,0.0,1.0,0.0,0.0,1.0,0.0,0.0
2373-NTKOD,0,-0.9924020376385531,0.04946530008601819,-0.7662766432533776,0.0,1.0,1.0,0.0,1.0,0.0,0.0,1.0,1.0,0.0,0.0,1.0,0.0,0.0,1.0,0.0,0.0,1.0,0.0,0.0,1.0,0.0,0.0,1.0,0.0,0.0,0.0,0.0,1.0,0.0,0.0,1.0,1.0,0.0,0.0,0.0,1.0,0.0,0.0,1.0,0.0,1.0,0.0,4.0,1.0,0.0,0.0,0.7721433594360136,1.0,0.0,0.0,1.0,0.0,0.0,1.0,0.0,0.0
1970-KKFWL,0,0.10704778280226633,-1.3780183230566818,-0.655693005125985,1.0,0.0,1.0,0.0,1.0,0.0,0.0,1.0,0.0,0.0,1.0,0.0,0.0,1.0,0.0,1.0,0.0,0.0,1.0,0.0,0.0,1.0,0.0,0.0,1.0,0.0,0.0,1.0,0.0,0.0,1.0,0.0,0.0,0.0,1.0,1.0,0.0,1.0,0.0,0.0,0.0,1.0,0.0,2.0,0.0,0.0,1.0,-6.125236674328422,0.0,0.0,1.0,0.0,0.0,1.0,0.0,0.0,1.0
6960-HVYXR,0,-1.2774445836787656,0.3735157151184122,-0.9738332862098182,1.0,0.0,1.0,0.0,1.0,0.0,0.0,1.0,0.0,0.0,1.0,0.0,1.0,0.0,1.0,0.0,0.0,1.0,0.0,0.0,1.0,0.0,0.0,1.0,0.0,0.0,1.0,0.0,0.0,1.0,0.0,0.0,1.0,0.0,0.0,1.0,0.0,0.0,0.0,1.0,0.0,0.0,1.0,3.0,1.0,0.0,0.0,0.7623291833179862,1.0,0.0,0.0,1.0,0.0,0.0,1.0,0.0,0.0
9337-SRRNI,0,1.369379058123207,-1.3115464430500368,-0.2689039544725438,0.0,1.0,1.0,0.0,0.0,1.0,0.0,1.0,0.0,0.0,1.0,0.0,0.0,1.0,0.0,1.0,0.0,0.0,1.0,0.0,0.0,1.0,0.0,0.0,1.0,0.0,0.0,1.0,0.0,0.0,1.0,0.0,0.0,0.0,1.0,0.0,1.0,0.0,1.0,0.0,0.0,1.0,0.0,2.0,0.0,1.0,0.0,-0.1963692615842163,0.0,1.0,0.0,0.0,1.0,0.0,0.0,1.0,0.0
0895-UADGO,0,-0.9924020376385531,-0.6717545979860794,-0.8558376986687404,0.0,1.0,1.0,0.0,0.0,1.0,1.0,0.0,0.0,1.0,0.0,1.0,0.0,0.0,0.0,0.0,1.0,1.0,0.0,0.0,1.0,0.0,0.0,0.0,0.0,1.0,1.0,0.0,0.0,0.0,0.0,1.0,0.0,0.0,1.0,0.0,1.0,0.0,0.0,0.0,1.0,1.0,0.0,4.0,1.0,0.0,0.0,0.8623901062368119,1.0,0.0,0.0,1.0,0.0,0.0,1.0,0.0,0.0
5678-VFNEQ,0,1.5729808767233588,1.3074456292117733,2.262828254632327,1.0,0.0,0.0,1.0,1.0,0.0,0.0,1.0,0.0,0.0,1.0,0.0,1.0,0.0,0.0,0.0,1.0,1.0,0.0,0.0,0.0,0.0,1.0,1.0,0.0,0.0,0.0,0.0,1.0,0.0,0.0,1.0,0.0,1.0,0.0,0.0,1.0,0.0,1.0,0.0,0.0,1.0,0.0,7.0,0.0,1.0,0.0,1.4385605623801185,0.0,1.0,0.0,0.0,1.0,0.0,0.0,1.0,0.0
5977-CKHON,0,0.43281069256250915,0.9235705221733989,0.774592637982708,1.0,0.0,0.0,1.0,0.0,1.0,0.0,1.0,0.0,0.0,1.0,0.0,1.0,0.0,1.0,0.0,0.0,1.0,0.0,0.0,0.0,0.0,1.0,1.0,0.0,0.0,1.0,0.0,0.0,0.0,0.0,1.0,1.0,0.0,0.0,0.0,1.0,1.0,0.0,0.0,0.0,1.0,0.0,5.0,0.0,0.0,1.0,1.7896799947261854,0.0,0.0,1.0,0.0,0.0,1.0,0.0,0.0,1.0
7024-OHCCK,1,-1.2367242199587352,0.966777244177718,-0.9319866551450539,1.0,0.0,1.0,0.0,1.0,0.0,0.0,1.0,0.0,0.0,1.0,0.0,1.0,0.0,1.0,0.0,0.0,1.0,0.0,0.0,1.0,0.0,0.0,1.0,0.0,0.0,0.0,0.0,1.0,0.0,0.0,1.0,1.0,0.0,0.0,0.0,1.0,0.0,0.0,1.0,0.0,0.0,1.0,5.0,1.0,0.0,0.0,0.7535929515281513,1.0,0.0,0.0,1.0,0.0,0.0,1.0,0.0,0.0
2692-BUCFV,1,-0.13727439951791576,1.219370388202969,0.2935218260373306,0.0,1.0,1.0,0.0,1.0,0.0,0.0,1.0,1.0,0.0,0.0,0.0,1.0,0.0,1.0,0.0,0.0,0.0,0.0,1.0,0.0,0.0,1.0,1.0,0.0,0.0,0.0,0.0,1.0,0.0,0.0,1.0,1.0,0.0,0.0,0.0,1.0,1.0,0.0,0.0,0.0,1.0,0.0,6.0,0.0,0.0,1.0,-2.1382124202919783,0.0,0.0,1.0,0.0,0.0,1.0,0.0,0.0,1.0
7861-UVUFT,0,-0.7073594915983407,0.6493740171459885,-0.4301138542201968,1.0,0.0,0.0,1.0,1.0,0.0,0.0,1.0,1.0,0.0,0.0,0.0,1.0,0.0,1.0,0.0,0.0,1.0,0.0,0.0,0.0,0.0,1.0,1.0,0.0,0.0,0.0,0.0,1.0,1.0,0.0,0.0,1.0,0.0,0.0,0.0,1.0,0.0,0.0,1.0,0.0,0.0,1.0,4.0,1.0,0.0,0.0,0.6080555351682876,1.0,0.0,0.0,1.0,0.0,0.0,1.0,0.0,0.0
1830-GGFNM,0,1.3286586944031769,0.9900424021800438,1.6745047699210642,0.0,1.0,0.0,1.0,0.0,1.0,0.0,1.0,0.0,0.0,1.0,0.0,1.0,0.0,0.0,0.0,1.0,0.0,0.0,1.0,0.0,0.0,1.0,0.0,0.0,1.0,1.0,0.0,0.0,1.0,0.0,0.0,0.0,0.0,1.0,1.0,0.0,0.0,1.0,0.0,0.0,1.0,0.0,7.0,0.0,1.0,0.0,1.2602971530421805,0.0,1.0,0.0,0.0,1.0,0.0,0.0,1.0,0.0
5302-BDJNT,0,0.10704778280226633,1.0216165451832002,0.5007034596484359,0.0,1.0,1.0,0.0,1.0,0.0,0.0,1.0,0.0,0.0,1.0,0.0,1.0,0.0,1.0,0.0,0.0,1.0,0.0,0.0,0.0,0.0,1.0,0.0,0.0,1.0,0.0,0.0,1.0,1.0,0.0,0.0,1.0,0.0,0.0,1.0,0.0,0.0,0.0,1.0,0.0,1.0,0.0,6.0,0.0,0.0,1.0,4.67738281486233,0.0,0.0,1.0,0.0,0.0,1.0,0.0,0.0,1.0
5223-UZAVK,0,1.2879383306831464,1.1811490571991479,1.906150248471982,0.0,1.0,1.0,0.0,1.0,0.0,0.0,1.0,1.0,0.0,0.0,0.0,1.0,0.0,0.0,0.0,1.0,0.0,0.0,1.0,1.0,0.0,0.0,1.0,0.0,0.0,0.0,0.0,1.0,0.0,0.0,1.0,0.0,1.0,0.0,0.0,1.0,0.0,1.0,0.0,0.0,1.0,0.0,6.0,0.0,1.0,0.0,1.4800011794516001,0.0,1.0,0.0,0.0,1.0,0.0,0.0,1.0,0.0
4859-ZSRDZ,0,1.0436161483629645,-0.3078210549496983,0.3898330496687283,1.0,0.0,0.0,1.0,0.0,1.0,1.0,0.0,0.0,1.0,0.0,1.0,0.0,0.0,1.0,0.0,0.0,1.0,0.0,0.0,0.0,0.0,1.0,0.0,0.0,1.0,0.0,0.0,1.0,0.0,0.0,1.0,0.0,0.0,1.0,0.0,1.0,0.0,1.0,0.0,0.0,1.0,0.0,5.0,0.0,1.0,0.0,0.37354064545688337,0.0,1.0,0.0,0.0,1.0,0.0,0.0,1.0,0.0
5651-WYIPH,1,-0.5851984004382496,-0.49560411596847015,-0.6254054856468488,1.0,0.0,1.0,0.0,1.0,0.0,0.0,1.0,1.0,0.0,0.0,1.0,0.0,0.0,1.0,0.0,0.0,0.0,0.0,1.0,1.0,0.0,0.0,1.0,0.0,0.0,1.0,0.0,0.0,1.0,0.0,0.0,1.0,0.0,0.0,0.0,1.0,0.0,1.0,0.0,0.0,1.0,0.0,3.0,1.0,0.0,0.0,1.0687067585599834,1.0,0.0,0.0,1.0,0.0,0.0,1.0,0.0,0.0
9350-VLHMB,0,1.4100994218432374,0.8238627021634315,1.8043683002733404,0.0,1.0,0.0,1.0,0.0,1.0,0.0,1.0,0.0,0.0,1.0,0.0,1.0,0.0,1.0,0.0,0.0,0.0,0.0,1.0,1.0,0.0,0.0,1.0,0.0,0.0,1.0,0.0,0.0,0.0,0.0,1.0,1.0,0.0,0.0,0.0,1.0,1.0,0.0,0.0,0.0,1.0,0.0,5.0,0.0,1.0,0.0,1.2796036026415265,0.0,1.0,0.0,0.0,1.0,0.0,0.0,1.0,0.0
3498-LZGQZ,0,1.247217966963116,-1.51594747407047,-0.4880638277611225,0.0,1.0,0.0,1.0,0.0,1.0,0.0,1.0,1.0,0.0,0.0,0.0,0.0,1.0,0.0,1.0,0.0,0.0,1.0,0.0,0.0,1.0,0.0,0.0,1.0,0.0,0.0,1.0,0.0,0.0,1.0,0.0,0.0,0.0,1.0,0.0,1.0,0.0,0.0,0.0,1.0,1.0,0.0,1.0,0.0,1.0,0.0,-0.39132199879185675,0.0,1.0,0.0,0.0,1.0,0.0,0.0,1.0,0.0
8785-CJSHH,0,1.125056875803025,1.1645310871974868,1.6334743356667354,1.0,0.0,0.0,1.0,1.0,0.0,0.0,1.0,0.0,0.0,1.0,0.0,1.0,0.0,1.0,0.0,0.0,0.0,0.0,1.0,1.0,0.0,0.0,1.0,0.0,0.0,0.0,0.0,1.0,0.0,0.0,1.0,1.0,0.0,0.0,0.0,1.0,0.0,0.0,1.0,0.0,1.0,0.0,6.0,0.0,1.0,0.0,1.4519037844205167,0.0,1.0,0.0,0.0,1.0,0.0,0.0,1.0,0.0
5357-TZHPP,1,-0.9516816739185228,0.6526976111463211,-0.684193715371465,0.0,1.0,1.0,0.0,1.0,0.0,0.0,1.0,0.0,0.0,1.0,0.0,1.0,0.0,1.0,0.0,0.0,1.0,0.0,0.0,1.0,0.0,0.0,1.0,0.0,0.0,1.0,0.0,0.0,0.0,0.0,1.0,1.0,0.0,0.0,0.0,1.0,0.0,1.0,0.0,0.0,0.0,1.0,4.0,1.0,0.0,0.0,0.7189312709514689,1.0,0.0,0.0,1.0,0.0,0.0,1.0,0.0,0.0
3870-SPZSI,0,1.5322605130033284,1.6049072922415093,2.4643626886901484,1.0,0.0,0.0,1.0,0.0,1.0,0.0,1.0,0.0,0.0,1.0,0.0,1.0,0.0,0.0,0.0,1.0,0.0,0.0,1.0,0.0,0.0,1.0,0.0,0.0,1.0,0.0,0.0,1.0,0.0,0.0,1.0,0.0,0.0,1.0,0.0,1.0,0.0,1.0,0.0,0.0,1.0,0.0,9.0,0.0,1.0,0.0,1.6083183425903473,0.0,1.0,0.0,0.0,1.0,0.0,0.0,1.0,0.0
0680-DFNNY,0,-0.7073594915983407,1.2077378092018058,-0.3437955266733213,0.0,1.0,0.0,1.0,1.0,0.0,0.0,1.0,0.0,0.0,1.0,0.0,1.0,0.0,1.0,0.0,0.0,1.0,0.0,0.0,0.0,0.0,1.0,1.0,0.0,0.0,0.0,0.0,1.0,0.0,0.0,1.0,1.0,0.0,0.0,0.0,1.0,0.0,0.0,1.0,0.0,0.0,1.0,6.0,1.0,0.0,0.0,0.4860265971641735,1.0,0.0,0.0,1.0,0.0,0.0,1.0,0.0,0.0
7560-QRBXH,0,0.6364125111626608,-1.4893587220678117,-0.5941032349979818,1.0,0.0,1.0,0.0,0.0,1.0,0.0,1.0,1.0,0.0,0.0,0.0,0.0,1.0,0.0,1.0,0.0,0.0,1.0,0.0,0.0,1.0,0.0,0.0,1.0,0.0,0.0,1.0,0.0,0.0,1.0,0.0,0.0,1.0,0.0,1.0,0.0,0.0,0.0,0.0,1.0,1.0,0.0,1.0,0.0,1.0,0.0,-0.9335191005478752,0.0,1.0,0.0,0.0,1.0,0.0,0.0,1.0,0.0
7077-XJMET,0,-0.8295205827584317,0.31202922611226586,-0.6802671469320722,0.0,1.0,0.0,1.0,1.0,0.0,0.0,1.0,1.0,0.0,0.0,1.0,0.0,0.0,1.0,0.0,0.0,1.0,0.0,0.0,0.0,0.0,1.0,0.0,0.0,1.0,0.0,0.0,1.0,0.0,0.0,1.0,1.0,0.0,0.0,0.0,1.0,0.0,0.0,1.0,0.0,1.0,0.0,6.0,1.0,0.0,0.0,0.8200726553040527,1.0,0.0,0.0,1.0,0.0,0.0,1.0,0.0,0.0
8752-GHJFU,1,1.5729808767233588,0.9052907551715716,1.897944161621116,0.0,1.0,0.0,1.0,1.0,0.0,0.0,1.0,0.0,0.0,1.0,0.0,1.0,0.0,0.0,0.0,1.0,0.0,0.0,1.0,0.0,0.0,1.0,0.0,0.0,1.0,1.0,0.0,0.0,1.0,0.0,0.0,0.0,1.0,0.0,0.0,1.0,0.0,0.0,1.0,0.0,1.0,0.0,7.0,0.0,1.0,0.0,1.2065907409978696,0.0,1.0,0.0,0.0,1.0,0.0,0.0,1.0,0.0
6896-SRVYQ,1,0.47353105628253944,0.3020584441112687,0.3702002074717645,0.0,1.0,1.0,0.0,1.0,0.0,0.0,1.0,1.0,0.0,0.0,0.0,1.0,0.0,1.0,0.0,0.0,1.0,0.0,0.0,0.0,0.0,1.0,1.0,0.0,0.0,1.0,0.0,0.0,1.0,0.0,0.0,1.0,0.0,0.0,1.0,0.0,0.0,0.0,1.0,0.0,1.0,0.0,3.0,0.0,0.0,1.0,0.7817865429524837,0.0,0.0,1.0,0.0,0.0,1.0,0.0,0.0,1.0
7767-UXAGJ,0,-1.2774445836787656,-0.4756625519664766,-0.9851056259431312,0.0,1.0,1.0,0.0,1.0,0.0,0.0,1.0,0.0,0.0,1.0,1.0,0.0,0.0,1.0,0.0,0.0,1.0,0.0,0.0,1.0,0.0,0.0,1.0,0.0,0.0,1.0,0.0,0.0,1.0,0.0,0.0,1.0,0.0,0.0,0.0,1.0,0.0,0.0,1.0,0.0,0.0,1.0,3.0,1.0,0.0,0.0,0.7711533153995918,1.0,0.0,0.0,1.0,0.0,0.0,1.0,0.0,0.0
4652-ODEVH,0,0.5142514200025698,-1.3397969920528607,-0.52724127466203,0.0,1.0,0.0,1.0,0.0,1.0,0.0,1.0,0.0,0.0,1.0,0.0,0.0,1.0,0.0,1.0,0.0,0.0,1.0,0.0,0.0,1.0,0.0,0.0,1.0,0.0,0.0,1.0,0.0,0.0,1.0,0.0,0.0,0.0,1.0,1.0,0.0,0.0,0.0,0.0,1.0,1.0,0.0,2.0,0.0,1.0,0.0,-1.0252597351299393,0.0,1.0,0.0,0.0,1.0,0.0,0.0,1.0,0.0
6510-UPNKS,0,-0.38159658183809786,-1.328164413051698,-0.7358788269079664,1.0,0.0,1.0,0.0,1.0,0.0,0.0,1.0,0.0,0.0,1.0,0.0,0.0,1.0,0.0,1.0,0.0,0.0,1.0,0.0,0.0,1.0,0.0,0.0,1.0,0.0,0.0,1.0,0.0,0.0,1.0,0.0,0.0,1.0,0.0,1.0,0.0,0.0,1.0,0.0,0.0,1.0,0.0,2.0,0.0,0.0,1.0,1.9284209081835586,0.0,0.0,1.0,0.0,0.0,1.0,0.0,0.0,1.0
6718-BDGHG,0,0.43281069256250915,0.0029349840813665527,0.2756978524472781,1.0,0.0,0.0,1.0,1.0,0.0,0.0,1.0,0.0,0.0,1.0,1.0,0.0,0.0,1.0,0.0,0.0,1.0,0.0,0.0,1.0,0.0,0.0,0.0,0.0,1.0,0.0,0.0,1.0,1.0,0.0,0.0,0.0,1.0,0.0,0.0,1.0,1.0,0.0,0.0,0.0,1.0,0.0,5.0,0.0,0.0,1.0,0.6369940881427281,0.0,0.0,1.0,0.0,0.0,1.0,0.0,0.0,1.0
9046-DQMTP,0,0.10704778280226633,-1.462769970065154,-0.6809289281297227,0.0,1.0,1.0,0.0,1.0,0.0,0.0,1.0,1.0,0.0,0.0,0.0,0.0,1.0,0.0,1.0,0.0,0.0,1.0,0.0,0.0,1.0,0.0,0.0,1.0,0.0,0.0,1.0,0.0,0.0,1.0,0.0,1.0,0.0,0.0,1.0,0.0,1.0,0.0,0.0,0.0,1.0,0.0,1.0,0.0,0.0,1.0,-6.360981146031794,0.0,0.0,1.0,0.0,0.0,1.0,0.0,0.0,1.0
6439-LAJXL,0,-0.9516816739185228,0.13920233809498894,-0.745364357407623,0.0,1.0,0.0,1.0,1.0,0.0,0.0,1.0,1.0,0.0,0.0,1.0,0.0,0.0,0.0,0.0,1.0,0.0,0.0,1.0,1.0,0.0,0.0,0.0,0.0,1.0,0.0,0.0,1.0,1.0,0.0,0.0,1.0,0.0,0.0,0.0,1.0,0.0,0.0,0.0,1.0,1.0,0.0,6.0,1.0,0.0,0.0,0.7832076395236298,1.0,0.0,0.0,1.0,0.0,0.0,1.0,0.0,0.0
1571-SAVHK,0,-0.8295205827584317,1.1695164781979852,-0.5076084324650662,0.0,1.0,1.0,0.0,1.0,0.0,0.0,1.0,0.0,0.0,1.0,0.0,1.0,0.0,1.0,0.0,0.0,1.0,0.0,0.0,1.0,0.0,0.0,0.0,0.0,1.0,0.0,0.0,1.0,0.0,0.0,1.0,1.0,0.0,0.0,0.0,1.0,0.0,0.0,0.0,1.0,0.0,1.0,6.0,1.0,0.0,0.0,0.6119298821701318,1.0,0.0,0.0,1.0,0.0,0.0,1.0,0.0,0.0
9052-VKDUW,1,1.3286586944031769,1.4835961112293827,2.1812968110817894,1.0,0.0,0.0,1.0,1.0,0.0,0.0,1.0,0.0,0.0,1.0,0.0,1.0,0.0,0.0,0.0,1.0,0.0,0.0,1.0,0.0,0.0,1.0,1.0,0.0,0.0,0.0,0.0,1.0,0.0,0.0,1.0,1.0,0.0,0.0,0.0,1.0,0.0,1.0,0.0,0.0,1.0,0.0,8.0,0.0,1.0,0.0,1.6417284741899882,0.0,1.0,0.0,0.0,1.0,0.0,0.0,1.0,0.0
9546-CQJSU,0,-1.2367242199587352,0.8853491911695783,-0.9219496403140218,1.0,0.0,1.0,0.0,1.0,0.0,0.0,1.0,0.0,0.0,1.0,0.0,1.0,0.0,1.0,0.0,0.0,1.0,0.0,0.0,0.0,0.0,1.0,1.0,0.0,0.0,0.0,0.0,1.0,1.0,0.0,0.0,1.0,0.0,0.0,0.0,1.0,0.0,0.0,1.0,0.0,0.0,1.0,5.0,1.0,0.0,0.0,0.7454771447306043,1.0,0.0,0.0,1.0,0.0,0.0,1.0,0.0,0.0
1666-JZPZT,0,-0.21871512695797646,-0.5238546649712943,-0.43763610050015717,0.0,1.0,1.0,0.0,1.0,0.0,0.0,1.0,0.0,0.0,1.0,1.0,0.0,0.0,1.0,0.0,0.0,1.0,0.0,0.0,1.0,0.0,0.0,1.0,0.0,0.0,1.0,0.0,0.0,1.0,0.0,0.0,1.0,0.0,0.0,1.0,0.0,0.0,0.0,0.0,1.0,1.0,0.0,3.0,0.0,0.0,1.0,2.00094116299621,0.0,0.0,1.0,0.0,0.0,1.0,0.0,0.0,1.0
5777-KJIRB,0,0.3106496014024181,-0.4823097399671412,-0.11459863855371058,1.0,0.0,1.0,0.0,1.0,0.0,0.0,1.0,1.0,0.0,0.0,1.0,0.0,0.0,1.0,0.0,0.0,1.0,0.0,0.0,0.0,0.0,1.0,1.0,0.0,0.0,1.0,0.0,0.0,1.0,0.0,0.0,0.0,1.0,0.0,0.0,1.0,0.0,0.0,0.0,1.0,1.0,0.0,3.0,0.0,0.0,1.0,-0.3689000019197145,0.0,0.0,1.0,0.0,0.0,1.0,0.0,0.0,1.0
0506-LVNGN,1,-1.1145631287986442,0.358559542116917,-0.8531023363851185,1.0,0.0,1.0,0.0,1.0,0.0,0.0,1.0,1.0,0.0,0.0,0.0,1.0,0.0,1.0,0.0,0.0,1.0,0.0,0.0,0.0,0.0,1.0,1.0,0.0,0.0,1.0,0.0,0.0,1.0,0.0,0.0,1.0,0.0,0.0,0.0,1.0,0.0,1.0,0.0,0.0,0.0,1.0,3.0,1.0,0.0,0.0,0.7654141020299614,1.0,0.0,0.0,1.0,0.0,0.0,1.0,0.0,0.0
7677-SJJJK,0,-0.9924020376385531,-1.491020519067978,-0.9394427233052491,0.0,1.0,0.0,1.0,0.0,1.0,0.0,1.0,1.0,0.0,0.0,0.0,0.0,1.0,0.0,1.0,0.0,0.0,1.0,0.0,0.0,1.0,0.0,0.0,1.0,0.0,0.0,1.0,0.0,0.0,1.0,0.0,0.0,1.0,0.0,1.0,0.0,0.0,1.0,0.0,0.0,1.0,0.0,1.0,1.0,0.0,0.0,0.9466352220927297,1.0,0.0,0.0,1.0,0.0,0.0,1.0,0.0,0.0
2480-EJWYP,1,1.0436161483629645,1.0980592071908417,1.4009906009321276,1.0,0.0,0.0,1.0,1.0,0.0,0.0,1.0,0.0,0.0,1.0,0.0,1.0,0.0,1.0,0.0,0.0,0.0,0.0,1.0,1.0,0.0,0.0,1.0,0.0,0.0,0.0,0.0,1.0,0.0,0.0,1.0,0.0,1.0,0.0,0.0,1.0,1.0,0.0,0.0,0.0,1.0,0.0,6.0,0.0,1.0,0.0,1.3424385997952861,0.0,1.0,0.0,0.0,1.0,0.0,0.0,1.0,0.0
3253-HKOKL,0,0.7992939660427822,1.1811490571991479,1.306422067787876,1.0,0.0,0.0,1.0,0.0,1.0,0.0,1.0,1.0,0.0,0.0,0.0,1.0,0.0,0.0,0.0,1.0,1.0,0.0,0.0,0.0,0.0,1.0,1.0,0.0,0.0,0.0,0.0,1.0,0.0,0.0,1.0,0.0,1.0,0.0,1.0,0.0,0.0,0.0,1.0,0.0,1.0,0.0,6.0,0.0,1.0,0.0,1.6344700739526785,0.0,1.0,0.0,0.0,1.0,0.0,0.0,1.0,0.0
7055-HNEOJ,0,-1.1960038562387048,-0.29785027294870164,-0.9391780108261888,0.0,1.0,0.0,1.0,1.0,0.0,0.0,1.0,1.0,0.0,0.0,1.0,0.0,0.0,1.0,0.0,0.0,1.0,0.0,0.0,0.0,0.0,1.0,0.0,0.0,1.0,1.0,0.0,0.0,1.0,0.0,0.0,1.0,0.0,0.0,0.0,1.0,0.0,0.0,0.0,1.0,1.0,0.0,4.0,1.0,0.0,0.0,0.7852633634307804,1.0,0.0,0.0,1.0,0.0,0.0,1.0,0.0,0.0
5514-YQENT,0,0.35136996512244845,1.541759006235197,0.9811345497694178,0.0,1.0,1.0,0.0,0.0,1.0,0.0,1.0,1.0,0.0,0.0,0.0,1.0,0.0,0.0,0.0,1.0,0.0,0.0,1.0,0.0,0.0,1.0,0.0,0.0,1.0,0.0,0.0,1.0,0.0,0.0,1.0,0.0,0.0,1.0,0.0,1.0,0.0,0.0,1.0,0.0,1.0,0.0,8.0,0.0,0.0,1.0,2.7923119422785714,0.0,0.0,1.0,0.0,0.0,1.0,0.0,0.0,1.0
3211-AAPKX,0,-0.5037576729981889,1.1229861621933337,-0.11089266384686794,0.0,1.0,1.0,0.0,1.0,0.0,0.0,1.0,0.0,0.0,1.0,0.0,1.0,0.0,1.0,0.0,0.0,1.0,0.0,0.0,1.0,0.0,0.0,0.0,0.0,1.0,0.0,0.0,1.0,0.0,0.0,1.0,1.0,0.0,0.0,0.0,1.0,0.0,0.0,0.0,1.0,1.0,0.0,6.0,1.0,0.0,0.0,0.2201309673098848,1.0,0.0,0.0,1.0,0.0,0.0,1.0,0.0,0.0
8445-DNBAE,0,-1.2774445836787656,-0.4889569279678058,-0.9852821009291711,0.0,1.0,1.0,0.0,0.0,1.0,0.0,1.0,0.0,0.0,1.0,1.0,0.0,0.0,1.0,0.0,0.0,1.0,0.0,0.0,1.0,0.0,0.0,1.0,0.0,0.0,1.0,0.0,0.0,1.0,0.0,0.0,1.0,0.0,0.0,0.0,1.0,0.0,0.0,1.0,0.0,1.0,0.0,3.0,1.0,0.0,0.0,0.7712914622814954,1.0,0.0,0.0,1.0,0.0,0.0,1.0,0.0,0.0
2951-QOQTK,0,-1.1552834925186746,0.53304822713436,-0.8606907607848439,0.0,1.0,1.0,0.0,0.0,1.0,0.0,1.0,0.0,0.0,1.0,0.0,1.0,0.0,1.0,0.0,0.0,1.0,0.0,0.0,1.0,0.0,0.0,0.0,0.0,1.0,1.0,0.0,0.0,1.0,0.0,0.0,1.0,0.0,0.0,1.0,0.0,0.0,1.0,0.0,0.0,0.0,1.0,4.0,1.0,0.0,0.0,0.7450039460950155,1.0,0.0,0.0,1.0,0.0,0.0,1.0,0.0,0.0
2958-NHPPS,0,-0.38159658183809786,-1.4594463760648215,-0.798284793846405,0.0,1.0,1.0,0.0,1.0,0.0,0.0,1.0,1.0,0.0,0.0,0.0,0.0,1.0,0.0,1.0,0.0,0.0,1.0,0.0,0.0,1.0,0.0,0.0,1.0,0.0,0.0,1.0,0.0,0.0,1.0,0.0,1.0,0.0,0.0,1.0,0.0,0.0,0.0,1.0,0.0,1.0,0.0,1.0,0.0,0.0,1.0,2.091960022286305,0.0,0.0,1.0,0.0,0.0,1.0,0.0,0.0,1.0
6806-YDEUL,1,-1.0738427650786138,-1.504314895069307,-0.9602447122847285,1.0,0.0,1.0,0.0,1.0,0.0,0.0,1.0,1.0,0.0,0.0,0.0,0.0,1.0,0.0,1.0,0.0,0.0,1.0,0.0,0.0,1.0,0.0,0.0,1.0,0.0,0.0,1.0,0.0,0.0,1.0,0.0,1.0,0.0,0.0,1.0,0.0,1.0,0.0,0.0,0.0,1.0,0.0,1.0,1.0,0.0,0.0,0.8942135138512862,1.0,0.0,0.0,1.0,0.0,0.0,1.0,0.0,0.0
1735-XMJVH,0,-0.9924020376385531,-1.5093002860698053,-0.9400383263831346,0.0,1.0,0.0,1.0,0.0,1.0,0.0,1.0,1.0,0.0,0.0,0.0,0.0,1.0,0.0,1.0,0.0,0.0,1.0,0.0,0.0,1.0,0.0,0.0,1.0,0.0,0.0,1.0,0.0,0.0,1.0,0.0,1.0,0.0,0.0,0.0,1.0,0.0,0.0,0.0,1.0,1.0,0.0,1.0,1.0,0.0,0.0,0.9472353851872177,1.0,0.0,0.0,1.0,0.0,0.0,1.0,0.0,0.0
6890-PFRQX,0,-0.5851984004382496,0.1574821050968162,-0.47820328791613054,0.0,1.0,1.0,0.0,1.0,0.0,0.0,1.0,0.0,0.0,1.0,1.0,0.0,0.0,0.0,0.0,1.0,1.0,0.0,0.0,0.0,0.0,1.0,1.0,0.0,0.0,0.0,0.0,1.0,1.0,0.0,0.0,1.0,0.0,0.0,1.0,0.0,0.0,0.0,0.0,1.0,1.0,0.0,6.0,1.0,0.0,0.0,0.817164379735161,1.0,0.0,0.0,1.0,0.0,0.0,1.0,0.0,0.0
0222-CNVPT,1,0.7992939660427822,-0.5305018529719588,0.119892499147104,0.0,1.0,1.0,0.0,1.0,0.0,1.0,0.0,0.0,1.0,0.0,1.0,0.0,0.0,0.0,0.0,1.0,1.0,0.0,0.0,1.0,0.0,0.0,1.0,0.0,0.0,0.0,0.0,1.0,0.0,0.0,1.0,1.0,0.0,0.0,0.0,1.0,0.0,1.0,0.0,0.0,1.0,0.0,4.0,0.0,1.0,0.0,0.14999800353889667,0.0,1.0,0.0,0.0,1.0,0.0,0.0,1.0,0.0
5899-OUVKV,0,-0.055833672077855064,0.9883806051798778,0.30702216246940006,0.0,1.0,1.0,0.0,1.0,0.0,0.0,1.0,1.0,0.0,0.0,0.0,1.0,0.0,1.0,0.0,0.0,0.0,0.0,1.0,1.0,0.0,0.0,1.0,0.0,0.0,0.0,0.0,1.0,0.0,0.0,1.0,1.0,0.0,0.0,0.0,1.0,0.0,0.0,1.0,0.0,1.0,0.0,5.0,0.0,0.0,1.0,-5.498871040423154,0.0,0.0,1.0,0.0,0.0,1.0,0.0,0.0,1.0
8681-ICONS,0,-0.13727439951791576,-1.4660935640654862,-0.7184519220365041,0.0,1.0,0.0,1.0,0.0,1.0,0.0,1.0,1.0,0.0,0.0,0.0,0.0,1.0,0.0,1.0,0.0,0.0,1.0,0.0,0.0,1.0,0.0,0.0,1.0,0.0,0.0,1.0,0.0,0.0,1.0,0.0,1.0,0.0,0.0,0.0,1.0,0.0,0.0,0.0,1.0,1.0,0.0,1.0,0.0,0.0,1.0,5.233691967035256,0.0,0.0,1.0,0.0,0.0,1.0,0.0,0.0,1.0
1621-YNCJH,0,0.14776814652229667,1.3722557122182522,0.6843256826231848,1.0,0.0,0.0,1.0,1.0,0.0,0.0,1.0,0.0,0.0,1.0,0.0,1.0,0.0,0.0,0.0,1.0,0.0,0.0,1.0,0.0,0.0,1.0,0.0,0.0,1.0,1.0,0.0,0.0,0.0,0.0,1.0,0.0,0.0,1.0,0.0,1.0,0.0,1.0,0.0,0.0,1.0,0.0,8.0,0.0,0.0,1.0,4.631077121346496,0.0,0.0,1.0,0.0,0.0,1.0,0.0,0.0,1.0
3473-XIIIT,0,-0.6666391278783103,1.1711782751981514,-0.3302510714947418,1.0,0.0,0.0,1.0,1.0,0.0,0.0,1.0,0.0,0.0,1.0,0.0,1.0,0.0,1.0,0.0,0.0,0.0,0.0,1.0,1.0,0.0,0.0,1.0,0.0,0.0,0.0,0.0,1.0,0.0,0.0,1.0,1.0,0.0,0.0,0.0,1.0,0.0,0.0,1.0,0.0,0.0,1.0,6.0,1.0,0.0,0.0,0.49539707119475673,1.0,0.0,0.0,1.0,0.0,0.0,1.0,0.0,0.0
6362-QHAFM,0,0.3920903288424788,1.4470365772257276,1.0159883595123422,0.0,1.0,0.0,1.0,1.0,0.0,0.0,1.0,0.0,0.0,1.0,0.0,1.0,0.0,1.0,0.0,0.0,1.0,0.0,0.0,0.0,0.0,1.0,0.0,0.0,1.0,0.0,0.0,1.0,0.0,0.0,1.0,0.0,1.0,0.0,0.0,1.0,0.0,0.0,1.0,0.0,1.0,0.0,7.0,0.0,0.0,1.0,2.59120994519738,0.0,0.0,1.0,0.0,0.0,1.0,0.0,0.0,1.0
7893-IXHRQ,0,-1.2774445836787656,-1.4694171580658184,-0.9982971311496303,0.0,1.0,1.0,0.0,1.0,0.0,0.0,1.0,1.0,0.0,0.0,0.0,0.0,1.0,0.0,1.0,0.0,0.0,1.0,0.0,0.0,1.0,0.0,0.0,1.0,0.0,0.0,1.0,0.0,0.0,1.0,0.0,1.0,0.0,0.0,1.0,0.0,0.0,0.0,1.0,0.0,0.0,1.0,1.0,1.0,0.0,0.0,0.7814797948219009,1.0,0.0,0.0,1.0,0.0,0.0,1.0,0.0,0.0
3070-BDOQC,0,1.125056875803025,1.1595456961969886,1.6137532559767518,1.0,0.0,1.0,0.0,1.0,0.0,0.0,1.0,1.0,0.0,0.0,0.0,1.0,0.0,1.0,0.0,0.0,0.0,0.0,1.0,0.0,0.0,1.0,1.0,0.0,0.0,0.0,0.0,1.0,0.0,0.0,1.0,0.0,0.0,1.0,0.0,1.0,0.0,0.0,1.0,0.0,1.0,0.0,6.0,0.0,1.0,0.0,1.4343748220061434,0.0,1.0,0.0,0.0,1.0,0.0,0.0,1.0,0.0
2952-QAYZF,0,-1.1145631287986442,0.682609957149311,-0.8202338702351454,0.0,1.0,1.0,0.0,1.0,0.0,0.0,1.0,0.0,0.0,1.0,0.0,1.0,0.0,1.0,0.0,0.0,0.0,0.0,1.0,0.0,0.0,1.0,1.0,0.0,0.0,1.0,0.0,0.0,1.0,0.0,0.0,1.0,0.0,0.0,0.0,1.0,0.0,0.0,1.0,0.0,0.0,1.0,5.0,1.0,0.0,0.0,0.7359241024949857,1.0,0.0,0.0,1.0,0.0,0.0,1.0,0.0,0.0
6234-PFPXL,0,-0.4223169455581282,1.0349109211845293,-0.02133160843150522,0.0,1.0,0.0,1.0,1.0,0.0,0.0,1.0,0.0,0.0,1.0,0.0,1.0,0.0,0.0,0.0,1.0,1.0,0.0,0.0,1.0,0.0,0.0,0.0,0.0,1.0,0.0,0.0,1.0,1.0,0.0,0.0,1.0,0.0,0.0,1.0,0.0,0.0,1.0,0.0,0.0,1.0,0.0,6.0,0.0,0.0,1.0,0.05051089864109919,0.0,0.0,1.0,0.0,0.0,1.0,0.0,0.0,1.0
9824-QCJPK,0,0.14776814652229667,-1.4876969250676457,-0.7132017912018104,0.0,1.0,0.0,1.0,1.0,0.0,0.0,1.0,1.0,0.0,0.0,0.0,0.0,1.0,0.0,1.0,0.0,0.0,1.0,0.0,0.0,1.0,0.0,0.0,1.0,0.0,0.0,1.0,0.0,0.0,1.0,0.0,0.0,1.0,0.0,1.0,0.0,0.0,0.0,0.0,1.0,1.0,0.0,1.0,0.0,0.0,1.0,-4.826492095806288,0.0,0.0,1.0,0.0,0.0,1.0,0.0,0.0,1.0
4763-PGDPO,0,-1.1552834925186746,0.1873944510998066,-0.8833898558642548,1.0,0.0,1.0,0.0,1.0,0.0,0.0,1.0,1.0,0.0,0.0,0.0,1.0,0.0,1.0,0.0,0.0,1.0,0.0,0.0,1.0,0.0,0.0,1.0,0.0,0.0,1.0,0.0,0.0,1.0,0.0,0.0,1.0,0.0,0.0,1.0,0.0,0.0,0.0,1.0,0.0,0.0,1.0,2.0,1.0,0.0,0.0,0.7646520196859605,1.0,0.0,0.0,1.0,0.0,0.0,1.0,0.0,0.0
4283-IVYCI,0,-0.9516816739185228,0.006258578081699082,-0.7656810401754922,0.0,1.0,1.0,0.0,1.0,0.0,0.0,1.0,1.0,0.0,0.0,1.0,0.0,0.0,0.0,0.0,1.0,1.0,0.0,0.0,1.0,0.0,0.0,0.0,0.0,1.0,1.0,0.0,0.0,0.0,0.0,1.0,1.0,0.0,0.0,1.0,0.0,0.0,0.0,0.0,1.0,1.0,0.0,5.0,1.0,0.0,0.0,0.8045558311770593,1.0,0.0,0.0,1.0,0.0,0.0,1.0,0.0,0.0
1866-OBPNR,0,-1.2774445836787656,0.32698539911376057,-0.9744509486609586,0.0,1.0,0.0,1.0,0.0,1.0,0.0,1.0,1.0,0.0,0.0,0.0,1.0,0.0,1.0,0.0,0.0,0.0,0.0,1.0,1.0,0.0,0.0,1.0,0.0,0.0,1.0,0.0,0.0,1.0,0.0,0.0,1.0,0.0,0.0,1.0,0.0,0.0,1.0,0.0,0.0,1.0,0.0,3.0,1.0,0.0,0.0,0.7628126974046494,1.0,0.0,0.0,1.0,0.0,0.0,1.0,0.0,0.0
8205-MQUGY,0,-0.8295205827584317,-0.5172074769706297,-0.7553793128653999,0.0,1.0,0.0,1.0,0.0,1.0,0.0,1.0,1.0,0.0,0.0,1.0,0.0,0.0,0.0,0.0,1.0,1.0,0.0,0.0,1.0,0.0,0.0,1.0,0.0,0.0,1.0,0.0,0.0,1.0,0.0,0.0,1.0,0.0,0.0,0.0,1.0,0.0,0.0,1.0,0.0,1.0,0.0,3.0,1.0,0.0,0.0,0.910621542811527,1.0,0.0,0.0,1.0,0.0,0.0,1.0,0.0,0.0
8970-ANWXO,0,-0.38159658183809786,0.29873485011093664,-0.2323736323622382,1.0,0.0,1.0,0.0,1.0,0.0,0.0,1.0,0.0,0.0,1.0,1.0,0.0,0.0,1.0,0.0,0.0,1.0,0.0,0.0,1.0,0.0,0.0,0.0,0.0,1.0,0.0,0.0,1.0,0.0,0.0,1.0,0.0,1.0,0.0,0.0,1.0,0.0,0.0,0.0,1.0,1.0,0.0,6.0,0.0,0.0,1.0,0.608951032115976,0.0,0.0,1.0,0.0,0.0,1.0,0.0,0.0,1.0
9480-BQJEI,0,1.2064976032430856,0.9152615371725683,1.5212803632917267,0.0,1.0,1.0,0.0,1.0,0.0,0.0,1.0,0.0,0.0,1.0,0.0,1.0,0.0,0.0,0.0,1.0,0.0,0.0,1.0,1.0,0.0,0.0,1.0,0.0,0.0,1.0,0.0,0.0,0.0,0.0,1.0,0.0,1.0,0.0,0.0,1.0,1.0,0.0,0.0,0.0,1.0,0.0,6.0,0.0,1.0,0.0,1.2609062456506335,0.0,1.0,0.0,0.0,1.0,0.0,0.0,1.0,0.0
5394-SVGJV,0,0.18848851024232702,1.1312951471941644,0.5260055607719388,0.0,1.0,1.0,0.0,1.0,0.0,0.0,1.0,0.0,0.0,1.0,0.0,1.0,0.0,1.0,0.0,0.0,1.0,0.0,0.0,1.0,0.0,0.0,0.0,0.0,1.0,0.0,0.0,1.0,0.0,0.0,1.0,1.0,0.0,0.0,1.0,0.0,1.0,0.0,0.0,0.0,0.0,1.0,6.0,0.0,0.0,1.0,2.790650528754717,0.0,0.0,1.0,0.0,0.0,1.0,0.0,0.0,1.0
6979-TNDEU,0,-0.9924020376385531,-1.5142856770703037,-0.9381632796564582,1.0,0.0,1.0,0.0,1.0,0.0,0.0,1.0,1.0,0.0,0.0,0.0,0.0,1.0,0.0,1.0,0.0,0.0,1.0,0.0,0.0,1.0,0.0,0.0,1.0,0.0,0.0,1.0,0.0,0.0,1.0,0.0,1.0,0.0,0.0,1.0,0.0,0.0,0.0,0.0,1.0,1.0,0.0,1.0,1.0,0.0,0.0,0.9453459828527182,1.0,0.0,0.0,1.0,0.0,0.0,1.0,0.0,0.0
9777-WJJPR,0,-0.055833672077855064,0.7939503561604415,0.17643067279970848,0.0,1.0,0.0,1.0,1.0,0.0,0.0,1.0,0.0,0.0,1.0,0.0,1.0,0.0,1.0,0.0,0.0,1.0,0.0,0.0,0.0,0.0,1.0,1.0,0.0,0.0,0.0,0.0,1.0,1.0,0.0,0.0,1.0,0.0,0.0,1.0,0.0,0.0,1.0,0.0,0.0,1.0,0.0,5.0,0.0,0.0,1.0,-3.1599331771281616,0.0,0.0,1.0,0.0,0.0,1.0,0.0,0.0,1.0
9283-LZQOH,0,-0.7888002190384014,0.32033821111309646,-0.6117286742287392,0.0,1.0,0.0,1.0,0.0,1.0,0.0,1.0,0.0,0.0,1.0,0.0,1.0,0.0,1.0,0.0,0.0,1.0,0.0,0.0,1.0,0.0,0.0,1.0,0.0,0.0,1.0,0.0,0.0,1.0,0.0,0.0,1.0,0.0,0.0,0.0,1.0,0.0,1.0,0.0,0.0,0.0,1.0,3.0,1.0,0.0,0.0,0.7755178807816206,1.0,0.0,0.0,1.0,0.0,0.0,1.0,0.0,0.0
7079-QRCBC,0,-0.3408762181180675,1.1296333501939984,0.05470705117853327,1.0,0.0,1.0,0.0,1.0,0.0,0.0,1.0,0.0,0.0,1.0,0.0,1.0,0.0,1.0,0.0,0.0,1.0,0.0,0.0,0.0,0.0,1.0,1.0,0.0,0.0,0.0,0.0,1.0,0.0,0.0,1.0,1.0,0.0,0.0,0.0,1.0,0.0,0.0,1.0,0.0,0.0,1.0,6.0,0.0,0.0,1.0,-0.1604894922871524,0.0,0.0,1.0,0.0,0.0,1.0,0.0,0.0,1.0
9495-SKLKD,0,0.5142514200025698,1.0365727181846955,0.9588545827818522,0.0,1.0,0.0,1.0,0.0,1.0,0.0,1.0,0.0,0.0,1.0,0.0,1.0,0.0,1.0,0.0,0.0,0.0,0.0,1.0,0.0,0.0,1.0,1.0,0.0,0.0,1.0,0.0,0.0,0.0,0.0,1.0,1.0,0.0,0.0,0.0,1.0,1.0,0.0,0.0,0.0,1.0,0.0,6.0,0.0,1.0,0.0,1.8645638018404704,0.0,1.0,0.0,0.0,1.0,0.0,0.0,1.0,0.0
6048-UWKAL,1,1.4915401492832983,1.3506523512160928,2.080485475306369,1.0,0.0,0.0,1.0,1.0,0.0,0.0,1.0,0.0,0.0,1.0,0.0,1.0,0.0,1.0,0.0,0.0,0.0,0.0,1.0,1.0,0.0,0.0,0.0,0.0,1.0,0.0,0.0,1.0,0.0,0.0,1.0,0.0,0.0,1.0,1.0,0.0,0.0,1.0,0.0,0.0,1.0,0.0,7.0,0.0,1.0,0.0,1.3948571725045855,0.0,1.0,0.0,0.0,1.0,0.0,0.0,1.0,0.0
5067-DGXLL,0,-1.2367242199587352,-1.479387940066815,-0.9911278348417503,0.0,1.0,1.0,0.0,1.0,0.0,0.0,1.0,1.0,0.0,0.0,0.0,0.0,1.0,0.0,1.0,0.0,0.0,1.0,0.0,0.0,1.0,0.0,0.0,1.0,0.0,0.0,1.0,0.0,0.0,1.0,0.0,1.0,0.0,0.0,1.0,0.0,0.0,0.0,0.0,1.0,1.0,0.0,1.0,1.0,0.0,0.0,0.8014137823506201,1.0,0.0,0.0,1.0,0.0,0.0,1.0,0.0,0.0
5469-CTCWN,0,1.1657772395230555,1.3705939152180862,1.8813996316798542,0.0,1.0,0.0,1.0,0.0,1.0,0.0,1.0,0.0,0.0,1.0,0.0,1.0,0.0,0.0,0.0,1.0,0.0,0.0,1.0,1.0,0.0,0.0,1.0,0.0,0.0,0.0,0.0,1.0,0.0,0.0,1.0,0.0,1.0,0.0,0.0,1.0,0.0,0.0,1.0,0.0,0.0,1.0,7.0,0.0,1.0,0.0,1.6138586068549214,0.0,1.0,0.0,0.0,1.0,0.0,0.0,1.0,0.0
9851-QXEEQ,0,0.35136996512244845,1.327387193213767,0.910213664754543,0.0,1.0,1.0,0.0,1.0,0.0,0.0,1.0,0.0,0.0,1.0,0.0,1.0,0.0,1.0,0.0,0.0,0.0,0.0,1.0,0.0,0.0,1.0,1.0,0.0,0.0,0.0,0.0,1.0,0.0,0.0,1.0,1.0,0.0,0.0,0.0,1.0,0.0,0.0,1.0,0.0,0.0,1.0,7.0,0.0,0.0,1.0,2.5904708856869534,0.0,0.0,1.0,0.0,0.0,1.0,0.0,0.0,1.0
6281-FKEWS,0,0.47353105628253944,-0.5221928679711283,-0.008073925105240841,1.0,0.0,1.0,0.0,1.0,0.0,1.0,0.0,0.0,1.0,0.0,1.0,0.0,0.0,1.0,0.0,0.0,1.0,0.0,0.0,0.0,0.0,1.0,1.0,0.0,0.0,0.0,0.0,1.0,0.0,0.0,1.0,0.0,1.0,0.0,0.0,1.0,0.0,0.0,1.0,0.0,1.0,0.0,4.0,0.0,0.0,1.0,-0.017050465852493975,0.0,0.0,1.0,0.0,0.0,1.0,0.0,0.0,1.0
8898-KASCD,0,0.26992923768238775,-0.9708780580159815,-0.4297829636213716,0.0,1.0,1.0,0.0,1.0,0.0,1.0,0.0,0.0,1.0,0.0,1.0,0.0,0.0,1.0,0.0,0.0,1.0,0.0,0.0,0.0,0.0,1.0,0.0,0.0,1.0,1.0,0.0,0.0,1.0,0.0,0.0,0.0,1.0,0.0,1.0,0.0,0.0,0.0,0.0,1.0,1.0,0.0,3.0,0.0,0.0,1.0,-1.5922060437449748,0.0,0.0,1.0,0.0,0.0,1.0,0.0,0.0,1.0
9242-TKFSV,0,1.6137012404433893,0.011243969082197169,1.0901740317689594,0.0,1.0,0.0,1.0,0.0,1.0,1.0,0.0,0.0,1.0,0.0,1.0,0.0,0.0,0.0,0.0,1.0,0.0,0.0,1.0,0.0,0.0,1.0,0.0,0.0,1.0,0.0,0.0,1.0,0.0,0.0,1.0,0.0,0.0,1.0,0.0,1.0,0.0,1.0,0.0,0.0,1.0,0.0,7.0,0.0,1.0,0.0,0.6755736467485254,0.0,1.0,0.0,0.0,1.0,0.0,0.0,1.0,0.0
9290-SHCMB,1,-0.7888002190384014,1.0664850641876853,-0.4622543610527544,1.0,0.0,1.0,0.0,1.0,0.0,0.0,1.0,1.0,0.0,0.0,0.0,1.0,0.0,1.0,0.0,0.0,1.0,0.0,0.0,0.0,0.0,1.0,1.0,0.0,0.0,0.0,0.0,1.0,0.0,0.0,1.0,1.0,0.0,0.0,0.0,1.0,0.0,0.0,1.0,0.0,1.0,0.0,5.0,1.0,0.0,0.0,0.5860221002680153,1.0,0.0,0.0,1.0,0.0,0.0,1.0,0.0,0.0
0743-HNPFG,0,0.758573602322752,0.1657910900976468,0.5643668108624107,1.0,0.0,0.0,1.0,0.0,1.0,0.0,1.0,1.0,0.0,0.0,1.0,0.0,0.0,0.0,0.0,1.0,0.0,0.0,1.0,1.0,0.0,0.0,0.0,0.0,1.0,1.0,0.0,0.0,0.0,0.0,1.0,0.0,1.0,0.0,0.0,1.0,0.0,1.0,0.0,0.0,1.0,0.0,6.0,0.0,1.0,0.0,0.7439842477174526,0.0,1.0,0.0,0.0,1.0,0.0,0.0,1.0,0.0
2277-BKJKN,1,1.5729808767233588,1.1445895231954935,2.1752525428099156,1.0,0.0,0.0,1.0,1.0,0.0,0.0,1.0,1.0,0.0,0.0,0.0,1.0,0.0,1.0,0.0,0.0,0.0,0.0,1.0,0.0,0.0,1.0,1.0,0.0,0.0,0.0,0.0,1.0,0.0,0.0,1.0,0.0,0.0,1.0,0.0,1.0,0.0,0.0,1.0,0.0,1.0,0.0,6.0,0.0,1.0,0.0,1.3828855614196247,0.0,1.0,0.0,0.0,1.0,0.0,0.0,1.0,0.0
9809-IMGCQ,1,-0.4223169455581282,1.0614996731871873,-0.08839210312675225,0.0,1.0,1.0,0.0,1.0,0.0,0.0,1.0,0.0,0.0,1.0,0.0,1.0,0.0,1.0,0.0,0.0,1.0,0.0,0.0,1.0,0.0,0.0,1.0,0.0,0.0,0.0,0.0,1.0,0.0,0.0,1.0,1.0,0.0,0.0,0.0,1.0,0.0,0.0,1.0,0.0,0.0,1.0,5.0,0.0,0.0,1.0,0.20930276195745465,0.0,0.0,1.0,0.0,0.0,1.0,0.0,0.0,1.0
5208-HFSBT,0,-1.2367242199587352,-0.3227772279511935,-0.9620315215183849,1.0,0.0,1.0,0.0,1.0,0.0,0.0,1.0,1.0,0.0,0.0,1.0,0.0,0.0,1.0,0.0,0.0,0.0,0.0,1.0,1.0,0.0,0.0,0.0,0.0,1.0,1.0,0.0,0.0,1.0,0.0,0.0,1.0,0.0,0.0,0.0,1.0,0.0,1.0,0.0,0.0,0.0,1.0,4.0,1.0,0.0,0.0,0.7778868611067423,1.0,0.0,0.0,1.0,0.0,0.0,1.0,0.0,0.0
5035-PGZXH,0,0.9621754209229036,1.397182667220744,1.6019956100318282,1.0,0.0,1.0,0.0,1.0,0.0,0.0,1.0,0.0,0.0,1.0,0.0,1.0,0.0,1.0,0.0,0.0,0.0,0.0,1.0,0.0,0.0,1.0,1.0,0.0,0.0,0.0,0.0,1.0,0.0,0.0,1.0,0.0,1.0,0.0,0.0,1.0,0.0,0.0,1.0,0.0,1.0,0.0,7.0,0.0,1.0,0.0,1.6649724937841575,0.0,1.0,0.0,0.0,1.0,0.0,0.0,1.0,0.0
8695-WDYEA,0,-1.2774445836787656,-0.44907379996381874,-0.9847526759710509,0.0,1.0,1.0,0.0,1.0,0.0,0.0,1.0,1.0,0.0,0.0,1.0,0.0,0.0,0.0,0.0,1.0,1.0,0.0,0.0,1.0,0.0,0.0,1.0,0.0,0.0,1.0,0.0,0.0,1.0,0.0,0.0,1.0,0.0,0.0,1.0,0.0,0.0,0.0,0.0,1.0,1.0,0.0,3.0,1.0,0.0,0.0,0.770877021635784,1.0,0.0,0.0,1.0,0.0,0.0,1.0,0.0,0.0
6543-JXSOO,0,-0.38159658183809786,-0.23304018994222275,-0.4413861939535098,1.0,0.0,0.0,1.0,0.0,1.0,0.0,1.0,1.0,0.0,0.0,1.0,0.0,0.0,0.0,0.0,1.0,0.0,0.0,1.0,1.0,0.0,0.0,0.0,0.0,1.0,1.0,0.0,0.0,1.0,0.0,0.0,0.0,1.0,0.0,0.0,1.0,0.0,0.0,0.0,1.0,1.0,0.0,5.0,0.0,0.0,1.0,1.156682776945783,0.0,0.0,1.0,0.0,0.0,1.0,0.0,0.0,1.0
8016-ZMGMO,1,1.369379058123207,0.20235062410130134,1.08335768543316,1.0,0.0,0.0,1.0,1.0,0.0,0.0,1.0,0.0,0.0,1.0,1.0,0.0,0.0,1.0,0.0,0.0,0.0,0.0,1.0,0.0,0.0,1.0,1.0,0.0,0.0,0.0,0.0,1.0,1.0,0.0,0.0,0.0,1.0,0.0,0.0,1.0,1.0,0.0,0.0,0.0,1.0,0.0,6.0,0.0,1.0,0.0,0.7911306069759445,0.0,1.0,0.0,0.0,1.0,0.0,0.0,1.0,0.0
8605-ITULD,0,-1.2774445836787656,-1.502653098069141,-0.9987383186147306,1.0,0.0,1.0,0.0,1.0,0.0,0.0,1.0,1.0,0.0,0.0,0.0,0.0,1.0,0.0,1.0,0.0,0.0,1.0,0.0,0.0,1.0,0.0,0.0,1.0,0.0,0.0,1.0,0.0,0.0,1.0,0.0,1.0,0.0,0.0,1.0,0.0,0.0,0.0,0.0,1.0,1.0,0.0,1.0,1.0,0.0,0.0,0.7818251620266604,1.0,0.0,0.0,1.0,0.0,0.0,1.0,0.0,0.0
3254-YRILK,1,-0.5444780367182193,0.7789941831589463,-0.22390283303231223,0.0,1.0,1.0,0.0,1.0,0.0,0.0,1.0,0.0,0.0,1.0,0.0,1.0,0.0,1.0,0.0,0.0,0.0,0.0,1.0,1.0,0.0,0.0,1.0,0.0,0.0,0.0,0.0,1.0,1.0,0.0,0.0,1.0,0.0,0.0,0.0,1.0,0.0,0.0,1.0,0.0,0.0,1.0,5.0,1.0,0.0,0.0,0.4112247288832101,1.0,0.0,0.0,1.0,0.0,0.0,1.0,0.0,0.0
6416-YJTTB,0,-0.8702409464784621,0.4898415051300408,-0.6563327269503805,0.0,1.0,1.0,0.0,1.0,0.0,0.0,1.0,1.0,0.0,0.0,0.0,1.0,0.0,0.0,0.0,1.0,1.0,0.0,0.0,0.0,0.0,1.0,1.0,0.0,0.0,1.0,0.0,0.0,1.0,0.0,0.0,1.0,0.0,0.0,0.0,1.0,1.0,0.0,0.0,0.0,1.0,0.0,4.0,1.0,0.0,0.0,0.7541965585580778,1.0,0.0,0.0,1.0,0.0,0.0,1.0,0.0,0.0
2667-WYLWJ,0,-0.9924020376385531,-1.4960059100684764,-0.9433913511178968,1.0,0.0,0.0,1.0,0.0,1.0,0.0,1.0,1.0,0.0,0.0,0.0,0.0,1.0,0.0,1.0,0.0,0.0,1.0,0.0,0.0,1.0,0.0,0.0,1.0,0.0,0.0,1.0,0.0,0.0,1.0,0.0,0.0,1.0,0.0,0.0,1.0,0.0,0.0,0.0,1.0,0.0,1.0,1.0,1.0,0.0,0.0,0.9506140811265579,1.0,0.0,0.0,1.0,0.0,0.0,1.0,0.0,0.0
4472-VESGY,0,0.7992939660427822,1.109691786192005,1.1956619546744431,1.0,0.0,0.0,1.0,0.0,1.0,0.0,1.0,0.0,0.0,1.0,0.0,1.0,0.0,0.0,0.0,1.0,0.0,0.0,1.0,0.0,0.0,1.0,1.0,0.0,0.0,1.0,0.0,0.0,0.0,0.0,1.0,1.0,0.0,0.0,1.0,0.0,1.0,0.0,0.0,0.0,1.0,0.0,7.0,0.0,1.0,0.0,1.49589763650292,0.0,1.0,0.0,0.0,1.0,0.0,0.0,1.0,0.0
3195-TQDZX,0,-1.1960038562387048,-1.479387940066815,-0.9802525638270277,0.0,1.0,1.0,0.0,1.0,0.0,0.0,1.0,1.0,0.0,0.0,0.0,0.0,1.0,0.0,1.0,0.0,0.0,1.0,0.0,0.0,1.0,0.0,0.0,1.0,0.0,0.0,1.0,0.0,0.0,1.0,0.0,1.0,0.0,0.0,0.0,1.0,0.0,0.0,1.0,0.0,1.0,0.0,1.0,1.0,0.0,0.0,0.8196065244386501,1.0,0.0,0.0,1.0,0.0,0.0,1.0,0.0,0.0
3128-YOVTD,0,0.758573602322752,0.47820892612887816,0.7655703543214069,1.0,0.0,0.0,1.0,0.0,1.0,0.0,1.0,1.0,0.0,0.0,0.0,1.0,0.0,0.0,0.0,1.0,0.0,0.0,1.0,1.0,0.0,0.0,1.0,0.0,0.0,1.0,0.0,0.0,1.0,0.0,0.0,1.0,0.0,0.0,0.0,1.0,1.0,0.0,0.0,0.0,1.0,0.0,4.0,0.0,1.0,0.0,1.009223563774472,0.0,1.0,0.0,0.0,1.0,0.0,0.0,1.0,0.0
0529-ONKER,1,-0.7073594915983407,0.36188313611724954,-0.5014759267001718,0.0,1.0,1.0,0.0,1.0,0.0,0.0,1.0,0.0,0.0,1.0,0.0,1.0,0.0,1.0,0.0,0.0,1.0,0.0,0.0,1.0,0.0,0.0,1.0,0.0,0.0,1.0,0.0,0.0,1.0,0.0,0.0,1.0,0.0,0.0,1.0,0.0,0.0,0.0,1.0,0.0,0.0,1.0,3.0,1.0,0.0,0.0,0.7089406909166414,1.0,0.0,0.0,1.0,0.0,0.0,1.0,0.0,0.0
1728-CXQBE,1,1.2879383306831464,0.9800716201790471,1.67567391670358,0.0,1.0,0.0,1.0,1.0,0.0,0.0,1.0,0.0,0.0,1.0,0.0,1.0,0.0,1.0,0.0,0.0,0.0,0.0,1.0,0.0,0.0,1.0,1.0,0.0,0.0,1.0,0.0,0.0,0.0,0.0,1.0,1.0,0.0,0.0,0.0,1.0,0.0,0.0,1.0,0.0,1.0,0.0,6.0,0.0,1.0,0.0,1.3010513599783704,0.0,1.0,0.0,0.0,1.0,0.0,0.0,1.0,0.0
7041-TXQJH,0,0.18848851024232702,-0.8163309370005319,-0.3549134507938491,1.0,0.0,1.0,0.0,1.0,0.0,1.0,0.0,0.0,1.0,0.0,1.0,0.0,0.0,1.0,0.0,0.0,1.0,0.0,0.0,0.0,0.0,1.0,1.0,0.0,0.0,1.0,0.0,0.0,0.0,0.0,1.0,1.0,0.0,0.0,0.0,1.0,0.0,1.0,0.0,0.0,1.0,0.0,3.0,0.0,0.0,1.0,-1.8829447499880005,0.0,0.0,1.0,0.0,0.0,1.0,0.0,0.0,1.0
5014-GSOUQ,0,-0.7888002190384014,-1.4893587220678117,-0.8998682076857513,0.0,1.0,1.0,0.0,1.0,0.0,0.0,1.0,1.0,0.0,0.0,0.0,0.0,1.0,0.0,1.0,0.0,0.0,1.0,0.0,0.0,1.0,0.0,0.0,1.0,0.0,0.0,1.0,0.0,0.0,1.0,0.0,0.0,0.0,1.0,1.0,0.0,0.0,0.0,0.0,1.0,1.0,0.0,1.0,1.0,0.0,0.0,1.1408062345402856,1.0,0.0,0.0,1.0,0.0,0.0,1.0,0.0,0.0
5724-BIDBU,0,0.6771328748826912,-0.31280644595019663,0.15470219014351824,0.0,1.0,0.0,1.0,1.0,0.0,0.0,1.0,0.0,0.0,1.0,1.0,0.0,0.0,0.0,0.0,1.0,1.0,0.0,0.0,1.0,0.0,0.0,1.0,0.0,0.0,1.0,0.0,0.0,1.0,0.0,0.0,0.0,1.0,0.0,0.0,1.0,0.0,0.0,1.0,0.0,1.0,0.0,4.0,0.0,1.0,0.0,0.22846651799370893,0.0,1.0,0.0,0.0,1.0,0.0,0.0,1.0,0.0
0481-SUMCB,1,0.5142514200025698,1.2426355462052947,1.0818135293053088,1.0,0.0,1.0,0.0,1.0,0.0,0.0,1.0,0.0,0.0,1.0,0.0,1.0,0.0,1.0,0.0,0.0,1.0,0.0,0.0,0.0,0.0,1.0,1.0,0.0,0.0,0.0,0.0,1.0,0.0,0.0,1.0,0.0,1.0,0.0,0.0,1.0,1.0,0.0,0.0,0.0,1.0,0.0,6.0,0.0,1.0,0.0,2.103666586472241,0.0,1.0,0.0,0.0,1.0,0.0,0.0,1.0,0.0
1769-GRUIK,0,-0.5851984004382496,0.21065960910213194,-0.45687187397853063,1.0,0.0,1.0,0.0,1.0,0.0,0.0,1.0,1.0,0.0,0.0,0.0,1.0,0.0,1.0,0.0,0.0,1.0,0.0,0.0,1.0,0.0,0.0,1.0,0.0,0.0,1.0,0.0,0.0,1.0,0.0,0.0,1.0,0.0,0.0,0.0,1.0,0.0,0.0,1.0,0.0,1.0,0.0,2.0,1.0,0.0,0.0,0.780712786700004,1.0,0.0,0.0,1.0,0.0,0.0,1.0,0.0,0.0
5240-IJOQT,1,-1.2774445836787656,0.3303089931140931,-0.9744068299144487,0.0,1.0,1.0,0.0,1.0,0.0,0.0,1.0,0.0,0.0,1.0,0.0,1.0,0.0,1.0,0.0,0.0,1.0,0.0,0.0,1.0,0.0,0.0,1.0,0.0,0.0,1.0,0.0,0.0,1.0,0.0,0.0,1.0,0.0,0.0,0.0,1.0,0.0,0.0,1.0,0.0,0.0,1.0,3.0,1.0,0.0,0.0,0.7627781606841736,1.0,0.0,0.0,1.0,0.0,0.0,1.0,0.0,0.0
8819-WFGGJ,0,1.4508197855632678,-0.3543513709543497,0.6667223027656825,0.0,1.0,0.0,1.0,1.0,0.0,1.0,0.0,0.0,1.0,0.0,1.0,0.0,0.0,0.0,0.0,1.0,1.0,0.0,0.0,0.0,0.0,1.0,1.0,0.0,0.0,0.0,0.0,1.0,0.0,0.0,1.0,0.0,0.0,1.0,0.0,1.0,1.0,0.0,0.0,0.0,1.0,0.0,5.0,0.0,1.0,0.0,0.45954866993134746,0.0,1.0,0.0,0.0,1.0,0.0,0.0,1.0,0.0
7427-AUFPY,0,0.880734693482843,-1.4993295040688086,-0.5623377375107595,0.0,1.0,1.0,0.0,1.0,0.0,0.0,1.0,1.0,0.0,0.0,0.0,0.0,1.0,0.0,1.0,0.0,0.0,1.0,0.0,0.0,1.0,0.0,0.0,1.0,0.0,0.0,1.0,0.0,0.0,1.0,0.0,0.0,0.0,1.0,1.0,0.0,0.0,1.0,0.0,0.0,1.0,0.0,1.0,0.0,1.0,0.0,-0.6384870968202799,0.0,1.0,0.0,0.0,1.0,0.0,0.0,1.0,0.0
2811-POVEX,1,-0.38159658183809786,0.787303168159777,-0.06739157978797737,1.0,0.0,0.0,1.0,0.0,1.0,0.0,1.0,1.0,0.0,0.0,0.0,1.0,0.0,1.0,0.0,0.0,0.0,0.0,1.0,0.0,0.0,1.0,1.0,0.0,0.0,1.0,0.0,0.0,0.0,0.0,1.0,1.0,0.0,0.0,0.0,1.0,1.0,0.0,0.0,0.0,1.0,0.0,5.0,0.0,0.0,1.0,0.1766042543236668,0.0,0.0,1.0,0.0,0.0,1.0,0.0,0.0,1.0
1092-GANHU,0,-0.62591876415828,0.395119076120572,-0.42784173877493026,0.0,1.0,1.0,0.0,1.0,0.0,0.0,1.0,1.0,0.0,0.0,0.0,1.0,0.0,1.0,0.0,0.0,1.0,0.0,0.0,0.0,0.0,1.0,1.0,0.0,0.0,1.0,0.0,0.0,1.0,0.0,0.0,1.0,0.0,0.0,0.0,1.0,0.0,0.0,1.0,0.0,0.0,1.0,3.0,1.0,0.0,0.0,0.6835419598744276,1.0,0.0,0.0,1.0,0.0,0.0,1.0,0.0,0.0
7898-PDWQE,0,1.5729808767233588,0.5197538511330312,1.5193832571917953,0.0,1.0,0.0,1.0,1.0,0.0,0.0,1.0,0.0,0.0,1.0,1.0,0.0,0.0,0.0,0.0,1.0,0.0,0.0,1.0,0.0,0.0,1.0,0.0,0.0,1.0,1.0,0.0,0.0,0.0,0.0,1.0,0.0,0.0,1.0,1.0,0.0,0.0,1.0,0.0,0.0,1.0,0.0,8.0,0.0,1.0,0.0,0.9659260831935786,0.0,1.0,0.0,0.0,1.0,0.0,0.0,1.0,0.0
9972-EWRJS,0,1.4100994218432374,-1.5126238800701375,-0.40165726272122687,1.0,0.0,0.0,1.0,0.0,1.0,0.0,1.0,1.0,0.0,0.0,0.0,0.0,1.0,0.0,1.0,0.0,0.0,1.0,0.0,0.0,1.0,0.0,0.0,1.0,0.0,0.0,1.0,0.0,0.0,1.0,0.0,0.0,0.0,1.0,0.0,1.0,1.0,0.0,0.0,0.0,1.0,0.0,1.0,0.0,1.0,0.0,-0.2848432220447216,0.0,1.0,0.0,0.0,1.0,0.0,0.0,1.0,0.0
9314-IJWSQ,0,-0.748079855318371,0.6659919871476498,-0.47621794432317915,1.0,0.0,0.0,1.0,0.0,1.0,0.0,1.0,0.0,0.0,1.0,0.0,1.0,0.0,1.0,0.0,0.0,1.0,0.0,0.0,1.0,0.0,0.0,1.0,0.0,0.0,0.0,0.0,1.0,1.0,0.0,0.0,1.0,0.0,0.0,0.0,1.0,0.0,0.0,1.0,0.0,1.0,0.0,4.0,1.0,0.0,0.0,0.6365870447353623,1.0,0.0,0.0,1.0,0.0,0.0,1.0,0.0,0.0
0661-XEYAN,1,-1.2774445836787656,-1.2949284730483754,-0.9959808969578536,1.0,0.0,1.0,0.0,1.0,0.0,1.0,0.0,0.0,1.0,0.0,1.0,0.0,0.0,1.0,0.0,0.0,1.0,0.0,0.0,1.0,0.0,0.0,1.0,0.0,0.0,1.0,0.0,0.0,1.0,0.0,0.0,1.0,0.0,0.0,0.0,1.0,0.0,0.0,0.0,1.0,0.0,1.0,1.0,1.0,0.0,0.0,0.7796666169969134,1.0,0.0,0.0,1.0,0.0,0.0,1.0,0.0,0.0
5799-JRCZO,0,1.247217966963116,-1.504314895069307,-0.4712766447140557,1.0,0.0,1.0,0.0,0.0,1.0,0.0,1.0,1.0,0.0,0.0,0.0,0.0,1.0,0.0,1.0,0.0,0.0,1.0,0.0,0.0,1.0,0.0,0.0,1.0,0.0,0.0,1.0,0.0,0.0,1.0,0.0,0.0,0.0,1.0,1.0,0.0,0.0,1.0,0.0,0.0,1.0,0.0,1.0,0.0,1.0,0.0,-0.3778622960841237,0.0,1.0,0.0,0.0,1.0,0.0,0.0,1.0,0.0
1921-KYSAY,0,0.35136996512244845,0.12756975909382579,0.2619548629094036,1.0,0.0,1.0,0.0,1.0,0.0,0.0,1.0,0.0,0.0,1.0,1.0,0.0,0.0,1.0,0.0,0.0,1.0,0.0,0.0,0.0,0.0,1.0,0.0,0.0,1.0,1.0,0.0,0.0,0.0,0.0,1.0,0.0,1.0,0.0,0.0,1.0,0.0,0.0,1.0,0.0,1.0,0.0,6.0,0.0,0.0,1.0,0.7455243444558938,0.0,0.0,1.0,0.0,0.0,1.0,0.0,0.0,1.0
6198-RTPMF,0,-0.62591876415828,0.925232319173565,-0.31041969493848287,1.0,0.0,0.0,1.0,1.0,0.0,0.0,1.0,0.0,0.0,1.0,0.0,1.0,0.0,1.0,0.0,0.0,1.0,0.0,0.0,1.0,0.0,0.0,1.0,0.0,0.0,0.0,0.0,1.0,0.0,0.0,1.0,1.0,0.0,0.0,1.0,0.0,0.0,0.0,1.0,0.0,1.0,0.0,5.0,1.0,0.0,0.0,0.4959424652429578,1.0,0.0,0.0,1.0,0.0,0.0,1.0,0.0,0.0
2924-KHUVI,0,0.9621754209229036,1.1894580421999785,1.4257632770975097,0.0,1.0,0.0,1.0,1.0,0.0,0.0,1.0,0.0,0.0,1.0,0.0,1.0,0.0,0.0,0.0,1.0,1.0,0.0,0.0,1.0,0.0,0.0,1.0,0.0,0.0,0.0,0.0,1.0,0.0,0.0,1.0,0.0,1.0,0.0,0.0,1.0,0.0,0.0,1.0,0.0,1.0,0.0,6.0,0.0,1.0,0.0,1.4818121998272828,0.0,1.0,0.0,0.0,1.0,0.0,0.0,1.0,0.0
1925-GMVBW,0,-1.1145631287986442,-1.4694171580658184,-0.964965418161302,1.0,0.0,1.0,0.0,1.0,0.0,0.0,1.0,1.0,0.0,0.0,0.0,0.0,1.0,0.0,1.0,0.0,0.0,1.0,0.0,0.0,1.0,0.0,0.0,1.0,0.0,0.0,1.0,0.0,0.0,1.0,0.0,1.0,0.0,0.0,1.0,0.0,0.0,1.0,0.0,0.0,1.0,0.0,1.0,1.0,0.0,0.0,0.865779060178862,1.0,0.0,0.0,1.0,0.0,0.0,1.0,0.0,0.0
7881-EVUAD,0,-1.2367242199587352,-0.736564680992558,-0.9754215610841792,1.0,0.0,1.0,0.0,1.0,0.0,1.0,0.0,0.0,1.0,0.0,1.0,0.0,0.0,0.0,0.0,1.0,0.0,0.0,1.0,1.0,0.0,0.0,1.0,0.0,0.0,1.0,0.0,0.0,0.0,0.0,1.0,1.0,0.0,0.0,0.0,1.0,0.0,0.0,1.0,0.0,0.0,1.0,4.0,1.0,0.0,0.0,0.7887138824828104,1.0,0.0,0.0,1.0,0.0,0.0,1.0,0.0,0.0
6184-DYUOB,0,-1.1960038562387048,-1.5009913010689746,-0.9829879261106496,1.0,0.0,0.0,1.0,1.0,0.0,0.0,1.0,1.0,0.0,0.0,0.0,0.0,1.0,0.0,1.0,0.0,0.0,1.0,0.0,0.0,1.0,0.0,0.0,1.0,0.0,0.0,1.0,0.0,0.0,1.0,0.0,1.0,0.0,0.0,0.0,1.0,0.0,0.0,0.0,1.0,1.0,0.0,1.0,1.0,0.0,0.0,0.8218936092748347,1.0,0.0,0.0,1.0,0.0,0.0,1.0,0.0,0.0
9207-ZPANB,0,0.18848851024232702,0.08934842809000525,0.07058979992214441,0.0,1.0,1.0,0.0,1.0,0.0,0.0,1.0,0.0,0.0,1.0,1.0,0.0,0.0,0.0,0.0,1.0,0.0,0.0,1.0,0.0,0.0,1.0,0.0,0.0,1.0,1.0,0.0,0.0,1.0,0.0,0.0,0.0,1.0,0.0,1.0,0.0,0.0,0.0,1.0,0.0,1.0,0.0,7.0,0.0,0.0,1.0,0.37450452460678824,0.0,0.0,1.0,0.0,0.0,1.0,0.0,0.0,1.0
5766-XQXMQ,0,-0.13727439951791576,0.13587874409465642,-0.13800363357728196,1.0,0.0,1.0,0.0,1.0,0.0,0.0,1.0,1.0,0.0,0.0,1.0,0.0,0.0,0.0,0.0,1.0,0.0,0.0,1.0,0.0,0.0,1.0,1.0,0.0,0.0,1.0,0.0,0.0,0.0,0.0,1.0,1.0,0.0,0.0,0.0,1.0,1.0,0.0,0.0,0.0,0.0,1.0,6.0,0.0,0.0,1.0,1.0053122363814895,0.0,0.0,1.0,0.0,0.0,1.0,0.0,0.0,1.0
9327-QSDED,0,-0.9924020376385531,-0.7049905379894018,-0.8593892577627978,0.0,1.0,1.0,0.0,1.0,0.0,0.0,1.0,1.0,0.0,0.0,1.0,0.0,0.0,1.0,0.0,0.0,1.0,0.0,0.0,1.0,0.0,0.0,1.0,0.0,0.0,1.0,0.0,0.0,1.0,0.0,0.0,1.0,0.0,0.0,1.0,0.0,0.0,0.0,0.0,1.0,1.0,0.0,2.0,1.0,0.0,0.0,0.8659688565409814,1.0,0.0,0.0,1.0,0.0,0.0,1.0,0.0,0.0
1656-DRSMG,0,1.247217966963116,1.4985522842308774,2.0822502251667703,1.0,0.0,1.0,0.0,1.0,0.0,0.0,1.0,0.0,0.0,1.0,0.0,1.0,0.0,1.0,0.0,0.0,0.0,0.0,1.0,0.0,0.0,1.0,0.0,0.0,1.0,0.0,0.0,1.0,0.0,0.0,1.0,1.0,0.0,0.0,0.0,1.0,0.0,1.0,0.0,0.0,1.0,0.0,8.0,0.0,1.0,0.0,1.6695158988423622,0.0,1.0,0.0,0.0,1.0,0.0,0.0,1.0,0.0
3012-VFFMN,0,-1.0331224013585834,-1.4660935640654862,-0.9372367859797476,1.0,0.0,0.0,1.0,0.0,1.0,0.0,1.0,1.0,0.0,0.0,0.0,0.0,1.0,0.0,1.0,0.0,0.0,1.0,0.0,0.0,1.0,0.0,0.0,1.0,0.0,0.0,1.0,0.0,0.0,1.0,0.0,1.0,0.0,0.0,1.0,0.0,0.0,0.0,0.0,1.0,1.0,0.0,1.0,1.0,0.0,0.0,0.9071885235933868,1.0,0.0,0.0,1.0,0.0,0.0,1.0,0.0,0.0
2984-AFWNC,0,-1.1960038562387048,1.0182929511828682,-0.878029428163286,1.0,0.0,1.0,0.0,1.0,0.0,0.0,1.0,1.0,0.0,0.0,0.0,1.0,0.0,1.0,0.0,0.0,0.0,0.0,1.0,1.0,0.0,0.0,1.0,0.0,0.0,0.0,0.0,1.0,0.0,0.0,1.0,1.0,0.0,0.0,1.0,0.0,0.0,0.0,1.0,0.0,1.0,0.0,5.0,1.0,0.0,0.0,0.7341359508025234,1.0,0.0,0.0,1.0,0.0,0.0,1.0,0.0,0.0
0640-YJTPY,0,1.6137012404433893,-1.4544609850643233,-0.3483397575638545,0.0,1.0,0.0,1.0,0.0,1.0,0.0,1.0,1.0,0.0,0.0,0.0,0.0,1.0,0.0,1.0,0.0,0.0,1.0,0.0,0.0,1.0,0.0,0.0,1.0,0.0,0.0,1.0,0.0,0.0,1.0,0.0,0.0,0.0,1.0,1.0,0.0,1.0,0.0,0.0,0.0,1.0,0.0,1.0,0.0,1.0,0.0,-0.21586384693373772,0.0,1.0,0.0,0.0,1.0,0.0,0.0,1.0,0.0
8096-LOIST,0,-0.5444780367182193,-0.2845558969473725,-0.5249691592167633,1.0,0.0,1.0,0.0,1.0,0.0,0.0,1.0,1.0,0.0,0.0,1.0,0.0,0.0,1.0,0.0,0.0,1.0,0.0,0.0,1.0,0.0,0.0,1.0,0.0,0.0,1.0,0.0,0.0,0.0,0.0,1.0,1.0,0.0,0.0,0.0,1.0,0.0,0.0,1.0,0.0,1.0,0.0,3.0,1.0,0.0,0.0,0.9641695785948622,1.0,0.0,0.0,1.0,0.0,0.0,1.0,0.0,0.0
9764-REAFF,0,1.0843365120829946,-1.5408744290729617,-0.5406533736010795,1.0,0.0,0.0,1.0,1.0,0.0,0.0,1.0,1.0,0.0,0.0,0.0,0.0,1.0,0.0,1.0,0.0,0.0,1.0,0.0,0.0,1.0,0.0,0.0,1.0,0.0,0.0,1.0,0.0,0.0,1.0,0.0,0.0,0.0,1.0,1.0,0.0,1.0,0.0,0.0,0.0,1.0,0.0,1.0,0.0,1.0,0.0,-0.498602940670597,0.0,1.0,0.0,0.0,1.0,0.0,0.0,1.0,0.0
3703-VAVCL,0,-1.2367242199587352,0.8388188751649267,-0.9235158558151279,0.0,1.0,0.0,1.0,0.0,1.0,0.0,1.0,1.0,0.0,0.0,0.0,1.0,0.0,1.0,0.0,0.0,1.0,0.0,0.0,0.0,0.0,1.0,0.0,0.0,1.0,1.0,0.0,0.0,0.0,0.0,1.0,1.0,0.0,0.0,1.0,0.0,0.0,1.0,0.0,0.0,0.0,1.0,5.0,1.0,0.0,0.0,0.746743567329782,1.0,0.0,0.0,1.0,0.0,0.0,1.0,0.0,0.0
7107-UBYKY,0,0.10704778280226633,-1.2965902700485417,-0.6179935362331637,1.0,0.0,0.0,1.0,0.0,1.0,0.0,1.0,0.0,0.0,1.0,0.0,0.0,1.0,0.0,1.0,0.0,0.0,1.0,0.0,0.0,1.0,0.0,0.0,1.0,0.0,0.0,1.0,0.0,0.0,1.0,0.0,1.0,0.0,0.0,0.0,1.0,0.0,0.0,1.0,0.0,1.0,0.0,2.0,0.0,0.0,1.0,-5.773062459170149,0.0,0.0,1.0,0.0,0.0,1.0,0.0,0.0,1.0
4881-GQJTW,0,-0.748079855318371,-1.5009913010689746,-0.8748308190413087,0.0,1.0,1.0,0.0,1.0,0.0,0.0,1.0,1.0,0.0,0.0,0.0,0.0,1.0,0.0,1.0,0.0,0.0,1.0,0.0,0.0,1.0,0.0,0.0,1.0,0.0,0.0,1.0,0.0,0.0,1.0,0.0,1.0,0.0,0.0,1.0,0.0,0.0,1.0,0.0,0.0,1.0,0.0,1.0,1.0,0.0,0.0,1.1694350714323065,1.0,0.0,0.0,1.0,0.0,0.0,1.0,0.0,0.0
8519-QJGJD,0,-0.748079855318371,0.35191235411625243,-0.5547272537377792,1.0,0.0,1.0,0.0,1.0,0.0,0.0,1.0,1.0,0.0,0.0,0.0,1.0,0.0,1.0,0.0,0.0,1.0,0.0,0.0,0.0,0.0,1.0,1.0,0.0,0.0,1.0,0.0,0.0,1.0,0.0,0.0,1.0,0.0,0.0,1.0,0.0,0.0,0.0,1.0,0.0,0.0,1.0,3.0,1.0,0.0,0.0,0.7415348104804882,1.0,0.0,0.0,1.0,0.0,0.0,1.0,0.0,0.0
7876-DNYAP,0,1.4915401492832983,-1.4943441130683104,-0.37339920558155204,1.0,0.0,0.0,1.0,0.0,1.0,0.0,1.0,1.0,0.0,0.0,0.0,0.0,1.0,0.0,1.0,0.0,0.0,1.0,0.0,0.0,1.0,0.0,0.0,1.0,0.0,0.0,1.0,0.0,0.0,1.0,0.0,0.0,0.0,1.0,1.0,0.0,0.0,1.0,0.0,0.0,1.0,0.0,1.0,0.0,1.0,0.0,-0.2503447230441464,0.0,1.0,0.0,0.0,1.0,0.0,0.0,1.0,0.0
7905-NJMXS,1,-1.0331224013585834,-0.018668376920792765,-0.7977994876347947,0.0,1.0,0.0,1.0,1.0,0.0,0.0,1.0,0.0,0.0,1.0,1.0,0.0,0.0,0.0,0.0,1.0,0.0,0.0,1.0,1.0,0.0,0.0,0.0,0.0,1.0,1.0,0.0,0.0,1.0,0.0,0.0,1.0,0.0,0.0,1.0,0.0,0.0,0.0,1.0,0.0,1.0,0.0,6.0,1.0,0.0,0.0,0.7722216521349912,1.0,0.0,0.0,1.0,0.0,0.0,1.0,0.0,0.0
2882-WDTBA,0,1.4915401492832983,0.3652067301175816,1.3698207065227903,0.0,1.0,0.0,1.0,0.0,1.0,0.0,1.0,1.0,0.0,0.0,1.0,0.0,0.0,0.0,0.0,1.0,0.0,0.0,1.0,0.0,0.0,1.0,0.0,0.0,1.0,0.0,0.0,1.0,1.0,0.0,0.0,0.0,0.0,1.0,0.0,1.0,1.0,0.0,0.0,0.0,1.0,0.0,7.0,0.0,1.0,0.0,0.9183934520173691,0.0,1.0,0.0,0.0,1.0,0.0,0.0,1.0,0.0
2091-GPPIQ,0,1.6137012404433893,0.47156173812821356,1.5207068195870963,1.0,0.0,0.0,1.0,0.0,1.0,0.0,1.0,0.0,0.0,1.0,1.0,0.0,0.0,1.0,0.0,0.0,0.0,0.0,1.0,1.0,0.0,0.0,0.0,0.0,1.0,0.0,0.0,1.0,0.0,0.0,1.0,0.0,0.0,1.0,0.0,1.0,0.0,0.0,1.0,0.0,1.0,0.0,7.0,0.0,1.0,0.0,0.9423719716353808,0.0,1.0,0.0,0.0,1.0,0.0,0.0,1.0,0.0
6326-MTTXK,0,-0.9924020376385531,1.1994288242009752,-0.6457883465344831,0.0,1.0,1.0,0.0,1.0,0.0,0.0,1.0,0.0,0.0,1.0,0.0,1.0,0.0,1.0,0.0,0.0,0.0,0.0,1.0,1.0,0.0,0.0,1.0,0.0,0.0,0.0,0.0,1.0,0.0,0.0,1.0,1.0,0.0,0.0,1.0,0.0,0.0,0.0,1.0,0.0,0.0,1.0,6.0,1.0,0.0,0.0,0.6507325882473535,1.0,0.0,0.0,1.0,0.0,0.0,1.0,0.0,0.0
5071-FBJFS,0,-1.1552834925186746,-0.4806479429669752,-0.9115817348841646,1.0,0.0,0.0,1.0,0.0,1.0,0.0,1.0,1.0,0.0,0.0,1.0,0.0,0.0,0.0,0.0,1.0,1.0,0.0,0.0,1.0,0.0,0.0,1.0,0.0,0.0,1.0,0.0,0.0,1.0,0.0,0.0,1.0,0.0,0.0,1.0,0.0,0.0,0.0,1.0,0.0,1.0,0.0,3.0,1.0,0.0,0.0,0.789054583387834,1.0,0.0,0.0,1.0,0.0,0.0,1.0,0.0,0.0
2796-UUZZO,0,1.247217966963116,0.5164302571326987,1.1528447111864586,0.0,1.0,0.0,1.0,0.0,1.0,0.0,1.0,1.0,0.0,0.0,0.0,1.0,0.0,1.0,0.0,0.0,0.0,0.0,1.0,0.0,0.0,1.0,1.0,0.0,0.0,1.0,0.0,0.0,1.0,0.0,0.0,1.0,0.0,0.0,0.0,1.0,0.0,1.0,0.0,0.0,1.0,0.0,4.0,0.0,1.0,0.0,0.924332988878881,0.0,1.0,0.0,0.0,1.0,0.0,0.0,1.0,0.0
2429-AYKKO,0,1.6137012404433893,-1.4926823160681442,-0.374656589857088,0.0,1.0,1.0,0.0,1.0,0.0,0.0,1.0,1.0,0.0,0.0,0.0,0.0,1.0,0.0,1.0,0.0,0.0,1.0,0.0,0.0,1.0,0.0,0.0,1.0,0.0,0.0,1.0,0.0,0.0,1.0,0.0,0.0,0.0,1.0,1.0,0.0,1.0,0.0,0.0,0.0,1.0,0.0,1.0,0.0,1.0,0.0,-0.2321722140798165,0.0,1.0,0.0,0.0,1.0,0.0,0.0,1.0,0.0
9798-OPFEM,0,0.5549717837226001,-1.451137391063991,-0.5939267600119418,1.0,0.0,1.0,0.0,1.0,0.0,0.0,1.0,1.0,0.0,0.0,0.0,0.0,1.0,0.0,1.0,0.0,0.0,1.0,0.0,0.0,1.0,0.0,0.0,1.0,0.0,0.0,1.0,0.0,0.0,1.0,0.0,0.0,0.0,1.0,0.0,1.0,0.0,0.0,1.0,0.0,1.0,0.0,1.0,0.0,1.0,0.0,-1.0701927150747057,0.0,1.0,0.0,0.0,1.0,0.0,0.0,1.0,0.0
0330-IVZHA,0,-1.1145631287986442,0.1724382780983114,-0.8617054919545745,1.0,0.0,0.0,1.0,1.0,0.0,0.0,1.0,1.0,0.0,0.0,0.0,1.0,0.0,1.0,0.0,0.0,1.0,0.0,0.0,1.0,0.0,0.0,1.0,0.0,0.0,1.0,0.0,0.0,1.0,0.0,0.0,1.0,0.0,0.0,1.0,0.0,0.0,0.0,1.0,0.0,0.0,1.0,2.0,1.0,0.0,0.0,0.7731329609686463,1.0,0.0,0.0,1.0,0.0,0.0,1.0,0.0,0.0
3794-NFNCH,0,-0.0965540357978854,-0.4906187249679718,-0.35665614128099526,0.0,1.0,0.0,1.0,1.0,0.0,0.0,1.0,1.0,0.0,0.0,1.0,0.0,0.0,1.0,0.0,0.0,1.0,0.0,0.0,0.0,0.0,1.0,1.0,0.0,0.0,1.0,0.0,0.0,1.0,0.0,0.0,1.0,0.0,0.0,0.0,1.0,0.0,0.0,0.0,1.0,1.0,0.0,3.0,0.0,0.0,1.0,3.6938501672532498,0.0,0.0,1.0,0.0,0.0,1.0,0.0,0.0,1.0
5193-QLVZB,0,1.247217966963116,1.329048990213933,1.8764583320707309,0.0,1.0,1.0,0.0,1.0,0.0,0.0,1.0,0.0,0.0,1.0,0.0,1.0,0.0,1.0,0.0,0.0,0.0,0.0,1.0,0.0,0.0,1.0,1.0,0.0,0.0,0.0,0.0,1.0,0.0,0.0,1.0,0.0,0.0,1.0,0.0,1.0,1.0,0.0,0.0,0.0,1.0,0.0,7.0,0.0,1.0,0.0,1.504515154347695,0.0,1.0,0.0,0.0,1.0,0.0,0.0,1.0,0.0
7114-AEOZE,0,1.125056875803025,-1.4926823160681442,-0.5096599541777826,1.0,0.0,1.0,0.0,1.0,0.0,0.0,1.0,1.0,0.0,0.0,0.0,0.0,1.0,0.0,1.0,0.0,0.0,1.0,0.0,0.0,1.0,0.0,0.0,1.0,0.0,0.0,1.0,0.0,0.0,1.0,0.0,0.0,0.0,1.0,1.0,0.0,1.0,0.0,0.0,0.0,1.0,0.0,1.0,0.0,1.0,0.0,-0.4530081679772907,0.0,1.0,0.0,0.0,1.0,0.0,0.0,1.0,0.0
2886-KEFUM,0,1.247217966963116,1.42044782522307,2.0252488046758104,1.0,0.0,0.0,1.0,1.0,0.0,0.0,1.0,0.0,0.0,1.0,0.0,1.0,0.0,1.0,0.0,0.0,0.0,0.0,1.0,0.0,0.0,1.0,1.0,0.0,0.0,0.0,0.0,1.0,0.0,0.0,1.0,0.0,1.0,0.0,0.0,1.0,0.0,0.0,1.0,0.0,0.0,1.0,7.0,0.0,1.0,0.0,1.6238130449701123,0.0,1.0,0.0,0.0,1.0,0.0,0.0,1.0,0.0
5522-NYKPB,0,-0.30015585439803716,0.7025515211513048,-0.037170238428606166,0.0,1.0,0.0,1.0,0.0,1.0,0.0,1.0,1.0,0.0,0.0,0.0,1.0,0.0,1.0,0.0,0.0,1.0,0.0,0.0,1.0,0.0,0.0,0.0,0.0,1.0,0.0,0.0,1.0,1.0,0.0,0.0,1.0,0.0,0.0,1.0,0.0,0.0,0.0,1.0,0.0,1.0,0.0,4.0,0.0,0.0,1.0,0.12383645990564172,0.0,0.0,1.0,0.0,0.0,1.0,0.0,0.0,1.0
4237-RLAQD,0,-1.2774445836787656,-0.62854787598176,-0.9871350882825926,0.0,1.0,1.0,0.0,1.0,0.0,0.0,1.0,1.0,0.0,0.0,1.0,0.0,0.0,1.0,0.0,0.0,1.0,0.0,0.0,1.0,0.0,0.0,1.0,0.0,0.0,1.0,0.0,0.0,1.0,0.0,0.0,1.0,0.0,0.0,0.0,1.0,0.0,0.0,0.0,1.0,0.0,1.0,2.0,1.0,0.0,0.0,0.7727420045414853,1.0,0.0,0.0,1.0,0.0,0.0,1.0,0.0,0.0
9957-YODKZ,1,-1.0738427650786138,0.53304822713436,-0.8056967432600903,0.0,1.0,0.0,1.0,1.0,0.0,0.0,1.0,0.0,0.0,1.0,0.0,1.0,0.0,1.0,0.0,0.0,1.0,0.0,0.0,0.0,0.0,1.0,1.0,0.0,0.0,1.0,0.0,0.0,1.0,0.0,0.0,1.0,0.0,0.0,0.0,1.0,0.0,0.0,1.0,0.0,1.0,0.0,4.0,1.0,0.0,0.0,0.7502930312158941,1.0,0.0,0.0,1.0,0.0,0.0,1.0,0.0,0.0
6518-KZXCB,0,-0.4223169455581282,-1.3132082400502028,-0.7574308345781164,0.0,1.0,1.0,0.0,1.0,0.0,0.0,1.0,0.0,0.0,1.0,0.0,0.0,1.0,0.0,1.0,0.0,0.0,1.0,0.0,0.0,1.0,0.0,0.0,1.0,0.0,0.0,1.0,0.0,0.0,1.0,0.0,0.0,0.0,1.0,1.0,0.0,0.0,0.0,0.0,1.0,1.0,0.0,2.0,0.0,0.0,1.0,1.7935127693659234,0.0,0.0,1.0,0.0,0.0,1.0,0.0,0.0,1.0
2245-ADZFJ,0,-0.055833672077855064,0.5247392421335293,0.08307540518448304,1.0,0.0,0.0,1.0,0.0,1.0,0.0,1.0,0.0,0.0,1.0,1.0,0.0,0.0,1.0,0.0,0.0,0.0,0.0,1.0,1.0,0.0,0.0,0.0,0.0,1.0,0.0,0.0,1.0,0.0,0.0,1.0,0.0,0.0,1.0,1.0,0.0,1.0,0.0,0.0,0.0,1.0,0.0,7.0,0.0,0.0,1.0,-1.487908677556472,0.0,0.0,1.0,0.0,0.0,1.0,0.0,0.0,1.0
7776-QGYJC,0,0.26992923768238775,0.5563133851366857,0.3635382767487499,1.0,0.0,0.0,1.0,0.0,1.0,0.0,1.0,1.0,0.0,0.0,0.0,1.0,0.0,1.0,0.0,0.0,1.0,0.0,0.0,0.0,0.0,1.0,0.0,0.0,1.0,1.0,0.0,0.0,1.0,0.0,0.0,1.0,0.0,0.0,0.0,1.0,1.0,0.0,0.0,0.0,1.0,0.0,4.0,0.0,0.0,1.0,1.3467910326057648,0.0,0.0,1.0,0.0,0.0,1.0,0.0,0.0,1.0
9313-QOLTZ,0,-0.2594354906780068,-1.4577845790646555,-0.7786960703959513,0.0,1.0,1.0,0.0,1.0,0.0,0.0,1.0,1.0,0.0,0.0,0.0,0.0,1.0,0.0,1.0,0.0,0.0,1.0,0.0,0.0,1.0,0.0,0.0,1.0,0.0,0.0,1.0,0.0,0.0,1.0,0.0,1.0,0.0,0.0,1.0,0.0,0.0,0.0,0.0,1.0,1.0,0.0,1.0,0.0,0.0,1.0,3.00150171574796,0.0,0.0,1.0,0.0,0.0,1.0,0.0,0.0,1.0
9651-GTSAQ,0,0.8400143297628127,1.3739175092184182,1.5381778432050686,1.0,0.0,0.0,1.0,1.0,0.0,0.0,1.0,1.0,0.0,0.0,0.0,1.0,0.0,0.0,0.0,1.0,0.0,0.0,1.0,0.0,0.0,1.0,1.0,0.0,0.0,0.0,0.0,1.0,0.0,0.0,1.0,0.0,1.0,0.0,0.0,1.0,1.0,0.0,0.0,0.0,0.0,1.0,7.0,0.0,1.0,0.0,1.8311328613160565,0.0,1.0,0.0,0.0,1.0,0.0,0.0,1.0,0.0
3186-BAXNB,0,-1.2774445836787656,0.895319973170575,-0.9669066430077434,1.0,0.0,1.0,0.0,1.0,0.0,0.0,1.0,1.0,0.0,0.0,0.0,1.0,0.0,1.0,0.0,0.0,0.0,0.0,1.0,1.0,0.0,0.0,0.0,0.0,1.0,0.0,0.0,1.0,1.0,0.0,0.0,1.0,0.0,0.0,1.0,0.0,0.0,0.0,1.0,0.0,0.0,1.0,5.0,1.0,0.0,0.0,0.756906918203262,1.0,0.0,0.0,1.0,0.0,0.0,1.0,0.0,0.0
4672-FOTSD,0,-0.8295205827584317,0.08270124008934066,-0.6401632063544542,0.0,1.0,1.0,0.0,1.0,0.0,0.0,1.0,0.0,0.0,1.0,1.0,0.0,0.0,0.0,0.0,1.0,0.0,0.0,1.0,1.0,0.0,0.0,0.0,0.0,1.0,1.0,0.0,0.0,1.0,0.0,0.0,1.0,0.0,0.0,0.0,1.0,0.0,0.0,1.0,0.0,1.0,0.0,6.0,1.0,0.0,0.0,0.7717267294630578,1.0,0.0,0.0,1.0,0.0,0.0,1.0,0.0,0.0
0637-YLETY,0,-0.6666391278783103,1.0249401391835322,-0.3210302534741453,1.0,0.0,1.0,0.0,1.0,0.0,0.0,1.0,0.0,0.0,1.0,0.0,1.0,0.0,1.0,0.0,0.0,0.0,0.0,1.0,0.0,0.0,1.0,1.0,0.0,0.0,1.0,0.0,0.0,0.0,0.0,1.0,1.0,0.0,0.0,0.0,1.0,0.0,1.0,0.0,0.0,0.0,1.0,6.0,1.0,0.0,0.0,0.481565272797409,1.0,0.0,0.0,1.0,0.0,0.0,1.0,0.0,0.0
9818-XQCUV,0,-1.2367242199587352,-1.4760643460664828,-0.9873777413883976,1.0,0.0,1.0,0.0,1.0,0.0,0.0,1.0,1.0,0.0,0.0,0.0,0.0,1.0,0.0,1.0,0.0,0.0,1.0,0.0,0.0,1.0,0.0,0.0,1.0,0.0,0.0,1.0,0.0,0.0,1.0,0.0,1.0,0.0,0.0,1.0,0.0,0.0,0.0,0.0,1.0,1.0,0.0,1.0,1.0,0.0,0.0,0.7983815028878004,1.0,0.0,0.0,1.0,0.0,0.0,1.0,0.0,0.0
7338-ERIVA,0,0.26992923768238775,-0.6551366279844181,-0.21737325854882766,0.0,1.0,1.0,0.0,0.0,1.0,1.0,0.0,0.0,1.0,0.0,1.0,0.0,0.0,0.0,0.0,1.0,1.0,0.0,0.0,1.0,0.0,0.0,0.0,0.0,1.0,0.0,0.0,1.0,1.0,0.0,0.0,0.0,1.0,0.0,1.0,0.0,1.0,0.0,0.0,0.0,1.0,0.0,4.0,0.0,0.0,1.0,-0.8052971972032164,0.0,0.0,1.0,0.0,0.0,1.0,0.0,0.0,1.0
1157-BQCUW,0,-1.2774445836787656,0.3386179781149237,-0.9742965330481735,0.0,1.0,1.0,0.0,1.0,0.0,0.0,1.0,0.0,0.0,1.0,0.0,1.0,0.0,1.0,0.0,0.0,1.0,0.0,0.0,1.0,0.0,0.0,1.0,0.0,0.0,1.0,0.0,0.0,1.0,0.0,0.0,1.0,0.0,0.0,0.0,1.0,0.0,0.0,1.0,0.0,0.0,1.0,3.0,1.0,0.0,0.0,0.7626918188829837,1.0,0.0,0.0,1.0,0.0,0.0,1.0,0.0,0.0
8259-NFJTV,0,-1.0331224013585834,-1.0007904040189717,-0.8985667046637055,1.0,0.0,0.0,1.0,0.0,1.0,1.0,0.0,0.0,1.0,0.0,1.0,0.0,0.0,0.0,0.0,1.0,1.0,0.0,0.0,1.0,0.0,0.0,0.0,0.0,1.0,1.0,0.0,0.0,1.0,0.0,0.0,1.0,0.0,0.0,1.0,0.0,0.0,0.0,0.0,1.0,1.0,0.0,3.0,1.0,0.0,0.0,0.8697582236935976,1.0,0.0,0.0,1.0,0.0,0.0,1.0,0.0,0.0
3223-DWFIO,1,-1.1552834925186746,0.15249671409631763,-0.8919268333139457,0.0,1.0,1.0,0.0,1.0,0.0,0.0,1.0,1.0,0.0,0.0,0.0,1.0,0.0,1.0,0.0,0.0,1.0,0.0,0.0,1.0,0.0,0.0,1.0,0.0,0.0,1.0,0.0,0.0,1.0,0.0,0.0,1.0,0.0,0.0,1.0,0.0,0.0,0.0,1.0,0.0,1.0,0.0,2.0,1.0,0.0,0.0,0.7720415284125841,1.0,0.0,0.0,1.0,0.0,0.0,1.0,0.0,0.0
2660-EMUBI,1,-0.9109613101984924,1.0166311541827018,-0.6110227742845787,0.0,1.0,1.0,0.0,1.0,0.0,0.0,1.0,0.0,0.0,1.0,0.0,1.0,0.0,1.0,0.0,0.0,1.0,0.0,0.0,1.0,0.0,0.0,1.0,0.0,0.0,0.0,0.0,1.0,0.0,0.0,1.0,1.0,0.0,0.0,0.0,1.0,0.0,0.0,1.0,0.0,0.0,1.0,5.0,1.0,0.0,0.0,0.6707450332346617,1.0,0.0,0.0,1.0,0.0,0.0,1.0,0.0,0.0
6968-GMKPR,0,0.9214550572028734,0.5579751821368518,0.9821713403124037,1.0,0.0,1.0,0.0,1.0,0.0,0.0,1.0,1.0,0.0,0.0,0.0,1.0,0.0,1.0,0.0,0.0,0.0,0.0,1.0,0.0,0.0,1.0,1.0,0.0,0.0,1.0,0.0,0.0,1.0,0.0,0.0,1.0,0.0,0.0,0.0,1.0,0.0,0.0,1.0,0.0,1.0,0.0,4.0,0.0,1.0,0.0,1.0658917465750721,0.0,1.0,0.0,0.0,1.0,0.0,0.0,1.0,0.0
4751-ERMAN,0,1.6137012404433893,0.35357415111641893,1.410454072058529,0.0,1.0,0.0,1.0,0.0,1.0,0.0,1.0,1.0,0.0,0.0,1.0,0.0,0.0,1.0,0.0,0.0,0.0,0.0,1.0,0.0,0.0,1.0,1.0,0.0,0.0,0.0,0.0,1.0,0.0,0.0,1.0,0.0,0.0,1.0,0.0,1.0,1.0,0.0,0.0,0.0,1.0,0.0,6.0,0.0,1.0,0.0,0.8740490722254046,0.0,1.0,0.0,0.0,1.0,0.0,0.0,1.0,0.0
1436-ZMJAN,0,-0.9109613101984924,0.10098100709116792,-0.7192019407271746,1.0,0.0,0.0,1.0,1.0,0.0,0.0,1.0,1.0,0.0,0.0,1.0,0.0,0.0,1.0,0.0,0.0,1.0,0.0,0.0,0.0,0.0,1.0,1.0,0.0,0.0,0.0,0.0,1.0,0.0,0.0,1.0,1.0,0.0,0.0,0.0,1.0,0.0,1.0,0.0,0.0,1.0,0.0,5.0,1.0,0.0,0.0,0.7894977895059728,1.0,0.0,0.0,1.0,0.0,0.0,1.0,0.0,0.0
3292-PBZEJ,1,-0.8702409464784621,1.5500679912360276,-0.48541670297052064,0.0,1.0,1.0,0.0,1.0,0.0,0.0,1.0,0.0,0.0,1.0,0.0,1.0,0.0,1.0,0.0,0.0,0.0,0.0,1.0,0.0,0.0,1.0,0.0,0.0,1.0,0.0,0.0,1.0,0.0,0.0,1.0,1.0,0.0,0.0,0.0,1.0,0.0,0.0,1.0,0.0,1.0,0.0,8.0,1.0,0.0,0.0,0.5577957517798026,1.0,0.0,0.0,1.0,0.0,0.0,1.0,0.0,0.0
0799-DDIHE,0,-0.7073594915983407,-0.613591702980265,-0.7252462089990488,1.0,0.0,0.0,1.0,0.0,1.0,0.0,1.0,1.0,0.0,0.0,1.0,0.0,0.0,1.0,0.0,0.0,1.0,0.0,0.0,1.0,0.0,0.0,1.0,0.0,0.0,1.0,0.0,0.0,1.0,0.0,0.0,1.0,0.0,0.0,1.0,0.0,0.0,0.0,1.0,0.0,1.0,0.0,2.0,1.0,0.0,0.0,1.0252866012447102,1.0,0.0,0.0,1.0,0.0,0.0,1.0,0.0,0.0
3070-FNFZQ,0,-0.38159658183809786,-1.4744025490663168,-0.7961450346406685,1.0,0.0,0.0,1.0,0.0,1.0,0.0,1.0,1.0,0.0,0.0,0.0,0.0,1.0,0.0,1.0,0.0,0.0,1.0,0.0,0.0,1.0,0.0,0.0,1.0,0.0,0.0,1.0,0.0,0.0,1.0,0.0,0.0,0.0,1.0,1.0,0.0,1.0,0.0,0.0,0.0,1.0,0.0,1.0,0.0,0.0,1.0,2.086352636613641,0.0,0.0,1.0,0.0,0.0,1.0,0.0,0.0,1.0
2812-SFXMJ,0,-1.2774445836787656,-1.4860351280674797,-0.9985177248821804,0.0,1.0,1.0,0.0,0.0,1.0,0.0,1.0,1.0,0.0,0.0,0.0,0.0,1.0,0.0,1.0,0.0,0.0,1.0,0.0,0.0,1.0,0.0,0.0,1.0,0.0,0.0,1.0,0.0,0.0,1.0,0.0,1.0,0.0,0.0,1.0,0.0,0.0,0.0,0.0,1.0,1.0,0.0,1.0,1.0,0.0,0.0,0.7816524784242805,1.0,0.0,0.0,1.0,0.0,0.0,1.0,0.0,0.0
7675-OZCZG,1,-1.1960038562387048,-0.6567984249845842,-0.9512886067431924,1.0,0.0,1.0,0.0,1.0,0.0,0.0,1.0,1.0,0.0,0.0,1.0,0.0,0.0,1.0,0.0,0.0,1.0,0.0,0.0,1.0,0.0,0.0,1.0,0.0,0.0,1.0,0.0,0.0,1.0,0.0,0.0,1.0,0.0,0.0,1.0,0.0,0.0,0.0,1.0,0.0,0.0,1.0,2.0,1.0,0.0,0.0,0.7953892471006625,1.0,0.0,0.0,1.0,0.0,0.0,1.0,0.0,0.0
5014-WUQMG,0,0.5956921474426305,1.0415581091851935,0.930089160057312,0.0,1.0,0.0,1.0,0.0,1.0,0.0,1.0,1.0,0.0,0.0,0.0,1.0,0.0,0.0,0.0,1.0,0.0,0.0,1.0,0.0,0.0,1.0,1.0,0.0,0.0,1.0,0.0,0.0,0.0,0.0,1.0,0.0,1.0,0.0,0.0,1.0,0.0,0.0,1.0,0.0,1.0,0.0,6.0,0.0,1.0,0.0,1.5613587723965865,0.0,1.0,0.0,0.0,1.0,0.0,0.0,1.0,0.0
5312-TSZVC,0,-0.7073594915983407,-1.4993295040688086,-0.887978205501298,1.0,0.0,1.0,0.0,0.0,1.0,0.0,1.0,1.0,0.0,0.0,0.0,0.0,1.0,0.0,1.0,0.0,0.0,1.0,0.0,0.0,1.0,0.0,0.0,1.0,0.0,0.0,1.0,0.0,0.0,1.0,0.0,0.0,1.0,0.0,1.0,0.0,0.0,0.0,0.0,1.0,1.0,0.0,1.0,1.0,0.0,0.0,1.2553421789744188,1.0,0.0,0.0,1.0,0.0,0.0,1.0,0.0,0.0
2003-CKLOR,0,1.369379058123207,1.15456030519649,1.9532249509981847,0.0,1.0,1.0,0.0,1.0,0.0,0.0,1.0,1.0,0.0,0.0,0.0,1.0,0.0,1.0,0.0,0.0,0.0,0.0,1.0,0.0,0.0,1.0,1.0,0.0,0.0,0.0,0.0,1.0,0.0,0.0,1.0,1.0,0.0,0.0,1.0,0.0,0.0,0.0,1.0,0.0,0.0,1.0,6.0,0.0,1.0,0.0,1.4263581288260414,0.0,1.0,0.0,0.0,1.0,0.0,0.0,1.0,0.0
0993-OSGPT,1,1.4508197855632678,-0.13665596393258767,0.7467537089348786,1.0,0.0,0.0,1.0,1.0,0.0,0.0,1.0,1.0,0.0,0.0,1.0,0.0,0.0,1.0,0.0,0.0,0.0,0.0,1.0,0.0,0.0,1.0,0.0,0.0,1.0,1.0,0.0,0.0,1.0,0.0,0.0,0.0,1.0,0.0,0.0,1.0,1.0,0.0,0.0,0.0,1.0,0.0,5.0,0.0,1.0,0.0,0.514711555746366,0.0,1.0,0.0,0.0,1.0,0.0,0.0,1.0,0.0
9254-RBFON,0,-0.62591876415828,1.1246479591934997,-0.2551609649346691,1.0,0.0,0.0,1.0,0.0,1.0,0.0,1.0,1.0,0.0,0.0,0.0,1.0,0.0,1.0,0.0,0.0,1.0,0.0,0.0,0.0,0.0,1.0,0.0,0.0,1.0,0.0,0.0,1.0,0.0,0.0,1.0,0.0,1.0,0.0,1.0,0.0,1.0,0.0,0.0,0.0,0.0,1.0,6.0,1.0,0.0,0.0,0.4076582769935061,1.0,0.0,0.0,1.0,0.0,0.0,1.0,0.0,0.0
1205-WNWPJ,0,-1.0331224013585834,-0.17487729493640844,-0.823851607448968,1.0,0.0,1.0,0.0,1.0,0.0,0.0,1.0,1.0,0.0,0.0,1.0,0.0,0.0,1.0,0.0,0.0,1.0,0.0,0.0,1.0,0.0,0.0,0.0,0.0,1.0,0.0,0.0,1.0,1.0,0.0,0.0,1.0,0.0,0.0,0.0,1.0,0.0,0.0,0.0,1.0,0.0,1.0,4.0,1.0,0.0,0.0,0.7974385284508219,1.0,0.0,0.0,1.0,0.0,0.0,1.0,0.0,0.0
9391-EOYLI,1,-0.8295205827584317,0.5214156481331973,-0.5881472042191277,0.0,1.0,0.0,1.0,1.0,0.0,0.0,1.0,1.0,0.0,0.0,0.0,1.0,0.0,1.0,0.0,0.0,1.0,0.0,0.0,1.0,0.0,0.0,1.0,0.0,0.0,1.0,0.0,0.0,0.0,0.0,1.0,1.0,0.0,0.0,0.0,1.0,0.0,0.0,1.0,0.0,0.0,1.0,3.0,1.0,0.0,0.0,0.7090206276296879,1.0,0.0,0.0,1.0,0.0,0.0,1.0,0.0,0.0
7108-DGVUU,1,-0.46303730927815856,0.2306011731041257,-0.34688383892902347,1.0,0.0,0.0,1.0,1.0,0.0,0.0,1.0,0.0,0.0,1.0,1.0,0.0,0.0,1.0,0.0,0.0,0.0,0.0,1.0,0.0,0.0,1.0,1.0,0.0,0.0,1.0,0.0,0.0,0.0,0.0,1.0,0.0,1.0,0.0,1.0,0.0,1.0,0.0,0.0,0.0,1.0,0.0,6.0,0.0,0.0,1.0,0.7491487877505812,0.0,0.0,1.0,0.0,0.0,1.0,0.0,0.0,1.0
2782-JEEBU,0,-0.46303730927815856,-0.9559218850144864,-0.6631711326594353,0.0,1.0,1.0,0.0,1.0,0.0,1.0,0.0,0.0,1.0,0.0,1.0,0.0,0.0,1.0,0.0,0.0,0.0,0.0,1.0,1.0,0.0,0.0,0.0,0.0,1.0,1.0,0.0,0.0,1.0,0.0,0.0,1.0,0.0,0.0,0.0,1.0,0.0,0.0,0.0,1.0,1.0,0.0,3.0,0.0,0.0,1.0,1.4322196491968882,0.0,0.0,1.0,0.0,0.0,1.0,0.0,0.0,1.0
5127-BZENZ,0,0.9621754209229036,0.014567563082529699,0.5421530219946101,1.0,0.0,0.0,1.0,0.0,1.0,0.0,1.0,0.0,0.0,1.0,1.0,0.0,0.0,0.0,0.0,1.0,1.0,0.0,0.0,1.0,0.0,0.0,1.0,0.0,0.0,0.0,0.0,1.0,1.0,0.0,0.0,0.0,1.0,0.0,1.0,0.0,1.0,0.0,0.0,0.0,1.0,0.0,5.0,0.0,1.0,0.0,0.5634658817979215,0.0,1.0,0.0,0.0,1.0,0.0,0.0,1.0,0.0
2720-FVBQP,0,-1.0738427650786138,-0.5255164619714603,-0.8868090587187821,1.0,0.0,0.0,1.0,0.0,1.0,0.0,1.0,0.0,0.0,1.0,1.0,0.0,0.0,1.0,0.0,0.0,1.0,0.0,0.0,1.0,0.0,0.0,1.0,0.0,0.0,1.0,0.0,0.0,1.0,0.0,0.0,1.0,0.0,0.0,0.0,1.0,0.0,1.0,0.0,0.0,1.0,0.0,3.0,1.0,0.0,0.0,0.8258276607691822,1.0,0.0,0.0,1.0,0.0,0.0,1.0,0.0,0.0
9906-NHHVC,1,1.3286586944031769,-0.3742929349563432,0.5446898499189369,1.0,0.0,1.0,0.0,1.0,0.0,1.0,0.0,0.0,1.0,0.0,1.0,0.0,0.0,1.0,0.0,0.0,0.0,0.0,1.0,0.0,0.0,1.0,1.0,0.0,0.0,0.0,0.0,1.0,0.0,0.0,1.0,0.0,0.0,1.0,0.0,1.0,1.0,0.0,0.0,0.0,1.0,0.0,5.0,0.0,1.0,0.0,0.4099546800193163,0.0,1.0,0.0,0.0,1.0,0.0,0.0,1.0,0.0
4522-XRWWI,0,0.3920903288424788,0.5214156481331973,0.48204122987469294,0.0,1.0,0.0,1.0,1.0,0.0,0.0,1.0,0.0,0.0,1.0,1.0,0.0,0.0,0.0,0.0,1.0,1.0,0.0,0.0,1.0,0.0,0.0,0.0,0.0,1.0,0.0,0.0,1.0,0.0,0.0,1.0,0.0,1.0,0.0,1.0,0.0,0.0,1.0,0.0,0.0,1.0,0.0,7.0,0.0,0.0,1.0,1.2294137202969668,0.0,0.0,1.0,0.0,0.0,1.0,0.0,0.0,1.0
3766-EJLFL,0,1.4508197855632678,1.4719635322282196,2.3053146075214865,1.0,0.0,0.0,1.0,0.0,1.0,0.0,1.0,0.0,0.0,1.0,0.0,1.0,0.0,0.0,0.0,1.0,1.0,0.0,0.0,0.0,0.0,1.0,0.0,0.0,1.0,0.0,0.0,1.0,0.0,0.0,1.0,0.0,0.0,1.0,0.0,1.0,1.0,0.0,0.0,0.0,1.0,0.0,8.0,0.0,1.0,0.0,1.588973786035368,0.0,1.0,0.0,0.0,1.0,0.0,0.0,1.0,0.0
5939-SXWHM,0,0.6364125111626608,-1.2783105030467143,-0.45806308013430147,0.0,1.0,0.0,1.0,0.0,1.0,0.0,1.0,0.0,0.0,1.0,0.0,0.0,1.0,0.0,1.0,0.0,0.0,1.0,0.0,0.0,1.0,0.0,0.0,1.0,0.0,0.0,1.0,0.0,0.0,1.0,0.0,0.0,0.0,1.0,1.0,0.0,1.0,0.0,0.0,0.0,1.0,0.0,2.0,0.0,1.0,0.0,-0.7197581318718371,0.0,1.0,0.0,0.0,1.0,0.0,0.0,1.0,0.0
8152-UOBNY,1,0.7178532386027215,1.397182667220744,1.352084970425758,1.0,0.0,1.0,0.0,1.0,0.0,0.0,1.0,0.0,0.0,1.0,0.0,1.0,0.0,1.0,0.0,0.0,0.0,0.0,1.0,1.0,0.0,0.0,0.0,0.0,1.0,0.0,0.0,1.0,0.0,0.0,1.0,0.0,1.0,0.0,0.0,1.0,0.0,0.0,1.0,0.0,1.0,0.0,7.0,0.0,1.0,0.0,1.8835116953119113,0.0,1.0,0.0,0.0,1.0,0.0,0.0,1.0,0.0
7351-KYHQH,1,-1.0331224013585834,0.006258578081699082,-0.7895713414106739,1.0,0.0,1.0,0.0,1.0,0.0,0.0,1.0,1.0,0.0,0.0,1.0,0.0,0.0,1.0,0.0,0.0,0.0,0.0,1.0,0.0,0.0,1.0,1.0,0.0,0.0,0.0,0.0,1.0,1.0,0.0,0.0,1.0,0.0,0.0,0.0,1.0,0.0,0.0,1.0,0.0,1.0,0.0,5.0,1.0,0.0,0.0,0.7642573042384587,1.0,0.0,0.0,1.0,0.0,0.0,1.0,0.0,0.0
7643-RCHXS,0,1.247217966963116,-1.5093002860698053,-0.44976875579041564,1.0,0.0,0.0,1.0,0.0,1.0,0.0,1.0,1.0,0.0,0.0,0.0,0.0,1.0,0.0,1.0,0.0,0.0,1.0,0.0,0.0,1.0,0.0,0.0,1.0,0.0,0.0,1.0,0.0,0.0,1.0,0.0,0.0,0.0,1.0,1.0,0.0,0.0,0.0,1.0,0.0,1.0,0.0,1.0,0.0,1.0,0.0,-0.360617604704308,0.0,1.0,0.0,0.0,1.0,0.0,0.0,1.0,0.0
8246-SHFGA,0,-0.62591876415828,-1.451137391063991,-0.8372637063880174,0.0,1.0,1.0,0.0,1.0,0.0,0.0,1.0,1.0,0.0,0.0,0.0,0.0,1.0,0.0,1.0,0.0,0.0,1.0,0.0,0.0,1.0,0.0,0.0,1.0,0.0,0.0,1.0,0.0,0.0,1.0,0.0,1.0,0.0,0.0,1.0,0.0,0.0,1.0,0.0,0.0,1.0,0.0,1.0,1.0,0.0,0.0,1.3376555462655746,1.0,0.0,0.0,1.0,0.0,0.0,1.0,0.0,0.0
8387-MOJJT,0,0.3920903288424788,0.4383257981248911,0.4856148483420054,1.0,0.0,0.0,1.0,0.0,1.0,0.0,1.0,1.0,0.0,0.0,0.0,1.0,0.0,1.0,0.0,0.0,1.0,0.0,0.0,1.0,0.0,0.0,1.0,0.0,0.0,0.0,0.0,1.0,1.0,0.0,0.0,1.0,0.0,0.0,0.0,1.0,0.0,1.0,0.0,0.0,0.0,1.0,3.0,0.0,0.0,1.0,1.238527993729475,0.0,0.0,1.0,0.0,0.0,1.0,0.0,0.0,1.0
0620-XEFWH,0,-1.1552834925186746,-1.5259182560714666,-0.9702155489959957,0.0,1.0,0.0,1.0,0.0,1.0,0.0,1.0,1.0,0.0,0.0,0.0,0.0,1.0,0.0,1.0,0.0,0.0,1.0,0.0,0.0,1.0,0.0,0.0,1.0,0.0,0.0,1.0,0.0,0.0,1.0,0.0,1.0,0.0,0.0,1.0,0.0,0.0,0.0,0.0,1.0,1.0,0.0,1.0,1.0,0.0,0.0,0.8398073332466599,1.0,0.0,0.0,1.0,0.0,0.0,1.0,0.0,0.0
6485-QXWWE,0,1.2064976032430856,-1.288281285047711,-0.2843896344975646,1.0,0.0,1.0,0.0,0.0,1.0,0.0,1.0,0.0,0.0,1.0,0.0,0.0,1.0,0.0,1.0,0.0,0.0,1.0,0.0,0.0,1.0,0.0,0.0,1.0,0.0,0.0,1.0,0.0,0.0,1.0,0.0,0.0,0.0,1.0,1.0,0.0,1.0,0.0,0.0,0.0,1.0,0.0,2.0,0.0,1.0,0.0,-0.2357150430577902,0.0,1.0,0.0,0.0,1.0,0.0,0.0,1.0,0.0
2761-OCIAX,1,-1.2367242199587352,0.3303089931140931,-0.9343911268298505,0.0,1.0,1.0,0.0,1.0,0.0,0.0,1.0,1.0,0.0,0.0,0.0,1.0,0.0,1.0,0.0,0.0,0.0,0.0,1.0,1.0,0.0,0.0,1.0,0.0,0.0,1.0,0.0,0.0,1.0,0.0,0.0,1.0,0.0,0.0,0.0,1.0,0.0,0.0,1.0,0.0,0.0,1.0,3.0,1.0,0.0,0.0,0.7555371777719592,1.0,0.0,0.0,1.0,0.0,0.0,1.0,0.0,0.0
7321-VGNKU,0,-1.2367242199587352,0.1857326540996401,-0.9543107408791295,1.0,0.0,0.0,1.0,1.0,0.0,0.0,1.0,1.0,0.0,0.0,0.0,1.0,0.0,1.0,0.0,0.0,1.0,0.0,0.0,1.0,0.0,0.0,1.0,0.0,0.0,1.0,0.0,0.0,1.0,0.0,0.0,1.0,0.0,0.0,0.0,1.0,0.0,0.0,1.0,0.0,1.0,0.0,2.0,1.0,0.0,0.0,0.771643932800937,1.0,0.0,0.0,1.0,0.0,0.0,1.0,0.0,0.0
5327-CNLUQ,0,0.6364125111626608,1.068146861187852,0.9662665321955375,0.0,1.0,0.0,1.0,1.0,0.0,0.0,1.0,0.0,0.0,1.0,0.0,1.0,0.0,0.0,0.0,1.0,0.0,0.0,1.0,0.0,0.0,1.0,1.0,0.0,0.0,0.0,0.0,1.0,1.0,0.0,0.0,0.0,0.0,1.0,0.0,1.0,1.0,0.0,0.0,0.0,1.0,0.0,7.0,0.0,1.0,0.0,1.5183022257533356,0.0,1.0,0.0,0.0,1.0,0.0,0.0,1.0,0.0
7552-KEYGT,0,-0.21871512695797646,-1.502653098069141,-0.7777033985994757,0.0,1.0,0.0,1.0,1.0,0.0,0.0,1.0,1.0,0.0,0.0,0.0,0.0,1.0,0.0,1.0,0.0,0.0,1.0,0.0,0.0,1.0,0.0,0.0,1.0,0.0,0.0,1.0,0.0,0.0,1.0,0.0,0.0,0.0,1.0,1.0,0.0,1.0,0.0,0.0,0.0,1.0,0.0,1.0,0.0,0.0,1.0,3.5557823979358423,0.0,0.0,1.0,0.0,0.0,1.0,0.0,0.0,1.0
5816-JMLGY,0,1.5322605130033284,0.5197538511330312,1.5152802137663628,1.0,0.0,0.0,1.0,0.0,1.0,0.0,1.0,1.0,0.0,0.0,1.0,0.0,0.0,1.0,0.0,0.0,0.0,0.0,1.0,0.0,0.0,1.0,0.0,0.0,1.0,0.0,0.0,1.0,0.0,0.0,1.0,0.0,0.0,1.0,0.0,1.0,1.0,0.0,0.0,0.0,1.0,0.0,7.0,0.0,1.0,0.0,0.9889181382063529,0.0,1.0,0.0,0.0,1.0,0.0,0.0,1.0,0.0
3068-OMWZA,1,-1.2774445836787656,0.7989357471609396,-0.9681860866565342,0.0,1.0,1.0,0.0,1.0,0.0,0.0,1.0,0.0,0.0,1.0,0.0,1.0,0.0,1.0,0.0,0.0,1.0,0.0,0.0,0.0,0.0,1.0,1.0,0.0,0.0,0.0,0.0,1.0,1.0,0.0,0.0,1.0,0.0,0.0,0.0,1.0,0.0,0.0,1.0,0.0,0.0,1.0,5.0,1.0,0.0,0.0,0.7579084830970644,1.0,0.0,0.0,1.0,0.0,0.0,1.0,0.0,0.0
2927-QRRQV,0,0.5549717837226001,0.9933659961803764,0.8952574096876427,0.0,1.0,0.0,1.0,1.0,0.0,0.0,1.0,0.0,0.0,1.0,0.0,1.0,0.0,1.0,0.0,0.0,0.0,0.0,1.0,0.0,0.0,1.0,1.0,0.0,0.0,0.0,0.0,1.0,1.0,0.0,0.0,0.0,1.0,0.0,0.0,1.0,0.0,0.0,1.0,0.0,1.0,0.0,6.0,0.0,1.0,0.0,1.6131584270510095,0.0,1.0,0.0,0.0,1.0,0.0,0.0,1.0,0.0
6032-KRXXO,0,-0.0965540357978854,0.8471278601657574,0.20826234840669586,0.0,1.0,1.0,0.0,1.0,0.0,0.0,1.0,1.0,0.0,0.0,0.0,1.0,0.0,1.0,0.0,0.0,1.0,0.0,0.0,1.0,0.0,0.0,1.0,0.0,0.0,0.0,0.0,1.0,0.0,0.0,1.0,1.0,0.0,0.0,0.0,1.0,0.0,0.0,1.0,0.0,0.0,1.0,4.0,0.0,0.0,1.0,-2.1569512520703658,0.0,0.0,1.0,0.0,0.0,1.0,0.0,0.0,1.0
7459-RRWQZ,0,-0.7073594915983407,-0.003712203919297562,-0.5685805401419289,1.0,0.0,1.0,0.0,1.0,0.0,0.0,1.0,0.0,0.0,1.0,1.0,0.0,0.0,0.0,0.0,1.0,1.0,0.0,0.0,1.0,0.0,0.0,1.0,0.0,0.0,1.0,0.0,0.0,0.0,0.0,1.0,1.0,0.0,0.0,0.0,1.0,1.0,0.0,0.0,0.0,0.0,1.0,5.0,1.0,0.0,0.0,0.8038070413916005,1.0,0.0,0.0,1.0,0.0,0.0,1.0,0.0,0.0
6265-SXWBU,0,1.4915401492832983,1.0299255301840309,1.865318348576948,0.0,1.0,0.0,1.0,0.0,1.0,0.0,1.0,0.0,0.0,1.0,0.0,1.0,0.0,1.0,0.0,0.0,0.0,0.0,1.0,0.0,0.0,1.0,1.0,0.0,0.0,0.0,0.0,1.0,1.0,0.0,0.0,0.0,1.0,0.0,1.0,0.0,0.0,1.0,0.0,0.0,1.0,0.0,6.0,0.0,1.0,0.0,1.2505988185924826,0.0,1.0,0.0,0.0,1.0,0.0,0.0,1.0,0.0
7941-RCJOW,0,1.3286586944031769,-1.502653098069141,-0.4697104292129496,0.0,1.0,1.0,0.0,1.0,0.0,0.0,1.0,1.0,0.0,0.0,0.0,0.0,1.0,0.0,1.0,0.0,0.0,1.0,0.0,0.0,1.0,0.0,0.0,1.0,0.0,0.0,1.0,0.0,0.0,1.0,0.0,0.0,0.0,1.0,0.0,1.0,0.0,1.0,0.0,0.0,1.0,0.0,1.0,0.0,1.0,0.0,-0.35352226361182987,0.0,1.0,0.0,0.0,1.0,0.0,0.0,1.0,0.0
6374-NTQLP,1,1.6137012404433893,1.3074456292117733,2.2784683502701326,0.0,1.0,0.0,1.0,0.0,1.0,0.0,1.0,1.0,0.0,0.0,0.0,1.0,0.0,0.0,0.0,1.0,1.0,0.0,0.0,0.0,0.0,1.0,0.0,0.0,1.0,0.0,0.0,1.0,0.0,0.0,1.0,0.0,0.0,1.0,0.0,1.0,0.0,1.0,0.0,0.0,1.0,0.0,7.0,0.0,1.0,0.0,1.4119517870879794,0.0,1.0,0.0,0.0,1.0,0.0,0.0,1.0,0.0
4154-AQUGT,1,-0.7888002190384014,0.8072447321617703,-0.4914609712423949,0.0,1.0,0.0,1.0,1.0,0.0,0.0,1.0,1.0,0.0,0.0,0.0,1.0,0.0,1.0,0.0,0.0,0.0,0.0,1.0,1.0,0.0,0.0,0.0,0.0,1.0,1.0,0.0,0.0,0.0,0.0,1.0,1.0,0.0,0.0,0.0,1.0,1.0,0.0,0.0,0.0,0.0,1.0,5.0,1.0,0.0,0.0,0.6230487256222085,1.0,0.0,0.0,1.0,0.0,0.0,1.0,0.0,0.0
2387-KDZQY,0,-0.62591876415828,-1.4843733310673135,-0.8840516370619053,0.0,1.0,1.0,0.0,1.0,0.0,0.0,1.0,1.0,0.0,0.0,0.0,0.0,1.0,0.0,1.0,0.0,0.0,1.0,0.0,0.0,1.0,0.0,0.0,1.0,0.0,0.0,1.0,0.0,0.0,1.0,0.0,0.0,1.0,0.0,0.0,1.0,0.0,0.0,0.0,1.0,1.0,0.0,1.0,1.0,0.0,0.0,1.4124063499690027,1.0,0.0,0.0,1.0,0.0,0.0,1.0,0.0,0.0
3584-WKTTW,0,0.758573602322752,1.5550533822365258,1.5163831824291134,0.0,1.0,0.0,1.0,1.0,0.0,0.0,1.0,0.0,0.0,1.0,0.0,1.0,0.0,0.0,0.0,1.0,1.0,0.0,0.0,0.0,0.0,1.0,0.0,0.0,1.0,0.0,0.0,1.0,0.0,0.0,1.0,0.0,1.0,0.0,0.0,1.0,0.0,0.0,1.0,0.0,1.0,0.0,8.0,0.0,1.0,0.0,1.9989928172901732,0.0,1.0,0.0,0.0,1.0,0.0,0.0,1.0,0.0
3399-BMLVW,0,0.758573602322752,-0.14164135493308597,0.3697810793799191,0.0,1.0,0.0,1.0,0.0,1.0,0.0,1.0,1.0,0.0,0.0,1.0,0.0,0.0,0.0,0.0,1.0,0.0,0.0,1.0,1.0,0.0,0.0,0.0,0.0,1.0,1.0,0.0,0.0,1.0,0.0,0.0,0.0,0.0,1.0,1.0,0.0,0.0,1.0,0.0,0.0,1.0,0.0,5.0,0.0,1.0,0.0,0.4874689525810675,0.0,1.0,0.0,0.0,1.0,0.0,0.0,1.0,0.0
1971-DTCZB,0,1.6137012404433893,0.8703930181680831,1.84650170319042,1.0,0.0,0.0,1.0,1.0,0.0,0.0,1.0,0.0,0.0,1.0,1.0,0.0,0.0,0.0,0.0,1.0,0.0,0.0,1.0,0.0,0.0,1.0,0.0,0.0,1.0,0.0,0.0,1.0,0.0,0.0,1.0,0.0,0.0,1.0,0.0,1.0,1.0,0.0,0.0,0.0,1.0,0.0,9.0,0.0,1.0,0.0,1.1442649090875492,0.0,1.0,0.0,0.0,1.0,0.0,0.0,1.0,0.0
3092-IGHWF,0,1.4100994218432374,0.7524054311562884,1.6039368348782699,0.0,1.0,0.0,1.0,0.0,1.0,0.0,1.0,0.0,0.0,1.0,0.0,1.0,0.0,1.0,0.0,0.0,0.0,0.0,1.0,0.0,0.0,1.0,1.0,0.0,0.0,1.0,0.0,0.0,1.0,0.0,0.0,0.0,1.0,0.0,1.0,0.0,0.0,0.0,1.0,0.0,0.0,1.0,5.0,0.0,1.0,0.0,1.1374636497486499,0.0,1.0,0.0,0.0,1.0,0.0,0.0,1.0,0.0
3374-PZLXD,0,0.06632741908223598,-1.4976677070686424,-0.7092972821356727,0.0,1.0,1.0,0.0,1.0,0.0,0.0,1.0,1.0,0.0,0.0,0.0,0.0,1.0,0.0,1.0,0.0,0.0,1.0,0.0,0.0,1.0,0.0,0.0,1.0,0.0,0.0,1.0,0.0,0.0,1.0,0.0,1.0,0.0,0.0,1.0,0.0,0.0,0.0,0.0,1.0,1.0,0.0,1.0,0.0,0.0,1.0,-10.693877312733234,0.0,0.0,1.0,0.0,0.0,1.0,0.0,0.0,1.0
3813-DHBBB,0,1.4100994218432374,-0.4590445819648154,0.546366362286318,0.0,1.0,0.0,1.0,1.0,0.0,1.0,0.0,0.0,1.0,0.0,1.0,0.0,0.0,0.0,0.0,1.0,0.0,0.0,1.0,1.0,0.0,0.0,0.0,0.0,1.0,1.0,0.0,0.0,0.0,0.0,1.0,0.0,0.0,1.0,0.0,1.0,1.0,0.0,0.0,0.0,1.0,0.0,5.0,0.0,1.0,0.0,0.3874665529414409,0.0,1.0,0.0,0.0,1.0,0.0,0.0,1.0,0.0
2812-REYAT,0,0.6771328748826912,-1.4860351280674797,-0.6001033845233461,1.0,0.0,0.0,1.0,1.0,0.0,0.0,1.0,1.0,0.0,0.0,0.0,0.0,1.0,0.0,1.0,0.0,0.0,1.0,0.0,0.0,1.0,0.0,0.0,1.0,0.0,0.0,1.0,0.0,0.0,1.0,0.0,0.0,1.0,0.0,0.0,1.0,1.0,0.0,0.0,0.0,1.0,0.0,1.0,0.0,1.0,0.0,-0.886241691672864,0.0,1.0,0.0,0.0,1.0,0.0,0.0,1.0,0.0
6518-PPLMZ,0,0.8400143297628127,-1.5076384890696393,-0.5174910316833131,0.0,1.0,0.0,1.0,0.0,1.0,0.0,1.0,1.0,0.0,0.0,0.0,0.0,1.0,0.0,1.0,0.0,0.0,1.0,0.0,0.0,1.0,0.0,0.0,1.0,0.0,0.0,1.0,0.0,0.0,1.0,0.0,0.0,0.0,1.0,0.0,1.0,0.0,0.0,0.0,1.0,1.0,0.0,1.0,0.0,1.0,0.0,-0.6160502426541133,0.0,1.0,0.0,0.0,1.0,0.0,0.0,1.0,0.0
4939-KYYPY,0,-0.21871512695797646,-0.17653909193657447,-0.29632375542852796,0.0,1.0,1.0,0.0,1.0,0.0,0.0,1.0,0.0,0.0,1.0,1.0,0.0,0.0,1.0,0.0,0.0,1.0,0.0,0.0,0.0,0.0,1.0,0.0,0.0,1.0,1.0,0.0,0.0,1.0,0.0,0.0,1.0,0.0,0.0,1.0,0.0,0.0,0.0,1.0,0.0,1.0,0.0,5.0,0.0,0.0,1.0,1.354838869857699,0.0,0.0,1.0,0.0,0.0,1.0,0.0,0.0,1.0
8017-LXHFA,1,-0.38159658183809786,0.9966895901807084,0.004544036396627968,1.0,0.0,1.0,0.0,1.0,0.0,0.0,1.0,1.0,0.0,0.0,0.0,1.0,0.0,1.0,0.0,0.0,0.0,0.0,1.0,1.0,0.0,0.0,1.0,0.0,0.0,0.0,0.0,1.0,0.0,0.0,1.0,1.0,0.0,0.0,0.0,1.0,0.0,0.0,1.0,0.0,0.0,1.0,5.0,0.0,0.0,1.0,-0.011907958857335603,0.0,0.0,1.0,0.0,0.0,1.0,0.0,0.0,1.0
5930-GBIWP,0,1.4915401492832983,0.5563133851366857,1.4426607570108516,0.0,1.0,1.0,0.0,1.0,0.0,0.0,1.0,0.0,0.0,1.0,1.0,0.0,0.0,0.0,0.0,1.0,0.0,0.0,1.0,0.0,0.0,1.0,0.0,0.0,1.0,1.0,0.0,0.0,0.0,0.0,1.0,0.0,0.0,1.0,0.0,1.0,0.0,1.0,0.0,0.0,1.0,0.0,8.0,0.0,1.0,0.0,0.9672289128147615,0.0,1.0,0.0,0.0,1.0,0.0,0.0,1.0,0.0
6022-KOUQO,0,-1.2367242199587352,-1.1869116680375775,-0.9876203944942028,1.0,0.0,0.0,1.0,0.0,1.0,1.0,0.0,0.0,1.0,0.0,1.0,0.0,0.0,1.0,0.0,0.0,1.0,0.0,0.0,1.0,0.0,0.0,0.0,0.0,1.0,1.0,0.0,0.0,1.0,0.0,0.0,1.0,0.0,0.0,1.0,0.0,1.0,0.0,0.0,0.0,1.0,0.0,2.0,1.0,0.0,0.0,0.7985777092059829,1.0,0.0,0.0,1.0,0.0,0.0,1.0,0.0,0.0
6352-TWCAU,0,0.10704778280226633,0.720831288153132,0.32903741697790556,1.0,0.0,1.0,0.0,1.0,0.0,0.0,1.0,0.0,0.0,1.0,0.0,1.0,0.0,1.0,0.0,0.0,1.0,0.0,0.0,1.0,0.0,0.0,1.0,0.0,0.0,0.0,0.0,1.0,1.0,0.0,0.0,1.0,0.0,0.0,0.0,1.0,0.0,0.0,1.0,0.0,0.0,1.0,4.0,0.0,0.0,1.0,3.07374341032068,0.0,0.0,1.0,0.0,0.0,1.0,0.0,0.0,1.0
2361-UPSND,0,0.5549717837226001,0.19404163910047073,0.41813522555491317,1.0,0.0,0.0,1.0,1.0,0.0,0.0,1.0,1.0,0.0,0.0,1.0,0.0,0.0,0.0,0.0,1.0,0.0,0.0,1.0,1.0,0.0,0.0,0.0,0.0,1.0,1.0,0.0,0.0,0.0,0.0,1.0,0.0,1.0,0.0,1.0,0.0,0.0,0.0,0.0,1.0,1.0,0.0,6.0,0.0,1.0,0.0,0.7534351075475866,0.0,1.0,0.0,0.0,1.0,0.0,0.0,1.0,0.0
6035-RIIOM,0,0.880734693482843,1.0781176431888486,1.2556855093013404,1.0,0.0,1.0,0.0,1.0,0.0,0.0,1.0,0.0,0.0,1.0,0.0,1.0,0.0,1.0,0.0,0.0,0.0,0.0,1.0,1.0,0.0,0.0,1.0,0.0,0.0,0.0,0.0,1.0,0.0,0.0,1.0,0.0,0.0,1.0,0.0,1.0,1.0,0.0,0.0,0.0,1.0,0.0,6.0,0.0,1.0,0.0,1.4257250436402862,0.0,1.0,0.0,0.0,1.0,0.0,0.0,1.0,0.0
2929-QNSRW,0,0.9621754209229036,1.113015380192337,1.422851439827848,1.0,0.0,0.0,1.0,1.0,0.0,0.0,1.0,0.0,0.0,1.0,0.0,1.0,0.0,1.0,0.0,0.0,0.0,0.0,1.0,1.0,0.0,0.0,1.0,0.0,0.0,0.0,0.0,1.0,0.0,0.0,1.0,0.0,1.0,0.0,0.0,1.0,0.0,0.0,1.0,0.0,0.0,1.0,6.0,0.0,1.0,0.0,1.4787858938062157,0.0,1.0,0.0,0.0,1.0,0.0,0.0,1.0,0.0
1262-OPMFY,0,-0.9516816739185228,0.3652067301175816,-0.7179886751981487,1.0,0.0,0.0,1.0,1.0,0.0,0.0,1.0,1.0,0.0,0.0,0.0,1.0,0.0,1.0,0.0,0.0,1.0,0.0,0.0,0.0,0.0,1.0,1.0,0.0,0.0,1.0,0.0,0.0,1.0,0.0,0.0,1.0,0.0,0.0,0.0,1.0,1.0,0.0,0.0,0.0,0.0,1.0,3.0,1.0,0.0,0.0,0.7544420522902898,1.0,0.0,0.0,1.0,0.0,0.0,1.0,0.0,0.0
9504-DSHWM,0,-0.5037576729981889,-0.18484807693740507,-0.48182102512995306,0.0,1.0,1.0,0.0,1.0,0.0,0.0,1.0,0.0,0.0,1.0,1.0,0.0,0.0,0.0,0.0,1.0,1.0,0.0,0.0,1.0,0.0,0.0,0.0,0.0,1.0,1.0,0.0,0.0,1.0,0.0,0.0,1.0,0.0,0.0,1.0,0.0,1.0,0.0,0.0,0.0,1.0,0.0,5.0,1.0,0.0,0.0,0.9564539677625622,1.0,0.0,0.0,1.0,0.0,0.0,1.0,0.0,0.0
5035-BVCXS,0,-0.8702409464784621,0.37019212111808014,-0.6251187137945335,0.0,1.0,1.0,0.0,1.0,0.0,0.0,1.0,1.0,0.0,0.0,0.0,1.0,0.0,1.0,0.0,0.0,0.0,0.0,1.0,1.0,0.0,0.0,1.0,0.0,0.0,1.0,0.0,0.0,1.0,0.0,0.0,1.0,0.0,0.0,0.0,1.0,0.0,0.0,0.0,1.0,1.0,0.0,3.0,1.0,0.0,0.0,0.7183283162257005,1.0,0.0,0.0,1.0,0.0,0.0,1.0,0.0,0.0
6267-DCFFZ,1,-0.0965540357978854,0.8404806721650927,0.15172417475409114,1.0,0.0,0.0,1.0,1.0,0.0,0.0,1.0,0.0,0.0,1.0,0.0,1.0,0.0,1.0,0.0,0.0,0.0,0.0,1.0,1.0,0.0,0.0,1.0,0.0,0.0,0.0,0.0,1.0,1.0,0.0,0.0,1.0,0.0,0.0,0.0,1.0,0.0,0.0,1.0,0.0,1.0,0.0,5.0,0.0,0.0,1.0,-1.5713913302566893,0.0,0.0,1.0,0.0,0.0,1.0,0.0,0.0,1.0
3533-UVMOM,0,1.4508197855632678,0.20567421810163386,1.0845047728424204,0.0,1.0,0.0,1.0,1.0,0.0,0.0,1.0,1.0,0.0,0.0,1.0,0.0,0.0,0.0,0.0,1.0,0.0,0.0,1.0,0.0,0.0,1.0,1.0,0.0,0.0,1.0,0.0,0.0,0.0,0.0,1.0,0.0,0.0,1.0,1.0,0.0,1.0,0.0,0.0,0.0,1.0,0.0,6.0,0.0,1.0,0.0,0.7475117058879722,0.0,1.0,0.0,0.0,1.0,0.0,0.0,1.0,0.0
2439-LYPMQ,1,0.22920887396235737,1.2575917192067896,0.7614452515227188,0.0,1.0,0.0,1.0,1.0,0.0,0.0,1.0,0.0,0.0,1.0,0.0,1.0,0.0,1.0,0.0,0.0,0.0,0.0,1.0,0.0,0.0,1.0,1.0,0.0,0.0,0.0,0.0,1.0,0.0,0.0,1.0,1.0,0.0,0.0,0.0,1.0,0.0,0.0,1.0,0.0,1.0,0.0,7.0,0.0,0.0,1.0,3.3220583407593978,0.0,0.0,1.0,0.0,0.0,1.0,0.0,0.0,1.0
4248-QPAVC,1,-0.62591876415828,0.684271754149477,-0.36170773775639387,1.0,0.0,0.0,1.0,1.0,0.0,0.0,1.0,0.0,0.0,1.0,0.0,1.0,0.0,0.0,0.0,1.0,1.0,0.0,0.0,0.0,0.0,1.0,1.0,0.0,0.0,1.0,0.0,0.0,1.0,0.0,0.0,1.0,0.0,0.0,0.0,1.0,1.0,0.0,0.0,0.0,0.0,1.0,5.0,1.0,0.0,0.0,0.5778828794864609,1.0,0.0,0.0,1.0,0.0,0.0,1.0,0.0,0.0
1899-VXWXM,0,0.6364125111626608,1.3739175092184182,1.2351041140544112,0.0,1.0,1.0,0.0,1.0,0.0,0.0,1.0,0.0,0.0,1.0,0.0,1.0,0.0,1.0,0.0,0.0,0.0,0.0,1.0,0.0,0.0,1.0,1.0,0.0,0.0,0.0,0.0,1.0,0.0,0.0,1.0,0.0,1.0,0.0,0.0,1.0,0.0,1.0,0.0,0.0,0.0,1.0,7.0,0.0,1.0,0.0,1.9407288392209665,0.0,1.0,0.0,0.0,1.0,0.0,0.0,1.0,0.0
1478-VPOAD,0,-1.2774445836787656,-0.6966815529885713,-0.9880395225860481,1.0,0.0,1.0,0.0,1.0,0.0,0.0,1.0,1.0,0.0,0.0,1.0,0.0,0.0,1.0,0.0,0.0,1.0,0.0,0.0,1.0,0.0,0.0,1.0,0.0,0.0,1.0,0.0,0.0,1.0,0.0,0.0,1.0,0.0,0.0,1.0,0.0,0.0,0.0,1.0,0.0,1.0,0.0,2.0,1.0,0.0,0.0,0.7734500073112422,1.0,0.0,0.0,1.0,0.0,0.0,1.0,0.0,0.0
9995-HOTOH,0,1.247217966963116,-0.19149526493806968,0.6283831120484655,0.0,1.0,0.0,1.0,0.0,1.0,1.0,0.0,0.0,1.0,0.0,1.0,0.0,0.0,0.0,0.0,1.0,0.0,0.0,1.0,0.0,0.0,1.0,1.0,0.0,0.0,0.0,0.0,1.0,0.0,0.0,1.0,0.0,0.0,1.0,1.0,0.0,0.0,0.0,1.0,0.0,1.0,0.0,6.0,0.0,1.0,0.0,0.5038278221556831,0.0,1.0,0.0,0.0,1.0,0.0,0.0,1.0,0.0
2988-PLAHS,0,-1.1960038562387048,0.1724382780983114,-0.9101037568760786,1.0,0.0,1.0,0.0,1.0,0.0,0.0,1.0,1.0,0.0,0.0,1.0,0.0,0.0,1.0,0.0,0.0,1.0,0.0,0.0,0.0,0.0,1.0,1.0,0.0,0.0,0.0,0.0,1.0,0.0,0.0,1.0,0.0,1.0,0.0,0.0,1.0,0.0,0.0,1.0,0.0,1.0,0.0,5.0,1.0,0.0,0.0,0.7609538649300436,1.0,0.0,0.0,1.0,0.0,0.0,1.0,0.0,0.0
1371-OJCEK,0,0.6364125111626608,-1.343120586053193,-0.5071893043732209,1.0,0.0,1.0,0.0,1.0,0.0,0.0,1.0,0.0,0.0,1.0,0.0,0.0,1.0,0.0,1.0,0.0,0.0,1.0,0.0,0.0,1.0,0.0,0.0,1.0,0.0,0.0,1.0,0.0,0.0,1.0,0.0,0.0,1.0,0.0,1.0,0.0,1.0,0.0,0.0,0.0,1.0,0.0,2.0,0.0,1.0,0.0,-0.7969505556178298,0.0,1.0,0.0,0.0,1.0,0.0,0.0,1.0,0.0
4999-IEZLT,0,1.369379058123207,-1.1736172920362484,-0.13242261214376302,0.0,1.0,1.0,0.0,1.0,0.0,1.0,0.0,0.0,1.0,0.0,1.0,0.0,0.0,1.0,0.0,0.0,1.0,0.0,0.0,1.0,0.0,0.0,0.0,0.0,1.0,1.0,0.0,0.0,1.0,0.0,0.0,0.0,1.0,0.0,1.0,0.0,0.0,1.0,0.0,0.0,1.0,0.0,2.0,0.0,1.0,0.0,-0.09670267071650264,0.0,1.0,0.0,0.0,1.0,0.0,0.0,1.0,0.0
8883-ANODQ,0,1.4508197855632678,0.6526976111463211,1.5280305315077616,1.0,0.0,0.0,1.0,0.0,1.0,0.0,1.0,0.0,0.0,1.0,0.0,1.0,0.0,1.0,0.0,0.0,0.0,0.0,1.0,0.0,0.0,1.0,1.0,0.0,0.0,1.0,0.0,0.0,1.0,0.0,0.0,0.0,0.0,1.0,0.0,1.0,0.0,1.0,0.0,0.0,1.0,0.0,5.0,0.0,1.0,0.0,1.053218702083331,0.0,1.0,0.0,0.0,1.0,0.0,0.0,1.0,0.0
4690-LLKUA,1,-0.62591876415828,-0.6551366279844181,-0.6673844729511433,0.0,1.0,1.0,0.0,1.0,0.0,0.0,1.0,1.0,0.0,0.0,1.0,0.0,0.0,1.0,0.0,0.0,1.0,0.0,0.0,1.0,0.0,0.0,1.0,0.0,0.0,1.0,0.0,0.0,1.0,0.0,0.0,1.0,0.0,0.0,0.0,1.0,0.0,0.0,1.0,0.0,0.0,1.0,2.0,1.0,0.0,0.0,1.0662477483777395,1.0,0.0,0.0,1.0,0.0,0.0,1.0,0.0,0.0
2351-RRBUE,0,-1.0331224013585834,-1.4660935640654862,-0.9482223538607452,1.0,0.0,0.0,1.0,0.0,1.0,0.0,1.0,1.0,0.0,0.0,0.0,0.0,1.0,0.0,1.0,0.0,0.0,1.0,0.0,0.0,1.0,0.0,0.0,1.0,0.0,0.0,1.0,0.0,0.0,1.0,0.0,0.0,1.0,0.0,1.0,0.0,0.0,0.0,0.0,1.0,1.0,0.0,1.0,1.0,0.0,0.0,0.9178218888815184,1.0,0.0,0.0,1.0,0.0,0.0,1.0,0.0,0.0
5980-BDHPY,0,1.6137012404433893,0.7424346491552913,1.7412784927639962,0.0,1.0,0.0,1.0,1.0,0.0,0.0,1.0,0.0,0.0,1.0,1.0,0.0,0.0,0.0,0.0,1.0,0.0,0.0,1.0,0.0,0.0,1.0,0.0,0.0,1.0,0.0,0.0,1.0,0.0,0.0,1.0,0.0,0.0,1.0,0.0,1.0,1.0,0.0,0.0,0.0,1.0,0.0,9.0,0.0,1.0,0.0,1.0790587805990364,0.0,1.0,0.0,0.0,1.0,0.0,0.0,1.0,0.0
1498-DQNRX,0,-0.13727439951791576,-1.4926823160681442,-0.7545410566817095,1.0,0.0,0.0,1.0,1.0,0.0,0.0,1.0,1.0,0.0,0.0,0.0,0.0,1.0,0.0,1.0,0.0,0.0,1.0,0.0,0.0,1.0,0.0,0.0,1.0,0.0,0.0,1.0,0.0,0.0,1.0,0.0,1.0,0.0,0.0,1.0,0.0,0.0,0.0,0.0,1.0,1.0,0.0,1.0,0.0,0.0,1.0,5.496589745295035,0.0,0.0,1.0,0.0,0.0,1.0,0.0,0.0,1.0
9469-WEJBT,0,0.18848851024232702,0.8504514541660894,0.5011887658600465,0.0,1.0,0.0,1.0,1.0,0.0,0.0,1.0,1.0,0.0,0.0,0.0,1.0,0.0,1.0,0.0,0.0,1.0,0.0,0.0,0.0,0.0,1.0,0.0,0.0,1.0,1.0,0.0,0.0,0.0,0.0,1.0,1.0,0.0,0.0,0.0,1.0,0.0,0.0,1.0,0.0,1.0,0.0,5.0,0.0,0.0,1.0,2.6589884190590807,0.0,0.0,1.0,0.0,0.0,1.0,0.0,0.0,1.0
3331-HQDTW,0,0.06632741908223598,1.4968904872307114,0.5752862006236433,1.0,0.0,1.0,0.0,1.0,0.0,0.0,1.0,0.0,0.0,1.0,0.0,1.0,0.0,0.0,0.0,1.0,0.0,0.0,1.0,0.0,0.0,1.0,1.0,0.0,0.0,0.0,0.0,1.0,0.0,0.0,1.0,1.0,0.0,0.0,0.0,1.0,0.0,0.0,0.0,1.0,0.0,1.0,8.0,0.0,0.0,1.0,8.67342961001355,0.0,0.0,1.0,0.0,0.0,1.0,0.0,0.0,1.0
9490-DFPMD,1,0.3920903288424788,0.6610065961471517,0.555035695975539,1.0,0.0,1.0,0.0,1.0,0.0,0.0,1.0,0.0,0.0,1.0,0.0,1.0,0.0,1.0,0.0,0.0,1.0,0.0,0.0,1.0,0.0,0.0,1.0,0.0,0.0,0.0,0.0,1.0,1.0,0.0,0.0,1.0,0.0,0.0,0.0,1.0,0.0,0.0,1.0,0.0,0.0,1.0,4.0,0.0,0.0,1.0,1.4155811942980188,0.0,0.0,1.0,0.0,0.0,1.0,0.0,0.0,1.0
2581-VKIRT,0,1.0843365120829946,0.02453834508352634,0.6697223775283646,1.0,0.0,0.0,1.0,0.0,1.0,0.0,1.0,0.0,0.0,1.0,1.0,0.0,0.0,0.0,0.0,1.0,0.0,0.0,1.0,1.0,0.0,0.0,0.0,0.0,1.0,1.0,0.0,0.0,1.0,0.0,0.0,0.0,1.0,0.0,1.0,0.0,0.0,0.0,0.0,1.0,1.0,0.0,6.0,0.0,1.0,0.0,0.6176333362065229,0.0,1.0,0.0,0.0,1.0,0.0,0.0,1.0,0.0
5442-XSDCW,0,-0.8702409464784621,0.4898415051300408,-0.6241922201178229,0.0,1.0,0.0,1.0,0.0,1.0,0.0,1.0,1.0,0.0,0.0,0.0,1.0,0.0,1.0,0.0,0.0,1.0,0.0,0.0,1.0,0.0,0.0,1.0,0.0,0.0,0.0,0.0,1.0,1.0,0.0,0.0,1.0,0.0,0.0,0.0,1.0,1.0,0.0,0.0,0.0,0.0,1.0,3.0,1.0,0.0,0.0,0.7172636758172483,1.0,0.0,0.0,1.0,0.0,0.0,1.0,0.0,0.0
7426-WEIJX,1,1.125056875803025,0.5380336181348585,1.136410478111472,0.0,1.0,0.0,1.0,0.0,1.0,0.0,1.0,0.0,0.0,1.0,0.0,1.0,0.0,0.0,0.0,1.0,1.0,0.0,0.0,1.0,0.0,0.0,1.0,0.0,0.0,1.0,0.0,0.0,1.0,0.0,0.0,1.0,0.0,0.0,0.0,1.0,0.0,0.0,1.0,0.0,1.0,0.0,4.0,0.0,1.0,0.0,1.0100915807481674,0.0,1.0,0.0,0.0,1.0,0.0,0.0,1.0,0.0
2851-MMUTZ,0,-0.21871512695797646,-0.28621769394753876,-0.3723403556653114,1.0,0.0,1.0,0.0,1.0,0.0,0.0,1.0,1.0,0.0,0.0,1.0,0.0,0.0,1.0,0.0,0.0,0.0,0.0,1.0,1.0,0.0,0.0,0.0,0.0,1.0,1.0,0.0,0.0,1.0,0.0,0.0,1.0,0.0,0.0,0.0,1.0,0.0,0.0,0.0,1.0,1.0,0.0,4.0,0.0,0.0,1.0,1.7023987359450095,0.0,0.0,1.0,0.0,0.0,1.0,0.0,0.0,1.0
3049-NDXFL,0,-1.2774445836787656,0.6992279271509723,-0.9695096490518351,1.0,0.0,1.0,0.0,1.0,0.0,0.0,1.0,0.0,0.0,1.0,0.0,1.0,0.0,1.0,0.0,0.0,1.0,0.0,0.0,1.0,0.0,0.0,1.0,0.0,0.0,1.0,0.0,0.0,0.0,0.0,1.0,1.0,0.0,0.0,1.0,0.0,0.0,0.0,0.0,1.0,0.0,1.0,4.0,1.0,0.0,0.0,0.758944584711343,1.0,0.0,0.0,1.0,0.0,0.0,1.0,0.0,0.0
8580-AECUZ,1,-1.2774445836787656,0.47654712912871167,-0.9724656050680073,0.0,1.0,1.0,0.0,1.0,0.0,0.0,1.0,1.0,0.0,0.0,0.0,1.0,0.0,1.0,0.0,0.0,1.0,0.0,0.0,1.0,0.0,0.0,1.0,0.0,0.0,0.0,0.0,1.0,1.0,0.0,0.0,1.0,0.0,0.0,0.0,1.0,0.0,0.0,1.0,0.0,0.0,1.0,3.0,1.0,0.0,0.0,0.7612585449832318,1.0,0.0,0.0,1.0,0.0,0.0,1.0,0.0,0.0
3307-TLCUD,0,-0.62591876415828,-1.0090993890198023,-0.7458496636192333,0.0,1.0,0.0,1.0,1.0,0.0,1.0,0.0,0.0,1.0,0.0,1.0,0.0,0.0,0.0,0.0,1.0,1.0,0.0,0.0,0.0,0.0,1.0,1.0,0.0,0.0,1.0,0.0,0.0,1.0,0.0,0.0,1.0,0.0,0.0,1.0,0.0,0.0,0.0,0.0,1.0,1.0,0.0,3.0,1.0,0.0,0.0,1.1916077713730686,1.0,0.0,0.0,1.0,0.0,0.0,1.0,0.0,0.0
6625-FLENO,0,1.0436161483629645,-1.462769970065154,-0.4841372593217297,0.0,1.0,0.0,1.0,1.0,0.0,0.0,1.0,1.0,0.0,0.0,0.0,0.0,1.0,0.0,1.0,0.0,0.0,1.0,0.0,0.0,1.0,0.0,0.0,1.0,0.0,0.0,1.0,0.0,0.0,1.0,0.0,0.0,0.0,1.0,1.0,0.0,0.0,0.0,0.0,1.0,1.0,0.0,1.0,0.0,1.0,0.0,-0.4639035722867611,0.0,1.0,0.0,0.0,1.0,0.0,0.0,1.0,0.0
2967-MXRAV,0,-1.2774445836787656,-1.5275800530716328,-0.9990692092135558,0.0,1.0,0.0,1.0,0.0,1.0,0.0,1.0,1.0,0.0,0.0,0.0,0.0,1.0,0.0,1.0,0.0,0.0,1.0,0.0,0.0,1.0,0.0,0.0,1.0,0.0,0.0,1.0,0.0,0.0,1.0,0.0,0.0,1.0,0.0,1.0,0.0,0.0,0.0,0.0,1.0,1.0,0.0,1.0,1.0,0.0,0.0,0.78208418743023,1.0,0.0,0.0,1.0,0.0,0.0,1.0,0.0,0.0
7963-GQRMY,0,-1.1960038562387048,-0.6800635829869099,-0.9480238195014501,1.0,0.0,0.0,1.0,0.0,1.0,0.0,1.0,1.0,0.0,0.0,1.0,0.0,0.0,1.0,0.0,0.0,1.0,0.0,0.0,1.0,0.0,0.0,1.0,0.0,0.0,1.0,0.0,0.0,1.0,0.0,0.0,1.0,0.0,0.0,1.0,0.0,0.0,0.0,0.0,1.0,0.0,1.0,2.0,1.0,0.0,0.0,0.7926595006832808,1.0,0.0,0.0,1.0,0.0,0.0,1.0,0.0,0.0
8189-HBVRW,0,0.8400143297628127,0.8654076271675846,1.163808219694201,1.0,0.0,1.0,0.0,1.0,0.0,0.0,1.0,0.0,0.0,1.0,0.0,1.0,0.0,0.0,0.0,1.0,0.0,0.0,1.0,0.0,0.0,1.0,1.0,0.0,0.0,1.0,0.0,0.0,1.0,0.0,0.0,1.0,0.0,0.0,1.0,0.0,0.0,0.0,1.0,0.0,1.0,0.0,6.0,0.0,1.0,0.0,1.3854623408898454,0.0,1.0,0.0,0.0,1.0,0.0,0.0,1.0,0.0
4163-KIUHY,0,0.10704778280226633,-1.3015756610490399,-0.6097433306357878,0.0,1.0,1.0,0.0,1.0,0.0,0.0,1.0,0.0,0.0,1.0,0.0,0.0,1.0,0.0,1.0,0.0,0.0,1.0,0.0,0.0,1.0,0.0,0.0,1.0,0.0,0.0,1.0,0.0,0.0,1.0,0.0,1.0,0.0,0.0,0.0,1.0,0.0,0.0,1.0,0.0,1.0,0.0,2.0,0.0,0.0,1.0,-5.695992151113276,0.0,0.0,1.0,0.0,0.0,1.0,0.0,0.0,1.0
1228-FZFRV,0,0.7178532386027215,1.3689321182179202,1.3493716675153913,0.0,1.0,0.0,1.0,0.0,1.0,0.0,1.0,0.0,0.0,1.0,0.0,1.0,0.0,0.0,0.0,1.0,1.0,0.0,0.0,0.0,0.0,1.0,1.0,0.0,0.0,0.0,0.0,1.0,0.0,0.0,1.0,1.0,0.0,0.0,1.0,0.0,0.0,1.0,0.0,0.0,0.0,1.0,7.0,0.0,1.0,0.0,1.879731949307494,0.0,1.0,0.0,0.0,1.0,0.0,0.0,1.0,0.0
3500-NSDOA,0,1.4508197855632678,0.2006888271011353,1.136785487456807,0.0,1.0,0.0,1.0,0.0,1.0,0.0,1.0,0.0,0.0,1.0,1.0,0.0,0.0,1.0,0.0,0.0,0.0,0.0,1.0,1.0,0.0,0.0,0.0,0.0,1.0,1.0,0.0,0.0,0.0,0.0,1.0,0.0,0.0,1.0,1.0,0.0,0.0,1.0,0.0,0.0,1.0,0.0,6.0,0.0,1.0,0.0,0.7835469978895141,0.0,1.0,0.0,0.0,1.0,0.0,0.0,1.0,0.0
1171-TYKUR,0,0.5956921474426305,-1.3082228490497045,-0.5047627733151692,0.0,1.0,0.0,1.0,1.0,0.0,0.0,1.0,0.0,0.0,1.0,0.0,0.0,1.0,0.0,1.0,0.0,0.0,1.0,0.0,0.0,1.0,0.0,0.0,1.0,0.0,0.0,1.0,0.0,0.0,1.0,0.0,1.0,0.0,0.0,1.0,0.0,0.0,0.0,1.0,0.0,1.0,0.0,2.0,0.0,1.0,0.0,-0.8473550901789946,0.0,1.0,0.0,0.0,1.0,0.0,0.0,1.0,0.0
3761-FLYZI,1,1.3286586944031769,1.463654547227389,2.117324628642245,1.0,0.0,0.0,1.0,1.0,0.0,0.0,1.0,0.0,0.0,1.0,0.0,1.0,0.0,1.0,0.0,0.0,0.0,0.0,1.0,0.0,0.0,1.0,1.0,0.0,0.0,0.0,0.0,1.0,0.0,0.0,1.0,1.0,0.0,0.0,0.0,1.0,1.0,0.0,0.0,0.0,1.0,0.0,7.0,0.0,1.0,0.0,1.5935805316754659,0.0,1.0,0.0,0.0,1.0,0.0,0.0,1.0,0.0
2058-DCJBE,0,-1.1145631287986442,0.1657910900976468,-0.8641540823858813,0.0,1.0,1.0,0.0,1.0,0.0,0.0,1.0,1.0,0.0,0.0,0.0,1.0,0.0,1.0,0.0,0.0,1.0,0.0,0.0,1.0,0.0,0.0,1.0,0.0,0.0,1.0,0.0,0.0,1.0,0.0,0.0,1.0,0.0,0.0,0.0,1.0,0.0,0.0,1.0,0.0,0.0,1.0,2.0,1.0,0.0,0.0,0.7753298669742721,1.0,0.0,0.0,1.0,0.0,0.0,1.0,0.0,0.0
5364-XYIRR,0,0.758573602322752,0.9933659961803764,1.1159614391040724,0.0,1.0,0.0,1.0,1.0,0.0,0.0,1.0,0.0,0.0,1.0,0.0,1.0,0.0,1.0,0.0,0.0,1.0,0.0,0.0,1.0,0.0,0.0,1.0,0.0,0.0,0.0,0.0,1.0,0.0,0.0,1.0,1.0,0.0,0.0,0.0,1.0,0.0,0.0,1.0,0.0,0.0,1.0,5.0,0.0,1.0,0.0,1.4711313914523245,0.0,1.0,0.0,0.0,1.0,0.0,0.0,1.0,0.0
4829-AUOAX,0,0.5549717837226001,1.0398963121850275,0.9336407191513696,1.0,0.0,1.0,0.0,1.0,0.0,0.0,1.0,0.0,0.0,1.0,0.0,1.0,0.0,1.0,0.0,0.0,1.0,0.0,0.0,1.0,0.0,0.0,1.0,0.0,0.0,0.0,0.0,1.0,0.0,0.0,1.0,1.0,0.0,0.0,1.0,0.0,1.0,0.0,0.0,0.0,0.0,1.0,5.0,0.0,1.0,0.0,1.6823210594397449,0.0,1.0,0.0,0.0,1.0,0.0,0.0,1.0,0.0
1219-NNDDO,0,-0.9516816739185228,0.4017662641212361,-0.7146135910901315,1.0,0.0,1.0,0.0,1.0,0.0,0.0,1.0,0.0,0.0,1.0,0.0,1.0,0.0,1.0,0.0,0.0,1.0,0.0,0.0,1.0,0.0,0.0,1.0,0.0,0.0,1.0,0.0,0.0,1.0,0.0,0.0,1.0,0.0,0.0,0.0,1.0,0.0,0.0,1.0,0.0,1.0,0.0,3.0,1.0,0.0,0.0,0.7508956100286454,1.0,0.0,0.0,1.0,0.0,0.0,1.0,0.0,0.0
8388-DMKAE,0,-0.9924020376385531,-1.479387940066815,-0.9303101427776727,1.0,0.0,1.0,0.0,1.0,0.0,0.0,1.0,1.0,0.0,0.0,0.0,0.0,1.0,0.0,1.0,0.0,0.0,1.0,0.0,0.0,1.0,0.0,0.0,1.0,0.0,0.0,1.0,0.0,0.0,1.0,0.0,0.0,0.0,1.0,1.0,0.0,0.0,0.0,0.0,1.0,1.0,0.0,1.0,1.0,0.0,0.0,0.9374327213105792,1.0,0.0,0.0,1.0,0.0,0.0,1.0,0.0,0.0
4403-BWPAY,0,-0.748079855318371,-1.328164413051698,-0.8654335260346722,0.0,1.0,1.0,0.0,1.0,0.0,0.0,1.0,0.0,0.0,1.0,0.0,0.0,1.0,0.0,1.0,0.0,0.0,1.0,0.0,0.0,1.0,0.0,0.0,1.0,0.0,0.0,1.0,0.0,0.0,1.0,0.0,0.0,1.0,0.0,0.0,1.0,0.0,1.0,0.0,0.0,1.0,0.0,2.0,1.0,0.0,0.0,1.1568731865749244,1.0,0.0,0.0,1.0,0.0,0.0,1.0,0.0,0.0
9659-QEQSY,0,0.5142514200025698,1.6913207362501481,1.2539428188141943,1.0,0.0,1.0,0.0,1.0,0.0,0.0,1.0,0.0,0.0,1.0,0.0,1.0,0.0,0.0,0.0,1.0,0.0,0.0,1.0,0.0,0.0,1.0,0.0,0.0,1.0,0.0,0.0,1.0,0.0,0.0,1.0,1.0,0.0,0.0,0.0,1.0,0.0,0.0,1.0,0.0,1.0,0.0,9.0,0.0,1.0,0.0,2.438384747304982,0.0,1.0,0.0,0.0,1.0,0.0,0.0,1.0,0.0
5405-ZMYXQ,0,-0.9924020376385531,0.32698539911376057,-0.7651957339638819,1.0,0.0,1.0,0.0,1.0,0.0,0.0,1.0,0.0,0.0,1.0,0.0,1.0,0.0,1.0,0.0,0.0,1.0,0.0,0.0,1.0,0.0,0.0,1.0,0.0,0.0,1.0,0.0,0.0,1.0,0.0,0.0,1.0,0.0,0.0,0.0,1.0,0.0,1.0,0.0,0.0,1.0,0.0,3.0,1.0,0.0,0.0,0.7710541745608316,1.0,0.0,0.0,1.0,0.0,0.0,1.0,0.0,0.0
5047-LHVLY,1,-1.2774445836787656,-0.4856333339674735,-0.9852379821826611,0.0,1.0,1.0,0.0,0.0,1.0,0.0,1.0,1.0,0.0,0.0,1.0,0.0,0.0,1.0,0.0,0.0,1.0,0.0,0.0,0.0,0.0,1.0,1.0,0.0,0.0,1.0,0.0,0.0,1.0,0.0,0.0,1.0,0.0,0.0,0.0,1.0,0.0,0.0,0.0,1.0,0.0,1.0,3.0,1.0,0.0,0.0,0.7712569255610194,1.0,0.0,0.0,1.0,0.0,0.0,1.0,0.0,0.0
1442-OKRJE,0,1.369379058123207,1.2758714862086173,2.094757889802364,0.0,1.0,0.0,1.0,0.0,1.0,0.0,1.0,1.0,0.0,0.0,0.0,1.0,0.0,0.0,0.0,1.0,0.0,0.0,1.0,0.0,0.0,1.0,1.0,0.0,0.0,0.0,0.0,1.0,0.0,0.0,1.0,0.0,1.0,0.0,0.0,1.0,1.0,0.0,0.0,0.0,1.0,0.0,7.0,0.0,1.0,0.0,1.5297136883875821,0.0,1.0,0.0,0.0,1.0,0.0,0.0,1.0,0.0
4737-AQCPU,0,1.6137012404433893,0.2438955491054544,1.2059195632380255,0.0,1.0,0.0,1.0,0.0,1.0,0.0,1.0,0.0,0.0,1.0,1.0,0.0,0.0,0.0,0.0,1.0,0.0,0.0,1.0,0.0,0.0,1.0,0.0,0.0,1.0,1.0,0.0,0.0,1.0,0.0,0.0,0.0,0.0,1.0,1.0,0.0,0.0,1.0,0.0,0.0,1.0,0.0,7.0,0.0,1.0,0.0,0.7473003880858892,0.0,1.0,0.0,0.0,1.0,0.0,0.0,1.0,0.0
9158-VCTQB,0,0.35136996512244845,1.6231870592433366,1.019870809205225,1.0,0.0,0.0,1.0,1.0,0.0,0.0,1.0,0.0,0.0,1.0,0.0,1.0,0.0,0.0,0.0,1.0,0.0,0.0,1.0,0.0,0.0,1.0,0.0,0.0,1.0,0.0,0.0,1.0,0.0,0.0,1.0,1.0,0.0,0.0,0.0,1.0,1.0,0.0,0.0,0.0,0.0,1.0,9.0,0.0,0.0,1.0,2.9025554556144595,0.0,0.0,1.0,0.0,0.0,1.0,0.0,0.0,1.0
2808-CHTDM,0,-0.38159658183809786,-1.3181936310507012,-0.7375994580218574,1.0,0.0,0.0,1.0,0.0,1.0,0.0,1.0,0.0,0.0,1.0,0.0,0.0,1.0,0.0,1.0,0.0,0.0,1.0,0.0,0.0,1.0,0.0,0.0,1.0,0.0,0.0,1.0,0.0,0.0,1.0,0.0,0.0,0.0,1.0,1.0,0.0,0.0,0.0,0.0,1.0,1.0,0.0,2.0,0.0,0.0,1.0,1.932929939961577,0.0,0.0,1.0,0.0,0.0,1.0,0.0,0.0,1.0
6311-UEUME,0,-0.13727439951791576,0.46989994112804756,0.04449356136146107,1.0,0.0,1.0,0.0,1.0,0.0,0.0,1.0,1.0,0.0,0.0,0.0,1.0,0.0,1.0,0.0,0.0,1.0,0.0,0.0,1.0,0.0,0.0,1.0,0.0,0.0,0.0,0.0,1.0,1.0,0.0,0.0,1.0,0.0,0.0,0.0,1.0,0.0,0.0,1.0,0.0,0.0,1.0,3.0,0.0,0.0,1.0,-0.32412133302141444,0.0,0.0,1.0,0.0,0.0,1.0,0.0,0.0,1.0
0793-TWELN,0,-1.1552834925186746,0.5114448661322006,-0.8662497228451078,1.0,0.0,1.0,0.0,1.0,0.0,0.0,1.0,0.0,0.0,1.0,0.0,1.0,0.0,0.0,0.0,1.0,1.0,0.0,0.0,1.0,0.0,0.0,1.0,0.0,0.0,1.0,0.0,0.0,1.0,0.0,0.0,1.0,0.0,0.0,0.0,1.0,0.0,0.0,1.0,0.0,1.0,0.0,4.0,1.0,0.0,0.0,0.7498157192193287,1.0,0.0,0.0,1.0,0.0,0.0,1.0,0.0,0.0
3283-WCWXT,0,-1.0738427650786138,-1.3082228490497045,-0.9397294951575642,0.0,1.0,0.0,1.0,0.0,1.0,0.0,1.0,0.0,0.0,1.0,0.0,0.0,1.0,0.0,1.0,0.0,0.0,1.0,0.0,0.0,1.0,0.0,0.0,1.0,0.0,0.0,1.0,0.0,0.0,1.0,0.0,0.0,0.0,1.0,1.0,0.0,0.0,0.0,0.0,1.0,1.0,0.0,2.0,1.0,0.0,0.0,0.8751090250058803,1.0,0.0,0.0,1.0,0.0,0.0,1.0,0.0,0.0
1060-ENTOF,1,1.4100994218432374,1.3506523512160928,2.0966549959022953,1.0,0.0,0.0,1.0,1.0,0.0,0.0,1.0,0.0,0.0,1.0,0.0,1.0,0.0,0.0,0.0,1.0,0.0,0.0,1.0,0.0,0.0,1.0,0.0,0.0,1.0,1.0,0.0,0.0,0.0,0.0,1.0,0.0,1.0,0.0,0.0,1.0,0.0,1.0,0.0,0.0,1.0,0.0,8.0,0.0,1.0,0.0,1.4868845156759332,0.0,1.0,0.0,0.0,1.0,0.0,0.0,1.0,0.0
0999-QXNSA,1,-1.0331224013585834,-0.6318714699820923,-0.8555068080699152,0.0,1.0,1.0,0.0,0.0,1.0,0.0,1.0,1.0,0.0,0.0,1.0,0.0,0.0,1.0,0.0,0.0,1.0,0.0,0.0,1.0,0.0,0.0,1.0,0.0,0.0,1.0,0.0,0.0,1.0,0.0,0.0,1.0,0.0,0.0,0.0,1.0,0.0,0.0,0.0,1.0,1.0,0.0,2.0,1.0,0.0,0.0,0.8280788481063822,1.0,0.0,0.0,1.0,0.0,0.0,1.0,0.0,0.0
5451-MHQOF,0,0.9621754209229036,-1.3397969920528607,-0.37573749914658366,0.0,1.0,0.0,1.0,0.0,1.0,0.0,1.0,0.0,0.0,1.0,0.0,0.0,1.0,0.0,1.0,0.0,0.0,1.0,0.0,0.0,1.0,0.0,0.0,1.0,0.0,0.0,1.0,0.0,0.0,1.0,0.0,0.0,1.0,0.0,0.0,1.0,0.0,0.0,0.0,1.0,1.0,0.0,2.0,0.0,1.0,0.0,-0.3905083116612791,0.0,1.0,0.0,0.0,1.0,0.0,0.0,1.0,0.0
4836-WNFNO,0,1.6137012404433893,-1.3215172250510334,-0.1915196730939495,1.0,0.0,0.0,1.0,1.0,0.0,0.0,1.0,0.0,0.0,1.0,0.0,0.0,1.0,0.0,1.0,0.0,0.0,1.0,0.0,0.0,1.0,0.0,0.0,1.0,0.0,0.0,1.0,0.0,0.0,1.0,0.0,0.0,0.0,1.0,1.0,0.0,0.0,1.0,0.0,0.0,1.0,0.0,2.0,0.0,1.0,0.0,-0.11868347640442199,0.0,1.0,0.0,0.0,1.0,0.0,0.0,1.0,0.0
9225-BZLNZ,0,1.6137012404433893,0.6809481601491449,1.6764239353942507,0.0,1.0,0.0,1.0,1.0,0.0,0.0,1.0,0.0,0.0,1.0,1.0,0.0,0.0,0.0,0.0,1.0,0.0,0.0,1.0,0.0,0.0,1.0,1.0,0.0,0.0,0.0,0.0,1.0,0.0,0.0,1.0,0.0,0.0,1.0,0.0,1.0,0.0,0.0,1.0,0.0,1.0,0.0,8.0,0.0,1.0,0.0,1.0388688397696388,0.0,1.0,0.0,0.0,1.0,0.0,0.0,1.0,0.0
0354-VXMJC,0,-0.38159658183809786,-1.5009913010689746,-0.8191309015723947,0.0,1.0,0.0,1.0,0.0,1.0,0.0,1.0,1.0,0.0,0.0,0.0,0.0,1.0,0.0,1.0,0.0,0.0,1.0,0.0,0.0,1.0,0.0,0.0,1.0,0.0,0.0,1.0,0.0,0.0,1.0,0.0,0.0,0.0,1.0,1.0,0.0,0.0,1.0,0.0,0.0,1.0,0.0,1.0,0.0,0.0,1.0,2.14658867651999,0.0,0.0,1.0,0.0,0.0,1.0,0.0,0.0,1.0
4422-QVIJA,0,0.10704778280226633,-0.4856333339674735,-0.27704386320364455,1.0,0.0,1.0,0.0,0.0,1.0,0.0,1.0,0.0,0.0,1.0,1.0,0.0,0.0,1.0,0.0,0.0,1.0,0.0,0.0,1.0,0.0,0.0,1.0,0.0,0.0,1.0,0.0,0.0,1.0,0.0,0.0,1.0,0.0,0.0,1.0,0.0,0.0,0.0,0.0,1.0,1.0,0.0,3.0,0.0,0.0,1.0,-2.5880392470658364,0.0,0.0,1.0,0.0,0.0,1.0,0.0,0.0,1.0
9365-SRSZE,1,-0.21871512695797646,0.19237984210030468,-0.14973922014895016,0.0,1.0,0.0,1.0,1.0,0.0,0.0,1.0,1.0,0.0,0.0,0.0,1.0,0.0,1.0,0.0,0.0,1.0,0.0,0.0,1.0,0.0,0.0,1.0,0.0,0.0,1.0,0.0,0.0,1.0,0.0,0.0,1.0,0.0,0.0,0.0,1.0,0.0,0.0,1.0,0.0,1.0,0.0,2.0,0.0,0.0,1.0,0.6846312929133649,0.0,0.0,1.0,0.0,0.0,1.0,0.0,0.0,1.0
6839-ITVZJ,0,-0.2594354906780068,-0.15659752793458118,-0.2943384118355766,1.0,0.0,0.0,1.0,0.0,1.0,0.0,1.0,0.0,0.0,1.0,1.0,0.0,0.0,1.0,0.0,0.0,0.0,0.0,1.0,1.0,0.0,0.0,0.0,0.0,1.0,1.0,0.0,0.0,1.0,0.0,0.0,1.0,0.0,0.0,0.0,1.0,0.0,0.0,1.0,0.0,0.0,1.0,5.0,0.0,0.0,1.0,1.134534103512032,0.0,0.0,1.0,0.0,0.0,1.0,0.0,0.0,1.0
8332-OSJDW,0,-0.8295205827584317,-1.2749869090463821,-0.8684115414240993,0.0,1.0,0.0,1.0,0.0,1.0,0.0,1.0,0.0,0.0,1.0,0.0,0.0,1.0,0.0,1.0,0.0,0.0,1.0,0.0,0.0,1.0,0.0,0.0,1.0,0.0,0.0,1.0,0.0,0.0,1.0,0.0,0.0,1.0,0.0,1.0,0.0,0.0,0.0,0.0,1.0,1.0,0.0,2.0,1.0,0.0,0.0,1.0468836572280609,1.0,0.0,0.0,1.0,0.0,0.0,1.0,0.0,0.0
4735-BJKOU,0,0.3106496014024181,-1.4827115340671475,-0.6522738022714577,1.0,0.0,1.0,0.0,1.0,0.0,0.0,1.0,1.0,0.0,0.0,0.0,0.0,1.0,0.0,1.0,0.0,0.0,1.0,0.0,0.0,1.0,0.0,0.0,1.0,0.0,0.0,1.0,0.0,0.0,1.0,0.0,0.0,0.0,1.0,1.0,0.0,0.0,0.0,0.0,1.0,1.0,0.0,1.0,0.0,0.0,1.0,-2.099709123484426,0.0,0.0,1.0,0.0,0.0,1.0,0.0,0.0,1.0
0274-JKUJR,0,-1.0331224013585834,-0.196480655938568,-0.8019025310602276,0.0,1.0,0.0,1.0,0.0,1.0,1.0,0.0,0.0,1.0,0.0,1.0,0.0,0.0,0.0,0.0,1.0,0.0,0.0,1.0,0.0,0.0,1.0,1.0,0.0,0.0,0.0,0.0,1.0,0.0,0.0,1.0,1.0,0.0,0.0,1.0,0.0,0.0,0.0,0.0,1.0,1.0,0.0,6.0,1.0,0.0,0.0,0.776193150013691,1.0,0.0,0.0,1.0,0.0,0.0,1.0,0.0,0.0
5740-YHGTW,0,1.5322605130033284,1.0897502221900113,1.934937730569777,0.0,1.0,0.0,1.0,0.0,1.0,0.0,1.0,0.0,0.0,1.0,0.0,1.0,0.0,0.0,0.0,1.0,0.0,0.0,1.0,1.0,0.0,0.0,1.0,0.0,0.0,0.0,0.0,1.0,1.0,0.0,0.0,1.0,0.0,0.0,0.0,1.0,0.0,1.0,0.0,0.0,1.0,0.0,6.0,0.0,1.0,0.0,1.2627994483635003,0.0,1.0,0.0,0.0,1.0,0.0,0.0,1.0,0.0
8917-SZTTJ,0,1.125056875803025,-1.4993295040688086,-0.4948139959771572,0.0,1.0,0.0,1.0,0.0,1.0,0.0,1.0,1.0,0.0,0.0,0.0,0.0,1.0,0.0,1.0,0.0,0.0,1.0,0.0,0.0,1.0,0.0,0.0,1.0,0.0,0.0,1.0,0.0,0.0,1.0,0.0,0.0,0.0,1.0,1.0,0.0,0.0,1.0,0.0,0.0,1.0,0.0,1.0,0.0,1.0,0.0,-0.4398124278152398,0.0,1.0,0.0,0.0,1.0,0.0,0.0,1.0,0.0
1696-MZVAU,0,0.26992923768238775,-1.3132082400502028,-0.5892281135086235,0.0,1.0,0.0,1.0,0.0,1.0,1.0,0.0,0.0,1.0,0.0,1.0,0.0,0.0,1.0,0.0,0.0,1.0,0.0,0.0,1.0,0.0,0.0,1.0,0.0,0.0,1.0,0.0,0.0,1.0,0.0,0.0,0.0,1.0,0.0,0.0,1.0,0.0,1.0,0.0,0.0,1.0,0.0,1.0,0.0,0.0,1.0,-2.1828984461547614,0.0,0.0,1.0,0.0,0.0,1.0,0.0,0.0,1.0
7359-WWYJV,0,1.6137012404433893,1.651437608246161,2.6876035460309047,0.0,1.0,0.0,1.0,1.0,0.0,0.0,1.0,0.0,0.0,1.0,0.0,1.0,0.0,0.0,0.0,1.0,0.0,0.0,1.0,0.0,0.0,1.0,0.0,0.0,1.0,0.0,0.0,1.0,0.0,0.0,1.0,0.0,0.0,1.0,1.0,0.0,0.0,1.0,0.0,0.0,1.0,0.0,9.0,0.0,1.0,0.0,1.665490165510714,0.0,1.0,0.0,0.0,1.0,0.0,0.0,1.0,0.0
0375-HVGXO,0,-1.2774445836787656,-0.9991286070188055,-0.9920543285184611,1.0,0.0,1.0,0.0,1.0,0.0,1.0,0.0,0.0,1.0,0.0,1.0,0.0,0.0,1.0,0.0,0.0,1.0,0.0,0.0,1.0,0.0,0.0,1.0,0.0,0.0,0.0,0.0,1.0,1.0,0.0,0.0,1.0,0.0,0.0,0.0,1.0,0.0,0.0,1.0,0.0,0.0,1.0,2.0,1.0,0.0,0.0,0.7765928488745539,1.0,0.0,0.0,1.0,0.0,0.0,1.0,0.0,0.0
4906-ZHGPK,0,0.880734693482843,0.19736523310080326,0.6559132098707249,0.0,1.0,0.0,1.0,0.0,1.0,0.0,1.0,0.0,0.0,1.0,1.0,0.0,0.0,1.0,0.0,0.0,0.0,0.0,1.0,1.0,0.0,0.0,0.0,0.0,1.0,0.0,0.0,1.0,1.0,0.0,0.0,0.0,1.0,0.0,0.0,1.0,0.0,0.0,1.0,0.0,1.0,0.0,6.0,0.0,1.0,0.0,0.7447341574304661,0.0,1.0,0.0,0.0,1.0,0.0,0.0,1.0,0.0
8593-WHYHV,0,-1.1960038562387048,0.682609957149311,-0.8905370927988798,0.0,1.0,1.0,0.0,1.0,0.0,0.0,1.0,0.0,0.0,1.0,0.0,1.0,0.0,1.0,0.0,0.0,1.0,0.0,0.0,1.0,0.0,0.0,1.0,0.0,0.0,1.0,0.0,0.0,0.0,0.0,1.0,1.0,0.0,0.0,0.0,1.0,0.0,0.0,1.0,0.0,0.0,1.0,4.0,1.0,0.0,0.0,0.7445938306583033,1.0,0.0,0.0,1.0,0.0,0.0,1.0,0.0,0.0
3795-GWTRD,0,1.247217966963116,0.358559542116917,1.0696808740150503,1.0,0.0,0.0,1.0,0.0,1.0,0.0,1.0,1.0,0.0,0.0,1.0,0.0,0.0,0.0,0.0,1.0,0.0,0.0,1.0,0.0,0.0,1.0,0.0,0.0,1.0,0.0,0.0,1.0,1.0,0.0,0.0,0.0,0.0,1.0,1.0,0.0,0.0,1.0,0.0,0.0,1.0,0.0,7.0,0.0,1.0,0.0,0.8576535155435938,0.0,1.0,0.0,0.0,1.0,0.0,0.0,1.0,0.0
1298-PHBTI,0,1.5729808767233588,0.6659919871476498,1.7069982267257018,0.0,1.0,0.0,1.0,0.0,1.0,0.0,1.0,0.0,0.0,1.0,0.0,1.0,0.0,1.0,0.0,0.0,0.0,0.0,1.0,1.0,0.0,0.0,0.0,0.0,1.0,1.0,0.0,0.0,1.0,0.0,0.0,0.0,0.0,1.0,0.0,1.0,0.0,0.0,1.0,0.0,1.0,0.0,5.0,0.0,1.0,0.0,1.0851996054023947,0.0,1.0,0.0,0.0,1.0,0.0,0.0,1.0,0.0
6223-DHJGV,0,0.3920903288424788,-1.4660935640654862,-0.5846618232448353,1.0,0.0,1.0,0.0,1.0,0.0,0.0,1.0,1.0,0.0,0.0,0.0,0.0,1.0,0.0,1.0,0.0,0.0,1.0,0.0,0.0,1.0,0.0,0.0,1.0,0.0,0.0,1.0,0.0,0.0,1.0,0.0,0.0,1.0,0.0,0.0,1.0,0.0,0.0,0.0,1.0,1.0,0.0,1.0,0.0,0.0,1.0,-1.4911406383596917,0.0,0.0,1.0,0.0,0.0,1.0,0.0,0.0,1.0
6961-MJKBO,0,0.5956921474426305,-1.4727407520661506,-0.5913237539678499,0.0,1.0,1.0,0.0,1.0,0.0,0.0,1.0,1.0,0.0,0.0,0.0,0.0,1.0,0.0,1.0,0.0,0.0,1.0,0.0,0.0,1.0,0.0,0.0,1.0,0.0,0.0,1.0,0.0,0.0,1.0,0.0,0.0,0.0,1.0,1.0,0.0,1.0,0.0,0.0,0.0,1.0,0.0,1.0,0.0,1.0,0.0,-0.9926666928655437,0.0,1.0,0.0,0.0,1.0,0.0,0.0,1.0,0.0
6097-EQISJ,0,1.369379058123207,1.2526063282062914,1.91115772620087,1.0,0.0,0.0,1.0,0.0,1.0,0.0,1.0,0.0,0.0,1.0,0.0,1.0,0.0,1.0,0.0,0.0,0.0,0.0,1.0,0.0,0.0,1.0,1.0,0.0,0.0,0.0,0.0,1.0,0.0,0.0,1.0,0.0,1.0,0.0,0.0,1.0,0.0,1.0,0.0,0.0,0.0,1.0,7.0,0.0,1.0,0.0,1.3956382017556148,0.0,1.0,0.0,0.0,1.0,0.0,0.0,1.0,0.0
4423-YLHDV,0,-0.46303730927815856,1.3174164112127704,-0.036640813470485874,1.0,0.0,0.0,1.0,1.0,0.0,0.0,1.0,0.0,0.0,1.0,0.0,1.0,0.0,0.0,0.0,1.0,1.0,0.0,0.0,0.0,0.0,1.0,1.0,0.0,0.0,0.0,0.0,1.0,0.0,0.0,1.0,1.0,0.0,0.0,0.0,1.0,1.0,0.0,0.0,0.0,0.0,1.0,7.0,0.0,0.0,1.0,0.07913144953180173,0.0,0.0,1.0,0.0,0.0,1.0,0.0,0.0,1.0
8158-WPEZG,0,-0.8702409464784621,-0.9675544640156493,-0.8198147421433002,0.0,1.0,1.0,0.0,1.0,0.0,1.0,0.0,0.0,1.0,0.0,1.0,0.0,0.0,1.0,0.0,0.0,0.0,0.0,1.0,1.0,0.0,0.0,0.0,0.0,1.0,1.0,0.0,0.0,1.0,0.0,0.0,1.0,0.0,0.0,0.0,1.0,0.0,0.0,1.0,0.0,1.0,0.0,3.0,1.0,0.0,0.0,0.9420548934875821,1.0,0.0,0.0,1.0,0.0,0.0,1.0,0.0,0.0
0107-YHINA,0,-1.2774445836787656,1.1628692901973208,-0.9633550839136859,0.0,1.0,1.0,0.0,0.0,1.0,0.0,1.0,0.0,0.0,1.0,0.0,1.0,0.0,1.0,0.0,0.0,1.0,0.0,0.0,0.0,0.0,1.0,1.0,0.0,0.0,0.0,0.0,1.0,0.0,0.0,1.0,1.0,0.0,0.0,0.0,1.0,0.0,0.0,1.0,0.0,0.0,1.0,6.0,1.0,0.0,0.0,0.7541267122049479,1.0,0.0,0.0,1.0,0.0,0.0,1.0,0.0,0.0
4918-FYJNT,1,0.9214550572028734,0.8537750481664219,1.2183389903805995,1.0,0.0,0.0,1.0,1.0,0.0,0.0,1.0,0.0,0.0,1.0,0.0,1.0,0.0,1.0,0.0,0.0,0.0,0.0,1.0,0.0,0.0,1.0,0.0,0.0,1.0,1.0,0.0,0.0,1.0,0.0,0.0,1.0,0.0,0.0,1.0,0.0,0.0,0.0,1.0,0.0,1.0,0.0,6.0,0.0,1.0,0.0,1.3221903562816546,0.0,1.0,0.0,0.0,1.0,0.0,0.0,1.0,0.0
0727-BNRLG,0,1.4915401492832983,1.0930738161903437,1.96780619671975,0.0,1.0,1.0,0.0,1.0,0.0,0.0,1.0,0.0,0.0,1.0,0.0,1.0,0.0,1.0,0.0,0.0,0.0,0.0,1.0,0.0,0.0,1.0,0.0,0.0,1.0,0.0,0.0,1.0,1.0,0.0,0.0,0.0,0.0,1.0,0.0,1.0,0.0,1.0,0.0,0.0,1.0,0.0,7.0,0.0,1.0,0.0,1.3193115838452643,0.0,1.0,0.0,0.0,1.0,0.0,0.0,1.0,0.0
4854-CIDCF,1,-1.1960038562387048,0.3020584441112687,-0.9207143154117409,1.0,0.0,1.0,0.0,1.0,0.0,0.0,1.0,1.0,0.0,0.0,0.0,1.0,0.0,1.0,0.0,0.0,1.0,0.0,0.0,0.0,0.0,1.0,1.0,0.0,0.0,1.0,0.0,0.0,1.0,0.0,0.0,1.0,0.0,0.0,1.0,0.0,0.0,0.0,1.0,0.0,1.0,0.0,3.0,1.0,0.0,0.0,0.769825540786534,1.0,0.0,0.0,1.0,0.0,0.0,1.0,0.0,0.0
8640-SDGKB,0,-1.1552834925186746,0.32033821111309646,-0.8751396502668789,0.0,1.0,1.0,0.0,1.0,0.0,0.0,1.0,1.0,0.0,0.0,1.0,0.0,0.0,1.0,0.0,0.0,1.0,0.0,0.0,0.0,0.0,1.0,0.0,0.0,1.0,0.0,0.0,1.0,0.0,0.0,1.0,1.0,0.0,0.0,0.0,1.0,0.0,0.0,1.0,0.0,0.0,1.0,6.0,1.0,0.0,0.0,0.7575107373506704,1.0,0.0,0.0,1.0,0.0,0.0,1.0,0.0,0.0
3280-MRDOF,1,-0.0965540357978854,0.14418772909548702,-0.08356110038390374,0.0,1.0,1.0,0.0,1.0,0.0,0.0,1.0,0.0,0.0,1.0,1.0,0.0,0.0,1.0,0.0,0.0,1.0,0.0,0.0,0.0,0.0,1.0,0.0,0.0,1.0,0.0,0.0,1.0,1.0,0.0,0.0,0.0,0.0,1.0,0.0,1.0,0.0,1.0,0.0,0.0,1.0,0.0,6.0,0.0,0.0,1.0,0.8654335335999884,0.0,0.0,1.0,0.0,0.0,1.0,0.0,0.0,1.0
6435-SRWBJ,0,-1.1145631287986442,0.5978583101408388,-0.8230574700117874,1.0,0.0,1.0,0.0,1.0,0.0,0.0,1.0,0.0,0.0,1.0,0.0,1.0,0.0,1.0,0.0,0.0,1.0,0.0,0.0,0.0,0.0,1.0,0.0,0.0,1.0,1.0,0.0,0.0,1.0,0.0,0.0,1.0,0.0,0.0,0.0,1.0,0.0,0.0,1.0,0.0,1.0,0.0,5.0,1.0,0.0,0.0,0.7384574715825541,1.0,0.0,0.0,1.0,0.0,0.0,1.0,0.0,0.0
9964-WBQDJ,0,1.5729808767233588,-1.341458789053027,-0.24613868127336777,1.0,0.0,0.0,1.0,1.0,0.0,0.0,1.0,0.0,0.0,1.0,0.0,0.0,1.0,0.0,1.0,0.0,0.0,1.0,0.0,0.0,1.0,0.0,0.0,1.0,0.0,0.0,1.0,0.0,0.0,1.0,0.0,0.0,0.0,1.0,0.0,1.0,0.0,1.0,0.0,0.0,1.0,0.0,2.0,0.0,1.0,0.0,-0.1564791313840342,0.0,1.0,0.0,0.0,1.0,0.0,0.0,1.0,0.0
6303-KFWSL,0,-0.13727439951791576,-0.3161300399505289,-0.29255160260192037,1.0,0.0,1.0,0.0,1.0,0.0,0.0,1.0,0.0,0.0,1.0,1.0,0.0,0.0,1.0,0.0,0.0,0.0,0.0,1.0,1.0,0.0,0.0,1.0,0.0,0.0,1.0,0.0,0.0,1.0,0.0,0.0,0.0,1.0,0.0,0.0,1.0,0.0,0.0,1.0,0.0,1.0,0.0,4.0,0.0,0.0,1.0,2.1311446535502006,0.0,0.0,1.0,0.0,0.0,1.0,0.0,0.0,1.0
1702-CCFNJ,0,0.7992939660427822,-0.11339080593026184,0.3910021964512441,0.0,1.0,0.0,1.0,1.0,0.0,0.0,1.0,0.0,0.0,1.0,1.0,0.0,0.0,1.0,0.0,0.0,0.0,0.0,1.0,1.0,0.0,0.0,0.0,0.0,1.0,1.0,0.0,0.0,1.0,0.0,0.0,1.0,0.0,0.0,1.0,0.0,1.0,0.0,0.0,0.0,1.0,0.0,5.0,0.0,1.0,0.0,0.48918447162444323,0.0,1.0,0.0,0.0,1.0,0.0,0.0,1.0,0.0
8932-CZHRQ,0,1.4508197855632678,0.39844267012090406,1.3014807681787526,0.0,1.0,1.0,0.0,1.0,0.0,0.0,1.0,0.0,0.0,1.0,1.0,0.0,0.0,0.0,0.0,1.0,0.0,0.0,1.0,0.0,0.0,1.0,1.0,0.0,0.0,1.0,0.0,0.0,0.0,0.0,1.0,0.0,1.0,0.0,1.0,0.0,0.0,1.0,0.0,0.0,1.0,0.0,7.0,0.0,1.0,0.0,0.8970657700766497,0.0,1.0,0.0,0.0,1.0,0.0,0.0,1.0,0.0
0386-CWRGM,0,0.5549717837226001,-1.5076384890696393,-0.5803602454601072,1.0,0.0,0.0,1.0,0.0,1.0,0.0,1.0,1.0,0.0,0.0,0.0,0.0,1.0,0.0,1.0,0.0,0.0,1.0,0.0,0.0,1.0,0.0,0.0,1.0,0.0,0.0,1.0,0.0,0.0,1.0,0.0,0.0,0.0,1.0,1.0,0.0,0.0,0.0,0.0,1.0,1.0,0.0,1.0,0.0,1.0,0.0,-1.045747301902825,0.0,1.0,0.0,0.0,1.0,0.0,0.0,1.0,0.0
5515-RUGKN,0,-0.9924020376385531,-0.3327480099521901,-0.8141013644702512,0.0,1.0,1.0,0.0,1.0,0.0,0.0,1.0,1.0,0.0,0.0,1.0,0.0,0.0,1.0,0.0,0.0,1.0,0.0,0.0,1.0,0.0,0.0,1.0,0.0,0.0,1.0,0.0,0.0,0.0,0.0,1.0,1.0,0.0,0.0,0.0,1.0,0.0,1.0,0.0,0.0,1.0,0.0,3.0,1.0,0.0,0.0,0.8203342330971296,1.0,0.0,0.0,1.0,0.0,0.0,1.0,0.0,0.0
0404-AHASP,0,1.6137012404433893,-1.4976677070686424,-0.38003907693131167,0.0,1.0,0.0,1.0,1.0,0.0,0.0,1.0,1.0,0.0,0.0,0.0,0.0,1.0,0.0,1.0,0.0,0.0,1.0,0.0,0.0,1.0,0.0,0.0,1.0,0.0,0.0,1.0,0.0,0.0,1.0,0.0,0.0,0.0,1.0,1.0,0.0,0.0,1.0,0.0,0.0,1.0,0.0,1.0,0.0,1.0,0.0,-0.23550770576769842,0.0,1.0,0.0,0.0,1.0,0.0,0.0,1.0,0.0
7279-NMVJC,0,-0.62591876415828,-1.491020519067978,-0.8647938042102766,1.0,0.0,1.0,0.0,1.0,0.0,0.0,1.0,1.0,0.0,0.0,0.0,0.0,1.0,0.0,1.0,0.0,0.0,1.0,0.0,0.0,1.0,0.0,0.0,1.0,0.0,0.0,1.0,0.0,0.0,1.0,0.0,0.0,1.0,0.0,1.0,0.0,1.0,0.0,0.0,0.0,1.0,0.0,1.0,1.0,0.0,0.0,1.3816390460401518,1.0,0.0,0.0,1.0,0.0,0.0,1.0,0.0,0.0
2081-VEYEH,0,-1.1960038562387048,1.435403998224565,-0.8668012071764831,0.0,1.0,1.0,0.0,1.0,0.0,0.0,1.0,1.0,0.0,0.0,0.0,1.0,0.0,1.0,0.0,0.0,0.0,0.0,1.0,0.0,0.0,1.0,0.0,0.0,1.0,0.0,0.0,1.0,0.0,0.0,1.0,1.0,0.0,0.0,0.0,1.0,0.0,0.0,1.0,0.0,1.0,0.0,7.0,1.0,0.0,0.0,0.7247478364346364,1.0,0.0,0.0,1.0,0.0,0.0,1.0,0.0,0.0
6407-UTSLV,1,-1.2367242199587352,0.6327560471443273,-0.9351411455205211,1.0,0.0,1.0,0.0,1.0,0.0,0.0,1.0,1.0,0.0,0.0,0.0,1.0,0.0,1.0,0.0,0.0,0.0,0.0,1.0,1.0,0.0,0.0,1.0,0.0,0.0,0.0,0.0,1.0,1.0,0.0,0.0,1.0,0.0,0.0,0.0,1.0,1.0,0.0,0.0,0.0,1.0,0.0,4.0,1.0,0.0,0.0,0.7561436336645232,1.0,0.0,0.0,1.0,0.0,0.0,1.0,0.0,0.0
4116-TZAQJ,0,-0.9516816739185228,0.3153528201125979,-0.7251579715060288,1.0,0.0,1.0,0.0,1.0,0.0,0.0,1.0,1.0,0.0,0.0,0.0,1.0,0.0,0.0,0.0,1.0,1.0,0.0,0.0,1.0,0.0,0.0,1.0,0.0,0.0,1.0,0.0,0.0,1.0,0.0,0.0,1.0,0.0,0.0,0.0,1.0,0.0,1.0,0.0,0.0,0.0,1.0,3.0,1.0,0.0,0.0,0.7619753446761364,1.0,0.0,0.0,1.0,0.0,0.0,1.0,0.0,0.0
9060-HJJRW,0,0.758573602322752,-0.2779087089467081,0.2846539579888145,1.0,0.0,1.0,0.0,1.0,0.0,1.0,0.0,0.0,1.0,0.0,1.0,0.0,0.0,1.0,0.0,0.0,0.0,0.0,1.0,0.0,0.0,1.0,1.0,0.0,0.0,0.0,0.0,1.0,0.0,0.0,1.0,0.0,1.0,0.0,0.0,1.0,0.0,1.0,0.0,0.0,1.0,0.0,5.0,0.0,1.0,0.0,0.37524896347197456,0.0,1.0,0.0,0.0,1.0,0.0,0.0,1.0,0.0
2587-YNLES,0,-1.0738427650786138,-1.4843733310673135,-0.9630903714346257,1.0,0.0,0.0,1.0,0.0,1.0,0.0,1.0,1.0,0.0,0.0,0.0,0.0,1.0,0.0,1.0,0.0,0.0,1.0,0.0,0.0,1.0,0.0,0.0,1.0,0.0,0.0,1.0,0.0,0.0,1.0,0.0,0.0,0.0,1.0,1.0,0.0,0.0,0.0,0.0,1.0,1.0,0.0,1.0,1.0,0.0,0.0,0.8968634913362944,1.0,0.0,0.0,1.0,0.0,0.0,1.0,0.0,0.0
7398-SKNQZ,0,-1.1960038562387048,1.001674981181207,-0.8868311180920372,1.0,0.0,0.0,1.0,1.0,0.0,0.0,1.0,0.0,0.0,1.0,0.0,1.0,0.0,1.0,0.0,0.0,1.0,0.0,0.0,1.0,0.0,0.0,1.0,0.0,0.0,0.0,0.0,1.0,0.0,0.0,1.0,1.0,0.0,0.0,1.0,0.0,0.0,0.0,1.0,0.0,1.0,0.0,5.0,1.0,0.0,0.0,0.741495199589924,1.0,0.0,0.0,1.0,0.0,0.0,1.0,0.0,0.0
5935-FCCNB,1,-0.62591876415828,0.9784098231788811,-0.29786791155637904,1.0,0.0,1.0,0.0,1.0,0.0,0.0,1.0,0.0,0.0,1.0,0.0,1.0,0.0,1.0,0.0,0.0,1.0,0.0,0.0,1.0,0.0,0.0,1.0,0.0,0.0,0.0,0.0,1.0,0.0,0.0,1.0,1.0,0.0,0.0,0.0,1.0,0.0,0.0,1.0,0.0,1.0,0.0,5.0,1.0,0.0,0.0,0.47588909074637575,1.0,0.0,0.0,1.0,0.0,0.0,1.0,0.0,0.0
1958-RNRKS,0,-0.0965540357978854,-0.49394231896830415,-0.3711932682560505,0.0,1.0,0.0,1.0,1.0,0.0,0.0,1.0,0.0,0.0,1.0,1.0,0.0,0.0,1.0,0.0,0.0,1.0,0.0,0.0,1.0,0.0,0.0,1.0,0.0,0.0,1.0,0.0,0.0,1.0,0.0,0.0,1.0,0.0,0.0,1.0,0.0,0.0,0.0,1.0,0.0,1.0,0.0,3.0,0.0,0.0,1.0,3.8444096633419007,0.0,0.0,1.0,0.0,0.0,1.0,0.0,0.0,1.0
5136-RGMZO,0,-0.055833672077855064,0.2089978121019659,-0.05080293110020577,0.0,1.0,1.0,0.0,1.0,0.0,0.0,1.0,0.0,0.0,1.0,1.0,0.0,0.0,1.0,0.0,0.0,0.0,0.0,1.0,1.0,0.0,0.0,0.0,0.0,1.0,0.0,0.0,1.0,1.0,0.0,0.0,1.0,0.0,0.0,0.0,1.0,0.0,0.0,1.0,0.0,1.0,0.0,6.0,0.0,0.0,1.0,0.9098977231761799,0.0,0.0,1.0,0.0,0.0,1.0,0.0,0.0,1.0
8345-MVDYC,0,0.5142514200025698,0.5612987761371843,0.589161546401048,1.0,0.0,1.0,0.0,1.0,0.0,0.0,1.0,1.0,0.0,0.0,1.0,0.0,0.0,0.0,0.0,1.0,1.0,0.0,0.0,0.0,0.0,1.0,0.0,0.0,1.0,0.0,0.0,1.0,0.0,0.0,1.0,0.0,0.0,1.0,1.0,0.0,1.0,0.0,0.0,0.0,1.0,0.0,7.0,0.0,1.0,0.0,1.145668292754746,0.0,1.0,0.0,0.0,1.0,0.0,0.0,1.0,0.0
8226-BXGES,0,1.2879383306831464,0.8205391081630994,1.5041622896458346,0.0,1.0,0.0,1.0,1.0,0.0,0.0,1.0,0.0,0.0,1.0,0.0,1.0,0.0,0.0,0.0,1.0,0.0,0.0,1.0,0.0,0.0,1.0,1.0,0.0,0.0,1.0,0.0,0.0,1.0,0.0,0.0,0.0,1.0,0.0,1.0,0.0,1.0,0.0,0.0,0.0,1.0,0.0,6.0,0.0,1.0,0.0,1.1678837827957174,0.0,1.0,0.0,0.0,1.0,0.0,0.0,1.0,0.0
3877-JRJIP,0,-1.2774445836787656,-0.16324471593524553,-0.9809584637711882,0.0,1.0,1.0,0.0,1.0,0.0,0.0,1.0,0.0,0.0,1.0,1.0,0.0,0.0,1.0,0.0,0.0,1.0,0.0,0.0,1.0,0.0,0.0,1.0,0.0,0.0,0.0,0.0,1.0,1.0,0.0,0.0,1.0,0.0,0.0,0.0,1.0,0.0,0.0,1.0,0.0,0.0,1.0,4.0,1.0,0.0,0.0,0.7679068636748523,1.0,0.0,0.0,1.0,0.0,0.0,1.0,0.0,0.0
8375-DKEBR,1,-1.2774445836787656,0.16080569909714826,-0.9766568859864602,1.0,0.0,1.0,0.0,1.0,0.0,0.0,1.0,1.0,0.0,0.0,0.0,1.0,0.0,1.0,0.0,0.0,1.0,0.0,0.0,1.0,0.0,0.0,1.0,0.0,0.0,1.0,0.0,0.0,1.0,0.0,0.0,1.0,0.0,0.0,0.0,1.0,0.0,0.0,1.0,0.0,0.0,1.0,2.0,1.0,0.0,0.0,0.764539533428447,1.0,0.0,0.0,1.0,0.0,0.0,1.0,0.0,0.0
9705-IOVQQ,1,1.1657772395230555,1.1379423351948288,1.6262168018658354,0.0,1.0,0.0,1.0,0.0,1.0,0.0,1.0,0.0,0.0,1.0,0.0,1.0,0.0,1.0,0.0,0.0,0.0,0.0,1.0,1.0,0.0,0.0,1.0,0.0,0.0,0.0,0.0,1.0,0.0,0.0,1.0,0.0,1.0,0.0,1.0,0.0,0.0,0.0,1.0,0.0,1.0,0.0,6.0,0.0,1.0,0.0,1.3949635888681062,0.0,1.0,0.0,0.0,1.0,0.0,0.0,1.0,0.0
1015-OWJKI,0,-1.2774445836787656,-1.5192710680708021,-0.9989589123472807,0.0,1.0,1.0,0.0,1.0,0.0,0.0,1.0,1.0,0.0,0.0,0.0,0.0,1.0,0.0,1.0,0.0,0.0,1.0,0.0,0.0,1.0,0.0,0.0,1.0,0.0,0.0,1.0,0.0,0.0,1.0,0.0,1.0,0.0,0.0,1.0,0.0,0.0,0.0,0.0,1.0,1.0,0.0,1.0,1.0,0.0,0.0,0.7819978456290401,1.0,0.0,0.0,1.0,0.0,0.0,1.0,0.0,0.0
7511-YMXVQ,0,-0.9516816739185228,-0.6435040489832552,-0.8225942231734321,0.0,1.0,1.0,0.0,1.0,0.0,1.0,0.0,0.0,1.0,0.0,1.0,0.0,0.0,1.0,0.0,0.0,1.0,0.0,0.0,1.0,0.0,0.0,1.0,0.0,0.0,0.0,0.0,1.0,0.0,0.0,1.0,1.0,0.0,0.0,0.0,1.0,0.0,0.0,1.0,0.0,0.0,1.0,3.0,1.0,0.0,0.0,0.8643585830400866,1.0,0.0,0.0,1.0,0.0,0.0,1.0,0.0,0.0
2040-XBAVJ,0,1.6137012404433893,1.651437608246161,2.56649758686087,0.0,1.0,0.0,1.0,0.0,1.0,0.0,1.0,0.0,0.0,1.0,0.0,1.0,0.0,0.0,0.0,1.0,0.0,0.0,1.0,0.0,0.0,1.0,0.0,0.0,1.0,0.0,0.0,1.0,0.0,0.0,1.0,0.0,0.0,1.0,1.0,0.0,1.0,0.0,0.0,0.0,1.0,0.0,9.0,0.0,1.0,0.0,1.5904416025333694,0.0,1.0,0.0,0.0,1.0,0.0,0.0,1.0,0.0
7551-JOHTI,0,-1.2774445836787656,-1.504314895069307,-0.9987603779879857,1.0,0.0,1.0,0.0,1.0,0.0,0.0,1.0,1.0,0.0,0.0,0.0,0.0,1.0,0.0,1.0,0.0,0.0,1.0,0.0,0.0,1.0,0.0,0.0,1.0,0.0,0.0,1.0,0.0,0.0,1.0,0.0,1.0,0.0,0.0,1.0,0.0,0.0,0.0,0.0,1.0,0.0,1.0,1.0,1.0,0.0,0.0,0.7818424303868984,1.0,0.0,0.0,1.0,0.0,0.0,1.0,0.0,0.0
8887-IPQNC,0,-1.0331224013585834,-0.681725379987076,-0.8690733226217497,1.0,0.0,0.0,1.0,1.0,0.0,0.0,1.0,1.0,0.0,0.0,1.0,0.0,0.0,1.0,0.0,0.0,1.0,0.0,0.0,1.0,0.0,0.0,1.0,0.0,0.0,1.0,0.0,0.0,1.0,0.0,0.0,1.0,0.0,0.0,0.0,1.0,0.0,0.0,0.0,1.0,1.0,0.0,2.0,1.0,0.0,0.0,0.841210413673051,1.0,0.0,0.0,1.0,0.0,0.0,1.0,0.0,0.0
8646-JCOMS,0,1.369379058123207,0.8570986421667539,1.6975347555993003,1.0,0.0,0.0,1.0,1.0,0.0,0.0,1.0,0.0,0.0,1.0,0.0,1.0,0.0,1.0,0.0,0.0,0.0,0.0,1.0,0.0,0.0,1.0,0.0,0.0,1.0,1.0,0.0,0.0,1.0,0.0,0.0,0.0,1.0,0.0,0.0,1.0,1.0,0.0,0.0,0.0,1.0,0.0,6.0,0.0,1.0,0.0,1.2396383203974544,0.0,1.0,0.0,0.0,1.0,0.0,0.0,1.0,0.0
9804-ICWBG,0,-1.2774445836787656,0.17077648109814536,-0.97652452974693,0.0,1.0,1.0,0.0,1.0,0.0,0.0,1.0,1.0,0.0,0.0,0.0,1.0,0.0,1.0,0.0,0.0,1.0,0.0,0.0,1.0,0.0,0.0,1.0,0.0,0.0,1.0,0.0,0.0,1.0,0.0,0.0,1.0,0.0,0.0,0.0,1.0,0.0,0.0,1.0,0.0,0.0,1.0,2.0,1.0,0.0,0.0,0.7644359232670191,1.0,0.0,0.0,1.0,0.0,0.0,1.0,0.0,0.0
1222-KJNZD,0,0.3106496014024181,-1.4744025490663168,-0.6785465158181812,0.0,1.0,0.0,1.0,0.0,1.0,0.0,1.0,1.0,0.0,0.0,0.0,0.0,1.0,0.0,1.0,0.0,0.0,1.0,0.0,0.0,1.0,0.0,0.0,1.0,0.0,0.0,1.0,0.0,0.0,1.0,0.0,1.0,0.0,0.0,0.0,1.0,1.0,0.0,0.0,0.0,1.0,0.0,1.0,0.0,0.0,1.0,-2.1842825896280043,0.0,0.0,1.0,0.0,0.0,1.0,0.0,0.0,1.0
0106-GHRQR,0,-0.6666391278783103,0.22063039110312907,-0.4726002071093567,0.0,1.0,1.0,0.0,1.0,0.0,0.0,1.0,0.0,0.0,1.0,1.0,0.0,0.0,1.0,0.0,0.0,0.0,0.0,1.0,0.0,0.0,1.0,1.0,0.0,0.0,1.0,0.0,0.0,0.0,0.0,1.0,1.0,0.0,0.0,0.0,1.0,1.0,0.0,0.0,0.0,1.0,0.0,6.0,1.0,0.0,0.0,0.7089295952571602,1.0,0.0,0.0,1.0,0.0,0.0,1.0,0.0,0.0
5318-IXUZF,0,-1.2367242199587352,0.7440964461554579,-0.9262953368452599,1.0,0.0,1.0,0.0,1.0,0.0,0.0,1.0,1.0,0.0,0.0,0.0,1.0,0.0,1.0,0.0,0.0,0.0,0.0,1.0,1.0,0.0,0.0,1.0,0.0,0.0,0.0,0.0,1.0,1.0,0.0,0.0,1.0,0.0,0.0,0.0,1.0,1.0,0.0,0.0,0.0,0.0,1.0,4.0,1.0,0.0,0.0,0.748991021519872,1.0,0.0,0.0,1.0,0.0,0.0,1.0,0.0,0.0
3768-VHXQO,0,1.4100994218432374,-1.3265026160515319,-0.3087431825711017,0.0,1.0,0.0,1.0,1.0,0.0,0.0,1.0,0.0,0.0,1.0,0.0,0.0,1.0,0.0,1.0,0.0,0.0,1.0,0.0,0.0,1.0,0.0,0.0,1.0,0.0,0.0,1.0,0.0,0.0,1.0,0.0,0.0,0.0,1.0,1.0,0.0,0.0,1.0,0.0,0.0,1.0,0.0,2.0,0.0,1.0,0.0,-0.21895135746352012,0.0,1.0,0.0,0.0,1.0,0.0,0.0,1.0,0.0
8952-WCVCD,0,0.35136996512244845,1.3190782082129364,0.8288807555633012,1.0,0.0,0.0,1.0,1.0,0.0,0.0,1.0,1.0,0.0,0.0,0.0,1.0,0.0,0.0,0.0,1.0,0.0,0.0,1.0,0.0,0.0,1.0,1.0,0.0,0.0,0.0,0.0,1.0,0.0,0.0,1.0,0.0,1.0,0.0,0.0,1.0,1.0,0.0,0.0,0.0,1.0,0.0,7.0,0.0,0.0,1.0,2.358997176308014,0.0,0.0,1.0,0.0,0.0,1.0,0.0,0.0,1.0
2418-TPEUN,0,0.9621754209229036,-1.4943441130683104,-0.5132776913916052,1.0,0.0,0.0,1.0,0.0,1.0,0.0,1.0,1.0,0.0,0.0,0.0,0.0,1.0,0.0,1.0,0.0,0.0,1.0,0.0,0.0,1.0,0.0,0.0,1.0,0.0,0.0,1.0,0.0,0.0,1.0,0.0,0.0,0.0,1.0,0.0,1.0,0.0,1.0,0.0,0.0,1.0,0.0,1.0,0.0,1.0,0.0,-0.5334554180351824,0.0,1.0,0.0,0.0,1.0,0.0,0.0,1.0,0.0
3963-RYFNS,0,1.6137012404433893,1.7179094882528059,2.528114277397143,1.0,0.0,1.0,0.0,1.0,0.0,0.0,1.0,0.0,0.0,1.0,0.0,1.0,0.0,0.0,0.0,1.0,0.0,0.0,1.0,0.0,0.0,1.0,0.0,0.0,1.0,0.0,0.0,1.0,0.0,0.0,1.0,0.0,0.0,1.0,0.0,1.0,1.0,0.0,0.0,0.0,1.0,0.0,9.0,0.0,1.0,0.0,1.5666557191853585,0.0,1.0,0.0,0.0,1.0,0.0,0.0,1.0,0.0
3198-VELRD,0,-1.1960038562387048,0.6643301901474837,-0.8905150334256248,1.0,0.0,0.0,1.0,0.0,1.0,0.0,1.0,0.0,0.0,1.0,0.0,1.0,0.0,1.0,0.0,0.0,1.0,0.0,0.0,1.0,0.0,0.0,1.0,0.0,0.0,1.0,0.0,0.0,0.0,0.0,1.0,1.0,0.0,0.0,0.0,1.0,1.0,0.0,0.0,0.0,0.0,1.0,4.0,1.0,0.0,0.0,0.7445753864257534,1.0,0.0,0.0,1.0,0.0,0.0,1.0,0.0,0.0
8540-ZQGEA,0,0.880734693482843,-1.4860351280674797,-0.5209984720308606,1.0,0.0,0.0,1.0,1.0,0.0,0.0,1.0,1.0,0.0,0.0,0.0,0.0,1.0,0.0,1.0,0.0,0.0,1.0,0.0,0.0,1.0,0.0,0.0,1.0,0.0,0.0,1.0,0.0,0.0,1.0,0.0,0.0,0.0,1.0,1.0,0.0,0.0,1.0,0.0,0.0,1.0,0.0,1.0,0.0,1.0,0.0,-0.5915498456982379,0.0,1.0,0.0,0.0,1.0,0.0,0.0,1.0,0.0
1320-REHCS,1,0.7992939660427822,1.5284646302338678,1.565641762907563,0.0,1.0,1.0,0.0,1.0,0.0,0.0,1.0,0.0,0.0,1.0,0.0,1.0,0.0,1.0,0.0,0.0,0.0,0.0,1.0,0.0,0.0,1.0,0.0,0.0,1.0,0.0,0.0,1.0,0.0,0.0,1.0,1.0,0.0,0.0,0.0,1.0,0.0,0.0,1.0,0.0,1.0,0.0,8.0,0.0,1.0,0.0,1.9587809109317884,0.0,1.0,0.0,0.0,1.0,0.0,0.0,1.0,0.0
4137-JOPHL,0,0.7178532386027215,0.82884809316393,0.8917279099668403,1.0,0.0,1.0,0.0,1.0,0.0,0.0,1.0,1.0,0.0,0.0,0.0,1.0,0.0,1.0,0.0,0.0,1.0,0.0,0.0,0.0,0.0,1.0,0.0,0.0,1.0,1.0,0.0,0.0,0.0,0.0,1.0,0.0,0.0,1.0,0.0,1.0,1.0,0.0,0.0,0.0,1.0,0.0,5.0,0.0,1.0,0.0,1.2422147898957177,0.0,1.0,0.0,0.0,1.0,0.0,0.0,1.0,0.0
9436-ZBZCT,0,-0.748079855318371,0.8371570781647607,-0.48746822468323703,0.0,1.0,1.0,0.0,1.0,0.0,0.0,1.0,0.0,0.0,1.0,0.0,1.0,0.0,1.0,0.0,0.0,1.0,0.0,0.0,1.0,0.0,0.0,0.0,0.0,1.0,0.0,0.0,1.0,1.0,0.0,0.0,1.0,0.0,0.0,0.0,1.0,0.0,0.0,1.0,0.0,0.0,1.0,5.0,1.0,0.0,0.0,0.6516259209730735,1.0,0.0,0.0,1.0,0.0,0.0,1.0,0.0,0.0
7801-CEDNV,0,-0.21871512695797646,-0.533825446972291,-0.3801052550510768,0.0,1.0,0.0,1.0,1.0,0.0,0.0,1.0,1.0,0.0,0.0,1.0,0.0,0.0,0.0,0.0,1.0,1.0,0.0,0.0,1.0,0.0,0.0,1.0,0.0,0.0,1.0,0.0,0.0,1.0,0.0,0.0,0.0,1.0,0.0,1.0,0.0,0.0,1.0,0.0,0.0,1.0,0.0,3.0,0.0,0.0,1.0,1.7379010786213682,0.0,0.0,1.0,0.0,0.0,1.0,0.0,0.0,1.0
2057-BOYKM,1,1.6137012404433893,1.0581760791868549,2.004843884414921,1.0,0.0,0.0,1.0,1.0,0.0,0.0,1.0,0.0,0.0,1.0,0.0,1.0,0.0,0.0,0.0,1.0,0.0,0.0,1.0,0.0,0.0,1.0,0.0,0.0,1.0,1.0,0.0,0.0,1.0,0.0,0.0,0.0,0.0,1.0,0.0,1.0,1.0,0.0,0.0,0.0,1.0,0.0,7.0,0.0,1.0,0.0,1.2423885129220444,0.0,1.0,0.0,0.0,1.0,0.0,0.0,1.0,0.0
3658-QQJYD,0,1.2064976032430856,0.3170146171127639,1.0653572368570672,0.0,1.0,1.0,0.0,1.0,0.0,0.0,1.0,1.0,0.0,0.0,1.0,0.0,0.0,0.0,0.0,1.0,0.0,0.0,1.0,1.0,0.0,0.0,1.0,0.0,0.0,0.0,0.0,1.0,0.0,0.0,1.0,0.0,1.0,0.0,0.0,1.0,0.0,1.0,0.0,0.0,1.0,0.0,6.0,0.0,1.0,0.0,0.8830164552282319,0.0,1.0,0.0,0.0,1.0,0.0,0.0,1.0,0.0
1803-BGNBD,0,-0.8295205827584317,-0.3477041829536853,-0.7186063376492892,1.0,0.0,1.0,0.0,1.0,0.0,0.0,1.0,1.0,0.0,0.0,1.0,0.0,0.0,1.0,0.0,0.0,0.0,0.0,1.0,1.0,0.0,0.0,0.0,0.0,1.0,1.0,0.0,0.0,1.0,0.0,0.0,1.0,0.0,0.0,0.0,1.0,0.0,0.0,1.0,0.0,1.0,0.0,4.0,1.0,0.0,0.0,0.866291147664696,1.0,0.0,0.0,1.0,0.0,0.0,1.0,0.0,0.0
0134-XWXCE,1,0.47353105628253944,0.33529438411459117,0.4344591617636246,1.0,0.0,1.0,0.0,1.0,0.0,0.0,1.0,1.0,0.0,0.0,1.0,0.0,0.0,1.0,0.0,0.0,1.0,0.0,0.0,0.0,0.0,1.0,0.0,0.0,1.0,0.0,0.0,1.0,0.0,0.0,1.0,0.0,1.0,0.0,1.0,0.0,1.0,0.0,0.0,0.0,1.0,0.0,6.0,0.0,0.0,1.0,0.9174882111732033,0.0,0.0,1.0,0.0,0.0,1.0,0.0,0.0,1.0
6950-TWMYB,0,0.880734693482843,0.5047976781315361,0.9171182485833631,0.0,1.0,0.0,1.0,0.0,1.0,0.0,1.0,1.0,0.0,0.0,0.0,1.0,0.0,1.0,0.0,0.0,0.0,0.0,1.0,1.0,0.0,0.0,0.0,0.0,1.0,1.0,0.0,0.0,1.0,0.0,0.0,0.0,0.0,1.0,0.0,1.0,1.0,0.0,0.0,0.0,1.0,0.0,4.0,0.0,1.0,0.0,1.0413104597442873,0.0,1.0,0.0,0.0,1.0,0.0,0.0,1.0,0.0
5848-FHRFC,0,1.4508197855632678,-1.4860351280674797,-0.3954806382098225,1.0,0.0,1.0,0.0,1.0,0.0,0.0,1.0,1.0,0.0,0.0,0.0,0.0,1.0,0.0,1.0,0.0,0.0,1.0,0.0,0.0,1.0,0.0,0.0,1.0,0.0,0.0,1.0,0.0,0.0,1.0,0.0,0.0,0.0,1.0,1.0,0.0,1.0,0.0,0.0,0.0,1.0,0.0,1.0,0.0,1.0,0.0,-0.2725911530468139,0.0,1.0,0.0,0.0,1.0,0.0,0.0,1.0,0.0
2243-FNMMI,0,-0.5037576729981889,-1.5076384890696393,-0.8240942605547731,0.0,1.0,1.0,0.0,1.0,0.0,0.0,1.0,1.0,0.0,0.0,0.0,0.0,1.0,0.0,1.0,0.0,0.0,1.0,0.0,0.0,1.0,0.0,0.0,1.0,0.0,0.0,1.0,0.0,0.0,1.0,0.0,1.0,0.0,0.0,1.0,0.0,0.0,0.0,0.0,1.0,1.0,0.0,1.0,1.0,0.0,0.0,1.63589421010712,1.0,0.0,0.0,1.0,0.0,0.0,1.0,0.0,0.0
2511-MORQY,0,0.7178532386027215,-0.32776261895169184,0.14594461896127714,0.0,1.0,0.0,1.0,0.0,1.0,0.0,1.0,0.0,0.0,1.0,1.0,0.0,0.0,1.0,0.0,0.0,1.0,0.0,0.0,0.0,0.0,1.0,1.0,0.0,0.0,1.0,0.0,0.0,1.0,0.0,0.0,0.0,1.0,0.0,1.0,0.0,1.0,0.0,0.0,0.0,1.0,0.0,4.0,0.0,1.0,0.0,0.20330704260017507,0.0,1.0,0.0,0.0,1.0,0.0,0.0,1.0,0.0
5356-KZCKT,0,1.0436161483629645,-1.3397969920528607,-0.33958218638161336,0.0,1.0,1.0,0.0,1.0,0.0,0.0,1.0,0.0,0.0,1.0,0.0,0.0,1.0,0.0,1.0,0.0,0.0,1.0,0.0,0.0,1.0,0.0,0.0,1.0,0.0,0.0,1.0,0.0,0.0,1.0,0.0,0.0,0.0,1.0,0.0,1.0,0.0,1.0,0.0,0.0,1.0,0.0,2.0,0.0,1.0,0.0,-0.3253899308805141,0.0,1.0,0.0,0.0,1.0,0.0,0.0,1.0,0.0
9470-XCCEM,0,0.10704778280226633,0.827186296163764,0.38749475610369655,0.0,1.0,0.0,1.0,0.0,1.0,0.0,1.0,0.0,0.0,1.0,0.0,1.0,0.0,1.0,0.0,0.0,0.0,0.0,1.0,1.0,0.0,0.0,1.0,0.0,0.0,0.0,0.0,1.0,1.0,0.0,0.0,1.0,0.0,0.0,0.0,1.0,1.0,0.0,0.0,0.0,1.0,0.0,5.0,0.0,0.0,1.0,3.6198298176755213,0.0,0.0,1.0,0.0,0.0,1.0,0.0,0.0,1.0
6519-CFDBX,0,-1.2367242199587352,-0.6435040489832552,-0.9716494082575717,1.0,0.0,1.0,0.0,1.0,0.0,0.0,1.0,1.0,0.0,0.0,1.0,0.0,0.0,1.0,0.0,0.0,1.0,0.0,0.0,1.0,0.0,0.0,1.0,0.0,0.0,1.0,0.0,0.0,1.0,0.0,0.0,1.0,0.0,0.0,0.0,1.0,0.0,0.0,1.0,0.0,1.0,0.0,2.0,1.0,0.0,0.0,0.7856637660819742,1.0,0.0,0.0,1.0,0.0,0.0,1.0,0.0,0.0
3902-MIVLE,0,1.247217966963116,0.36354493311741554,1.0559378844771754,0.0,1.0,0.0,1.0,0.0,1.0,0.0,1.0,0.0,0.0,1.0,1.0,0.0,0.0,0.0,0.0,1.0,1.0,0.0,0.0,0.0,0.0,1.0,0.0,0.0,1.0,1.0,0.0,0.0,0.0,0.0,1.0,0.0,0.0,1.0,1.0,0.0,0.0,0.0,0.0,1.0,1.0,0.0,7.0,0.0,1.0,0.0,0.8466345999234652,0.0,1.0,0.0,0.0,1.0,0.0,0.0,1.0,0.0
0409-WTMPL,0,1.0436161483629645,1.5251410362335358,1.8721126355394926,1.0,0.0,0.0,1.0,1.0,0.0,0.0,1.0,0.0,0.0,1.0,0.0,1.0,0.0,0.0,0.0,1.0,0.0,0.0,1.0,0.0,0.0,1.0,1.0,0.0,0.0,0.0,0.0,1.0,0.0,0.0,1.0,0.0,1.0,0.0,0.0,1.0,0.0,1.0,0.0,0.0,1.0,0.0,8.0,0.0,1.0,0.0,1.793870896379021,0.0,1.0,0.0,0.0,1.0,0.0,0.0,1.0,0.0
8763-KIAFH,0,-0.21871512695797646,-1.4694171580658184,-0.7500188851644313,1.0,0.0,0.0,1.0,0.0,1.0,0.0,1.0,1.0,0.0,0.0,0.0,0.0,1.0,0.0,1.0,0.0,0.0,1.0,0.0,0.0,1.0,0.0,0.0,1.0,0.0,0.0,1.0,0.0,0.0,1.0,0.0,0.0,1.0,0.0,0.0,1.0,0.0,0.0,0.0,1.0,1.0,0.0,1.0,0.0,0.0,1.0,3.4292044432232553,0.0,0.0,1.0,0.0,0.0,1.0,0.0,0.0,1.0
3669-WHAFY,0,1.5729808767233588,1.6747027662484868,2.5565929282693682,1.0,0.0,0.0,1.0,1.0,0.0,0.0,1.0,0.0,0.0,1.0,0.0,1.0,0.0,0.0,0.0,1.0,0.0,0.0,1.0,0.0,0.0,1.0,0.0,0.0,1.0,0.0,0.0,1.0,0.0,0.0,1.0,0.0,0.0,1.0,0.0,1.0,0.0,1.0,0.0,0.0,1.0,0.0,9.0,0.0,1.0,0.0,1.62531723436775,0.0,1.0,0.0,0.0,1.0,0.0,0.0,1.0,0.0
3055-VTCGS,0,1.247217966963116,-0.20645143793956489,0.5383367504214924,1.0,0.0,1.0,0.0,1.0,0.0,0.0,1.0,1.0,0.0,0.0,1.0,0.0,0.0,1.0,0.0,0.0,1.0,0.0,0.0,0.0,0.0,1.0,1.0,0.0,0.0,1.0,0.0,0.0,0.0,0.0,1.0,0.0,1.0,0.0,1.0,0.0,0.0,1.0,0.0,0.0,1.0,0.0,4.0,0.0,1.0,0.0,0.43163004757885487,0.0,1.0,0.0,0.0,1.0,0.0,0.0,1.0,0.0
3144-KMTWZ,0,1.5729808767233588,0.9468356801757247,1.935114205555817,0.0,1.0,0.0,1.0,1.0,0.0,0.0,1.0,0.0,0.0,1.0,0.0,1.0,0.0,1.0,0.0,0.0,0.0,0.0,1.0,0.0,0.0,1.0,1.0,0.0,0.0,1.0,0.0,0.0,0.0,0.0,1.0,1.0,0.0,0.0,0.0,1.0,1.0,0.0,0.0,0.0,1.0,0.0,6.0,0.0,1.0,0.0,1.2302210625642251,0.0,1.0,0.0,0.0,1.0,0.0,0.0,1.0,0.0
7279-BUYWN,1,0.35136996512244845,1.609892683242008,1.0615850840304595,1.0,0.0,1.0,0.0,1.0,0.0,0.0,1.0,0.0,0.0,1.0,0.0,1.0,0.0,0.0,0.0,1.0,0.0,0.0,1.0,0.0,0.0,1.0,1.0,0.0,0.0,0.0,0.0,1.0,0.0,0.0,1.0,1.0,0.0,0.0,0.0,1.0,0.0,0.0,1.0,0.0,0.0,1.0,8.0,0.0,0.0,1.0,3.0212744098958746,0.0,0.0,1.0,0.0,0.0,1.0,0.0,0.0,1.0
7156-MHUGY,1,-0.7888002190384014,0.8554368451665879,-0.477431209852205,0.0,1.0,1.0,0.0,1.0,0.0,0.0,1.0,1.0,0.0,0.0,0.0,1.0,0.0,1.0,0.0,0.0,1.0,0.0,0.0,1.0,0.0,0.0,1.0,0.0,0.0,0.0,0.0,1.0,0.0,0.0,1.0,1.0,0.0,0.0,0.0,1.0,0.0,0.0,1.0,0.0,0.0,1.0,4.0,1.0,0.0,0.0,0.6052625219022183,1.0,0.0,0.0,1.0,0.0,0.0,1.0,0.0,0.0
7198-GLXTC,0,-1.2367242199587352,0.4732235351283796,-0.9439869541957822,0.0,1.0,1.0,0.0,1.0,0.0,0.0,1.0,1.0,0.0,0.0,0.0,1.0,0.0,1.0,0.0,0.0,1.0,0.0,0.0,1.0,0.0,0.0,1.0,0.0,0.0,0.0,0.0,1.0,1.0,0.0,0.0,1.0,0.0,0.0,1.0,0.0,0.0,0.0,1.0,0.0,0.0,1.0,3.0,1.0,0.0,0.0,0.7632962458091744,1.0,0.0,0.0,1.0,0.0,0.0,1.0,0.0,0.0
2007-QVGAW,0,1.4508197855632678,-1.5093002860698053,-0.4370625567955267,1.0,0.0,0.0,1.0,0.0,1.0,0.0,1.0,1.0,0.0,0.0,0.0,0.0,1.0,0.0,1.0,0.0,0.0,1.0,0.0,0.0,1.0,0.0,0.0,1.0,0.0,0.0,1.0,0.0,0.0,1.0,0.0,0.0,0.0,1.0,0.0,1.0,1.0,0.0,0.0,0.0,1.0,0.0,1.0,0.0,1.0,0.0,-0.3012521342379137,0.0,1.0,0.0,0.0,1.0,0.0,0.0,1.0,0.0
5207-PLSTK,0,-1.2774445836787656,-0.532163649972125,-0.9858556446338016,0.0,1.0,0.0,1.0,0.0,1.0,0.0,1.0,1.0,0.0,0.0,1.0,0.0,0.0,0.0,0.0,1.0,1.0,0.0,0.0,1.0,0.0,0.0,1.0,0.0,0.0,1.0,0.0,0.0,1.0,0.0,0.0,1.0,0.0,0.0,0.0,1.0,0.0,0.0,0.0,1.0,1.0,0.0,3.0,1.0,0.0,0.0,0.7717404396476828,1.0,0.0,0.0,1.0,0.0,0.0,1.0,0.0,0.0
2307-FYNNL,1,1.3286586944031769,1.4719635322282196,2.1286852058685777,0.0,1.0,1.0,0.0,1.0,0.0,0.0,1.0,0.0,0.0,1.0,0.0,1.0,0.0,0.0,0.0,1.0,1.0,0.0,0.0,0.0,0.0,1.0,0.0,0.0,1.0,0.0,0.0,1.0,0.0,0.0,1.0,0.0,0.0,1.0,0.0,1.0,0.0,0.0,1.0,0.0,1.0,0.0,8.0,0.0,1.0,0.0,1.602130942156493,0.0,1.0,0.0,0.0,1.0,0.0,0.0,1.0,0.0
5605-XNWEN,1,1.6137012404433893,-1.3215172250510334,-0.21210106834087897,0.0,1.0,0.0,1.0,1.0,0.0,0.0,1.0,0.0,0.0,1.0,0.0,0.0,1.0,0.0,1.0,0.0,0.0,1.0,0.0,0.0,1.0,0.0,0.0,1.0,0.0,0.0,1.0,0.0,0.0,1.0,0.0,0.0,0.0,1.0,0.0,1.0,1.0,0.0,0.0,0.0,1.0,0.0,2.0,0.0,1.0,0.0,-0.13143763109620027,0.0,1.0,0.0,0.0,1.0,0.0,0.0,1.0,0.0
2155-AMQRX,0,-0.1779947632379461,-0.32776261895169184,-0.34331022046171095,1.0,0.0,1.0,0.0,1.0,0.0,0.0,1.0,0.0,0.0,1.0,1.0,0.0,0.0,1.0,0.0,0.0,1.0,0.0,0.0,1.0,0.0,0.0,0.0,0.0,1.0,1.0,0.0,0.0,1.0,0.0,0.0,1.0,0.0,0.0,0.0,1.0,0.0,1.0,0.0,0.0,1.0,0.0,4.0,0.0,0.0,1.0,1.9287658480309817,0.0,0.0,1.0,0.0,0.0,1.0,0.0,0.0,1.0
6181-AXXYF,0,1.6137012404433893,-1.329826210051864,-0.18715191718945648,0.0,1.0,0.0,1.0,0.0,1.0,0.0,1.0,0.0,0.0,1.0,0.0,0.0,1.0,0.0,1.0,0.0,0.0,1.0,0.0,0.0,1.0,0.0,0.0,1.0,0.0,0.0,1.0,0.0,0.0,1.0,0.0,0.0,0.0,1.0,1.0,0.0,0.0,1.0,0.0,0.0,1.0,0.0,2.0,0.0,1.0,0.0,-0.1159768069199932,0.0,1.0,0.0,0.0,1.0,0.0,0.0,1.0,0.0
5091-HFAZW,0,-1.2367242199587352,0.8770402061687477,-0.9330234456880395,1.0,0.0,1.0,0.0,1.0,0.0,0.0,1.0,1.0,0.0,0.0,0.0,1.0,0.0,0.0,0.0,1.0,0.0,0.0,1.0,1.0,0.0,0.0,1.0,0.0,0.0,0.0,0.0,1.0,1.0,0.0,0.0,1.0,0.0,0.0,0.0,1.0,0.0,0.0,1.0,0.0,1.0,0.0,5.0,1.0,0.0,0.0,0.7544312876149308,1.0,0.0,0.0,1.0,0.0,0.0,1.0,0.0,0.0
0516-VRYBW,0,-0.5851984004382496,-1.4827115340671475,-0.8349254128229858,1.0,0.0,1.0,0.0,0.0,1.0,0.0,1.0,1.0,0.0,0.0,0.0,0.0,1.0,0.0,1.0,0.0,0.0,1.0,0.0,0.0,1.0,0.0,0.0,1.0,0.0,0.0,1.0,0.0,0.0,1.0,0.0,0.0,1.0,0.0,1.0,0.0,1.0,0.0,0.0,0.0,0.0,1.0,1.0,1.0,0.0,0.0,1.4267390549900991,1.0,0.0,0.0,1.0,0.0,0.0,1.0,0.0,0.0
2519-LBNQL,1,1.125056875803025,1.3157546142126038,1.7895223420727149,0.0,1.0,0.0,1.0,1.0,0.0,0.0,1.0,0.0,0.0,1.0,0.0,1.0,0.0,1.0,0.0,0.0,0.0,0.0,1.0,0.0,0.0,1.0,1.0,0.0,0.0,0.0,0.0,1.0,0.0,0.0,1.0,0.0,1.0,0.0,0.0,1.0,0.0,0.0,1.0,0.0,1.0,0.0,7.0,0.0,1.0,0.0,1.5906061111758625,0.0,1.0,0.0,0.0,1.0,0.0,0.0,1.0,0.0
8623-ULFNQ,1,-0.2594354906780068,0.042818112085353605,-0.27834536622569034,1.0,0.0,1.0,0.0,1.0,0.0,0.0,1.0,0.0,0.0,1.0,1.0,0.0,0.0,1.0,0.0,0.0,1.0,0.0,0.0,1.0,0.0,0.0,0.0,0.0,1.0,1.0,0.0,0.0,0.0,0.0,1.0,1.0,0.0,0.0,0.0,1.0,0.0,0.0,1.0,0.0,1.0,0.0,5.0,0.0,0.0,1.0,1.072888545427091,0.0,0.0,1.0,0.0,0.0,1.0,0.0,0.0,1.0
8380-PEFPE,0,-1.2774445836787656,0.22893937610395967,-0.9757524516830045,0.0,1.0,1.0,0.0,0.0,1.0,0.0,1.0,1.0,0.0,0.0,0.0,1.0,0.0,1.0,0.0,0.0,1.0,0.0,0.0,1.0,0.0,0.0,1.0,0.0,0.0,1.0,0.0,0.0,1.0,0.0,0.0,1.0,0.0,0.0,0.0,1.0,0.0,0.0,1.0,0.0,0.0,1.0,2.0,1.0,0.0,0.0,0.76383153065869,1.0,0.0,0.0,1.0,0.0,0.0,1.0,0.0,0.0
5687-DKDTV,0,-1.1552834925186746,-1.4760643460664828,-0.9731715050121678,1.0,0.0,1.0,0.0,1.0,0.0,0.0,1.0,1.0,0.0,0.0,0.0,0.0,1.0,0.0,1.0,0.0,0.0,1.0,0.0,0.0,1.0,0.0,0.0,1.0,0.0,0.0,1.0,0.0,0.0,1.0,0.0,1.0,0.0,0.0,1.0,0.0,0.0,0.0,0.0,1.0,0.0,1.0,1.0,1.0,0.0,0.0,0.8423659745111756,1.0,0.0,0.0,1.0,0.0,0.0,1.0,0.0,0.0
1568-LJSZU,0,1.4508197855632678,0.9119379431722362,1.8130817527090717,0.0,1.0,0.0,1.0,0.0,1.0,0.0,1.0,0.0,0.0,1.0,1.0,0.0,0.0,0.0,0.0,1.0,0.0,0.0,1.0,0.0,0.0,1.0,0.0,0.0,1.0,0.0,0.0,1.0,0.0,0.0,1.0,0.0,0.0,1.0,0.0,1.0,0.0,1.0,0.0,0.0,1.0,0.0,9.0,0.0,1.0,0.0,1.249694669696801,0.0,1.0,0.0,0.0,1.0,0.0,0.0,1.0,0.0
7530-HDYDS,0,0.22920887396235737,0.6477122201458225,0.43289294626251845,1.0,0.0,1.0,0.0,1.0,0.0,0.0,1.0,1.0,0.0,0.0,0.0,1.0,0.0,1.0,0.0,0.0,0.0,0.0,1.0,0.0,0.0,1.0,0.0,0.0,1.0,1.0,0.0,0.0,1.0,0.0,0.0,1.0,0.0,0.0,0.0,1.0,0.0,1.0,0.0,0.0,0.0,1.0,5.0,0.0,0.0,1.0,1.8886395573568056,0.0,0.0,1.0,0.0,0.0,1.0,0.0,0.0,1.0
7789-HKSBS,1,0.3920903288424788,1.3440051632154282,1.0217237965586463,1.0,0.0,0.0,1.0,1.0,0.0,0.0,1.0,0.0,0.0,1.0,0.0,1.0,0.0,0.0,0.0,1.0,1.0,0.0,0.0,0.0,0.0,1.0,1.0,0.0,0.0,0.0,0.0,1.0,0.0,0.0,1.0,0.0,1.0,0.0,0.0,1.0,1.0,0.0,0.0,0.0,1.0,0.0,7.0,0.0,0.0,1.0,2.6058377914470854,0.0,0.0,1.0,0.0,0.0,1.0,0.0,0.0,1.0
7416-CKTEP,0,1.002895784642934,-1.5009913010689746,-0.5069466512674158,1.0,0.0,0.0,1.0,1.0,0.0,0.0,1.0,1.0,0.0,0.0,0.0,0.0,1.0,0.0,1.0,0.0,0.0,1.0,0.0,0.0,1.0,0.0,0.0,1.0,0.0,0.0,1.0,0.0,0.0,1.0,0.0,0.0,0.0,1.0,0.0,1.0,1.0,0.0,0.0,0.0,1.0,0.0,1.0,0.0,1.0,0.0,-0.505482881701319,0.0,1.0,0.0,0.0,1.0,0.0,0.0,1.0,0.0
2586-CWXVV,0,0.880734693482843,-1.1420431490330922,-0.29204423701705506,0.0,1.0,0.0,1.0,1.0,0.0,1.0,0.0,0.0,1.0,0.0,1.0,0.0,0.0,1.0,0.0,0.0,0.0,0.0,1.0,1.0,0.0,0.0,1.0,0.0,0.0,1.0,0.0,0.0,1.0,0.0,0.0,1.0,0.0,0.0,1.0,0.0,0.0,0.0,1.0,0.0,1.0,0.0,2.0,0.0,1.0,0.0,-0.3315916122960634,0.0,1.0,0.0,0.0,1.0,0.0,0.0,1.0,0.0
3096-IZETN,0,-0.8295205827584317,0.4433111891253892,-0.5894266478679187,1.0,0.0,1.0,0.0,1.0,0.0,0.0,1.0,1.0,0.0,0.0,0.0,1.0,0.0,1.0,0.0,0.0,1.0,0.0,0.0,1.0,0.0,0.0,1.0,0.0,0.0,1.0,0.0,0.0,0.0,0.0,1.0,1.0,0.0,0.0,1.0,0.0,1.0,0.0,0.0,0.0,0.0,1.0,3.0,1.0,0.0,0.0,0.7105630169029431,1.0,0.0,0.0,1.0,0.0,0.0,1.0,0.0,0.0
2348-KCJLT,0,0.47353105628253944,-0.10840541492976351,0.19363698393862055,1.0,0.0,0.0,1.0,1.0,0.0,0.0,1.0,1.0,0.0,0.0,1.0,0.0,0.0,0.0,0.0,1.0,0.0,0.0,1.0,0.0,0.0,1.0,1.0,0.0,0.0,1.0,0.0,0.0,1.0,0.0,0.0,0.0,1.0,0.0,0.0,1.0,0.0,0.0,0.0,1.0,1.0,0.0,5.0,0.0,0.0,1.0,0.40892140308340014,0.0,0.0,1.0,0.0,0.0,1.0,0.0,0.0,1.0
8401-EMUWF,0,0.3920903288424788,0.15415851109648415,0.3419200909588347,0.0,1.0,0.0,1.0,0.0,1.0,0.0,1.0,0.0,0.0,1.0,1.0,0.0,0.0,0.0,0.0,1.0,0.0,0.0,1.0,1.0,0.0,0.0,1.0,0.0,0.0,0.0,0.0,1.0,1.0,0.0,0.0,1.0,0.0,0.0,0.0,1.0,1.0,0.0,0.0,0.0,1.0,0.0,6.0,0.0,0.0,1.0,0.8720441842272527,0.0,0.0,1.0,0.0,0.0,1.0,0.0,0.0,1.0
4193-IBKSW,0,1.6137012404433893,-1.329826210051864,-0.22663819531593418,0.0,1.0,0.0,1.0,0.0,1.0,0.0,1.0,0.0,0.0,1.0,0.0,0.0,1.0,0.0,1.0,0.0,0.0,1.0,0.0,0.0,1.0,0.0,0.0,1.0,0.0,0.0,1.0,0.0,0.0,1.0,0.0,0.0,0.0,1.0,1.0,0.0,1.0,0.0,0.0,0.0,1.0,0.0,2.0,0.0,1.0,0.0,-0.14044619266306188,0.0,1.0,0.0,0.0,1.0,0.0,0.0,1.0,0.0
5377-NDTOU,0,1.5729808767233588,0.8737166121684152,1.7693600749176308,1.0,0.0,0.0,1.0,0.0,1.0,0.0,1.0,0.0,0.0,1.0,1.0,0.0,0.0,0.0,0.0,1.0,0.0,0.0,1.0,0.0,0.0,1.0,0.0,0.0,1.0,0.0,0.0,1.0,0.0,0.0,1.0,0.0,0.0,1.0,1.0,0.0,0.0,0.0,0.0,1.0,1.0,0.0,9.0,0.0,1.0,0.0,1.124845254700963,0.0,1.0,0.0,0.0,1.0,0.0,0.0,1.0,0.0
5922-ABDVO,0,-0.5444780367182193,0.827186296163764,-0.2304103481425418,1.0,0.0,0.0,1.0,1.0,0.0,0.0,1.0,0.0,0.0,1.0,0.0,1.0,0.0,1.0,0.0,0.0,1.0,0.0,0.0,0.0,0.0,1.0,1.0,0.0,0.0,1.0,0.0,0.0,0.0,0.0,1.0,1.0,0.0,0.0,1.0,0.0,0.0,0.0,0.0,1.0,0.0,1.0,5.0,1.0,0.0,0.0,0.4231765702273585,1.0,0.0,0.0,1.0,0.0,0.0,1.0,0.0,0.0
2474-LCNUE,0,-0.38159658183809786,0.2954112561106046,-0.2826028252639084,1.0,0.0,0.0,1.0,1.0,0.0,0.0,1.0,0.0,0.0,1.0,1.0,0.0,0.0,1.0,0.0,0.0,1.0,0.0,0.0,1.0,0.0,0.0,0.0,0.0,1.0,0.0,0.0,1.0,0.0,0.0,1.0,1.0,0.0,0.0,0.0,1.0,0.0,1.0,0.0,0.0,1.0,0.0,6.0,0.0,0.0,1.0,0.7405800751742841,0.0,0.0,1.0,0.0,0.0,1.0,0.0,0.0,1.0
0839-QNXME,0,-0.0965540357978854,-1.5076384890696393,-0.7521365849969127,1.0,0.0,1.0,0.0,1.0,0.0,0.0,1.0,1.0,0.0,0.0,0.0,0.0,1.0,0.0,1.0,0.0,0.0,1.0,0.0,0.0,1.0,0.0,0.0,1.0,0.0,0.0,1.0,0.0,0.0,1.0,0.0,0.0,0.0,1.0,1.0,0.0,0.0,1.0,0.0,0.0,1.0,0.0,1.0,0.0,0.0,1.0,7.789799554017036,0.0,0.0,1.0,0.0,0.0,1.0,0.0,0.0,1.0
3506-OVLKD,0,0.10704778280226633,-1.2816340970470463,-0.5860736231331561,0.0,1.0,1.0,0.0,1.0,0.0,0.0,1.0,0.0,0.0,1.0,0.0,0.0,1.0,0.0,1.0,0.0,0.0,1.0,0.0,0.0,1.0,0.0,0.0,1.0,0.0,0.0,1.0,0.0,0.0,1.0,0.0,0.0,1.0,0.0,1.0,0.0,1.0,0.0,0.0,0.0,1.0,0.0,2.0,0.0,0.0,1.0,-5.4748786737201645,0.0,0.0,1.0,0.0,0.0,1.0,0.0,0.0,1.0
9172-ANCRX,0,-0.9109613101984924,1.1279715531938321,-0.5779778331485655,1.0,0.0,1.0,0.0,1.0,0.0,0.0,1.0,0.0,0.0,1.0,0.0,1.0,0.0,0.0,0.0,1.0,1.0,0.0,0.0,1.0,0.0,0.0,1.0,0.0,0.0,0.0,0.0,1.0,0.0,0.0,1.0,1.0,0.0,0.0,0.0,1.0,0.0,0.0,1.0,0.0,0.0,1.0,6.0,1.0,0.0,0.0,0.6344702312578215,1.0,0.0,0.0,1.0,0.0,0.0,1.0,0.0,0.0
6650-VJONK,0,-1.2774445836787656,-0.6950197559884049,-0.9880174632127932,0.0,1.0,1.0,0.0,1.0,0.0,0.0,1.0,1.0,0.0,0.0,1.0,0.0,0.0,1.0,0.0,0.0,1.0,0.0,0.0,1.0,0.0,0.0,1.0,0.0,0.0,1.0,0.0,0.0,1.0,0.0,0.0,1.0,0.0,0.0,0.0,1.0,1.0,0.0,0.0,0.0,1.0,0.0,2.0,1.0,0.0,0.0,0.7734327389510044,1.0,0.0,0.0,1.0,0.0,0.0,1.0,0.0,0.0
2178-PMGCJ,0,-0.4223169455581282,0.16412929309748078,-0.3498177355719405,0.0,1.0,1.0,0.0,1.0,0.0,0.0,1.0,1.0,0.0,0.0,0.0,1.0,0.0,1.0,0.0,0.0,1.0,0.0,0.0,1.0,0.0,0.0,1.0,0.0,0.0,1.0,0.0,0.0,1.0,0.0,0.0,1.0,0.0,0.0,0.0,1.0,0.0,0.0,0.0,1.0,1.0,0.0,2.0,0.0,0.0,1.0,0.8283298580634179,0.0,0.0,1.0,0.0,0.0,1.0,0.0,0.0,1.0
7492-TAFJD,0,-1.0331224013585834,-0.8711702380060141,-0.883831043329355,0.0,1.0,0.0,1.0,0.0,1.0,1.0,0.0,0.0,1.0,0.0,1.0,0.0,0.0,0.0,0.0,1.0,0.0,0.0,1.0,0.0,0.0,1.0,1.0,0.0,0.0,1.0,0.0,0.0,1.0,0.0,0.0,0.0,0.0,1.0,1.0,0.0,0.0,0.0,0.0,1.0,1.0,0.0,4.0,1.0,0.0,0.0,0.8554949947528906,1.0,0.0,0.0,1.0,0.0,0.0,1.0,0.0,0.0
2773-MADBQ,0,0.14776814652229667,-0.3875873109576722,-0.16855586553547838,1.0,0.0,1.0,0.0,1.0,0.0,1.0,0.0,0.0,1.0,0.0,1.0,0.0,0.0,0.0,0.0,1.0,0.0,0.0,1.0,0.0,0.0,1.0,0.0,0.0,1.0,1.0,0.0,0.0,0.0,0.0,1.0,0.0,0.0,1.0,0.0,1.0,0.0,0.0,0.0,1.0,1.0,0.0,6.0,0.0,0.0,1.0,-1.1406779438087158,0.0,0.0,1.0,0.0,0.0,1.0,0.0,0.0,1.0
6016-LVTJQ,0,0.06632741908223598,-1.4660935640654862,-0.6912968335595799,1.0,0.0,0.0,1.0,0.0,1.0,0.0,1.0,1.0,0.0,0.0,0.0,0.0,1.0,0.0,1.0,0.0,0.0,1.0,0.0,0.0,1.0,0.0,0.0,1.0,0.0,0.0,1.0,0.0,0.0,1.0,0.0,1.0,0.0,0.0,1.0,0.0,0.0,0.0,0.0,1.0,1.0,0.0,1.0,0.0,0.0,1.0,-10.422489569547041,0.0,0.0,1.0,0.0,0.0,1.0,0.0,0.0,1.0
7860-KSUGX,0,1.6137012404433893,-0.010359391919962149,1.0750413017160187,0.0,1.0,0.0,1.0,0.0,1.0,0.0,1.0,0.0,0.0,1.0,1.0,0.0,0.0,0.0,0.0,1.0,0.0,0.0,1.0,0.0,0.0,1.0,1.0,0.0,0.0,1.0,0.0,0.0,1.0,0.0,0.0,0.0,0.0,1.0,1.0,0.0,0.0,1.0,0.0,0.0,1.0,0.0,6.0,0.0,1.0,0.0,0.6661959938883325,0.0,1.0,0.0,0.0,1.0,0.0,0.0,1.0,0.0
8966-KZXXA,0,0.14776814652229667,-1.3181936310507012,-0.5966400629223086,0.0,1.0,0.0,1.0,0.0,1.0,0.0,1.0,0.0,0.0,1.0,0.0,0.0,1.0,0.0,1.0,0.0,0.0,1.0,0.0,0.0,1.0,0.0,0.0,1.0,0.0,0.0,1.0,0.0,0.0,1.0,0.0,0.0,0.0,1.0,1.0,0.0,0.0,1.0,0.0,0.0,1.0,0.0,2.0,0.0,0.0,1.0,-4.03767711082633,0.0,0.0,1.0,0.0,0.0,1.0,0.0,0.0,1.0
6910-HADCM,0,-1.2774445836787656,0.3851482941195749,-0.9736788705970331,1.0,0.0,1.0,0.0,1.0,0.0,0.0,1.0,1.0,0.0,0.0,0.0,1.0,0.0,1.0,0.0,0.0,1.0,0.0,0.0,0.0,0.0,1.0,1.0,0.0,0.0,1.0,0.0,0.0,1.0,0.0,0.0,1.0,0.0,0.0,1.0,0.0,0.0,0.0,1.0,0.0,0.0,1.0,3.0,1.0,0.0,0.0,0.7622083047963203,1.0,0.0,0.0,1.0,0.0,0.0,1.0,0.0,0.0
4816-LXZYW,0,-0.38159658183809786,0.47820892612887816,-0.26751421395747776,1.0,0.0,1.0,0.0,1.0,0.0,0.0,1.0,0.0,0.0,1.0,0.0,1.0,0.0,1.0,0.0,0.0,0.0,0.0,1.0,1.0,0.0,0.0,1.0,0.0,0.0,1.0,0.0,0.0,1.0,0.0,0.0,1.0,0.0,0.0,0.0,1.0,0.0,0.0,1.0,0.0,0.0,1.0,4.0,0.0,0.0,1.0,0.7010393349670452,0.0,0.0,1.0,0.0,0.0,1.0,0.0,0.0,1.0
9606-PBKBQ,1,-0.015113308357824713,0.6726391751483144,0.1582758086108309,0.0,1.0,0.0,1.0,1.0,0.0,0.0,1.0,0.0,0.0,1.0,0.0,1.0,0.0,1.0,0.0,0.0,1.0,0.0,0.0,1.0,0.0,0.0,1.0,0.0,0.0,1.0,0.0,0.0,0.0,0.0,1.0,1.0,0.0,0.0,0.0,1.0,0.0,0.0,1.0,0.0,0.0,1.0,4.0,0.0,0.0,1.0,-10.472611612459142,0.0,0.0,1.0,0.0,0.0,1.0,0.0,0.0,1.0
5149-QYTTU,0,1.5729808767233588,1.0099839661820376,1.9798506145169885,1.0,0.0,0.0,1.0,0.0,1.0,0.0,1.0,0.0,0.0,1.0,0.0,1.0,0.0,0.0,0.0,1.0,0.0,0.0,1.0,0.0,0.0,1.0,0.0,0.0,1.0,1.0,0.0,0.0,1.0,0.0,0.0,0.0,1.0,0.0,0.0,1.0,0.0,1.0,0.0,0.0,1.0,0.0,7.0,0.0,1.0,0.0,1.25866159202213,0.0,1.0,0.0,0.0,1.0,0.0,0.0,1.0,0.0
2070-XYMFH,1,-0.38159658183809786,0.48485611412954227,-0.1976521788588438,1.0,0.0,1.0,0.0,1.0,0.0,0.0,1.0,0.0,0.0,1.0,0.0,1.0,0.0,1.0,0.0,0.0,1.0,0.0,0.0,0.0,0.0,1.0,1.0,0.0,0.0,1.0,0.0,0.0,1.0,0.0,0.0,1.0,0.0,0.0,0.0,1.0,0.0,0.0,0.0,1.0,1.0,0.0,4.0,0.0,0.0,1.0,0.517961083159552,0.0,0.0,1.0,0.0,0.0,1.0,0.0,0.0,1.0
2085-BOJKI,0,-0.62591876415828,1.0598378761870213,-0.3066475421118752,0.0,1.0,0.0,1.0,1.0,0.0,0.0,1.0,1.0,0.0,0.0,0.0,1.0,0.0,1.0,0.0,0.0,1.0,0.0,0.0,0.0,0.0,1.0,1.0,0.0,0.0,0.0,0.0,1.0,0.0,0.0,1.0,0.0,1.0,0.0,0.0,1.0,1.0,0.0,0.0,0.0,1.0,0.0,5.0,1.0,0.0,0.0,0.4899158799373066,1.0,0.0,0.0,1.0,0.0,0.0,1.0,0.0,0.0
0817-HSUSE,0,-1.2774445836787656,0.356897745116751,-0.9740538799423684,0.0,1.0,1.0,0.0,1.0,0.0,0.0,1.0,1.0,0.0,0.0,1.0,0.0,0.0,1.0,0.0,0.0,1.0,0.0,0.0,0.0,0.0,1.0,0.0,0.0,1.0,0.0,0.0,1.0,0.0,0.0,1.0,1.0,0.0,0.0,0.0,1.0,0.0,0.0,1.0,0.0,1.0,0.0,6.0,1.0,0.0,0.0,0.7625018669203659,1.0,0.0,0.0,1.0,0.0,0.0,1.0,0.0,0.0
5442-PPTJY,0,-0.8295205827584317,-1.4976677070686424,-0.8933827519487768,0.0,1.0,0.0,1.0,0.0,1.0,0.0,1.0,1.0,0.0,0.0,0.0,0.0,1.0,0.0,1.0,0.0,0.0,1.0,0.0,0.0,1.0,0.0,0.0,1.0,0.0,0.0,1.0,0.0,0.0,1.0,0.0,0.0,0.0,1.0,1.0,0.0,0.0,0.0,0.0,1.0,1.0,0.0,1.0,1.0,0.0,0.0,1.0769868409750392,1.0,0.0,0.0,1.0,0.0,0.0,1.0,0.0,0.0
1927-QEWMY,0,1.6137012404433893,-1.4710789550659844,-0.34458966411050185,1.0,0.0,0.0,1.0,1.0,0.0,0.0,1.0,1.0,0.0,0.0,0.0,0.0,1.0,0.0,1.0,0.0,0.0,1.0,0.0,0.0,1.0,0.0,0.0,1.0,0.0,0.0,1.0,0.0,0.0,1.0,0.0,0.0,0.0,1.0,1.0,0.0,0.0,1.0,0.0,0.0,1.0,0.0,1.0,0.0,1.0,0.0,-0.21353993879054126,0.0,1.0,0.0,0.0,1.0,0.0,0.0,1.0,0.0
1663-MHLHE,0,-1.2774445836787656,-1.5142856770703037,-0.9988927342275158,0.0,1.0,1.0,0.0,1.0,0.0,0.0,1.0,1.0,0.0,0.0,0.0,0.0,1.0,0.0,1.0,0.0,0.0,1.0,0.0,0.0,1.0,0.0,0.0,1.0,0.0,0.0,1.0,0.0,0.0,1.0,0.0,1.0,0.0,0.0,1.0,0.0,0.0,0.0,0.0,1.0,1.0,0.0,1.0,1.0,0.0,0.0,0.7819460405483263,1.0,0.0,0.0,1.0,0.0,0.0,1.0,0.0,0.0
5663-QBGIS,1,1.6137012404433893,1.116338974192669,2.0498008871086424,0.0,1.0,0.0,1.0,1.0,0.0,0.0,1.0,0.0,0.0,1.0,0.0,1.0,0.0,1.0,0.0,0.0,0.0,0.0,1.0,1.0,0.0,0.0,1.0,0.0,0.0,0.0,0.0,1.0,0.0,0.0,1.0,0.0,0.0,1.0,1.0,0.0,1.0,0.0,0.0,0.0,1.0,0.0,6.0,0.0,1.0,0.0,1.2702480705445998,0.0,1.0,0.0,0.0,1.0,0.0,0.0,1.0,0.0
4450-MDZFX,0,1.125056875803025,0.31867641411292996,0.9573766047737664,0.0,1.0,0.0,1.0,0.0,1.0,0.0,1.0,0.0,0.0,1.0,0.0,1.0,0.0,1.0,0.0,0.0,1.0,0.0,0.0,1.0,0.0,0.0,1.0,0.0,0.0,1.0,0.0,0.0,1.0,0.0,0.0,1.0,0.0,0.0,1.0,0.0,1.0,0.0,0.0,0.0,1.0,0.0,3.0,0.0,1.0,0.0,0.8509584051832273,0.0,1.0,0.0,0.0,1.0,0.0,0.0,1.0,0.0
6701-DHKWQ,0,1.1657772395230555,-0.44575020596348647,0.42402507821400226,1.0,0.0,0.0,1.0,0.0,1.0,1.0,0.0,0.0,1.0,0.0,1.0,0.0,0.0,1.0,0.0,0.0,0.0,0.0,1.0,0.0,0.0,1.0,0.0,0.0,1.0,0.0,0.0,1.0,1.0,0.0,0.0,0.0,0.0,1.0,1.0,0.0,0.0,1.0,0.0,0.0,1.0,0.0,5.0,0.0,1.0,0.0,0.3637273604582296,0.0,1.0,0.0,0.0,1.0,0.0,0.0,1.0,0.0
7554-AKDQF,0,-1.0738427650786138,-0.6351950639824246,-0.8646614479707466,1.0,0.0,0.0,1.0,1.0,0.0,0.0,1.0,1.0,0.0,0.0,1.0,0.0,0.0,1.0,0.0,0.0,1.0,0.0,0.0,1.0,0.0,0.0,1.0,0.0,0.0,1.0,0.0,0.0,1.0,0.0,0.0,1.0,0.0,0.0,1.0,0.0,0.0,0.0,0.0,1.0,1.0,0.0,2.0,1.0,0.0,0.0,0.8052030298005933,1.0,0.0,0.0,1.0,0.0,0.0,1.0,0.0,0.0
3536-IQCTX,1,-0.015113308357824713,0.682609957149311,0.16668042982099168,0.0,1.0,0.0,1.0,1.0,0.0,0.0,1.0,0.0,0.0,1.0,0.0,1.0,0.0,1.0,0.0,0.0,1.0,0.0,0.0,1.0,0.0,0.0,1.0,0.0,0.0,1.0,0.0,0.0,0.0,0.0,1.0,1.0,0.0,0.0,1.0,0.0,0.0,0.0,1.0,0.0,0.0,1.0,4.0,0.0,0.0,1.0,-11.028718919421447,0.0,0.0,1.0,0.0,0.0,1.0,0.0,0.0,1.0
4911-BANWH,0,-0.055833672077855064,0.7241548821534641,0.182695534804133,1.0,0.0,1.0,0.0,0.0,1.0,0.0,1.0,0.0,0.0,1.0,0.0,1.0,0.0,1.0,0.0,0.0,1.0,0.0,0.0,1.0,0.0,0.0,1.0,0.0,0.0,0.0,0.0,1.0,1.0,0.0,0.0,1.0,0.0,0.0,0.0,1.0,0.0,1.0,0.0,0.0,0.0,1.0,4.0,0.0,0.0,1.0,-3.272138980029478,0.0,0.0,1.0,0.0,0.0,1.0,0.0,0.0,1.0
8496-EJAUI,0,-0.5444780367182193,0.3020584441112687,-0.37889198952205094,0.0,1.0,1.0,0.0,1.0,0.0,0.0,1.0,1.0,0.0,0.0,0.0,1.0,0.0,1.0,0.0,0.0,0.0,0.0,1.0,1.0,0.0,0.0,1.0,0.0,0.0,1.0,0.0,0.0,1.0,0.0,0.0,1.0,0.0,0.0,0.0,1.0,0.0,1.0,0.0,0.0,0.0,1.0,3.0,1.0,0.0,0.0,0.6958811264560463,1.0,0.0,0.0,1.0,0.0,0.0,1.0,0.0,0.0
0794-YVSGE,0,1.6137012404433893,-1.477726143066649,-0.3891937168321431,0.0,1.0,0.0,1.0,0.0,1.0,0.0,1.0,1.0,0.0,0.0,0.0,0.0,1.0,0.0,1.0,0.0,0.0,1.0,0.0,0.0,1.0,0.0,0.0,1.0,0.0,0.0,1.0,0.0,0.0,1.0,0.0,0.0,0.0,1.0,1.0,0.0,1.0,0.0,0.0,0.0,1.0,0.0,1.0,0.0,1.0,0.0,-0.24118077564667803,0.0,1.0,0.0,0.0,1.0,0.0,0.0,1.0,0.0
5423-BHIXO,0,-0.015113308357824713,-0.3510277769540174,-0.23987381926894347,1.0,0.0,1.0,0.0,1.0,0.0,0.0,1.0,0.0,0.0,1.0,1.0,0.0,0.0,1.0,0.0,0.0,0.0,0.0,1.0,1.0,0.0,0.0,1.0,0.0,0.0,1.0,0.0,0.0,1.0,0.0,0.0,1.0,0.0,0.0,0.0,1.0,0.0,0.0,1.0,0.0,1.0,0.0,4.0,0.0,0.0,1.0,15.871694905553356,0.0,0.0,1.0,0.0,0.0,1.0,0.0,0.0,1.0
6908-VVYHM,0,1.3286586944031769,0.8604222361670865,1.6093193219524935,0.0,1.0,0.0,1.0,1.0,0.0,0.0,1.0,0.0,0.0,1.0,0.0,1.0,0.0,1.0,0.0,0.0,0.0,0.0,1.0,1.0,0.0,0.0,1.0,0.0,0.0,1.0,0.0,0.0,0.0,0.0,1.0,1.0,0.0,0.0,0.0,1.0,0.0,0.0,1.0,0.0,1.0,0.0,5.0,0.0,1.0,0.0,1.2112360598937617,0.0,1.0,0.0,0.0,1.0,0.0,0.0,1.0,0.0
2959-EEXWB,0,0.5142514200025698,-0.4607063789649817,0.022301831866915423,1.0,0.0,0.0,1.0,0.0,1.0,1.0,0.0,0.0,1.0,0.0,1.0,0.0,0.0,0.0,0.0,1.0,1.0,0.0,0.0,1.0,0.0,0.0,1.0,0.0,0.0,0.0,0.0,1.0,0.0,0.0,1.0,1.0,0.0,0.0,0.0,1.0,1.0,0.0,0.0,0.0,1.0,0.0,4.0,0.0,1.0,0.0,0.04336756496813168,0.0,1.0,0.0,0.0,1.0,0.0,0.0,1.0,0.0
1839-UMACK,0,0.3920903288424788,-1.3198554280508674,-0.5883016198319129,0.0,1.0,1.0,0.0,1.0,0.0,0.0,1.0,0.0,0.0,1.0,0.0,0.0,1.0,0.0,1.0,0.0,0.0,1.0,0.0,0.0,1.0,0.0,0.0,1.0,0.0,0.0,1.0,0.0,0.0,1.0,0.0,0.0,1.0,0.0,1.0,0.0,0.0,0.0,1.0,0.0,1.0,0.0,2.0,0.0,0.0,1.0,-1.500423694633543,0.0,0.0,1.0,0.0,0.0,1.0,0.0,0.0,1.0
3030-YDNRM,0,-0.9924020376385531,0.33529438411459117,-0.7548057691607696,0.0,1.0,1.0,0.0,1.0,0.0,0.0,1.0,0.0,0.0,1.0,0.0,1.0,0.0,1.0,0.0,0.0,1.0,0.0,0.0,1.0,0.0,0.0,1.0,0.0,0.0,1.0,0.0,0.0,1.0,0.0,0.0,1.0,0.0,0.0,0.0,1.0,0.0,0.0,1.0,0.0,1.0,0.0,3.0,1.0,0.0,0.0,0.7605846628014287,1.0,0.0,0.0,1.0,0.0,0.0,1.0,0.0,0.0
7321-KKSDU,0,-0.015113308357824713,-1.4710789550659844,-0.6999441078755461,0.0,1.0,1.0,0.0,0.0,1.0,0.0,1.0,1.0,0.0,0.0,0.0,0.0,1.0,0.0,1.0,0.0,0.0,1.0,0.0,0.0,1.0,0.0,0.0,1.0,0.0,0.0,1.0,0.0,0.0,1.0,0.0,0.0,0.0,1.0,1.0,0.0,0.0,0.0,0.0,1.0,1.0,0.0,1.0,0.0,0.0,1.0,46.31309646462413,0.0,0.0,1.0,0.0,0.0,1.0,0.0,0.0,1.0
3402-XRIUO,1,-0.4223169455581282,-0.04027173792295256,-0.39773069428183416,1.0,0.0,0.0,1.0,1.0,0.0,0.0,1.0,0.0,0.0,1.0,1.0,0.0,0.0,0.0,0.0,1.0,0.0,0.0,1.0,1.0,0.0,0.0,0.0,0.0,1.0,1.0,0.0,0.0,1.0,0.0,0.0,1.0,0.0,0.0,0.0,1.0,0.0,0.0,0.0,1.0,1.0,0.0,6.0,0.0,0.0,1.0,0.9417824656697088,0.0,0.0,1.0,0.0,0.0,1.0,0.0,0.0,1.0
3132-TVFDZ,1,1.002895784642934,-0.6617838159850825,0.12778975477239937,0.0,1.0,0.0,1.0,1.0,0.0,1.0,0.0,0.0,1.0,0.0,1.0,0.0,0.0,1.0,0.0,0.0,1.0,0.0,0.0,1.0,0.0,0.0,1.0,0.0,0.0,0.0,0.0,1.0,0.0,0.0,1.0,1.0,0.0,0.0,0.0,1.0,0.0,0.0,1.0,0.0,0.0,1.0,3.0,0.0,1.0,0.0,0.12742077165863946,0.0,1.0,0.0,0.0,1.0,0.0,0.0,1.0,0.0
8286-AFUYI,0,-1.2774445836787656,-0.5587524019747828,-0.986208594605882,0.0,1.0,1.0,0.0,1.0,0.0,0.0,1.0,1.0,0.0,0.0,1.0,0.0,0.0,0.0,0.0,1.0,1.0,0.0,0.0,1.0,0.0,0.0,1.0,0.0,0.0,1.0,0.0,0.0,1.0,0.0,0.0,1.0,0.0,0.0,1.0,0.0,0.0,0.0,1.0,0.0,1.0,0.0,3.0,1.0,0.0,0.0,0.7720167334114905,1.0,0.0,0.0,1.0,0.0,0.0,1.0,0.0,0.0
8080-DDEMJ,1,-1.2774445836787656,-0.6534748309842519,-0.9874659788814177,0.0,1.0,1.0,0.0,1.0,0.0,0.0,1.0,1.0,0.0,0.0,1.0,0.0,0.0,1.0,0.0,0.0,1.0,0.0,0.0,1.0,0.0,0.0,1.0,0.0,0.0,1.0,0.0,0.0,1.0,0.0,0.0,1.0,0.0,0.0,1.0,0.0,0.0,0.0,1.0,0.0,0.0,1.0,2.0,1.0,0.0,0.0,0.7730010299450549,1.0,0.0,0.0,1.0,0.0,0.0,1.0,0.0,0.0
8356-WUAOJ,0,-1.2774445836787656,-0.6567984249845842,-0.9875100976279277,1.0,0.0,0.0,1.0,1.0,0.0,0.0,1.0,1.0,0.0,0.0,1.0,0.0,0.0,1.0,0.0,0.0,1.0,0.0,0.0,1.0,0.0,0.0,1.0,0.0,0.0,1.0,0.0,0.0,1.0,0.0,0.0,1.0,0.0,0.0,0.0,1.0,0.0,0.0,1.0,0.0,1.0,0.0,2.0,1.0,0.0,0.0,0.7730355666655309,1.0,0.0,0.0,1.0,0.0,0.0,1.0,0.0,0.0
6365-MTGZX,0,-0.3408762181180675,1.0382345151848615,-0.07096519825529003,0.0,1.0,1.0,0.0,1.0,0.0,0.0,1.0,1.0,0.0,0.0,0.0,1.0,0.0,1.0,0.0,0.0,1.0,0.0,0.0,1.0,0.0,0.0,0.0,0.0,1.0,0.0,0.0,1.0,0.0,0.0,1.0,1.0,0.0,0.0,0.0,1.0,0.0,0.0,1.0,0.0,0.0,1.0,5.0,0.0,0.0,1.0,0.20818465614022444,0.0,0.0,1.0,0.0,0.0,1.0,0.0,0.0,1.0
1349-WXNGG,0,-1.2774445836787656,-1.4860351280674797,-0.9985177248821804,0.0,1.0,1.0,0.0,1.0,0.0,0.0,1.0,1.0,0.0,0.0,0.0,0.0,1.0,0.0,1.0,0.0,0.0,1.0,0.0,0.0,1.0,0.0,0.0,1.0,0.0,0.0,1.0,0.0,0.0,1.0,0.0,1.0,0.0,0.0,1.0,0.0,1.0,0.0,0.0,0.0,0.0,1.0,1.0,1.0,0.0,0.0,0.7816524784242805,1.0,0.0,0.0,1.0,0.0,0.0,1.0,0.0,0.0
8058-DMYRU,1,0.880734693482843,0.8404806721650927,1.1684848068242644,0.0,1.0,1.0,0.0,1.0,0.0,0.0,1.0,0.0,0.0,1.0,0.0,1.0,0.0,1.0,0.0,0.0,0.0,0.0,1.0,1.0,0.0,0.0,1.0,0.0,0.0,1.0,0.0,0.0,0.0,0.0,1.0,1.0,0.0,0.0,0.0,1.0,0.0,0.0,1.0,0.0,1.0,0.0,5.0,0.0,1.0,0.0,1.3267159968497675,0.0,1.0,0.0,0.0,1.0,0.0,0.0,1.0,0.0
9350-ZXYJC,0,-1.1552834925186746,-1.3115464430500368,-0.9557666595139606,1.0,0.0,1.0,0.0,1.0,0.0,0.0,1.0,0.0,0.0,1.0,0.0,0.0,1.0,0.0,1.0,0.0,0.0,1.0,0.0,0.0,1.0,0.0,0.0,1.0,0.0,0.0,1.0,0.0,0.0,1.0,0.0,0.0,0.0,1.0,0.0,1.0,0.0,1.0,0.0,0.0,1.0,0.0,2.0,1.0,0.0,0.0,0.8273005419910049,1.0,0.0,0.0,1.0,0.0,0.0,1.0,0.0,0.0
6990-YNRIO,0,1.3286586944031769,1.4586691562268908,2.05357303993525,0.0,1.0,0.0,1.0,0.0,1.0,0.0,1.0,0.0,0.0,1.0,0.0,1.0,0.0,0.0,0.0,1.0,1.0,0.0,0.0,0.0,0.0,1.0,0.0,0.0,1.0,0.0,0.0,1.0,0.0,0.0,1.0,0.0,0.0,1.0,1.0,0.0,1.0,0.0,0.0,0.0,0.0,1.0,8.0,0.0,1.0,0.0,1.5455986165489242,0.0,1.0,0.0,0.0,1.0,0.0,0.0,1.0,0.0
8958-JPTRR,0,0.9621754209229036,-1.3447823830533592,-0.45071730884038125,1.0,0.0,0.0,1.0,1.0,0.0,0.0,1.0,0.0,0.0,1.0,0.0,0.0,1.0,0.0,1.0,0.0,0.0,1.0,0.0,0.0,1.0,0.0,0.0,1.0,0.0,0.0,1.0,0.0,0.0,1.0,0.0,0.0,1.0,0.0,1.0,0.0,0.0,0.0,1.0,0.0,1.0,0.0,2.0,0.0,1.0,0.0,-0.46843569170376465,0.0,1.0,0.0,0.0,1.0,0.0,0.0,1.0,0.0
6959-GQEGV,0,0.5142514200025698,0.3718539181182462,0.4369959896879514,0.0,1.0,1.0,0.0,1.0,0.0,0.0,1.0,1.0,0.0,0.0,1.0,0.0,0.0,0.0,0.0,1.0,1.0,0.0,0.0,0.0,0.0,1.0,1.0,0.0,0.0,0.0,0.0,1.0,0.0,0.0,1.0,1.0,0.0,0.0,0.0,1.0,0.0,0.0,1.0,0.0,1.0,0.0,6.0,0.0,1.0,0.0,0.8497710899578412,0.0,1.0,0.0,0.0,1.0,0.0,0.0,1.0,0.0
3173-WSSUE,0,1.5729808767233588,-1.4976677070686424,-0.38270826109516864,1.0,0.0,0.0,1.0,0.0,1.0,0.0,1.0,1.0,0.0,0.0,0.0,0.0,1.0,0.0,1.0,0.0,0.0,1.0,0.0,0.0,1.0,0.0,0.0,1.0,0.0,0.0,1.0,0.0,0.0,1.0,0.0,0.0,0.0,1.0,1.0,0.0,0.0,1.0,0.0,0.0,1.0,0.0,1.0,0.0,1.0,0.0,-0.2433012802370361,0.0,1.0,0.0,0.0,1.0,0.0,0.0,1.0,0.0
1265-HVPZB,0,1.0843365120829946,0.05445069108651675,0.738944690802603,0.0,1.0,0.0,1.0,1.0,0.0,0.0,1.0,1.0,0.0,0.0,1.0,0.0,0.0,0.0,0.0,1.0,0.0,0.0,1.0,0.0,0.0,1.0,1.0,0.0,0.0,0.0,0.0,1.0,1.0,0.0,0.0,0.0,1.0,0.0,1.0,0.0,0.0,1.0,0.0,0.0,1.0,0.0,6.0,0.0,1.0,0.0,0.6814717410770399,0.0,1.0,0.0,0.0,1.0,0.0,0.0,1.0,0.0
4115-UMJFQ,0,1.4915401492832983,-0.9642308700153169,0.09218592633880447,0.0,1.0,1.0,0.0,1.0,0.0,1.0,0.0,0.0,1.0,0.0,1.0,0.0,0.0,1.0,0.0,0.0,0.0,0.0,1.0,0.0,0.0,1.0,1.0,0.0,0.0,1.0,0.0,0.0,1.0,0.0,0.0,0.0,1.0,0.0,0.0,1.0,1.0,0.0,0.0,0.0,1.0,0.0,3.0,0.0,1.0,0.0,0.06180586314294043,0.0,1.0,0.0,0.0,1.0,0.0,0.0,1.0,0.0
7369-TRPFD,0,-0.5444780367182193,-1.5275800530716328,-0.8841839933014353,0.0,1.0,1.0,0.0,1.0,0.0,0.0,1.0,1.0,0.0,0.0,0.0,0.0,1.0,0.0,1.0,0.0,0.0,1.0,0.0,0.0,1.0,0.0,0.0,1.0,0.0,0.0,1.0,0.0,0.0,1.0,0.0,0.0,1.0,0.0,1.0,0.0,0.0,0.0,0.0,1.0,1.0,0.0,1.0,1.0,0.0,0.0,1.6239112207918538,1.0,0.0,0.0,1.0,0.0,0.0,1.0,0.0,0.0
1098-KFQEC,0,0.9214550572028734,-1.5076384890696393,-0.5295575088538066,1.0,0.0,0.0,1.0,0.0,1.0,0.0,1.0,1.0,0.0,0.0,0.0,0.0,1.0,0.0,1.0,0.0,0.0,1.0,0.0,0.0,1.0,0.0,0.0,1.0,0.0,0.0,1.0,0.0,0.0,1.0,0.0,0.0,0.0,1.0,1.0,0.0,0.0,1.0,0.0,0.0,1.0,0.0,1.0,0.0,1.0,0.0,-0.5746970562637174,0.0,1.0,0.0,0.0,1.0,0.0,0.0,1.0,0.0
7190-XHTWJ,0,0.22920887396235737,-1.5109620830699715,-0.6740464036741579,1.0,0.0,1.0,0.0,1.0,0.0,0.0,1.0,1.0,0.0,0.0,0.0,0.0,1.0,0.0,1.0,0.0,0.0,1.0,0.0,0.0,1.0,0.0,0.0,1.0,0.0,0.0,1.0,0.0,0.0,1.0,0.0,0.0,1.0,0.0,1.0,0.0,0.0,0.0,0.0,1.0,1.0,0.0,1.0,0.0,0.0,1.0,-2.9407517781569643,0.0,0.0,1.0,0.0,0.0,1.0,0.0,0.0,1.0
0621-TWIEM,0,-0.9109613101984924,-0.6385186579827569,-0.8297414601080572,0.0,1.0,1.0,0.0,1.0,0.0,0.0,1.0,1.0,0.0,0.0,1.0,0.0,0.0,1.0,0.0,0.0,1.0,0.0,0.0,1.0,0.0,0.0,1.0,0.0,0.0,1.0,0.0,0.0,1.0,0.0,0.0,1.0,0.0,0.0,0.0,1.0,0.0,0.0,1.0,0.0,0.0,1.0,2.0,1.0,0.0,0.0,0.9108416030613441,1.0,0.0,0.0,1.0,0.0,0.0,1.0,0.0,0.0
3537-RYBHH,1,0.5956921474426305,0.08934842809000525,0.42737810294876455,1.0,0.0,0.0,1.0,1.0,0.0,0.0,1.0,0.0,0.0,1.0,1.0,0.0,0.0,0.0,0.0,1.0,0.0,0.0,1.0,0.0,0.0,1.0,1.0,0.0,0.0,1.0,0.0,0.0,1.0,0.0,0.0,1.0,0.0,0.0,0.0,1.0,0.0,1.0,0.0,0.0,1.0,0.0,6.0,0.0,1.0,0.0,0.7174479381397656,0.0,1.0,0.0,0.0,1.0,0.0,0.0,1.0,0.0
2485-ITVKB,0,-1.2367242199587352,-0.9858342310174765,-0.9770318953317955,1.0,0.0,0.0,1.0,1.0,0.0,1.0,0.0,0.0,1.0,0.0,1.0,0.0,0.0,1.0,0.0,0.0,1.0,0.0,0.0,1.0,0.0,0.0,1.0,0.0,0.0,1.0,0.0,0.0,0.0,0.0,1.0,1.0,0.0,0.0,0.0,1.0,0.0,0.0,1.0,0.0,0.0,1.0,2.0,1.0,0.0,0.0,0.7900159789580213,1.0,0.0,0.0,1.0,0.0,0.0,1.0,0.0,0.0
3669-OYSJI,0,-1.2774445836787656,-0.6169152969805971,-0.9869806726698075,0.0,1.0,1.0,0.0,1.0,0.0,0.0,1.0,1.0,0.0,0.0,1.0,0.0,0.0,1.0,0.0,0.0,1.0,0.0,0.0,1.0,0.0,0.0,1.0,0.0,0.0,1.0,0.0,0.0,1.0,0.0,0.0,1.0,0.0,0.0,1.0,0.0,0.0,1.0,0.0,0.0,0.0,1.0,2.0,1.0,0.0,0.0,0.7726211260198196,1.0,0.0,0.0,1.0,0.0,0.0,1.0,0.0,0.0
1612-EOHDH,0,-1.2774445836787656,-0.6518130339840859,-0.9874439195081627,1.0,0.0,1.0,0.0,1.0,0.0,0.0,1.0,1.0,0.0,0.0,1.0,0.0,0.0,1.0,0.0,0.0,1.0,0.0,0.0,1.0,0.0,0.0,1.0,0.0,0.0,1.0,0.0,0.0,1.0,0.0,0.0,1.0,0.0,0.0,1.0,0.0,0.0,0.0,1.0,0.0,0.0,1.0,2.0,1.0,0.0,0.0,0.772983761584817,1.0,0.0,0.0,1.0,0.0,0.0,1.0,0.0,0.0
6702-OHFWR,1,-1.2774445836787656,-0.7132995229902325,-0.9882601163185982,0.0,1.0,1.0,0.0,1.0,0.0,1.0,0.0,0.0,1.0,0.0,1.0,0.0,0.0,1.0,0.0,0.0,0.0,0.0,1.0,0.0,0.0,1.0,1.0,0.0,0.0,1.0,0.0,0.0,0.0,0.0,1.0,1.0,0.0,0.0,0.0,1.0,0.0,0.0,1.0,0.0,0.0,1.0,4.0,1.0,0.0,0.0,0.773622690913622,1.0,0.0,0.0,1.0,0.0,0.0,1.0,0.0,0.0
5296-BFCYD,0,0.5549717837226001,-1.4843733310673135,-0.5940370568782168,0.0,1.0,0.0,1.0,0.0,1.0,0.0,1.0,1.0,0.0,0.0,0.0,0.0,1.0,0.0,1.0,0.0,0.0,1.0,0.0,0.0,1.0,0.0,0.0,1.0,0.0,0.0,1.0,0.0,0.0,1.0,0.0,0.0,0.0,1.0,0.0,1.0,0.0,0.0,0.0,1.0,1.0,0.0,1.0,0.0,1.0,0.0,-1.070391458271225,0.0,1.0,0.0,0.0,1.0,0.0,0.0,1.0,0.0
4510-PYUSH,1,0.22920887396235737,-0.2529817539442163,-0.014404965229430243,1.0,0.0,1.0,0.0,1.0,0.0,0.0,1.0,1.0,0.0,0.0,1.0,0.0,0.0,0.0,0.0,1.0,0.0,0.0,1.0,1.0,0.0,0.0,1.0,0.0,0.0,1.0,0.0,0.0,1.0,0.0,0.0,1.0,0.0,0.0,0.0,1.0,0.0,1.0,0.0,0.0,0.0,1.0,4.0,0.0,0.0,1.0,-0.06284645520223597,0.0,0.0,1.0,0.0,0.0,1.0,0.0,0.0,1.0
9359-JANWS,0,1.3286586944031769,-0.19481885893840195,0.6943406380809618,1.0,0.0,0.0,1.0,1.0,0.0,0.0,1.0,1.0,0.0,0.0,1.0,0.0,0.0,0.0,0.0,1.0,1.0,0.0,0.0,0.0,0.0,1.0,0.0,0.0,1.0,1.0,0.0,0.0,1.0,0.0,0.0,0.0,0.0,1.0,1.0,0.0,0.0,1.0,0.0,0.0,1.0,0.0,5.0,0.0,1.0,0.0,0.522587660025703,0.0,1.0,0.0,0.0,1.0,0.0,0.0,1.0,0.0
7517-SAWMO,0,-0.5444780367182193,0.2804550831091094,-0.37156827760138583,1.0,0.0,0.0,1.0,1.0,0.0,0.0,1.0,1.0,0.0,0.0,0.0,1.0,0.0,0.0,0.0,1.0,1.0,0.0,0.0,1.0,0.0,0.0,1.0,0.0,0.0,1.0,0.0,0.0,1.0,0.0,0.0,1.0,0.0,0.0,0.0,1.0,0.0,0.0,1.0,0.0,0.0,1.0,3.0,1.0,0.0,0.0,0.6824302406043268,1.0,0.0,0.0,1.0,0.0,0.0,1.0,0.0,0.0
4143-HHPMK,0,0.7992939660427822,0.684271754149477,0.906772402526761,0.0,1.0,1.0,0.0,1.0,0.0,0.0,1.0,1.0,0.0,0.0,0.0,1.0,0.0,1.0,0.0,0.0,0.0,0.0,1.0,1.0,0.0,0.0,1.0,0.0,0.0,1.0,0.0,0.0,0.0,0.0,1.0,1.0,0.0,0.0,0.0,1.0,0.0,0.0,1.0,0.0,0.0,1.0,4.0,0.0,1.0,0.0,1.1344667181914219,0.0,1.0,0.0,0.0,1.0,0.0,0.0,1.0,0.0
3279-DYZQM,0,1.5729808767233588,-1.505976692069473,-0.39920867228992013,0.0,1.0,0.0,1.0,0.0,1.0,0.0,1.0,1.0,0.0,0.0,0.0,0.0,1.0,0.0,1.0,0.0,0.0,1.0,0.0,0.0,1.0,0.0,0.0,1.0,0.0,0.0,1.0,0.0,0.0,1.0,0.0,0.0,0.0,1.0,1.0,0.0,0.0,0.0,0.0,1.0,1.0,0.0,1.0,0.0,1.0,0.0,-0.25379117966233816,0.0,1.0,0.0,0.0,1.0,0.0,0.0,1.0,0.0
7054-LGEQW,0,-1.2774445836787656,-0.6252242819814278,-0.9870909695360826,1.0,0.0,1.0,0.0,1.0,0.0,0.0,1.0,1.0,0.0,0.0,1.0,0.0,0.0,1.0,0.0,0.0,1.0,0.0,0.0,1.0,0.0,0.0,1.0,0.0,0.0,1.0,0.0,0.0,1.0,0.0,0.0,1.0,0.0,0.0,1.0,0.0,0.0,0.0,0.0,1.0,0.0,1.0,2.0,1.0,0.0,0.0,0.7727074678210094,1.0,0.0,0.0,1.0,0.0,0.0,1.0,0.0,0.0
0523-VNGTF,1,0.7992939660427822,-0.4740007549663106,0.12485585812948247,1.0,0.0,1.0,0.0,1.0,0.0,1.0,0.0,0.0,1.0,0.0,1.0,0.0,0.0,1.0,0.0,0.0,0.0,0.0,1.0,0.0,0.0,1.0,0.0,0.0,1.0,0.0,0.0,1.0,1.0,0.0,0.0,1.0,0.0,0.0,0.0,1.0,0.0,0.0,1.0,0.0,1.0,0.0,5.0,0.0,1.0,0.0,0.15620768257219592,0.0,1.0,0.0,0.0,1.0,0.0,0.0,1.0,0.0
9575-IWCAZ,0,-1.0738427650786138,-1.3181936310507012,-0.9319204770252888,0.0,1.0,0.0,1.0,1.0,0.0,0.0,1.0,0.0,0.0,1.0,0.0,0.0,1.0,0.0,1.0,0.0,0.0,1.0,0.0,0.0,1.0,0.0,0.0,1.0,0.0,0.0,1.0,0.0,0.0,1.0,0.0,0.0,1.0,0.0,1.0,0.0,0.0,0.0,0.0,1.0,1.0,0.0,2.0,1.0,0.0,0.0,0.8678369937679515,1.0,0.0,0.0,1.0,0.0,0.0,1.0,0.0,0.0
7105-MXJLL,1,-0.2594354906780068,-0.1349941669324214,-0.3026106768062074,1.0,0.0,0.0,1.0,1.0,0.0,0.0,1.0,1.0,0.0,0.0,1.0,0.0,0.0,1.0,0.0,0.0,1.0,0.0,0.0,0.0,0.0,1.0,1.0,0.0,0.0,1.0,0.0,0.0,0.0,0.0,1.0,0.0,1.0,0.0,1.0,0.0,0.0,0.0,0.0,1.0,1.0,0.0,4.0,0.0,0.0,1.0,1.1664197370042428,0.0,0.0,1.0,0.0,0.0,1.0,0.0,0.0,1.0
7064-FRRSW,1,0.6364125111626608,1.1379423351948288,1.0857842164912115,0.0,1.0,1.0,0.0,1.0,0.0,0.0,1.0,0.0,0.0,1.0,0.0,1.0,0.0,1.0,0.0,0.0,0.0,0.0,1.0,1.0,0.0,0.0,1.0,0.0,0.0,0.0,0.0,1.0,0.0,0.0,1.0,0.0,1.0,0.0,0.0,1.0,0.0,0.0,1.0,0.0,1.0,0.0,6.0,0.0,1.0,0.0,1.706101306065769,0.0,1.0,0.0,0.0,1.0,0.0,0.0,1.0,0.0
7940-UQQUG,0,1.2879383306831464,1.3174164112127704,1.9581221318607984,1.0,0.0,0.0,1.0,0.0,1.0,0.0,1.0,0.0,0.0,1.0,0.0,1.0,0.0,0.0,0.0,1.0,1.0,0.0,0.0,1.0,0.0,0.0,0.0,0.0,1.0,0.0,0.0,1.0,0.0,0.0,1.0,0.0,1.0,0.0,0.0,1.0,1.0,0.0,0.0,0.0,1.0,0.0,7.0,0.0,1.0,0.0,1.5203539526789098,0.0,1.0,0.0,0.0,1.0,0.0,0.0,1.0,0.0
0923-PNFUB,0,-1.1960038562387048,0.6310942501441613,-0.8982799328113902,1.0,0.0,1.0,0.0,1.0,0.0,0.0,1.0,1.0,0.0,0.0,0.0,1.0,0.0,1.0,0.0,0.0,0.0,0.0,1.0,1.0,0.0,0.0,1.0,0.0,0.0,0.0,0.0,1.0,1.0,0.0,0.0,1.0,0.0,0.0,1.0,0.0,0.0,0.0,1.0,0.0,0.0,1.0,4.0,1.0,0.0,0.0,0.7510677562833098,1.0,0.0,0.0,1.0,0.0,0.0,1.0,0.0,0.0
3961-SXAXY,0,-1.2774445836787656,-0.6883725679877406,-0.987929225719773,0.0,1.0,1.0,0.0,1.0,0.0,0.0,1.0,1.0,0.0,0.0,1.0,0.0,0.0,1.0,0.0,0.0,1.0,0.0,0.0,1.0,0.0,0.0,1.0,0.0,0.0,1.0,0.0,0.0,1.0,0.0,0.0,1.0,0.0,0.0,0.0,1.0,1.0,0.0,0.0,0.0,1.0,0.0,2.0,1.0,0.0,0.0,0.7733636655100524,1.0,0.0,0.0,1.0,0.0,0.0,1.0,0.0,0.0
7010-BRBUU,0,1.6137012404433893,-1.3514295710540236,-0.24205769722118992,0.0,1.0,0.0,1.0,0.0,1.0,0.0,1.0,0.0,0.0,1.0,0.0,0.0,1.0,0.0,1.0,0.0,0.0,1.0,0.0,0.0,1.0,0.0,0.0,1.0,0.0,0.0,1.0,0.0,0.0,1.0,0.0,0.0,0.0,1.0,1.0,0.0,0.0,1.0,0.0,0.0,1.0,0.0,2.0,0.0,1.0,0.0,-0.15000155614596963,0.0,1.0,0.0,0.0,1.0,0.0,0.0,1.0,0.0
3566-HJGPK,0,-1.2774445836787656,-0.6385186579827569,-0.9872674445221226,0.0,1.0,1.0,0.0,1.0,0.0,0.0,1.0,1.0,0.0,0.0,1.0,0.0,0.0,1.0,0.0,0.0,1.0,0.0,0.0,1.0,0.0,0.0,1.0,0.0,0.0,1.0,0.0,0.0,1.0,0.0,0.0,1.0,0.0,0.0,0.0,1.0,0.0,0.0,0.0,1.0,1.0,0.0,2.0,1.0,0.0,0.0,0.7728456147029131,1.0,0.0,0.0,1.0,0.0,0.0,1.0,0.0,0.0
3062-ICYZQ,0,0.758573602322752,0.9651154471775519,0.995340786145648,1.0,0.0,0.0,1.0,0.0,1.0,0.0,1.0,0.0,0.0,1.0,0.0,1.0,0.0,0.0,0.0,1.0,0.0,0.0,1.0,1.0,0.0,0.0,1.0,0.0,0.0,1.0,0.0,0.0,0.0,0.0,1.0,1.0,0.0,0.0,0.0,1.0,0.0,0.0,1.0,0.0,1.0,0.0,6.0,0.0,1.0,0.0,1.3121215701388964,0.0,1.0,0.0,0.0,1.0,0.0,0.0,1.0,0.0
9938-PRCVK,0,0.35136996512244845,-1.4976677070686424,-0.6525385147505178,1.0,0.0,0.0,1.0,0.0,1.0,0.0,1.0,1.0,0.0,0.0,0.0,0.0,1.0,0.0,1.0,0.0,0.0,1.0,0.0,0.0,1.0,0.0,0.0,1.0,0.0,0.0,1.0,0.0,0.0,1.0,0.0,0.0,0.0,1.0,1.0,0.0,1.0,0.0,0.0,0.0,1.0,0.0,1.0,0.0,0.0,1.0,-1.857126617305254,0.0,0.0,1.0,0.0,0.0,1.0,0.0,0.0,1.0
0973-KYVNF,0,1.6137012404433893,0.19570343610063723,1.2034930321799737,1.0,0.0,0.0,1.0,0.0,1.0,0.0,1.0,1.0,0.0,0.0,1.0,0.0,0.0,0.0,0.0,1.0,0.0,0.0,1.0,0.0,0.0,1.0,1.0,0.0,0.0,0.0,0.0,1.0,1.0,0.0,0.0,0.0,0.0,1.0,0.0,1.0,0.0,1.0,0.0,0.0,1.0,0.0,6.0,0.0,1.0,0.0,0.7457966828167619,0.0,1.0,0.0,0.0,1.0,0.0,0.0,1.0,0.0
5129-HHMZC,0,0.43281069256250915,0.720831288153132,0.5696610604436143,1.0,0.0,0.0,1.0,1.0,0.0,0.0,1.0,0.0,0.0,1.0,1.0,0.0,0.0,0.0,0.0,1.0,0.0,0.0,1.0,1.0,0.0,0.0,0.0,0.0,1.0,0.0,0.0,1.0,0.0,0.0,1.0,0.0,0.0,1.0,1.0,0.0,0.0,1.0,0.0,0.0,1.0,0.0,8.0,0.0,0.0,1.0,1.3161898960279046,0.0,0.0,1.0,0.0,0.0,1.0,0.0,0.0,1.0
9637-CDTKZ,0,1.6137012404433893,1.639805029244998,2.5602547842297003,0.0,1.0,0.0,1.0,1.0,0.0,0.0,1.0,0.0,0.0,1.0,0.0,1.0,0.0,0.0,0.0,1.0,0.0,0.0,1.0,0.0,0.0,1.0,0.0,0.0,1.0,0.0,0.0,1.0,0.0,0.0,1.0,0.0,0.0,1.0,0.0,1.0,0.0,1.0,0.0,0.0,1.0,0.0,9.0,0.0,1.0,0.0,1.5865729789773422,0.0,1.0,0.0,0.0,1.0,0.0,0.0,1.0,0.0
3946-JEWRQ,0,0.5956921474426305,1.0116457631822036,1.0057748696952702,0.0,1.0,0.0,1.0,1.0,0.0,0.0,1.0,0.0,0.0,1.0,0.0,1.0,0.0,1.0,0.0,0.0,1.0,0.0,0.0,1.0,0.0,0.0,1.0,0.0,0.0,0.0,0.0,1.0,0.0,0.0,1.0,0.0,1.0,0.0,0.0,1.0,0.0,1.0,0.0,0.0,1.0,0.0,5.0,0.0,1.0,0.0,1.688413845999428,0.0,1.0,0.0,0.0,1.0,0.0,0.0,1.0,0.0
7873-CVMAW,0,1.6137012404433893,0.7906267621601091,1.7996255350235122,0.0,1.0,1.0,0.0,1.0,0.0,0.0,1.0,0.0,0.0,1.0,1.0,0.0,0.0,0.0,0.0,1.0,0.0,0.0,1.0,0.0,0.0,1.0,0.0,0.0,1.0,0.0,0.0,1.0,0.0,0.0,1.0,0.0,0.0,1.0,1.0,0.0,0.0,1.0,0.0,0.0,1.0,0.0,9.0,0.0,1.0,0.0,1.1152160572975933,0.0,1.0,0.0,0.0,1.0,0.0,0.0,1.0,0.0
0463-WZZKO,0,-1.1960038562387048,-1.462769970065154,-0.977759854649211,0.0,1.0,1.0,0.0,1.0,0.0,0.0,1.0,1.0,0.0,0.0,0.0,0.0,1.0,0.0,1.0,0.0,0.0,1.0,0.0,0.0,1.0,0.0,0.0,1.0,0.0,0.0,1.0,0.0,0.0,1.0,0.0,1.0,0.0,0.0,0.0,1.0,0.0,1.0,0.0,0.0,1.0,0.0,1.0,1.0,0.0,0.0,0.8175223261605141,1.0,0.0,0.0,1.0,0.0,0.0,1.0,0.0,0.0
3494-JCHRQ,0,-1.2774445836787656,0.17576187209864347,-0.976458351627165,0.0,1.0,1.0,0.0,1.0,0.0,0.0,1.0,1.0,0.0,0.0,0.0,1.0,0.0,1.0,0.0,0.0,1.0,0.0,0.0,1.0,0.0,0.0,1.0,0.0,0.0,1.0,0.0,0.0,1.0,0.0,0.0,1.0,0.0,0.0,0.0,1.0,0.0,0.0,1.0,0.0,0.0,1.0,2.0,1.0,0.0,0.0,0.7643841181863053,1.0,0.0,0.0,1.0,0.0,0.0,1.0,0.0,0.0
6474-FVJLC,0,-1.2367242199587352,0.7058751151516368,-0.9343690674565955,0.0,1.0,1.0,0.0,1.0,0.0,0.0,1.0,0.0,0.0,1.0,0.0,1.0,0.0,1.0,0.0,0.0,1.0,0.0,0.0,1.0,0.0,0.0,1.0,0.0,0.0,1.0,0.0,0.0,0.0,0.0,1.0,1.0,0.0,0.0,0.0,1.0,0.0,0.0,1.0,0.0,0.0,1.0,4.0,1.0,0.0,0.0,0.7555193408339427,1.0,0.0,0.0,1.0,0.0,0.0,1.0,0.0,0.0
4524-QCSSM,0,-0.2594354906780068,-0.6684310039857471,-0.49710817079567887,0.0,1.0,1.0,0.0,1.0,0.0,1.0,0.0,0.0,1.0,0.0,1.0,0.0,0.0,0.0,0.0,1.0,0.0,0.0,1.0,1.0,0.0,0.0,1.0,0.0,0.0,1.0,0.0,0.0,0.0,0.0,1.0,1.0,0.0,0.0,0.0,1.0,1.0,0.0,0.0,0.0,1.0,0.0,4.0,0.0,0.0,1.0,1.9161147516731039,0.0,0.0,1.0,0.0,0.0,1.0,0.0,0.0,1.0
5832-EXGTT,0,-0.13727439951791576,-0.15161213693408263,-0.19815954444370912,0.0,1.0,0.0,1.0,0.0,1.0,0.0,1.0,1.0,0.0,0.0,1.0,0.0,0.0,0.0,0.0,1.0,1.0,0.0,0.0,1.0,0.0,0.0,1.0,0.0,0.0,1.0,0.0,0.0,0.0,0.0,1.0,1.0,0.0,0.0,0.0,1.0,0.0,0.0,0.0,1.0,1.0,0.0,4.0,0.0,0.0,1.0,1.4435287653022821,0.0,0.0,1.0,0.0,0.0,1.0,0.0,0.0,1.0
8840-DQLGN,1,0.10704778280226633,1.1877962451998125,0.6044486920667738,1.0,0.0,0.0,1.0,1.0,0.0,0.0,1.0,0.0,0.0,1.0,0.0,1.0,0.0,0.0,0.0,1.0,0.0,0.0,1.0,1.0,0.0,0.0,0.0,0.0,1.0,0.0,0.0,1.0,1.0,0.0,0.0,1.0,0.0,0.0,0.0,1.0,1.0,0.0,0.0,0.0,0.0,1.0,7.0,0.0,0.0,1.0,5.646531635160377,0.0,0.0,1.0,0.0,0.0,1.0,0.0,0.0,1.0
2039-JONDJ,0,-0.21871512695797646,-0.3094828519498643,-0.3554428757519694,0.0,1.0,1.0,0.0,1.0,0.0,0.0,1.0,1.0,0.0,0.0,1.0,0.0,0.0,0.0,0.0,1.0,0.0,0.0,1.0,1.0,0.0,0.0,1.0,0.0,0.0,1.0,0.0,0.0,1.0,0.0,0.0,0.0,1.0,0.0,1.0,0.0,1.0,0.0,0.0,0.0,1.0,0.0,4.0,0.0,0.0,1.0,1.625140797052705,0.0,0.0,1.0,0.0,0.0,1.0,0.0,0.0,1.0
7217-JYHOQ,0,-0.3408762181180675,0.18407085709947407,-0.25449918373701863,0.0,1.0,0.0,1.0,0.0,1.0,0.0,1.0,1.0,0.0,0.0,1.0,0.0,0.0,0.0,0.0,1.0,0.0,0.0,1.0,1.0,0.0,0.0,0.0,0.0,1.0,1.0,0.0,0.0,0.0,0.0,1.0,1.0,0.0,0.0,0.0,1.0,0.0,1.0,0.0,0.0,1.0,0.0,6.0,0.0,0.0,1.0,0.7466029315335488,0.0,0.0,1.0,0.0,0.0,1.0,0.0,0.0,1.0
6695-FRVEC,0,1.4100994218432374,-0.14496494893341827,0.7369593472096516,0.0,1.0,0.0,1.0,0.0,1.0,0.0,1.0,1.0,0.0,0.0,1.0,0.0,0.0,0.0,0.0,1.0,1.0,0.0,0.0,0.0,0.0,1.0,0.0,0.0,1.0,1.0,0.0,0.0,1.0,0.0,0.0,0.0,0.0,1.0,0.0,1.0,1.0,0.0,0.0,0.0,1.0,0.0,5.0,0.0,1.0,0.0,0.522629352082367,0.0,1.0,0.0,0.0,1.0,0.0,0.0,1.0,0.0
4547-LYTDD,0,-0.6666391278783103,0.2621753161072821,-0.48045334398814216,1.0,0.0,1.0,0.0,1.0,0.0,0.0,1.0,0.0,0.0,1.0,0.0,1.0,0.0,1.0,0.0,0.0,1.0,0.0,0.0,1.0,0.0,0.0,1.0,0.0,0.0,1.0,0.0,0.0,1.0,0.0,0.0,1.0,0.0,0.0,1.0,0.0,0.0,0.0,1.0,0.0,0.0,1.0,3.0,1.0,0.0,0.0,0.7207097871936571,1.0,0.0,0.0,1.0,0.0,0.0,1.0,0.0,0.0
9894-QMIMJ,0,-0.38159658183809786,-0.29785027294870164,-0.42153275802399587,1.0,0.0,1.0,0.0,1.0,0.0,0.0,1.0,1.0,0.0,0.0,1.0,0.0,0.0,1.0,0.0,0.0,0.0,0.0,1.0,0.0,0.0,1.0,1.0,0.0,0.0,1.0,0.0,0.0,1.0,0.0,0.0,0.0,1.0,0.0,1.0,0.0,1.0,0.0,0.0,0.0,1.0,0.0,4.0,0.0,0.0,1.0,1.104655487199416,0.0,0.0,1.0,0.0,0.0,1.0,0.0,0.0,1.0
8069-YQQAJ,0,-0.748079855318371,-1.1187779910307663,-0.8221971544548418,0.0,1.0,1.0,0.0,1.0,0.0,1.0,0.0,0.0,1.0,0.0,1.0,0.0,0.0,1.0,0.0,0.0,0.0,0.0,1.0,1.0,0.0,0.0,1.0,0.0,0.0,1.0,0.0,0.0,1.0,0.0,0.0,1.0,0.0,0.0,0.0,1.0,0.0,0.0,0.0,1.0,1.0,0.0,2.0,1.0,0.0,0.0,1.0990767210339165,1.0,0.0,0.0,1.0,0.0,0.0,1.0,0.0,0.0
6770-XUAGN,0,-1.2774445836787656,-1.4544609850643233,-0.9980985967903352,1.0,0.0,0.0,1.0,0.0,1.0,0.0,1.0,1.0,0.0,0.0,0.0,0.0,1.0,0.0,1.0,0.0,0.0,1.0,0.0,0.0,1.0,0.0,0.0,1.0,0.0,0.0,1.0,0.0,0.0,1.0,0.0,1.0,0.0,0.0,0.0,1.0,0.0,0.0,1.0,0.0,0.0,1.0,1.0,1.0,0.0,0.0,0.7813243795797591,1.0,0.0,0.0,1.0,0.0,0.0,1.0,0.0,0.0
4193-ORFCL,1,-1.2774445836787656,-0.6534748309842519,-0.9874659788814177,1.0,0.0,1.0,0.0,1.0,0.0,0.0,1.0,1.0,0.0,0.0,1.0,0.0,0.0,1.0,0.0,0.0,1.0,0.0,0.0,1.0,0.0,0.0,1.0,0.0,0.0,1.0,0.0,0.0,1.0,0.0,0.0,1.0,0.0,0.0,1.0,0.0,0.0,0.0,0.0,1.0,0.0,1.0,2.0,1.0,0.0,0.0,0.7730010299450549,1.0,0.0,0.0,1.0,0.0,0.0,1.0,0.0,0.0
1636-NTNCO,1,-1.1552834925186746,-0.4590445819648154,-0.9158833126688926,0.0,1.0,1.0,0.0,1.0,0.0,1.0,0.0,0.0,1.0,0.0,1.0,0.0,0.0,1.0,0.0,0.0,0.0,0.0,1.0,1.0,0.0,0.0,1.0,0.0,0.0,0.0,0.0,1.0,0.0,0.0,1.0,1.0,0.0,0.0,0.0,1.0,0.0,1.0,0.0,0.0,1.0,0.0,4.0,1.0,0.0,0.0,0.7927779792578381,1.0,0.0,0.0,1.0,0.0,0.0,1.0,0.0,0.0
3466-WAESX,0,-0.6666391278783103,0.14418772909548702,-0.5292486776282364,0.0,1.0,1.0,0.0,0.0,1.0,0.0,1.0,0.0,0.0,1.0,1.0,0.0,0.0,0.0,0.0,1.0,0.0,0.0,1.0,1.0,0.0,0.0,1.0,0.0,0.0,1.0,0.0,0.0,0.0,0.0,1.0,1.0,0.0,0.0,0.0,1.0,0.0,0.0,1.0,0.0,1.0,0.0,6.0,1.0,0.0,0.0,0.7939058112485209,1.0,0.0,0.0,1.0,0.0,0.0,1.0,0.0,0.0
9281-PKKZE,0,0.5549717837226001,-0.6916961619880726,-0.12152528175578545,1.0,0.0,0.0,1.0,1.0,0.0,1.0,0.0,0.0,1.0,0.0,1.0,0.0,0.0,1.0,0.0,0.0,1.0,0.0,0.0,1.0,0.0,0.0,1.0,0.0,0.0,0.0,0.0,1.0,0.0,0.0,1.0,1.0,0.0,0.0,0.0,1.0,0.0,0.0,1.0,0.0,1.0,0.0,3.0,0.0,1.0,0.0,-0.2189756043823108,0.0,1.0,0.0,0.0,1.0,0.0,0.0,1.0,0.0
3638-VBZTA,0,1.4508197855632678,0.722493085153298,1.5880320267614036,0.0,1.0,1.0,0.0,0.0,1.0,0.0,1.0,0.0,0.0,1.0,1.0,0.0,0.0,0.0,0.0,1.0,0.0,0.0,1.0,1.0,0.0,0.0,0.0,0.0,1.0,0.0,0.0,1.0,0.0,0.0,1.0,0.0,0.0,1.0,0.0,1.0,1.0,0.0,0.0,0.0,1.0,0.0,8.0,0.0,1.0,0.0,1.0945756616800373,0.0,1.0,0.0,0.0,1.0,0.0,0.0,1.0,0.0
7459-IMVYU,0,0.22920887396235737,0.1724382780983114,0.1651142143198857,0.0,1.0,1.0,0.0,1.0,0.0,0.0,1.0,0.0,0.0,1.0,1.0,0.0,0.0,0.0,0.0,1.0,0.0,0.0,1.0,0.0,0.0,1.0,0.0,0.0,1.0,1.0,0.0,0.0,1.0,0.0,0.0,1.0,0.0,0.0,1.0,0.0,0.0,0.0,1.0,0.0,1.0,0.0,7.0,0.0,0.0,1.0,0.7203657147541425,0.0,0.0,1.0,0.0,0.0,1.0,0.0,0.0,1.0
7776-QWNFX,1,-0.0965540357978854,-0.4773243489666429,-0.33344968061671904,0.0,1.0,0.0,1.0,1.0,0.0,0.0,1.0,1.0,0.0,0.0,1.0,0.0,0.0,1.0,0.0,0.0,0.0,0.0,1.0,1.0,0.0,0.0,1.0,0.0,0.0,1.0,0.0,0.0,1.0,0.0,0.0,1.0,0.0,0.0,0.0,1.0,1.0,0.0,0.0,0.0,0.0,1.0,3.0,0.0,0.0,1.0,3.4535032933757677,0.0,0.0,1.0,0.0,0.0,1.0,0.0,0.0,1.0
6689-TCZHQ,1,-1.1145631287986442,0.47156173812821356,-0.8404181967634846,1.0,0.0,1.0,0.0,1.0,0.0,0.0,1.0,1.0,0.0,0.0,0.0,1.0,0.0,1.0,0.0,0.0,1.0,0.0,0.0,1.0,0.0,0.0,1.0,0.0,0.0,1.0,0.0,0.0,0.0,0.0,1.0,1.0,0.0,0.0,1.0,0.0,0.0,0.0,1.0,0.0,0.0,1.0,3.0,1.0,0.0,0.0,0.7540337330819004,1.0,0.0,0.0,1.0,0.0,0.0,1.0,0.0,0.0
8563-OYMQY,0,-0.62591876415828,0.8703930181680831,-0.29608110232272283,0.0,1.0,1.0,0.0,1.0,0.0,0.0,1.0,1.0,0.0,0.0,0.0,1.0,0.0,1.0,0.0,0.0,0.0,0.0,1.0,0.0,0.0,1.0,1.0,0.0,0.0,1.0,0.0,0.0,0.0,0.0,1.0,1.0,0.0,0.0,0.0,1.0,0.0,1.0,0.0,0.0,1.0,0.0,5.0,1.0,0.0,0.0,0.47303439244369894,1.0,0.0,0.0,1.0,0.0,0.0,1.0,0.0,0.0
0754-EEBDC,0,-1.1552834925186746,-1.491020519067978,-0.973546514357503,0.0,1.0,0.0,1.0,0.0,1.0,0.0,1.0,1.0,0.0,0.0,0.0,0.0,1.0,0.0,1.0,0.0,0.0,1.0,0.0,0.0,1.0,0.0,0.0,1.0,0.0,0.0,1.0,0.0,0.0,1.0,0.0,0.0,0.0,1.0,1.0,0.0,0.0,0.0,0.0,1.0,1.0,0.0,1.0,1.0,0.0,0.0,0.8426905782536888,1.0,0.0,0.0,1.0,0.0,0.0,1.0,0.0,0.0
5777-ZPQNC,0,-0.8295205827584317,-1.4827115340671475,-0.892345961405791,1.0,0.0,1.0,0.0,1.0,0.0,0.0,1.0,1.0,0.0,0.0,0.0,0.0,1.0,0.0,1.0,0.0,0.0,1.0,0.0,0.0,1.0,0.0,0.0,1.0,0.0,0.0,1.0,0.0,0.0,1.0,0.0,0.0,1.0,0.0,1.0,0.0,0.0,0.0,1.0,0.0,1.0,0.0,1.0,1.0,0.0,0.0,1.0757369738053324,1.0,0.0,0.0,1.0,0.0,0.0,1.0,0.0,0.0
1951-IEYXM,0,1.6137012404433893,0.85876043916692,1.8346999384989868,0.0,1.0,0.0,1.0,0.0,1.0,0.0,1.0,0.0,0.0,1.0,1.0,0.0,0.0,0.0,0.0,1.0,0.0,0.0,1.0,0.0,0.0,1.0,0.0,0.0,1.0,0.0,0.0,1.0,0.0,0.0,1.0,0.0,0.0,1.0,0.0,1.0,0.0,1.0,0.0,0.0,1.0,0.0,9.0,0.0,1.0,0.0,1.136951433460431,0.0,1.0,0.0,0.0,1.0,0.0,0.0,1.0,0.0
3318-NMQXL,0,-1.1960038562387048,0.9052907551715716,-0.8896547178686791,0.0,1.0,1.0,0.0,1.0,0.0,0.0,1.0,1.0,0.0,0.0,0.0,1.0,0.0,1.0,0.0,0.0,1.0,0.0,0.0,1.0,0.0,0.0,1.0,0.0,0.0,0.0,0.0,1.0,0.0,0.0,1.0,1.0,0.0,0.0,0.0,1.0,0.0,0.0,1.0,0.0,1.0,0.0,4.0,1.0,0.0,0.0,0.7438560613563081,1.0,0.0,0.0,1.0,0.0,0.0,1.0,0.0,0.0
3143-ILDAL,0,0.9621754209229036,0.9867188081797118,1.2535457500956042,0.0,1.0,1.0,0.0,1.0,0.0,0.0,1.0,0.0,0.0,1.0,0.0,1.0,0.0,1.0,0.0,0.0,0.0,0.0,1.0,1.0,0.0,0.0,0.0,0.0,1.0,1.0,0.0,0.0,0.0,0.0,1.0,1.0,0.0,0.0,0.0,1.0,0.0,0.0,1.0,0.0,0.0,1.0,6.0,0.0,1.0,0.0,1.302824539929759,0.0,1.0,0.0,0.0,1.0,0.0,0.0,1.0,0.0
1022-RKXDR,0,0.35136996512244845,-1.3265026160515319,-0.5828308952646689,1.0,0.0,1.0,0.0,1.0,0.0,0.0,1.0,0.0,0.0,1.0,0.0,0.0,1.0,0.0,1.0,0.0,0.0,1.0,0.0,0.0,1.0,0.0,0.0,1.0,0.0,0.0,1.0,0.0,0.0,1.0,0.0,0.0,1.0,0.0,0.0,1.0,0.0,0.0,0.0,1.0,1.0,0.0,2.0,0.0,0.0,1.0,-1.6587385181358885,0.0,0.0,1.0,0.0,0.0,1.0,0.0,0.0,1.0
2361-FJWNO,0,0.3106496014024181,-0.9559218850144864,-0.39724538807022375,0.0,1.0,1.0,0.0,1.0,0.0,1.0,0.0,0.0,1.0,0.0,1.0,0.0,0.0,1.0,0.0,0.0,0.0,0.0,1.0,1.0,0.0,0.0,0.0,0.0,1.0,1.0,0.0,0.0,1.0,0.0,0.0,0.0,1.0,0.0,1.0,0.0,0.0,1.0,0.0,0.0,1.0,0.0,3.0,0.0,0.0,1.0,-1.278757115015991,0.0,0.0,1.0,0.0,0.0,1.0,0.0,0.0,1.0
2272-UOINI,0,-1.0331224013585834,0.45660556512671835,-0.7554234316119101,1.0,0.0,1.0,0.0,1.0,0.0,0.0,1.0,1.0,0.0,0.0,1.0,0.0,0.0,0.0,0.0,1.0,0.0,0.0,1.0,1.0,0.0,0.0,0.0,0.0,1.0,0.0,0.0,1.0,0.0,0.0,1.0,1.0,0.0,0.0,0.0,1.0,0.0,0.0,1.0,0.0,1.0,0.0,7.0,1.0,0.0,0.0,0.7312041928608926,1.0,0.0,0.0,1.0,0.0,0.0,1.0,0.0,0.0
8232-UTFOZ,0,1.4915401492832983,-1.4893587220678117,-0.38998785426932375,0.0,1.0,1.0,0.0,1.0,0.0,0.0,1.0,1.0,0.0,0.0,0.0,0.0,1.0,0.0,1.0,0.0,0.0,1.0,0.0,0.0,1.0,0.0,0.0,1.0,0.0,0.0,1.0,0.0,0.0,1.0,0.0,0.0,0.0,1.0,1.0,0.0,0.0,1.0,0.0,0.0,1.0,0.0,1.0,0.0,1.0,0.0,-0.2614665481560904,0.0,1.0,0.0,0.0,1.0,0.0,0.0,1.0,0.0
3750-YHRYO,0,-1.0331224013585834,-1.4660935640654862,-0.9411854137923953,0.0,1.0,0.0,1.0,0.0,1.0,0.0,1.0,1.0,0.0,0.0,0.0,0.0,1.0,0.0,1.0,0.0,0.0,1.0,0.0,0.0,1.0,0.0,0.0,1.0,0.0,0.0,1.0,0.0,0.0,1.0,0.0,0.0,1.0,0.0,1.0,0.0,0.0,0.0,0.0,1.0,1.0,0.0,1.0,1.0,0.0,0.0,0.911010556498157,1.0,0.0,0.0,1.0,0.0,0.0,1.0,0.0,0.0
6637-KYRCV,0,-1.1145631287986442,-1.1387195550327598,-0.93359698939267,1.0,0.0,0.0,1.0,0.0,1.0,1.0,0.0,0.0,1.0,0.0,1.0,0.0,0.0,1.0,0.0,0.0,0.0,0.0,1.0,1.0,0.0,0.0,1.0,0.0,0.0,1.0,0.0,0.0,1.0,0.0,0.0,1.0,0.0,0.0,0.0,1.0,0.0,0.0,1.0,0.0,1.0,0.0,2.0,1.0,0.0,0.0,0.8376349129716569,1.0,0.0,0.0,1.0,0.0,0.0,1.0,0.0,0.0
5668-MEISB,0,1.6137012404433893,1.3739175092184182,2.3709853617016674,1.0,0.0,0.0,1.0,0.0,1.0,0.0,1.0,0.0,0.0,1.0,0.0,1.0,0.0,0.0,0.0,1.0,0.0,0.0,1.0,0.0,0.0,1.0,0.0,0.0,1.0,0.0,0.0,1.0,1.0,0.0,0.0,0.0,0.0,1.0,1.0,0.0,0.0,1.0,0.0,0.0,1.0,0.0,8.0,0.0,1.0,0.0,1.4692839679854264,0.0,1.0,0.0,0.0,1.0,0.0,0.0,1.0,0.0
0129-QMPDR,0,0.47353105628253944,-1.4710789550659844,-0.6257143168724191,0.0,1.0,0.0,1.0,0.0,1.0,0.0,1.0,1.0,0.0,0.0,0.0,0.0,1.0,0.0,1.0,0.0,0.0,1.0,0.0,0.0,1.0,0.0,0.0,1.0,0.0,0.0,1.0,0.0,0.0,1.0,0.0,0.0,1.0,0.0,0.0,1.0,1.0,0.0,0.0,0.0,1.0,0.0,1.0,0.0,0.0,1.0,-1.3213796826434066,0.0,0.0,1.0,0.0,0.0,1.0,0.0,0.0,1.0
7188-CBBBA,0,1.3286586944031769,1.0216165451832002,1.7076379485500977,1.0,0.0,1.0,0.0,1.0,0.0,0.0,1.0,0.0,0.0,1.0,0.0,1.0,0.0,1.0,0.0,0.0,0.0,0.0,1.0,0.0,0.0,1.0,1.0,0.0,0.0,0.0,0.0,1.0,1.0,0.0,0.0,0.0,1.0,0.0,0.0,1.0,0.0,0.0,1.0,0.0,1.0,0.0,6.0,0.0,1.0,0.0,1.2852344667169437,0.0,1.0,0.0,0.0,1.0,0.0,0.0,1.0,0.0
5356-CSVSQ,0,-1.1960038562387048,-0.005374000919464063,-0.9305086771369678,1.0,0.0,1.0,0.0,1.0,0.0,0.0,1.0,0.0,0.0,1.0,1.0,0.0,0.0,1.0,0.0,0.0,1.0,0.0,0.0,1.0,0.0,0.0,0.0,0.0,1.0,0.0,0.0,1.0,1.0,0.0,0.0,1.0,0.0,0.0,1.0,0.0,0.0,0.0,1.0,0.0,1.0,0.0,5.0,1.0,0.0,0.0,0.7780147800386791,1.0,0.0,0.0,1.0,0.0,0.0,1.0,0.0,0.0
3221-CJMSG,0,-0.3408762181180675,-0.45405919096431707,-0.4472319278660889,0.0,1.0,1.0,0.0,1.0,0.0,0.0,1.0,1.0,0.0,0.0,1.0,0.0,0.0,1.0,0.0,0.0,1.0,0.0,0.0,1.0,0.0,0.0,0.0,0.0,1.0,1.0,0.0,0.0,1.0,0.0,0.0,1.0,0.0,0.0,0.0,1.0,0.0,1.0,0.0,0.0,1.0,0.0,3.0,0.0,0.0,1.0,1.3120068344315634,0.0,0.0,1.0,0.0,0.0,1.0,0.0,0.0,1.0
4720-VSTSI,0,0.47353105628253944,0.6659919871476498,0.6967451097657585,1.0,0.0,1.0,0.0,1.0,0.0,0.0,1.0,0.0,0.0,1.0,0.0,1.0,0.0,1.0,0.0,0.0,0.0,0.0,1.0,0.0,0.0,1.0,1.0,0.0,0.0,1.0,0.0,0.0,1.0,0.0,0.0,1.0,0.0,0.0,0.0,1.0,1.0,0.0,0.0,0.0,0.0,1.0,5.0,0.0,0.0,1.0,1.47138207837003,0.0,0.0,1.0,0.0,0.0,1.0,0.0,0.0,1.0
3219-JQRSL,1,1.6137012404433893,0.8089065291619363,1.7952357197457638,1.0,0.0,0.0,1.0,1.0,0.0,0.0,1.0,0.0,0.0,1.0,1.0,0.0,0.0,0.0,0.0,1.0,0.0,0.0,1.0,0.0,0.0,1.0,0.0,0.0,1.0,0.0,0.0,1.0,0.0,0.0,1.0,0.0,0.0,1.0,1.0,0.0,0.0,1.0,0.0,0.0,1.0,0.0,9.0,0.0,1.0,0.0,1.1124957177652632,0.0,1.0,0.0,0.0,1.0,0.0,0.0,1.0,0.0
2801-NISEI,0,-0.3408762181180675,-0.32610082195152557,-0.41242223686967444,0.0,1.0,1.0,0.0,1.0,0.0,0.0,1.0,1.0,0.0,0.0,1.0,0.0,0.0,0.0,0.0,1.0,1.0,0.0,0.0,1.0,0.0,0.0,0.0,0.0,1.0,1.0,0.0,0.0,1.0,0.0,0.0,1.0,0.0,0.0,1.0,0.0,0.0,0.0,1.0,0.0,1.0,0.0,4.0,0.0,0.0,1.0,1.2098885605648966,0.0,0.0,1.0,0.0,0.0,1.0,0.0,0.0,1.0
3946-MHCZW,0,-1.2774445836787656,-0.4607063789649817,-0.9849070915838359,0.0,1.0,1.0,0.0,1.0,0.0,0.0,1.0,1.0,0.0,0.0,1.0,0.0,0.0,1.0,0.0,0.0,1.0,0.0,0.0,0.0,0.0,1.0,1.0,0.0,0.0,1.0,0.0,0.0,1.0,0.0,0.0,1.0,0.0,0.0,1.0,0.0,0.0,0.0,0.0,1.0,0.0,1.0,3.0,1.0,0.0,0.0,0.7709979001574498,1.0,0.0,0.0,1.0,0.0,0.0,1.0,0.0,0.0
4623-ZKHLY,0,-0.4223169455581282,-1.4727407520661506,-0.7993215843893908,0.0,1.0,0.0,1.0,1.0,0.0,0.0,1.0,1.0,0.0,0.0,0.0,0.0,1.0,0.0,1.0,0.0,0.0,1.0,0.0,0.0,1.0,0.0,0.0,1.0,0.0,0.0,1.0,0.0,0.0,1.0,0.0,1.0,0.0,0.0,0.0,1.0,1.0,0.0,0.0,0.0,1.0,0.0,1.0,0.0,0.0,1.0,1.892705449773081,0.0,0.0,1.0,0.0,0.0,1.0,0.0,0.0,1.0
6732-VAILE,0,1.5322605130033284,0.7042133181514708,1.6096502125513188,0.0,1.0,0.0,1.0,0.0,1.0,0.0,1.0,0.0,0.0,1.0,1.0,0.0,0.0,1.0,0.0,0.0,0.0,0.0,1.0,0.0,0.0,1.0,0.0,0.0,1.0,0.0,0.0,1.0,0.0,0.0,1.0,0.0,0.0,1.0,0.0,1.0,0.0,1.0,0.0,0.0,1.0,0.0,8.0,0.0,1.0,0.0,1.0505068811022882,0.0,1.0,0.0,0.0,1.0,0.0,0.0,1.0,0.0
8201-AAXCB,0,-0.30015585439803716,-0.1466267459335843,-0.387649560704292,0.0,1.0,0.0,1.0,0.0,1.0,0.0,1.0,0.0,0.0,1.0,1.0,0.0,0.0,1.0,0.0,0.0,1.0,0.0,0.0,1.0,0.0,0.0,1.0,0.0,0.0,0.0,0.0,1.0,1.0,0.0,0.0,1.0,0.0,0.0,1.0,0.0,0.0,0.0,1.0,0.0,1.0,0.0,4.0,0.0,0.0,1.0,1.2914942521501824,0.0,0.0,1.0,0.0,0.0,1.0,0.0,0.0,1.0
7696-CFTAT,0,0.18848851024232702,-1.4943441130683104,-0.687017315148107,0.0,1.0,0.0,1.0,0.0,1.0,0.0,1.0,1.0,0.0,0.0,0.0,0.0,1.0,0.0,1.0,0.0,0.0,1.0,0.0,0.0,1.0,0.0,0.0,1.0,0.0,0.0,1.0,0.0,0.0,1.0,0.0,0.0,0.0,1.0,1.0,0.0,1.0,0.0,0.0,0.0,1.0,0.0,1.0,0.0,0.0,1.0,-3.6448763601816103,0.0,0.0,1.0,0.0,0.0,1.0,0.0,0.0,1.0
1845-CSBRZ,1,-0.4223169455581282,0.684271754149477,-0.14193020201667475,1.0,0.0,0.0,1.0,0.0,1.0,0.0,1.0,0.0,0.0,1.0,0.0,1.0,0.0,1.0,0.0,0.0,1.0,0.0,0.0,1.0,0.0,0.0,1.0,0.0,0.0,0.0,0.0,1.0,1.0,0.0,0.0,1.0,0.0,0.0,1.0,0.0,1.0,0.0,0.0,0.0,1.0,0.0,4.0,0.0,0.0,1.0,0.336075081782716,0.0,0.0,1.0,0.0,0.0,1.0,0.0,0.0,1.0
2123-VSCOT,0,1.0843365120829946,0.2438955491054544,0.8433517044185914,1.0,0.0,0.0,1.0,0.0,1.0,0.0,1.0,0.0,0.0,1.0,1.0,0.0,0.0,1.0,0.0,0.0,1.0,0.0,0.0,0.0,0.0,1.0,0.0,0.0,1.0,0.0,0.0,1.0,1.0,0.0,0.0,0.0,0.0,1.0,0.0,1.0,1.0,0.0,0.0,0.0,1.0,0.0,6.0,0.0,1.0,0.0,0.77775828354108,0.0,1.0,0.0,0.0,1.0,0.0,0.0,1.0,0.0
6651-AZVTJ,0,0.6771328748826912,1.1645310871974868,1.1423003307705608,0.0,1.0,0.0,1.0,0.0,1.0,0.0,1.0,0.0,0.0,1.0,0.0,1.0,0.0,1.0,0.0,0.0,1.0,0.0,0.0,0.0,0.0,1.0,1.0,0.0,0.0,0.0,0.0,1.0,0.0,0.0,1.0,1.0,0.0,0.0,0.0,1.0,0.0,0.0,1.0,0.0,0.0,1.0,6.0,0.0,1.0,0.0,1.6869662855587342,0.0,1.0,0.0,0.0,1.0,0.0,0.0,1.0,0.0
4566-GOLUK,0,0.5956921474426305,1.4154624342225712,1.2510530409177871,0.0,1.0,0.0,1.0,0.0,1.0,0.0,1.0,0.0,0.0,1.0,0.0,1.0,0.0,1.0,0.0,0.0,1.0,0.0,0.0,0.0,0.0,1.0,0.0,0.0,1.0,0.0,0.0,1.0,0.0,0.0,1.0,1.0,0.0,0.0,0.0,1.0,1.0,0.0,0.0,0.0,0.0,1.0,7.0,0.0,1.0,0.0,2.1001670851104723,0.0,1.0,0.0,0.0,1.0,0.0,0.0,1.0,0.0
2484-DGXPZ,0,-0.055833672077855064,-1.502653098069141,-0.7166430534295928,1.0,0.0,0.0,1.0,0.0,1.0,0.0,1.0,1.0,0.0,0.0,0.0,0.0,1.0,0.0,1.0,0.0,0.0,1.0,0.0,0.0,1.0,0.0,0.0,1.0,0.0,0.0,1.0,0.0,0.0,1.0,0.0,1.0,0.0,0.0,0.0,1.0,0.0,0.0,0.0,1.0,0.0,1.0,1.0,0.0,0.0,1.0,12.83532009913835,0.0,0.0,1.0,0.0,0.0,1.0,0.0,0.0,1.0
2018-QKYGT,0,-1.2774445836787656,0.5413572121351905,-0.9716052895110615,0.0,1.0,0.0,1.0,0.0,1.0,0.0,1.0,1.0,0.0,0.0,0.0,1.0,0.0,1.0,0.0,0.0,1.0,0.0,0.0,1.0,0.0,0.0,1.0,0.0,0.0,1.0,0.0,0.0,0.0,0.0,1.0,1.0,0.0,0.0,0.0,1.0,0.0,0.0,1.0,0.0,1.0,0.0,3.0,1.0,0.0,0.0,0.7605850789339506,1.0,0.0,0.0,1.0,0.0,0.0,1.0,0.0,0.0
2792-VPPET,0,-1.1960038562387048,-1.4710789550659844,-0.9734141581179729,0.0,1.0,1.0,0.0,1.0,0.0,0.0,1.0,1.0,0.0,0.0,0.0,0.0,1.0,0.0,1.0,0.0,0.0,1.0,0.0,0.0,1.0,0.0,0.0,1.0,0.0,0.0,1.0,0.0,0.0,1.0,0.0,1.0,0.0,0.0,0.0,1.0,0.0,0.0,1.0,0.0,1.0,0.0,1.0,1.0,0.0,0.0,0.8138888123481884,1.0,0.0,0.0,1.0,0.0,0.0,1.0,0.0,0.0
7409-JURKQ,0,0.8400143297628127,1.5633623672373562,1.555825341809081,1.0,0.0,0.0,1.0,1.0,0.0,0.0,1.0,0.0,0.0,1.0,0.0,1.0,0.0,1.0,0.0,0.0,0.0,0.0,1.0,0.0,0.0,1.0,0.0,0.0,1.0,0.0,0.0,1.0,0.0,0.0,1.0,0.0,1.0,0.0,0.0,1.0,1.0,0.0,0.0,0.0,1.0,0.0,8.0,0.0,1.0,0.0,1.8521414298353525,0.0,1.0,0.0,0.0,1.0,0.0,0.0,1.0,0.0
3247-MHJKM,0,-1.2774445836787656,-1.481049737066981,-0.9984515467624155,0.0,1.0,1.0,0.0,1.0,0.0,0.0,1.0,1.0,0.0,0.0,0.0,0.0,1.0,0.0,1.0,0.0,0.0,1.0,0.0,0.0,1.0,0.0,0.0,1.0,0.0,0.0,1.0,0.0,0.0,1.0,0.0,1.0,0.0,0.0,1.0,0.0,0.0,0.0,0.0,1.0,1.0,0.0,1.0,1.0,0.0,0.0,0.7816006733435669,1.0,0.0,0.0,1.0,0.0,0.0,1.0,0.0,0.0
1964-SVLEA,0,-0.5037576729981889,-1.4976677070686424,-0.823873666822223,0.0,1.0,1.0,0.0,1.0,0.0,0.0,1.0,1.0,0.0,0.0,0.0,0.0,1.0,0.0,1.0,0.0,0.0,1.0,0.0,0.0,1.0,0.0,0.0,1.0,0.0,0.0,1.0,0.0,0.0,1.0,0.0,0.0,1.0,0.0,0.0,1.0,0.0,0.0,0.0,1.0,1.0,0.0,1.0,1.0,0.0,0.0,1.6354563135858875,1.0,0.0,0.0,1.0,0.0,0.0,1.0,0.0,0.0
4587-NUKOX,0,-1.1960038562387048,0.47654712912871167,-0.8986108234102155,1.0,0.0,1.0,0.0,1.0,0.0,0.0,1.0,1.0,0.0,0.0,0.0,1.0,0.0,0.0,0.0,1.0,0.0,0.0,1.0,1.0,0.0,0.0,1.0,0.0,0.0,1.0,0.0,0.0,1.0,0.0,0.0,1.0,0.0,0.0,0.0,1.0,0.0,0.0,1.0,0.0,0.0,1.0,4.0,1.0,0.0,0.0,0.751344419771558,1.0,0.0,0.0,1.0,0.0,0.0,1.0,0.0,0.0
7297-DVYGA,0,0.758573602322752,-1.4926823160681442,-0.5675216902256882,1.0,0.0,1.0,0.0,1.0,0.0,0.0,1.0,1.0,0.0,0.0,0.0,0.0,1.0,0.0,1.0,0.0,0.0,1.0,0.0,0.0,1.0,0.0,0.0,1.0,0.0,0.0,1.0,0.0,0.0,1.0,0.0,0.0,1.0,0.0,0.0,1.0,1.0,0.0,0.0,0.0,1.0,0.0,1.0,0.0,1.0,0.0,-0.7481432104781093,0.0,1.0,0.0,0.0,1.0,0.0,0.0,1.0,0.0
2239-CGBUZ,0,0.758573602322752,-0.14164135493308597,0.38023722230279655,1.0,0.0,0.0,1.0,1.0,0.0,0.0,1.0,1.0,0.0,0.0,1.0,0.0,0.0,0.0,0.0,1.0,0.0,0.0,1.0,1.0,0.0,0.0,0.0,0.0,1.0,1.0,0.0,0.0,1.0,0.0,0.0,0.0,1.0,0.0,0.0,1.0,1.0,0.0,0.0,0.0,1.0,0.0,5.0,0.0,1.0,0.0,0.5012529056356699,0.0,1.0,0.0,0.0,1.0,0.0,0.0,1.0,0.0
0854-UYHZD,0,-0.7888002190384014,-1.502653098069141,-0.8903164990663296,1.0,0.0,0.0,1.0,0.0,1.0,0.0,1.0,1.0,0.0,0.0,0.0,0.0,1.0,0.0,1.0,0.0,0.0,1.0,0.0,0.0,1.0,0.0,0.0,1.0,0.0,0.0,1.0,0.0,0.0,1.0,0.0,0.0,0.0,1.0,1.0,0.0,0.0,0.0,0.0,1.0,1.0,0.0,1.0,1.0,0.0,0.0,1.1286970738315503,1.0,0.0,0.0,1.0,0.0,0.0,1.0,0.0,0.0
7243-LCGGZ,0,-1.2774445836787656,-1.4577845790646555,-0.9981427155368452,1.0,0.0,1.0,0.0,1.0,0.0,0.0,1.0,1.0,0.0,0.0,0.0,0.0,1.0,0.0,1.0,0.0,0.0,1.0,0.0,0.0,1.0,0.0,0.0,1.0,0.0,0.0,1.0,0.0,0.0,1.0,0.0,1.0,0.0,0.0,1.0,0.0,0.0,0.0,0.0,1.0,1.0,0.0,1.0,1.0,0.0,0.0,0.781358916300235,1.0,0.0,0.0,1.0,0.0,0.0,1.0,0.0,0.0
8267-KFGYD,0,-1.2774445836787656,-1.4527991880641573,-0.9980765374170801,0.0,1.0,1.0,0.0,0.0,1.0,0.0,1.0,1.0,0.0,0.0,0.0,0.0,1.0,0.0,1.0,0.0,0.0,1.0,0.0,0.0,1.0,0.0,0.0,1.0,0.0,0.0,1.0,0.0,0.0,1.0,0.0,1.0,0.0,0.0,0.0,1.0,0.0,0.0,0.0,1.0,1.0,0.0,1.0,1.0,0.0,0.0,0.7813071112195211,1.0,0.0,0.0,1.0,0.0,0.0,1.0,0.0,0.0
4890-VMUAV,0,1.247217966963116,0.22395398510346112,1.0116426629811044,0.0,1.0,1.0,0.0,1.0,0.0,0.0,1.0,0.0,0.0,1.0,1.0,0.0,0.0,0.0,0.0,1.0,0.0,0.0,1.0,0.0,0.0,1.0,0.0,0.0,1.0,1.0,0.0,0.0,1.0,0.0,0.0,0.0,1.0,0.0,1.0,0.0,0.0,0.0,1.0,0.0,1.0,0.0,7.0,0.0,1.0,0.0,0.8111193791125217,0.0,1.0,0.0,0.0,1.0,0.0,0.0,1.0,0.0
9261-WDCAF,0,-1.1960038562387048,-0.33607160395252245,-0.9239349839069733,0.0,1.0,1.0,0.0,1.0,0.0,0.0,1.0,1.0,0.0,0.0,1.0,0.0,0.0,1.0,0.0,0.0,1.0,0.0,0.0,1.0,0.0,0.0,1.0,0.0,0.0,1.0,0.0,0.0,0.0,0.0,1.0,1.0,0.0,0.0,1.0,0.0,0.0,0.0,0.0,1.0,1.0,0.0,3.0,1.0,0.0,0.0,0.772518398738816,1.0,0.0,0.0,1.0,0.0,0.0,1.0,0.0,0.0
3764-MNMOI,0,0.5549717837226001,-1.5142856770703037,-0.6066991371265956,0.0,1.0,1.0,0.0,1.0,0.0,0.0,1.0,1.0,0.0,0.0,0.0,0.0,1.0,0.0,1.0,0.0,0.0,1.0,0.0,0.0,1.0,0.0,0.0,1.0,0.0,0.0,1.0,0.0,0.0,1.0,0.0,0.0,0.0,1.0,1.0,0.0,0.0,1.0,0.0,0.0,1.0,0.0,1.0,0.0,1.0,0.0,-1.0932071772316467,0.0,1.0,0.0,0.0,1.0,0.0,0.0,1.0,0.0
7442-YGZFK,0,-1.2774445836787656,-0.4972659129686364,-0.9853923977954462,0.0,1.0,1.0,0.0,1.0,0.0,0.0,1.0,0.0,0.0,1.0,1.0,0.0,0.0,1.0,0.0,0.0,1.0,0.0,0.0,1.0,0.0,0.0,1.0,0.0,0.0,1.0,0.0,0.0,1.0,0.0,0.0,1.0,0.0,0.0,0.0,1.0,0.0,1.0,0.0,0.0,1.0,0.0,3.0,1.0,0.0,0.0,0.7713778040826852,1.0,0.0,0.0,1.0,0.0,0.0,1.0,0.0,0.0
0420-BWTPW,0,-0.9924020376385531,-1.304899255049372,-0.9124199910678552,0.0,1.0,1.0,0.0,0.0,1.0,1.0,0.0,0.0,1.0,0.0,1.0,0.0,0.0,1.0,0.0,0.0,1.0,0.0,0.0,1.0,0.0,0.0,1.0,0.0,0.0,1.0,0.0,0.0,1.0,0.0,0.0,1.0,0.0,0.0,1.0,0.0,0.0,0.0,0.0,1.0,0.0,1.0,1.0,1.0,0.0,0.0,0.9194056002131785,1.0,0.0,0.0,1.0,0.0,0.0,1.0,0.0,0.0
8229-BUJHX,0,1.5729808767233588,-1.4710789550659844,-0.34516320781513227,1.0,0.0,0.0,1.0,0.0,1.0,0.0,1.0,1.0,0.0,0.0,0.0,0.0,1.0,0.0,1.0,0.0,0.0,1.0,0.0,0.0,1.0,0.0,0.0,1.0,0.0,0.0,1.0,0.0,0.0,1.0,0.0,0.0,0.0,1.0,1.0,0.0,1.0,0.0,0.0,0.0,1.0,0.0,1.0,0.0,1.0,0.0,-0.21943255186555988,0.0,1.0,0.0,0.0,1.0,0.0,0.0,1.0,0.0
7449-HVPIV,0,0.9214550572028734,0.8521132511662559,1.2423175291088009,0.0,1.0,0.0,1.0,0.0,1.0,0.0,1.0,0.0,0.0,1.0,0.0,1.0,0.0,1.0,0.0,0.0,1.0,0.0,0.0,0.0,0.0,1.0,1.0,0.0,0.0,0.0,0.0,1.0,1.0,0.0,0.0,1.0,0.0,0.0,0.0,1.0,0.0,1.0,0.0,0.0,1.0,0.0,5.0,0.0,1.0,0.0,1.3482128286103534,0.0,1.0,0.0,0.0,1.0,0.0,0.0,1.0,0.0
5504-WSIUR,0,1.5322605130033284,0.8471278601657574,1.8100375591998792,1.0,0.0,1.0,0.0,1.0,0.0,0.0,1.0,0.0,0.0,1.0,0.0,1.0,0.0,1.0,0.0,0.0,0.0,0.0,1.0,0.0,0.0,1.0,0.0,0.0,1.0,1.0,0.0,0.0,1.0,0.0,0.0,0.0,1.0,0.0,0.0,1.0,1.0,0.0,0.0,0.0,1.0,0.0,6.0,0.0,1.0,0.0,1.1812857825671497,0.0,1.0,0.0,0.0,1.0,0.0,0.0,1.0,0.0
8183-ONMXC,0,-1.2367242199587352,0.531386430134194,-0.9370161922471975,1.0,0.0,1.0,0.0,1.0,0.0,0.0,1.0,1.0,0.0,0.0,0.0,1.0,0.0,1.0,0.0,0.0,1.0,0.0,0.0,1.0,0.0,0.0,1.0,0.0,0.0,1.0,0.0,0.0,0.0,0.0,1.0,1.0,0.0,0.0,1.0,0.0,0.0,0.0,1.0,0.0,0.0,1.0,3.0,1.0,0.0,0.0,0.7576597733959332,1.0,0.0,0.0,1.0,0.0,0.0,1.0,0.0,0.0
8466-PZBLH,0,1.4100994218432374,1.3240635992134344,2.0305430542570138,0.0,1.0,0.0,1.0,0.0,1.0,0.0,1.0,0.0,0.0,1.0,0.0,1.0,0.0,0.0,0.0,1.0,1.0,0.0,0.0,1.0,0.0,0.0,0.0,0.0,1.0,0.0,0.0,1.0,0.0,0.0,1.0,0.0,0.0,1.0,1.0,0.0,1.0,0.0,0.0,0.0,1.0,0.0,7.0,0.0,1.0,0.0,1.4399999197239242,0.0,1.0,0.0,0.0,1.0,0.0,0.0,1.0,0.0
9614-RMGHA,0,1.3286586944031769,0.9003053641710731,1.6136650184837318,0.0,1.0,0.0,1.0,1.0,0.0,0.0,1.0,0.0,0.0,1.0,0.0,1.0,0.0,1.0,0.0,0.0,0.0,0.0,1.0,1.0,0.0,0.0,1.0,0.0,0.0,0.0,0.0,1.0,1.0,0.0,0.0,1.0,0.0,0.0,0.0,1.0,1.0,0.0,0.0,0.0,0.0,1.0,5.0,0.0,1.0,0.0,1.2145067994369898,0.0,1.0,0.0,0.0,1.0,0.0,0.0,1.0,0.0
8735-IJJEG,0,-0.748079855318371,-0.48397153696730727,-0.7122752975250998,0.0,1.0,0.0,1.0,1.0,0.0,0.0,1.0,1.0,0.0,0.0,1.0,0.0,0.0,1.0,0.0,0.0,1.0,0.0,0.0,0.0,0.0,1.0,1.0,0.0,0.0,1.0,0.0,0.0,1.0,0.0,0.0,1.0,0.0,0.0,1.0,0.0,0.0,1.0,0.0,0.0,1.0,0.0,3.0,1.0,0.0,0.0,0.9521380537936911,1.0,0.0,0.0,1.0,0.0,0.0,1.0,0.0,0.0
0564-MUUQK,0,-0.5037576729981889,1.0216165451832002,-0.16196011293222876,1.0,0.0,0.0,1.0,0.0,1.0,0.0,1.0,0.0,0.0,1.0,0.0,1.0,0.0,1.0,0.0,0.0,1.0,0.0,0.0,0.0,0.0,1.0,0.0,0.0,1.0,1.0,0.0,0.0,0.0,0.0,1.0,1.0,0.0,0.0,0.0,1.0,1.0,0.0,0.0,0.0,1.0,0.0,6.0,1.0,0.0,0.0,0.32150401197524003,1.0,0.0,0.0,1.0,0.0,0.0,1.0,0.0,0.0
5054-IEXZT,0,-1.2774445836787656,0.35191235411625243,-0.9741200580621334,0.0,1.0,1.0,0.0,0.0,1.0,0.0,1.0,1.0,0.0,0.0,0.0,1.0,0.0,1.0,0.0,0.0,0.0,0.0,1.0,1.0,0.0,0.0,1.0,0.0,0.0,1.0,0.0,0.0,1.0,0.0,0.0,1.0,0.0,0.0,0.0,1.0,0.0,0.0,1.0,0.0,0.0,1.0,3.0,1.0,0.0,0.0,0.7625536720010798,1.0,0.0,0.0,1.0,0.0,0.0,1.0,0.0,0.0
5834-ASPWA,0,-1.2774445836787656,0.35523594811658493,-0.9740759393156234,0.0,1.0,1.0,0.0,1.0,0.0,0.0,1.0,0.0,0.0,1.0,0.0,1.0,0.0,1.0,0.0,0.0,1.0,0.0,0.0,1.0,0.0,0.0,1.0,0.0,0.0,1.0,0.0,0.0,1.0,0.0,0.0,1.0,0.0,0.0,0.0,1.0,0.0,0.0,1.0,0.0,0.0,1.0,3.0,1.0,0.0,0.0,0.7625191352806039,1.0,0.0,0.0,1.0,0.0,0.0,1.0,0.0,0.0
0701-RFGFI,0,0.6771328748826912,1.0182929511828682,1.0282533710421309,1.0,0.0,0.0,1.0,0.0,1.0,0.0,1.0,0.0,0.0,1.0,0.0,1.0,0.0,1.0,0.0,0.0,1.0,0.0,0.0,1.0,0.0,0.0,1.0,0.0,0.0,0.0,0.0,1.0,0.0,0.0,1.0,1.0,0.0,0.0,0.0,1.0,1.0,0.0,0.0,0.0,1.0,0.0,5.0,0.0,1.0,0.0,1.5185400224738297,0.0,1.0,0.0,0.0,1.0,0.0,0.0,1.0,0.0
0019-EFAEP,0,1.6137012404433893,1.2143849972024705,2.19620894740218,1.0,0.0,1.0,0.0,1.0,0.0,0.0,1.0,0.0,0.0,1.0,0.0,1.0,0.0,0.0,0.0,1.0,0.0,0.0,1.0,0.0,0.0,1.0,1.0,0.0,0.0,0.0,0.0,1.0,1.0,0.0,0.0,0.0,0.0,1.0,0.0,1.0,1.0,0.0,0.0,0.0,1.0,0.0,7.0,0.0,1.0,0.0,1.36097617846457,0.0,1.0,0.0,0.0,1.0,0.0,0.0,1.0,0.0
5619-PTMIK,0,0.5549717837226001,-0.3875873109576722,0.07786939309629952,1.0,0.0,0.0,1.0,1.0,0.0,0.0,1.0,0.0,0.0,1.0,1.0,0.0,0.0,0.0,0.0,1.0,1.0,0.0,0.0,1.0,0.0,0.0,1.0,0.0,0.0,1.0,0.0,0.0,1.0,0.0,0.0,1.0,0.0,0.0,1.0,0.0,0.0,0.0,1.0,0.0,1.0,0.0,4.0,0.0,1.0,0.0,0.14031234628537825,0.0,1.0,0.0,0.0,1.0,0.0,0.0,1.0,0.0
3737-XBQDD,0,-0.3408762181180675,0.6676537841478158,-0.10345865505992766,0.0,1.0,1.0,0.0,1.0,0.0,0.0,1.0,0.0,0.0,1.0,0.0,1.0,0.0,1.0,0.0,0.0,0.0,0.0,1.0,0.0,0.0,1.0,1.0,0.0,0.0,1.0,0.0,0.0,1.0,0.0,0.0,1.0,0.0,0.0,0.0,1.0,1.0,0.0,0.0,0.0,1.0,0.0,5.0,0.0,0.0,1.0,0.3035079878294508,0.0,0.0,1.0,0.0,0.0,1.0,0.0,0.0,1.0
5882-CMAZQ,0,-1.1145631287986442,-1.0140847800203006,-0.935207323640286,1.0,0.0,0.0,1.0,0.0,1.0,1.0,0.0,0.0,1.0,0.0,1.0,0.0,0.0,1.0,0.0,0.0,0.0,0.0,1.0,1.0,0.0,0.0,0.0,0.0,1.0,1.0,0.0,0.0,1.0,0.0,0.0,1.0,0.0,0.0,1.0,0.0,0.0,0.0,1.0,0.0,1.0,0.0,3.0,1.0,0.0,0.0,0.8390797250294108,1.0,0.0,0.0,1.0,0.0,0.0,1.0,0.0,0.0
5846-QFDFI,0,0.025607055362205634,0.7922885591602751,0.26709469687782206,1.0,0.0,0.0,1.0,0.0,1.0,0.0,1.0,0.0,0.0,1.0,0.0,1.0,0.0,1.0,0.0,0.0,0.0,0.0,1.0,0.0,0.0,1.0,0.0,0.0,1.0,1.0,0.0,0.0,1.0,0.0,0.0,1.0,0.0,0.0,1.0,0.0,0.0,1.0,0.0,0.0,1.0,0.0,6.0,0.0,0.0,1.0,10.430511946798719,0.0,0.0,1.0,0.0,0.0,1.0,0.0,0.0,1.0
4445-KWOKW,0,0.3920903288424788,-0.15327393393424887,0.06101603192946758,1.0,0.0,1.0,0.0,1.0,0.0,0.0,1.0,0.0,0.0,1.0,1.0,0.0,0.0,0.0,0.0,1.0,0.0,0.0,1.0,1.0,0.0,0.0,1.0,0.0,0.0,1.0,0.0,0.0,1.0,0.0,0.0,0.0,1.0,0.0,0.0,1.0,1.0,0.0,0.0,0.0,1.0,0.0,5.0,0.0,0.0,1.0,0.15561728367439687,0.0,0.0,1.0,0.0,0.0,1.0,0.0,0.0,1.0
3511-APPBJ,0,-0.38159658183809786,1.1695164781979852,0.004169027051292745,0.0,1.0,1.0,0.0,1.0,0.0,0.0,1.0,1.0,0.0,0.0,0.0,1.0,0.0,0.0,0.0,1.0,1.0,0.0,0.0,0.0,0.0,1.0,1.0,0.0,0.0,0.0,0.0,1.0,0.0,0.0,1.0,0.0,1.0,0.0,0.0,1.0,0.0,1.0,0.0,0.0,1.0,0.0,6.0,0.0,0.0,1.0,-0.010925221162126556,0.0,0.0,1.0,0.0,0.0,1.0,0.0,0.0,1.0
7967-HYCDE,0,-0.9924020376385531,0.19736523310080326,-0.7632103903709304,0.0,1.0,1.0,0.0,1.0,0.0,0.0,1.0,1.0,0.0,0.0,0.0,1.0,0.0,1.0,0.0,0.0,1.0,0.0,0.0,1.0,0.0,0.0,1.0,0.0,0.0,1.0,0.0,0.0,1.0,0.0,0.0,1.0,0.0,0.0,1.0,0.0,1.0,0.0,0.0,0.0,1.0,0.0,2.0,1.0,0.0,0.0,0.769053630912538,1.0,0.0,0.0,1.0,0.0,0.0,1.0,0.0,0.0
2430-RRYUW,0,1.369379058123207,-0.3310862129520241,0.5216598642407007,0.0,1.0,1.0,0.0,1.0,0.0,0.0,1.0,1.0,0.0,0.0,1.0,0.0,0.0,0.0,0.0,1.0,0.0,0.0,1.0,1.0,0.0,0.0,1.0,0.0,0.0,1.0,0.0,0.0,1.0,0.0,0.0,0.0,1.0,0.0,0.0,1.0,0.0,0.0,0.0,1.0,1.0,0.0,4.0,0.0,1.0,0.0,0.38094628448287937,0.0,1.0,0.0,0.0,1.0,0.0,0.0,1.0,0.0
3948-XHGNA,0,-0.3408762181180675,-0.5055748979694671,-0.4733502258000271,0.0,1.0,1.0,0.0,1.0,0.0,0.0,1.0,1.0,0.0,0.0,1.0,0.0,0.0,0.0,0.0,1.0,1.0,0.0,0.0,1.0,0.0,0.0,1.0,0.0,0.0,1.0,0.0,0.0,1.0,0.0,0.0,1.0,0.0,0.0,0.0,1.0,1.0,0.0,0.0,0.0,0.0,1.0,3.0,0.0,0.0,1.0,1.3886278966990748,0.0,0.0,1.0,0.0,0.0,1.0,0.0,0.0,1.0
3723-BFBGR,1,-0.3408762181180675,-0.3310862129520241,-0.43765815987341217,0.0,1.0,1.0,0.0,1.0,0.0,0.0,1.0,0.0,0.0,1.0,1.0,0.0,0.0,1.0,0.0,0.0,0.0,0.0,1.0,1.0,0.0,0.0,1.0,0.0,0.0,1.0,0.0,0.0,1.0,0.0,0.0,1.0,0.0,0.0,1.0,0.0,0.0,1.0,0.0,0.0,1.0,0.0,4.0,0.0,0.0,1.0,1.283921073431479,0.0,0.0,1.0,0.0,0.0,1.0,0.0,0.0,1.0
0565-IYCGT,0,1.4915401492832983,0.4599291591270504,1.3558350638791106,0.0,1.0,1.0,0.0,1.0,0.0,0.0,1.0,0.0,0.0,1.0,1.0,0.0,0.0,0.0,0.0,1.0,0.0,0.0,1.0,0.0,0.0,1.0,0.0,0.0,1.0,1.0,0.0,0.0,0.0,0.0,1.0,0.0,1.0,0.0,0.0,1.0,0.0,1.0,0.0,0.0,0.0,1.0,8.0,0.0,1.0,0.0,0.909016806909693,0.0,1.0,0.0,0.0,1.0,0.0,0.0,1.0,0.0
5447-WZAFP,0,0.8400143297628127,1.1811490571991479,1.2871642349362478,1.0,0.0,1.0,0.0,1.0,0.0,0.0,1.0,1.0,0.0,0.0,0.0,1.0,0.0,1.0,0.0,0.0,0.0,0.0,1.0,0.0,0.0,1.0,1.0,0.0,0.0,0.0,0.0,1.0,0.0,0.0,1.0,0.0,1.0,0.0,0.0,1.0,0.0,0.0,0.0,1.0,1.0,0.0,6.0,0.0,1.0,0.0,1.5323122348397233,0.0,1.0,0.0,0.0,1.0,0.0,0.0,1.0,0.0
5110-CHOPY,0,1.125056875803025,-0.3709693409560109,0.42078235034551503,1.0,0.0,1.0,0.0,1.0,0.0,1.0,0.0,0.0,1.0,0.0,1.0,0.0,0.0,0.0,0.0,1.0,1.0,0.0,0.0,0.0,0.0,1.0,1.0,0.0,0.0,0.0,0.0,1.0,0.0,0.0,1.0,0.0,0.0,1.0,1.0,0.0,0.0,0.0,1.0,0.0,1.0,0.0,5.0,0.0,1.0,0.0,0.3740098473200973,0.0,1.0,0.0,0.0,1.0,0.0,0.0,1.0,0.0
5445-UTODQ,0,-1.0331224013585834,0.5430190091353566,-0.7529527818073483,1.0,0.0,0.0,1.0,1.0,0.0,0.0,1.0,1.0,0.0,0.0,0.0,1.0,0.0,1.0,0.0,0.0,1.0,0.0,0.0,1.0,0.0,0.0,1.0,0.0,0.0,0.0,0.0,1.0,1.0,0.0,0.0,1.0,0.0,0.0,0.0,1.0,0.0,0.0,1.0,0.0,0.0,1.0,3.0,1.0,0.0,0.0,0.7288127532780195,1.0,0.0,0.0,1.0,0.0,0.0,1.0,0.0,0.0
4425-OWHWB,0,-0.5037576729981889,-1.5093002860698053,-0.8159984705701825,1.0,0.0,1.0,0.0,1.0,0.0,0.0,1.0,1.0,0.0,0.0,0.0,0.0,1.0,0.0,1.0,0.0,0.0,1.0,0.0,0.0,1.0,0.0,0.0,1.0,0.0,0.0,1.0,0.0,0.0,1.0,0.0,0.0,1.0,0.0,0.0,1.0,0.0,1.0,0.0,0.0,1.0,0.0,1.0,1.0,0.0,0.0,1.6198234077778826,1.0,0.0,0.0,1.0,0.0,0.0,1.0,0.0,0.0
7892-QVYKW,0,-0.38159658183809786,0.6925807391503077,-0.1830488737640235,1.0,0.0,0.0,1.0,0.0,1.0,0.0,1.0,0.0,0.0,1.0,0.0,1.0,0.0,1.0,0.0,0.0,1.0,0.0,0.0,1.0,0.0,0.0,1.0,0.0,0.0,1.0,0.0,0.0,0.0,0.0,1.0,1.0,0.0,0.0,1.0,0.0,0.0,0.0,1.0,0.0,1.0,0.0,4.0,0.0,0.0,1.0,0.47969212114611315,0.0,0.0,1.0,0.0,0.0,1.0,0.0,0.0,1.0
9675-ICXCT,0,1.6137012404433893,0.53304822713436,1.520000919642936,0.0,1.0,0.0,1.0,0.0,1.0,0.0,1.0,1.0,0.0,0.0,1.0,0.0,0.0,0.0,0.0,1.0,1.0,0.0,0.0,0.0,0.0,1.0,0.0,0.0,1.0,0.0,0.0,1.0,0.0,0.0,1.0,0.0,0.0,1.0,0.0,1.0,0.0,0.0,1.0,0.0,1.0,0.0,7.0,0.0,1.0,0.0,0.9419345301025439,0.0,1.0,0.0,0.0,1.0,0.0,0.0,1.0,0.0
1024-VRZHF,0,-0.8702409464784621,0.3386179781149237,-0.6430750436241162,0.0,1.0,0.0,1.0,1.0,0.0,0.0,1.0,0.0,0.0,1.0,0.0,1.0,0.0,1.0,0.0,0.0,1.0,0.0,0.0,1.0,0.0,0.0,1.0,0.0,0.0,1.0,0.0,0.0,1.0,0.0,0.0,1.0,0.0,0.0,0.0,1.0,0.0,0.0,1.0,0.0,0.0,1.0,3.0,1.0,0.0,0.0,0.7389620612847501,1.0,0.0,0.0,1.0,0.0,0.0,1.0,0.0,0.0
4703-MQYKT,0,-0.46303730927815856,-1.5009913010689746,-0.8351239471822809,0.0,1.0,1.0,0.0,1.0,0.0,0.0,1.0,1.0,0.0,0.0,0.0,0.0,1.0,0.0,1.0,0.0,0.0,1.0,0.0,0.0,1.0,0.0,0.0,1.0,0.0,0.0,1.0,0.0,0.0,1.0,0.0,0.0,0.0,1.0,1.0,0.0,0.0,0.0,0.0,1.0,1.0,0.0,1.0,0.0,0.0,1.0,1.803578092841327,0.0,0.0,1.0,0.0,0.0,1.0,0.0,0.0,1.0
9497-QCMMS,1,-1.2774445836787656,0.9568064621767214,-0.9660904461973077,0.0,1.0,1.0,0.0,1.0,0.0,0.0,1.0,0.0,0.0,1.0,0.0,1.0,0.0,1.0,0.0,0.0,1.0,0.0,0.0,1.0,0.0,0.0,1.0,0.0,0.0,0.0,0.0,1.0,0.0,0.0,1.0,1.0,0.0,0.0,0.0,1.0,0.0,0.0,1.0,0.0,0.0,1.0,5.0,1.0,0.0,0.0,0.7562679888744567,1.0,0.0,0.0,1.0,0.0,0.0,1.0,0.0,0.0
5692-ICXLW,1,-0.055833672077855064,0.8620840331672525,0.2478809827727037,0.0,1.0,1.0,0.0,1.0,0.0,0.0,1.0,0.0,0.0,1.0,0.0,1.0,0.0,1.0,0.0,0.0,0.0,0.0,1.0,1.0,0.0,0.0,1.0,0.0,0.0,0.0,0.0,1.0,1.0,0.0,0.0,1.0,0.0,0.0,0.0,1.0,0.0,0.0,1.0,0.0,1.0,0.0,5.0,0.0,0.0,1.0,-4.439632457400542,0.0,0.0,1.0,0.0,0.0,1.0,0.0,0.0,1.0
0602-DDUML,0,1.002895784642934,0.1657910900976468,0.7107969305292033,1.0,0.0,1.0,0.0,1.0,0.0,0.0,1.0,1.0,0.0,0.0,1.0,0.0,0.0,1.0,0.0,0.0,0.0,0.0,1.0,0.0,0.0,1.0,0.0,0.0,1.0,0.0,0.0,1.0,1.0,0.0,0.0,0.0,0.0,1.0,1.0,0.0,0.0,0.0,0.0,1.0,1.0,0.0,6.0,0.0,1.0,0.0,0.7087445589197205,0.0,1.0,0.0,0.0,1.0,0.0,0.0,1.0,0.0
2208-MPXIO,0,0.5142514200025698,-1.4876969250676457,-0.6162949644925274,1.0,0.0,0.0,1.0,0.0,1.0,0.0,1.0,1.0,0.0,0.0,0.0,0.0,1.0,0.0,1.0,0.0,0.0,1.0,0.0,0.0,1.0,0.0,0.0,1.0,0.0,0.0,1.0,0.0,0.0,1.0,0.0,0.0,0.0,1.0,0.0,1.0,1.0,0.0,0.0,0.0,1.0,0.0,1.0,0.0,1.0,0.0,-1.1984312352301285,0.0,1.0,0.0,0.0,1.0,0.0,0.0,1.0,0.0
1960-UYCNN,0,-0.9109613101984924,1.0133075601823696,-0.5566684785842206,0.0,1.0,1.0,0.0,1.0,0.0,0.0,1.0,0.0,0.0,1.0,0.0,1.0,0.0,1.0,0.0,0.0,0.0,0.0,1.0,0.0,0.0,1.0,1.0,0.0,0.0,1.0,0.0,0.0,0.0,0.0,1.0,1.0,0.0,0.0,0.0,1.0,0.0,0.0,1.0,0.0,1.0,0.0,6.0,1.0,0.0,0.0,0.6110780692353732,1.0,0.0,0.0,1.0,0.0,0.0,1.0,0.0,0.0
0348-SDKOL,0,1.0436161483629645,1.2409737492051283,1.5892011735439193,1.0,0.0,0.0,1.0,1.0,0.0,0.0,1.0,0.0,0.0,1.0,0.0,1.0,0.0,1.0,0.0,0.0,1.0,0.0,0.0,0.0,0.0,1.0,0.0,0.0,1.0,0.0,0.0,1.0,0.0,0.0,1.0,1.0,0.0,0.0,0.0,1.0,0.0,1.0,0.0,0.0,0.0,1.0,7.0,0.0,1.0,0.0,1.5227832340815821,0.0,1.0,0.0,0.0,1.0,0.0,0.0,1.0,0.0
3190-FZATL,0,-0.748079855318371,-1.4893587220678117,-0.8889488179245186,0.0,1.0,1.0,0.0,0.0,1.0,0.0,1.0,1.0,0.0,0.0,0.0,0.0,1.0,0.0,1.0,0.0,0.0,1.0,0.0,0.0,1.0,0.0,0.0,1.0,0.0,0.0,1.0,0.0,0.0,1.0,0.0,1.0,0.0,0.0,1.0,0.0,0.0,0.0,0.0,1.0,1.0,0.0,1.0,1.0,0.0,0.0,1.188307386711003,1.0,0.0,0.0,1.0,0.0,0.0,1.0,0.0,0.0
7336-RLLRH,0,-0.21871512695797646,0.534710024134526,-0.034831944863574646,0.0,1.0,0.0,1.0,1.0,0.0,0.0,1.0,0.0,0.0,1.0,1.0,0.0,0.0,0.0,0.0,1.0,1.0,0.0,0.0,1.0,0.0,0.0,0.0,0.0,1.0,0.0,0.0,1.0,0.0,0.0,1.0,0.0,1.0,0.0,1.0,0.0,0.0,0.0,0.0,1.0,1.0,0.0,7.0,0.0,0.0,1.0,0.1592571366600866,0.0,0.0,1.0,0.0,0.0,1.0,0.0,0.0,1.0
4373-MAVJG,0,-0.748079855318371,0.8687312211679171,-0.45190851499615214,1.0,0.0,0.0,1.0,0.0,1.0,0.0,1.0,0.0,0.0,1.0,0.0,1.0,0.0,1.0,0.0,0.0,0.0,0.0,1.0,1.0,0.0,0.0,1.0,0.0,0.0,1.0,0.0,0.0,0.0,0.0,1.0,1.0,0.0,0.0,0.0,1.0,1.0,0.0,0.0,0.0,0.0,1.0,5.0,1.0,0.0,0.0,0.604091276864857,1.0,0.0,0.0,1.0,0.0,0.0,1.0,0.0,0.0
8901-HJXTF,0,-0.8295205827584317,-1.181926277037079,-0.8709924880949361,1.0,0.0,0.0,1.0,0.0,1.0,1.0,0.0,0.0,1.0,0.0,1.0,0.0,0.0,1.0,0.0,0.0,0.0,0.0,1.0,1.0,0.0,0.0,1.0,0.0,0.0,1.0,0.0,0.0,1.0,0.0,0.0,1.0,0.0,0.0,1.0,0.0,0.0,0.0,0.0,1.0,0.0,1.0,2.0,1.0,0.0,0.0,1.0499950286930755,1.0,0.0,0.0,1.0,0.0,0.0,1.0,0.0,0.0
7710-JSYOA,0,1.4915401492832983,0.9484974771758907,1.8153759275275931,1.0,0.0,0.0,1.0,0.0,1.0,0.0,1.0,0.0,0.0,1.0,0.0,1.0,0.0,1.0,0.0,0.0,0.0,0.0,1.0,1.0,0.0,0.0,0.0,0.0,1.0,1.0,0.0,0.0,0.0,0.0,1.0,0.0,0.0,1.0,0.0,1.0,1.0,0.0,0.0,0.0,1.0,0.0,6.0,0.0,1.0,0.0,1.217115025968226,0.0,1.0,0.0,0.0,1.0,0.0,0.0,1.0,0.0
5419-KLXBN,0,-0.30015585439803716,0.8105683261621028,-0.011272534227218085,1.0,0.0,0.0,1.0,0.0,1.0,0.0,1.0,1.0,0.0,0.0,0.0,1.0,0.0,1.0,0.0,0.0,0.0,0.0,1.0,0.0,0.0,1.0,1.0,0.0,0.0,0.0,0.0,1.0,1.0,0.0,0.0,1.0,0.0,0.0,0.0,1.0,1.0,0.0,0.0,0.0,0.0,1.0,5.0,0.0,0.0,1.0,0.037555603404188675,0.0,0.0,1.0,0.0,0.0,1.0,0.0,0.0,1.0
3424-NMNBO,1,1.0436161483629645,1.465316344227555,1.7664923563944788,0.0,1.0,0.0,1.0,1.0,0.0,0.0,1.0,0.0,0.0,1.0,0.0,1.0,0.0,0.0,0.0,1.0,0.0,0.0,1.0,0.0,0.0,1.0,1.0,0.0,0.0,0.0,0.0,1.0,0.0,0.0,1.0,0.0,1.0,0.0,0.0,1.0,0.0,0.0,1.0,0.0,0.0,1.0,8.0,0.0,1.0,0.0,1.6926648357879774,0.0,1.0,0.0,0.0,1.0,0.0,0.0,1.0,0.0
9885-MFVSU,0,0.10704778280226633,-0.6119299059800988,-0.27408790718747245,1.0,0.0,0.0,1.0,0.0,1.0,1.0,0.0,0.0,1.0,0.0,1.0,0.0,0.0,0.0,0.0,1.0,1.0,0.0,0.0,1.0,0.0,0.0,0.0,0.0,1.0,0.0,0.0,1.0,1.0,0.0,0.0,0.0,0.0,1.0,0.0,1.0,0.0,1.0,0.0,0.0,1.0,0.0,4.0,0.0,0.0,1.0,-2.560425821184497,0.0,0.0,1.0,0.0,0.0,1.0,0.0,0.0,1.0
4514-GFCFI,1,-0.6666391278783103,0.6643301901474837,-0.4116942775522589,1.0,0.0,1.0,0.0,1.0,0.0,0.0,1.0,0.0,0.0,1.0,0.0,1.0,0.0,1.0,0.0,0.0,1.0,0.0,0.0,1.0,0.0,0.0,1.0,0.0,0.0,0.0,0.0,1.0,1.0,0.0,0.0,1.0,0.0,0.0,0.0,1.0,0.0,0.0,1.0,0.0,0.0,1.0,4.0,1.0,0.0,0.0,0.6175669268957319,1.0,0.0,0.0,1.0,0.0,0.0,1.0,0.0,0.0
0607-MVMGC,0,0.5142514200025698,0.464914550127549,0.5811981126559875,0.0,1.0,0.0,1.0,0.0,1.0,0.0,1.0,0.0,0.0,1.0,1.0,0.0,0.0,1.0,0.0,0.0,0.0,0.0,1.0,0.0,0.0,1.0,1.0,0.0,0.0,0.0,0.0,1.0,0.0,0.0,1.0,0.0,1.0,0.0,1.0,0.0,0.0,1.0,0.0,0.0,1.0,0.0,7.0,0.0,1.0,0.0,1.130182805626639,0.0,1.0,0.0,0.0,1.0,0.0,0.0,1.0,0.0
3365-SAIGS,0,-0.62591876415828,0.6244470621434968,-0.4209592143193654,1.0,0.0,1.0,0.0,1.0,0.0,0.0,1.0,1.0,0.0,0.0,0.0,1.0,0.0,1.0,0.0,0.0,0.0,0.0,1.0,1.0,0.0,0.0,1.0,0.0,0.0,0.0,0.0,1.0,1.0,0.0,0.0,1.0,0.0,0.0,0.0,1.0,0.0,0.0,1.0,0.0,1.0,0.0,4.0,1.0,0.0,0.0,0.6725460849307832,1.0,0.0,0.0,1.0,0.0,0.0,1.0,0.0,0.0
9828-AOQLM,0,-1.2774445836787656,-0.6335332669822583,-0.9872012664023576,1.0,0.0,0.0,1.0,0.0,1.0,0.0,1.0,1.0,0.0,0.0,1.0,0.0,0.0,1.0,0.0,0.0,1.0,0.0,0.0,1.0,0.0,0.0,1.0,0.0,0.0,1.0,0.0,0.0,1.0,0.0,0.0,1.0,0.0,0.0,0.0,1.0,0.0,0.0,1.0,0.0,0.0,1.0,2.0,1.0,0.0,0.0,0.7727938096221993,1.0,0.0,0.0,1.0,0.0,0.0,1.0,0.0,0.0
8022-BECSI,0,-0.4223169455581282,-1.5009913010689746,-0.8209618295525609,0.0,1.0,1.0,0.0,1.0,0.0,0.0,1.0,1.0,0.0,0.0,0.0,0.0,1.0,0.0,1.0,0.0,0.0,1.0,0.0,0.0,1.0,0.0,0.0,1.0,0.0,0.0,1.0,0.0,0.0,1.0,0.0,0.0,1.0,0.0,1.0,0.0,0.0,0.0,0.0,1.0,1.0,0.0,1.0,0.0,0.0,1.0,1.9439471661919443,0.0,0.0,1.0,0.0,0.0,1.0,0.0,0.0,1.0
8000-REIQB,1,-1.2774445836787656,0.1724382780983114,-0.9765024703736751,1.0,0.0,1.0,0.0,1.0,0.0,0.0,1.0,1.0,0.0,0.0,0.0,1.0,0.0,1.0,0.0,0.0,1.0,0.0,0.0,1.0,0.0,0.0,1.0,0.0,0.0,1.0,0.0,0.0,1.0,0.0,0.0,1.0,0.0,0.0,0.0,1.0,0.0,0.0,1.0,0.0,0.0,1.0,2.0,1.0,0.0,0.0,0.7644186549067812,1.0,0.0,0.0,1.0,0.0,0.0,1.0,0.0,0.0
9993-LHIEB,0,1.4100994218432374,0.10264280409133394,1.034297639314005,0.0,1.0,0.0,1.0,0.0,1.0,0.0,1.0,1.0,0.0,0.0,1.0,0.0,0.0,0.0,0.0,1.0,1.0,0.0,0.0,0.0,0.0,1.0,0.0,0.0,1.0,1.0,0.0,0.0,0.0,0.0,1.0,0.0,0.0,1.0,1.0,0.0,0.0,0.0,0.0,1.0,1.0,0.0,6.0,0.0,1.0,0.0,0.7334927050477078,0.0,1.0,0.0,0.0,1.0,0.0,0.0,1.0,0.0
0266-CLZKZ,0,1.4100994218432374,1.3589613362169235,1.956489738239927,1.0,0.0,0.0,1.0,0.0,1.0,0.0,1.0,0.0,0.0,1.0,0.0,1.0,0.0,1.0,0.0,0.0,1.0,0.0,0.0,0.0,0.0,1.0,0.0,0.0,1.0,0.0,0.0,1.0,0.0,0.0,1.0,0.0,0.0,1.0,0.0,1.0,1.0,0.0,0.0,0.0,1.0,0.0,7.0,0.0,1.0,0.0,1.3874835404743768,0.0,1.0,0.0,0.0,1.0,0.0,0.0,1.0,0.0
7615-ESMYF,0,-1.2367242199587352,-0.6700928009859131,-0.9645242306962017,1.0,0.0,0.0,1.0,1.0,0.0,1.0,0.0,0.0,1.0,0.0,1.0,0.0,0.0,1.0,0.0,0.0,1.0,0.0,0.0,1.0,0.0,0.0,1.0,0.0,0.0,0.0,0.0,1.0,0.0,0.0,1.0,1.0,0.0,0.0,1.0,0.0,0.0,0.0,1.0,0.0,0.0,1.0,3.0,1.0,0.0,0.0,0.7799024351026167,1.0,0.0,0.0,1.0,0.0,0.0,1.0,0.0,0.0
3858-VOBET,0,-0.38159658183809786,0.3386179781149237,-0.2527344338766174,0.0,1.0,1.0,0.0,1.0,0.0,0.0,1.0,0.0,0.0,1.0,0.0,1.0,0.0,1.0,0.0,0.0,1.0,0.0,0.0,1.0,0.0,0.0,1.0,0.0,0.0,1.0,0.0,0.0,1.0,0.0,0.0,1.0,0.0,0.0,0.0,1.0,0.0,0.0,1.0,0.0,0.0,1.0,3.0,0.0,0.0,1.0,0.662307908155861,0.0,0.0,1.0,0.0,0.0,1.0,0.0,0.0,1.0
7020-OZKXZ,1,-0.9516816739185228,0.356897745116751,-0.7261506433025045,1.0,0.0,1.0,0.0,1.0,0.0,0.0,1.0,1.0,0.0,0.0,0.0,1.0,0.0,1.0,0.0,0.0,1.0,0.0,0.0,0.0,0.0,1.0,1.0,0.0,0.0,1.0,0.0,0.0,1.0,0.0,0.0,1.0,0.0,0.0,1.0,0.0,0.0,1.0,0.0,0.0,1.0,0.0,3.0,1.0,0.0,0.0,0.7630184159295612,1.0,0.0,0.0,1.0,0.0,0.0,1.0,0.0,0.0
3977-QCRSL,0,-1.1145631287986442,-1.4827115340671475,-0.9553254720488603,1.0,0.0,1.0,0.0,1.0,0.0,0.0,1.0,1.0,0.0,0.0,0.0,0.0,1.0,0.0,1.0,0.0,0.0,1.0,0.0,0.0,1.0,0.0,0.0,1.0,0.0,0.0,1.0,0.0,0.0,1.0,0.0,1.0,0.0,0.0,1.0,0.0,0.0,0.0,0.0,1.0,1.0,0.0,1.0,1.0,0.0,0.0,0.8571299797783356,1.0,0.0,0.0,1.0,0.0,0.0,1.0,0.0,0.0
0017-DINOC,0,0.880734693482843,-0.6501512369839195,0.07820028369512474,0.0,1.0,1.0,0.0,1.0,0.0,1.0,0.0,0.0,1.0,0.0,1.0,0.0,0.0,0.0,0.0,1.0,1.0,0.0,0.0,1.0,0.0,0.0,0.0,0.0,1.0,0.0,0.0,1.0,1.0,0.0,0.0,0.0,0.0,1.0,1.0,0.0,0.0,1.0,0.0,0.0,1.0,0.0,4.0,0.0,1.0,0.0,0.08878982998374199,0.0,1.0,0.0,0.0,1.0,0.0,0.0,1.0,0.0
1447-PJGGA,0,1.002895784642934,1.0133075601823696,1.403571547602964,1.0,0.0,1.0,0.0,1.0,0.0,0.0,1.0,1.0,0.0,0.0,0.0,1.0,0.0,1.0,0.0,0.0,1.0,0.0,0.0,0.0,0.0,1.0,1.0,0.0,0.0,0.0,0.0,1.0,0.0,0.0,1.0,0.0,0.0,1.0,0.0,1.0,0.0,0.0,1.0,0.0,0.0,1.0,5.0,0.0,1.0,0.0,1.3995188424315539,0.0,1.0,0.0,0.0,1.0,0.0,0.0,1.0,0.0
8565-CLBZW,0,-0.3408762181180675,0.8338334841644282,-0.05217061224201669,0.0,1.0,1.0,0.0,1.0,0.0,0.0,1.0,0.0,0.0,1.0,0.0,1.0,0.0,1.0,0.0,0.0,1.0,0.0,0.0,0.0,0.0,1.0,1.0,0.0,0.0,0.0,0.0,1.0,1.0,0.0,0.0,1.0,0.0,0.0,0.0,1.0,0.0,0.0,0.0,1.0,0.0,1.0,5.0,0.0,0.0,1.0,0.15304855390042676,0.0,0.0,1.0,0.0,0.0,1.0,0.0,0.0,1.0
9139-WQQDY,0,0.6771328748826912,1.1861344481996465,1.1728966814752675,1.0,0.0,0.0,1.0,0.0,1.0,0.0,1.0,0.0,0.0,1.0,0.0,1.0,0.0,1.0,0.0,0.0,0.0,0.0,1.0,1.0,0.0,0.0,1.0,0.0,0.0,0.0,0.0,1.0,0.0,0.0,1.0,0.0,1.0,0.0,1.0,0.0,0.0,0.0,0.0,1.0,0.0,1.0,6.0,0.0,1.0,0.0,1.7321514358292882,0.0,1.0,0.0,0.0,1.0,0.0,0.0,1.0,0.0
0224-HJAPT,0,-1.1145631287986442,-0.5853411539774409,-0.9089125507203076,0.0,1.0,1.0,0.0,1.0,0.0,0.0,1.0,0.0,0.0,1.0,1.0,0.0,0.0,1.0,0.0,0.0,1.0,0.0,0.0,1.0,0.0,0.0,1.0,0.0,0.0,1.0,0.0,0.0,1.0,0.0,0.0,1.0,0.0,0.0,1.0,0.0,0.0,0.0,1.0,0.0,0.0,1.0,3.0,1.0,0.0,0.0,0.8154877254014302,1.0,0.0,0.0,1.0,0.0,0.0,1.0,0.0,0.0
8086-OVPWV,0,-1.2367242199587352,0.5131066631323666,-0.9274644836277757,0.0,1.0,1.0,0.0,1.0,0.0,0.0,1.0,1.0,0.0,0.0,0.0,1.0,0.0,1.0,0.0,0.0,1.0,0.0,0.0,1.0,0.0,0.0,1.0,0.0,0.0,1.0,0.0,0.0,0.0,0.0,1.0,1.0,0.0,0.0,0.0,1.0,0.0,0.0,1.0,0.0,0.0,1.0,3.0,1.0,0.0,0.0,0.7499363792347511,1.0,0.0,0.0,1.0,0.0,0.0,1.0,0.0,0.0
9430-FRQOC,0,-1.1552834925186746,0.7424346491552913,-0.856720073598941,1.0,0.0,1.0,0.0,0.0,1.0,0.0,1.0,0.0,0.0,1.0,0.0,1.0,0.0,1.0,0.0,0.0,1.0,0.0,0.0,0.0,0.0,1.0,0.0,0.0,1.0,1.0,0.0,0.0,1.0,0.0,0.0,1.0,0.0,0.0,0.0,1.0,0.0,0.0,0.0,1.0,0.0,1.0,5.0,1.0,0.0,0.0,0.7415669652919347,1.0,0.0,0.0,1.0,0.0,0.0,1.0,0.0,0.0
7639-OPLNG,0,1.5322605130033284,0.4815325201292102,1.5214568382777671,0.0,1.0,0.0,1.0,0.0,1.0,0.0,1.0,0.0,0.0,1.0,1.0,0.0,0.0,0.0,0.0,1.0,0.0,0.0,1.0,0.0,0.0,1.0,0.0,0.0,1.0,0.0,0.0,1.0,1.0,0.0,0.0,0.0,0.0,1.0,0.0,1.0,1.0,0.0,0.0,0.0,1.0,0.0,8.0,0.0,1.0,0.0,0.9929491919723328,0.0,1.0,0.0,0.0,1.0,0.0,0.0,1.0,0.0
3074-GQWYX,0,-1.1145631287986442,0.37019212111808014,-0.849528717917806,0.0,1.0,1.0,0.0,1.0,0.0,0.0,1.0,0.0,0.0,1.0,0.0,1.0,0.0,1.0,0.0,0.0,1.0,0.0,0.0,1.0,0.0,0.0,1.0,0.0,0.0,1.0,0.0,0.0,1.0,0.0,0.0,1.0,0.0,0.0,0.0,1.0,1.0,0.0,0.0,0.0,0.0,1.0,3.0,1.0,0.0,0.0,0.7622078067785077,1.0,0.0,0.0,1.0,0.0,0.0,1.0,0.0,0.0
1492-QGCLU,0,0.8400143297628127,0.6959043331506402,1.0292019240920969,0.0,1.0,0.0,1.0,0.0,1.0,0.0,1.0,0.0,0.0,1.0,1.0,0.0,0.0,0.0,0.0,1.0,1.0,0.0,0.0,0.0,0.0,1.0,0.0,0.0,1.0,0.0,0.0,1.0,0.0,0.0,1.0,1.0,0.0,0.0,1.0,0.0,0.0,0.0,1.0,0.0,1.0,0.0,8.0,0.0,1.0,0.0,1.2252194845089173,0.0,1.0,0.0,0.0,1.0,0.0,0.0,1.0,0.0
6845-RGTYS,0,0.5956921474426305,1.1296333501939984,0.9928480769678311,1.0,0.0,0.0,1.0,1.0,0.0,0.0,1.0,0.0,0.0,1.0,0.0,1.0,0.0,0.0,0.0,1.0,0.0,0.0,1.0,0.0,0.0,1.0,1.0,0.0,0.0,0.0,0.0,1.0,1.0,0.0,0.0,1.0,0.0,0.0,0.0,1.0,0.0,0.0,1.0,0.0,0.0,1.0,7.0,0.0,1.0,0.0,1.6667133874942501,0.0,1.0,0.0,0.0,1.0,0.0,0.0,1.0,0.0
7328-OWMOM,0,-0.055833672077855064,-1.4843733310673135,-0.7473938197470844,1.0,0.0,1.0,0.0,0.0,1.0,0.0,1.0,1.0,0.0,0.0,0.0,0.0,1.0,0.0,1.0,0.0,0.0,1.0,0.0,0.0,1.0,0.0,0.0,1.0,0.0,0.0,1.0,0.0,0.0,1.0,0.0,0.0,1.0,0.0,1.0,0.0,0.0,1.0,0.0,0.0,1.0,0.0,1.0,0.0,0.0,1.0,13.386076751407476,0.0,0.0,1.0,0.0,0.0,1.0,0.0,0.0,1.0
4418-LZMSV,0,-0.7888002190384014,-0.09843463292876686,-0.6764288159856996,0.0,1.0,0.0,1.0,0.0,1.0,0.0,1.0,1.0,0.0,0.0,1.0,0.0,0.0,1.0,0.0,0.0,0.0,0.0,1.0,0.0,0.0,1.0,0.0,0.0,1.0,1.0,0.0,0.0,1.0,0.0,0.0,1.0,0.0,0.0,1.0,0.0,1.0,0.0,0.0,0.0,1.0,0.0,5.0,1.0,0.0,0.0,0.8575413642890594,1.0,0.0,0.0,1.0,0.0,0.0,1.0,0.0,0.0
5155-AZQPB,0,-0.1779947632379461,-0.49394231896830415,-0.38517891089973033,1.0,0.0,0.0,1.0,0.0,1.0,0.0,1.0,0.0,0.0,1.0,1.0,0.0,0.0,1.0,0.0,0.0,1.0,0.0,0.0,1.0,0.0,0.0,1.0,0.0,0.0,1.0,0.0,0.0,1.0,0.0,0.0,1.0,0.0,0.0,1.0,0.0,0.0,0.0,0.0,1.0,1.0,0.0,3.0,0.0,0.0,1.0,2.1639901303434264,0.0,0.0,1.0,0.0,0.0,1.0,0.0,0.0,1.0
8861-HGGKB,0,-0.9109613101984924,0.720831288153132,-0.6408029281788497,1.0,0.0,1.0,0.0,1.0,0.0,0.0,1.0,0.0,0.0,1.0,0.0,1.0,0.0,1.0,0.0,0.0,1.0,0.0,0.0,1.0,0.0,0.0,1.0,0.0,0.0,1.0,0.0,0.0,0.0,0.0,1.0,1.0,0.0,0.0,1.0,0.0,0.0,0.0,1.0,0.0,0.0,1.0,4.0,1.0,0.0,0.0,0.7034359428933629,1.0,0.0,0.0,1.0,0.0,0.0,1.0,0.0,0.0
1087-GRUYI,0,0.22920887396235737,-1.4744025490663168,-0.6793406532553616,0.0,1.0,0.0,1.0,1.0,0.0,0.0,1.0,1.0,0.0,0.0,0.0,0.0,1.0,0.0,1.0,0.0,0.0,1.0,0.0,0.0,1.0,0.0,0.0,1.0,0.0,0.0,1.0,0.0,0.0,1.0,0.0,0.0,0.0,1.0,1.0,0.0,1.0,0.0,0.0,0.0,1.0,0.0,1.0,0.0,0.0,1.0,-2.963849704034272,0.0,0.0,1.0,0.0,0.0,1.0,0.0,0.0,1.0
7065-YUNRY,0,-1.2774445836787656,-0.6468276429835875,-0.9873777413883976,1.0,0.0,1.0,0.0,1.0,0.0,0.0,1.0,1.0,0.0,0.0,1.0,0.0,0.0,1.0,0.0,0.0,1.0,0.0,0.0,1.0,0.0,0.0,1.0,0.0,0.0,1.0,0.0,0.0,1.0,0.0,0.0,1.0,0.0,0.0,0.0,1.0,0.0,0.0,0.0,1.0,0.0,1.0,2.0,1.0,0.0,0.0,0.7729319565041031,1.0,0.0,0.0,1.0,0.0,0.0,1.0,0.0,0.0
7694-VLBWQ,0,1.4100994218432374,1.3074456292117733,2.098971230094072,0.0,1.0,0.0,1.0,1.0,0.0,0.0,1.0,0.0,0.0,1.0,0.0,1.0,0.0,1.0,0.0,0.0,0.0,0.0,1.0,0.0,0.0,1.0,1.0,0.0,0.0,0.0,0.0,1.0,0.0,0.0,1.0,0.0,1.0,0.0,1.0,0.0,0.0,0.0,1.0,0.0,0.0,1.0,7.0,0.0,1.0,0.0,1.4885271191377152,0.0,1.0,0.0,0.0,1.0,0.0,0.0,1.0,0.0
2546-KZAAT,0,0.7992939660427822,0.35357415111641893,0.6980245534145493,0.0,1.0,0.0,1.0,1.0,0.0,0.0,1.0,1.0,0.0,0.0,1.0,0.0,0.0,0.0,0.0,1.0,0.0,0.0,1.0,1.0,0.0,0.0,1.0,0.0,0.0,0.0,0.0,1.0,0.0,0.0,1.0,0.0,1.0,0.0,0.0,1.0,0.0,0.0,0.0,1.0,1.0,0.0,6.0,0.0,1.0,0.0,0.873301417337595,0.0,1.0,0.0,0.0,1.0,0.0,0.0,1.0,0.0
0181-RITDD,0,1.2064976032430856,1.4420511862252297,2.004027687604485,0.0,1.0,0.0,1.0,0.0,1.0,0.0,1.0,1.0,0.0,0.0,0.0,1.0,0.0,0.0,0.0,1.0,0.0,0.0,1.0,0.0,0.0,1.0,0.0,0.0,1.0,0.0,0.0,1.0,0.0,0.0,1.0,0.0,0.0,1.0,1.0,0.0,0.0,0.0,0.0,1.0,1.0,0.0,8.0,0.0,1.0,0.0,1.661029149347355,0.0,1.0,0.0,0.0,1.0,0.0,0.0,1.0,0.0
5989-PGKJB,0,-0.6666391278783103,0.7141841001524675,-0.4161282115765171,1.0,0.0,1.0,0.0,1.0,0.0,0.0,1.0,1.0,0.0,0.0,0.0,1.0,0.0,1.0,0.0,0.0,0.0,0.0,1.0,1.0,0.0,0.0,1.0,0.0,0.0,1.0,0.0,0.0,0.0,0.0,1.0,1.0,0.0,0.0,0.0,1.0,0.0,0.0,1.0,0.0,1.0,0.0,4.0,1.0,0.0,0.0,0.6242181026801026,1.0,0.0,0.0,1.0,0.0,0.0,1.0,0.0,0.0
4795-KTRTH,1,-1.1145631287986442,0.5396954151350245,-0.8433962121529116,1.0,0.0,0.0,1.0,1.0,0.0,0.0,1.0,0.0,0.0,1.0,0.0,1.0,0.0,1.0,0.0,0.0,0.0,0.0,1.0,1.0,0.0,0.0,1.0,0.0,0.0,1.0,0.0,0.0,1.0,0.0,0.0,1.0,0.0,0.0,0.0,1.0,0.0,0.0,1.0,0.0,0.0,1.0,4.0,1.0,0.0,0.0,0.7567056457914451,1.0,0.0,0.0,1.0,0.0,0.0,1.0,0.0,0.0
8272-ONJLV,0,-0.8295205827584317,1.0282637331838649,-0.48499757487867534,0.0,1.0,1.0,0.0,1.0,0.0,0.0,1.0,1.0,0.0,0.0,0.0,1.0,0.0,1.0,0.0,0.0,1.0,0.0,0.0,0.0,0.0,1.0,1.0,0.0,0.0,0.0,0.0,1.0,0.0,0.0,1.0,0.0,1.0,0.0,1.0,0.0,0.0,0.0,1.0,0.0,1.0,0.0,5.0,1.0,0.0,0.0,0.5846721407031242,1.0,0.0,0.0,1.0,0.0,0.0,1.0,0.0,0.0
1488-PBLJN,0,1.6137012404433893,1.7312038642541347,2.732891439323452,1.0,0.0,0.0,1.0,0.0,1.0,0.0,1.0,0.0,0.0,1.0,0.0,1.0,0.0,0.0,0.0,1.0,0.0,0.0,1.0,0.0,0.0,1.0,0.0,0.0,1.0,0.0,0.0,1.0,0.0,0.0,1.0,0.0,0.0,1.0,0.0,1.0,1.0,0.0,0.0,0.0,1.0,0.0,9.0,0.0,1.0,0.0,1.6935547738517867,0.0,1.0,0.0,0.0,1.0,0.0,0.0,1.0,0.0
0308-GIQJT,1,1.5729808767233588,1.3622849302172555,2.249857343158378,0.0,1.0,1.0,0.0,1.0,0.0,0.0,1.0,0.0,0.0,1.0,0.0,1.0,0.0,1.0,0.0,0.0,0.0,0.0,1.0,1.0,0.0,0.0,0.0,0.0,1.0,0.0,0.0,1.0,0.0,0.0,1.0,0.0,1.0,0.0,1.0,0.0,1.0,0.0,0.0,0.0,1.0,0.0,7.0,0.0,1.0,0.0,1.430314491708892,0.0,1.0,0.0,0.0,1.0,0.0,0.0,1.0,0.0
3778-FOAQW,0,-0.3408762181180675,-1.4827115340671475,-0.8058070401263654,1.0,0.0,0.0,1.0,1.0,0.0,0.0,1.0,1.0,0.0,0.0,0.0,0.0,1.0,0.0,1.0,0.0,0.0,1.0,0.0,0.0,1.0,0.0,0.0,1.0,0.0,0.0,1.0,0.0,0.0,1.0,0.0,0.0,1.0,0.0,1.0,0.0,0.0,0.0,0.0,1.0,1.0,0.0,1.0,0.0,0.0,1.0,2.363928597234267,0.0,0.0,1.0,0.0,0.0,1.0,0.0,0.0,1.0
4452-ROHMO,0,-0.7073594915983407,-1.5009913010689746,-0.8610657701301792,1.0,0.0,1.0,0.0,1.0,0.0,0.0,1.0,1.0,0.0,0.0,0.0,0.0,1.0,0.0,1.0,0.0,0.0,1.0,0.0,0.0,1.0,0.0,0.0,1.0,0.0,0.0,1.0,0.0,0.0,1.0,0.0,0.0,0.0,1.0,1.0,0.0,0.0,0.0,0.0,1.0,1.0,0.0,1.0,1.0,0.0,0.0,1.2172958451218712,1.0,0.0,0.0,1.0,0.0,0.0,1.0,0.0,0.0
6481-OGDOO,0,1.4100994218432374,0.85876043916692,1.664533933209797,0.0,1.0,0.0,1.0,1.0,0.0,0.0,1.0,1.0,0.0,0.0,0.0,1.0,0.0,0.0,0.0,1.0,0.0,0.0,1.0,1.0,0.0,0.0,1.0,0.0,0.0,1.0,0.0,0.0,0.0,0.0,1.0,0.0,1.0,0.0,0.0,1.0,0.0,1.0,0.0,0.0,0.0,1.0,5.0,0.0,1.0,0.0,1.1804372850773677,0.0,1.0,0.0,0.0,1.0,0.0,0.0,1.0,0.0
3090-LETTY,0,-1.2367242199587352,-0.12668518193159078,-0.9479797007549401,0.0,1.0,1.0,0.0,0.0,1.0,0.0,1.0,0.0,0.0,1.0,1.0,0.0,0.0,0.0,0.0,1.0,0.0,0.0,1.0,1.0,0.0,0.0,1.0,0.0,0.0,1.0,0.0,0.0,1.0,0.0,0.0,1.0,0.0,0.0,1.0,0.0,1.0,0.0,0.0,0.0,1.0,0.0,5.0,1.0,0.0,0.0,0.7665247315901766,1.0,0.0,0.0,1.0,0.0,0.0,1.0,0.0,0.0
5349-AZPEW,0,-1.1145631287986442,-1.3198554280508674,-0.9519945066873529,1.0,0.0,0.0,1.0,0.0,1.0,1.0,0.0,0.0,1.0,0.0,1.0,0.0,0.0,1.0,0.0,0.0,1.0,0.0,0.0,1.0,0.0,0.0,1.0,0.0,0.0,1.0,0.0,0.0,1.0,0.0,0.0,1.0,0.0,0.0,1.0,0.0,0.0,0.0,0.0,1.0,1.0,0.0,1.0,1.0,0.0,0.0,0.8541413959328447,1.0,0.0,0.0,1.0,0.0,0.0,1.0,0.0,0.0
3753-TSEMP,0,-0.7073594915983407,0.7773323861587803,-0.39384824458895146,1.0,0.0,0.0,1.0,1.0,0.0,0.0,1.0,1.0,0.0,0.0,0.0,1.0,0.0,1.0,0.0,0.0,1.0,0.0,0.0,1.0,0.0,0.0,1.0,0.0,0.0,0.0,0.0,1.0,0.0,0.0,1.0,1.0,0.0,0.0,1.0,0.0,0.0,0.0,1.0,0.0,0.0,1.0,4.0,1.0,0.0,0.0,0.556786541026002,1.0,0.0,0.0,1.0,0.0,0.0,1.0,0.0,0.0
8305-VHZBZ,0,-1.2774445836787656,-1.481049737066981,-0.9984515467624155,0.0,1.0,1.0,0.0,1.0,0.0,0.0,1.0,1.0,0.0,0.0,0.0,0.0,1.0,0.0,1.0,0.0,0.0,1.0,0.0,0.0,1.0,0.0,0.0,1.0,0.0,0.0,1.0,0.0,0.0,1.0,0.0,1.0,0.0,0.0,0.0,1.0,0.0,0.0,0.0,1.0,0.0,1.0,1.0,1.0,0.0,0.0,0.7816006733435669,1.0,0.0,0.0,1.0,0.0,0.0,1.0,0.0,0.0
9720-JJJOR,0,0.35136996512244845,-0.14828854293375057,0.10059054754896544,0.0,1.0,0.0,1.0,0.0,1.0,0.0,1.0,1.0,0.0,0.0,1.0,0.0,0.0,0.0,0.0,1.0,0.0,0.0,1.0,0.0,0.0,1.0,1.0,0.0,0.0,1.0,0.0,0.0,1.0,0.0,0.0,0.0,1.0,0.0,0.0,1.0,1.0,0.0,0.0,0.0,1.0,0.0,5.0,0.0,0.0,1.0,0.28628100729642836,0.0,0.0,1.0,0.0,0.0,1.0,0.0,0.0,1.0
8100-HZZLJ,0,0.43281069256250915,-0.02697736192162338,0.20018861779536032,1.0,0.0,1.0,0.0,0.0,1.0,0.0,1.0,1.0,0.0,0.0,1.0,0.0,0.0,0.0,0.0,1.0,0.0,0.0,1.0,1.0,0.0,0.0,1.0,0.0,0.0,1.0,0.0,0.0,0.0,0.0,1.0,1.0,0.0,0.0,0.0,1.0,0.0,0.0,1.0,0.0,1.0,0.0,5.0,0.0,0.0,1.0,0.4625315899894221,0.0,0.0,1.0,0.0,0.0,1.0,0.0,0.0,1.0
8775-ERLNB,1,-1.2774445836787656,0.3170146171127639,-0.9745833049004886,0.0,1.0,0.0,1.0,1.0,0.0,0.0,1.0,0.0,0.0,1.0,0.0,1.0,0.0,1.0,0.0,0.0,1.0,0.0,0.0,1.0,0.0,0.0,1.0,0.0,0.0,1.0,0.0,0.0,1.0,0.0,0.0,1.0,0.0,0.0,1.0,0.0,0.0,0.0,1.0,0.0,1.0,0.0,3.0,1.0,0.0,0.0,0.7629163075660772,1.0,0.0,0.0,1.0,0.0,0.0,1.0,0.0,0.0
8309-IEYJD,1,-1.2774445836787656,0.19404163910047073,-0.9762156985213599,1.0,0.0,1.0,0.0,1.0,0.0,0.0,1.0,1.0,0.0,0.0,0.0,1.0,0.0,1.0,0.0,0.0,1.0,0.0,0.0,1.0,0.0,0.0,1.0,0.0,0.0,1.0,0.0,0.0,1.0,0.0,0.0,1.0,0.0,0.0,0.0,1.0,0.0,0.0,0.0,1.0,1.0,0.0,2.0,1.0,0.0,0.0,0.7641941662236875,1.0,0.0,0.0,1.0,0.0,0.0,1.0,0.0,0.0
9172-JITSM,0,-0.2594354906780068,0.8654076271675846,0.034633021516469194,1.0,0.0,0.0,1.0,0.0,1.0,0.0,1.0,1.0,0.0,0.0,0.0,1.0,0.0,1.0,0.0,0.0,1.0,0.0,0.0,1.0,0.0,0.0,1.0,0.0,0.0,0.0,0.0,1.0,0.0,0.0,1.0,1.0,0.0,0.0,0.0,1.0,0.0,0.0,1.0,0.0,0.0,1.0,4.0,0.0,0.0,1.0,-0.1334937692062081,0.0,0.0,1.0,0.0,0.0,1.0,0.0,0.0,1.0
6298-QDFNH,0,-0.4223169455581282,0.48485611412954227,-0.24395480332112132,0.0,1.0,1.0,0.0,1.0,0.0,0.0,1.0,0.0,0.0,1.0,0.0,1.0,0.0,1.0,0.0,0.0,0.0,0.0,1.0,1.0,0.0,0.0,1.0,0.0,0.0,1.0,0.0,0.0,1.0,0.0,0.0,1.0,0.0,0.0,0.0,1.0,0.0,0.0,1.0,0.0,0.0,1.0,4.0,0.0,0.0,1.0,0.5776580975189476,0.0,0.0,1.0,0.0,0.0,1.0,0.0,0.0,1.0
7398-HPYZQ,0,1.5729808767233588,0.8570986421667539,1.8180009929449399,0.0,1.0,0.0,1.0,1.0,0.0,0.0,1.0,0.0,0.0,1.0,1.0,0.0,0.0,0.0,0.0,1.0,0.0,0.0,1.0,0.0,0.0,1.0,0.0,0.0,1.0,0.0,0.0,1.0,0.0,0.0,1.0,0.0,0.0,1.0,1.0,0.0,1.0,0.0,0.0,0.0,1.0,0.0,9.0,0.0,1.0,0.0,1.1557680197180635,0.0,1.0,0.0,0.0,1.0,0.0,0.0,1.0,0.0
3546-GHEAE,0,-1.0331224013585834,-1.505976692069473,-0.9344131862031055,0.0,1.0,1.0,0.0,1.0,0.0,0.0,1.0,1.0,0.0,0.0,0.0,0.0,1.0,0.0,1.0,0.0,0.0,1.0,0.0,0.0,1.0,0.0,0.0,1.0,0.0,0.0,1.0,0.0,0.0,1.0,0.0,0.0,0.0,1.0,1.0,0.0,0.0,0.0,0.0,1.0,1.0,0.0,1.0,1.0,0.0,0.0,0.904455449784389,1.0,0.0,0.0,1.0,0.0,0.0,1.0,0.0,0.0
7361-YPXFS,1,-0.1779947632379461,-0.010359391919962149,-0.18340182373610384,1.0,0.0,1.0,0.0,1.0,0.0,0.0,1.0,0.0,0.0,1.0,1.0,0.0,0.0,1.0,0.0,0.0,0.0,0.0,1.0,0.0,0.0,1.0,0.0,0.0,1.0,1.0,0.0,0.0,1.0,0.0,0.0,1.0,0.0,0.0,1.0,0.0,1.0,0.0,0.0,0.0,1.0,0.0,6.0,0.0,0.0,1.0,1.0303776380821354,0.0,0.0,1.0,0.0,0.0,1.0,0.0,0.0,1.0
6557-BZXLQ,1,-0.6666391278783103,0.16246749609731476,-0.5470726512182889,0.0,1.0,1.0,0.0,1.0,0.0,0.0,1.0,1.0,0.0,0.0,0.0,1.0,0.0,1.0,0.0,0.0,1.0,0.0,0.0,1.0,0.0,0.0,1.0,0.0,0.0,1.0,0.0,0.0,1.0,0.0,0.0,1.0,0.0,0.0,1.0,0.0,0.0,0.0,1.0,0.0,1.0,0.0,2.0,1.0,0.0,0.0,0.8206428760931547,1.0,0.0,0.0,1.0,0.0,0.0,1.0,0.0,0.0
2550-QHZGP,0,-1.0331224013585834,-1.504314895069307,-0.9506268255455419,0.0,1.0,1.0,0.0,1.0,0.0,0.0,1.0,1.0,0.0,0.0,0.0,0.0,1.0,0.0,1.0,0.0,0.0,1.0,0.0,0.0,1.0,0.0,0.0,1.0,0.0,0.0,1.0,0.0,0.0,1.0,0.0,0.0,1.0,0.0,1.0,0.0,0.0,0.0,0.0,1.0,1.0,0.0,1.0,1.0,0.0,0.0,0.920149272046993,1.0,0.0,0.0,1.0,0.0,0.0,1.0,0.0,0.0
7519-JTWQH,0,1.4915401492832983,1.5201556452330371,2.28188755312466,1.0,0.0,1.0,0.0,1.0,0.0,0.0,1.0,0.0,0.0,1.0,0.0,1.0,0.0,1.0,0.0,0.0,0.0,0.0,1.0,0.0,0.0,1.0,0.0,0.0,1.0,0.0,0.0,1.0,0.0,0.0,1.0,0.0,0.0,1.0,0.0,1.0,1.0,0.0,0.0,0.0,1.0,0.0,8.0,0.0,1.0,0.0,1.5298867779195435,0.0,1.0,0.0,0.0,1.0,0.0,0.0,1.0,0.0
2538-OIMXF,0,-1.2774445836787656,-1.33148800705203,-0.9964662031694641,1.0,0.0,1.0,0.0,0.0,1.0,1.0,0.0,0.0,1.0,0.0,1.0,0.0,0.0,1.0,0.0,0.0,1.0,0.0,0.0,1.0,0.0,0.0,1.0,0.0,0.0,1.0,0.0,0.0,1.0,0.0,0.0,1.0,0.0,0.0,1.0,0.0,0.0,0.0,0.0,1.0,1.0,0.0,1.0,1.0,0.0,0.0,0.780046520922149,1.0,0.0,0.0,1.0,0.0,0.0,1.0,0.0,0.0
8543-MSDMF,0,-1.1960038562387048,0.4200460311230638,-0.9164127376270129,0.0,1.0,1.0,0.0,1.0,0.0,0.0,1.0,1.0,0.0,0.0,1.0,0.0,0.0,0.0,0.0,1.0,1.0,0.0,0.0,0.0,0.0,1.0,1.0,0.0,0.0,0.0,0.0,1.0,0.0,0.0,1.0,1.0,0.0,0.0,0.0,1.0,0.0,0.0,1.0,0.0,1.0,0.0,6.0,1.0,0.0,0.0,0.7662289154393082,1.0,0.0,0.0,1.0,0.0,0.0,1.0,0.0,0.0
9961-JBNMK,1,-0.46303730927815856,1.0648232671875193,-0.11162062316428349,0.0,1.0,1.0,0.0,1.0,0.0,0.0,1.0,1.0,0.0,0.0,0.0,1.0,0.0,1.0,0.0,0.0,1.0,0.0,0.0,0.0,0.0,1.0,1.0,0.0,0.0,0.0,0.0,1.0,0.0,0.0,1.0,1.0,0.0,0.0,0.0,1.0,1.0,0.0,0.0,0.0,0.0,1.0,5.0,0.0,0.0,1.0,0.24106183438715104,0.0,0.0,1.0,0.0,0.0,1.0,0.0,0.0,1.0
1170-SASML,0,1.4915401492832983,0.6859335511496436,1.5821421741023143,1.0,0.0,0.0,1.0,1.0,0.0,0.0,1.0,0.0,0.0,1.0,0.0,1.0,0.0,1.0,0.0,0.0,0.0,0.0,1.0,0.0,0.0,1.0,1.0,0.0,0.0,1.0,0.0,0.0,1.0,0.0,0.0,1.0,0.0,0.0,0.0,1.0,1.0,0.0,0.0,0.0,1.0,0.0,5.0,0.0,1.0,0.0,1.06074393965362,0.0,1.0,0.0,0.0,1.0,0.0,0.0,1.0,0.0
4872-JCVCA,0,1.5729808767233588,-0.5703849809759457,0.48287948605838354,1.0,0.0,0.0,1.0,1.0,0.0,1.0,0.0,0.0,1.0,0.0,1.0,0.0,0.0,0.0,0.0,1.0,0.0,0.0,1.0,0.0,0.0,1.0,0.0,0.0,1.0,1.0,0.0,0.0,1.0,0.0,0.0,0.0,0.0,1.0,0.0,1.0,1.0,0.0,0.0,0.0,1.0,0.0,5.0,0.0,1.0,0.0,0.3069836977702227,0.0,1.0,0.0,0.0,1.0,0.0,0.0,1.0,0.0
5346-BZCHP,0,1.4915401492832983,-1.5076384890696393,-0.4134369680394051,1.0,0.0,0.0,1.0,0.0,1.0,0.0,1.0,1.0,0.0,0.0,0.0,0.0,1.0,0.0,1.0,0.0,0.0,1.0,0.0,0.0,1.0,0.0,0.0,1.0,0.0,0.0,1.0,0.0,0.0,1.0,0.0,0.0,0.0,1.0,1.0,0.0,0.0,0.0,0.0,1.0,1.0,0.0,1.0,0.0,1.0,0.0,-0.27718795785555367,0.0,1.0,0.0,0.0,1.0,0.0,0.0,1.0,0.0
2038-LLMLM,0,0.6364125111626608,1.2991366442109427,1.1747717282019439,1.0,0.0,1.0,0.0,1.0,0.0,0.0,1.0,0.0,0.0,1.0,0.0,1.0,0.0,1.0,0.0,0.0,1.0,0.0,0.0,0.0,0.0,1.0,0.0,0.0,1.0,0.0,0.0,1.0,0.0,0.0,1.0,1.0,0.0,0.0,0.0,1.0,0.0,0.0,1.0,0.0,1.0,0.0,7.0,0.0,1.0,0.0,1.8459280853164806,0.0,1.0,0.0,0.0,1.0,0.0,0.0,1.0,0.0
6173-ITPWD,0,0.5956921474426305,0.6177998741428321,0.7860635120753161,0.0,1.0,0.0,1.0,1.0,0.0,0.0,1.0,0.0,0.0,1.0,0.0,1.0,0.0,1.0,0.0,0.0,0.0,0.0,1.0,0.0,0.0,1.0,1.0,0.0,0.0,1.0,0.0,0.0,1.0,0.0,0.0,1.0,0.0,0.0,0.0,1.0,1.0,0.0,0.0,0.0,0.0,1.0,5.0,0.0,1.0,0.0,1.3195801144097166,0.0,1.0,0.0,0.0,1.0,0.0,0.0,1.0,0.0
9734-UYXQI,0,-1.2367242199587352,-0.5105602889699654,-0.9603550091510037,1.0,0.0,1.0,0.0,1.0,0.0,0.0,1.0,0.0,0.0,1.0,1.0,0.0,0.0,1.0,0.0,0.0,1.0,0.0,0.0,1.0,0.0,0.0,1.0,0.0,0.0,1.0,0.0,0.0,1.0,0.0,0.0,1.0,0.0,0.0,0.0,1.0,0.0,0.0,1.0,0.0,0.0,1.0,3.0,1.0,0.0,0.0,0.7765312538174818,1.0,0.0,0.0,1.0,0.0,0.0,1.0,0.0,0.0
1216-BGTSP,0,0.5142514200025698,1.4520219682262263,1.1829998744260644,0.0,1.0,1.0,0.0,1.0,0.0,0.0,1.0,0.0,0.0,1.0,0.0,1.0,0.0,0.0,0.0,1.0,1.0,0.0,0.0,0.0,0.0,1.0,0.0,0.0,1.0,0.0,0.0,1.0,0.0,0.0,1.0,1.0,0.0,0.0,0.0,1.0,0.0,1.0,0.0,0.0,1.0,0.0,8.0,0.0,1.0,0.0,2.3004309339975233,0.0,1.0,0.0,0.0,1.0,0.0,0.0,1.0,0.0
4138-NAXED,0,0.758573602322752,0.5396954151350245,0.7952181519761475,0.0,1.0,1.0,0.0,1.0,0.0,0.0,1.0,0.0,0.0,1.0,0.0,1.0,0.0,1.0,0.0,0.0,0.0,0.0,1.0,1.0,0.0,0.0,1.0,0.0,0.0,1.0,0.0,0.0,1.0,0.0,0.0,1.0,0.0,0.0,1.0,0.0,1.0,0.0,0.0,0.0,1.0,0.0,4.0,0.0,1.0,0.0,1.0483071774989137,0.0,1.0,0.0,0.0,1.0,0.0,0.0,1.0,0.0
2189-UXTKY,0,-0.4223169455581282,0.47987072312904416,-0.23848407875387745,1.0,0.0,0.0,1.0,1.0,0.0,0.0,1.0,0.0,0.0,1.0,1.0,0.0,0.0,0.0,0.0,1.0,1.0,0.0,0.0,1.0,0.0,0.0,0.0,0.0,1.0,0.0,0.0,1.0,0.0,0.0,1.0,1.0,0.0,0.0,0.0,1.0,0.0,0.0,1.0,0.0,0.0,1.0,7.0,0.0,0.0,1.0,0.5647040244589291,0.0,0.0,1.0,0.0,0.0,1.0,0.0,0.0,1.0
0744-BIKKF,0,1.6137012404433893,0.7274784761537967,1.7389401991989646,0.0,1.0,1.0,0.0,1.0,0.0,0.0,1.0,0.0,0.0,1.0,1.0,0.0,0.0,0.0,0.0,1.0,0.0,0.0,1.0,0.0,0.0,1.0,0.0,0.0,1.0,0.0,0.0,1.0,0.0,0.0,1.0,0.0,0.0,1.0,1.0,0.0,1.0,0.0,0.0,0.0,1.0,0.0,9.0,0.0,1.0,0.0,1.077609755521514,0.0,1.0,0.0,0.0,1.0,0.0,0.0,1.0,0.0
7483-IQWIB,0,0.18848851024232702,0.9368648981747281,0.4994019566263901,0.0,1.0,0.0,1.0,0.0,1.0,0.0,1.0,0.0,0.0,1.0,0.0,1.0,0.0,1.0,0.0,0.0,0.0,0.0,1.0,0.0,0.0,1.0,1.0,0.0,0.0,0.0,0.0,1.0,1.0,0.0,0.0,1.0,0.0,0.0,0.0,1.0,0.0,0.0,1.0,0.0,1.0,0.0,6.0,0.0,0.0,1.0,2.6495087471609944,0.0,0.0,1.0,0.0,0.0,1.0,0.0,0.0,1.0
5248-KWLAR,0,1.5729808767233588,0.8504514541660894,1.7832574800682905,0.0,1.0,0.0,1.0,0.0,1.0,0.0,1.0,0.0,0.0,1.0,1.0,0.0,0.0,0.0,0.0,1.0,0.0,0.0,1.0,0.0,0.0,1.0,0.0,0.0,1.0,0.0,0.0,1.0,0.0,0.0,1.0,0.0,0.0,1.0,1.0,0.0,0.0,0.0,1.0,0.0,1.0,0.0,9.0,0.0,1.0,0.0,1.1336803304201346,0.0,1.0,0.0,0.0,1.0,0.0,0.0,1.0,0.0
4958-GZWIY,0,-1.0331224013585834,-0.533825446972291,-0.8572494985570615,0.0,1.0,0.0,1.0,0.0,1.0,0.0,1.0,1.0,0.0,0.0,1.0,0.0,0.0,1.0,0.0,0.0,1.0,0.0,0.0,0.0,0.0,1.0,1.0,0.0,0.0,1.0,0.0,0.0,1.0,0.0,0.0,1.0,0.0,0.0,1.0,0.0,0.0,0.0,1.0,0.0,0.0,1.0,3.0,1.0,0.0,0.0,0.829765667097873,1.0,0.0,0.0,1.0,0.0,0.0,1.0,0.0,0.0
7996-MHXLW,0,1.369379058123207,-1.3165318340505352,-0.2645803173145608,1.0,0.0,1.0,0.0,1.0,0.0,0.0,1.0,0.0,0.0,1.0,0.0,0.0,1.0,0.0,1.0,0.0,0.0,1.0,0.0,0.0,1.0,0.0,0.0,1.0,0.0,0.0,1.0,0.0,0.0,1.0,0.0,0.0,0.0,1.0,0.0,1.0,0.0,1.0,0.0,0.0,1.0,0.0,2.0,0.0,1.0,0.0,-0.1932118909991069,0.0,1.0,0.0,0.0,1.0,0.0,0.0,1.0,0.0
7833-PKIHD,0,0.758573602322752,0.3868100911197414,0.7425183092699157,0.0,1.0,0.0,1.0,0.0,1.0,0.0,1.0,1.0,0.0,0.0,1.0,0.0,0.0,0.0,0.0,1.0,1.0,0.0,0.0,1.0,0.0,0.0,0.0,0.0,1.0,0.0,0.0,1.0,0.0,0.0,1.0,0.0,1.0,0.0,0.0,1.0,1.0,0.0,0.0,0.0,1.0,0.0,6.0,0.0,1.0,0.0,0.9788348909009291,0.0,1.0,0.0,0.0,1.0,0.0,0.0,1.0,0.0
7061-OVMIM,0,-0.0965540357978854,-1.502653098069141,-0.7389009610439035,1.0,0.0,0.0,1.0,0.0,1.0,0.0,1.0,1.0,0.0,0.0,0.0,0.0,1.0,0.0,1.0,0.0,0.0,1.0,0.0,0.0,1.0,0.0,0.0,1.0,0.0,0.0,1.0,0.0,0.0,1.0,0.0,0.0,1.0,0.0,1.0,0.0,1.0,0.0,0.0,0.0,1.0,0.0,1.0,0.0,0.0,1.0,7.652719587927218,0.0,0.0,1.0,0.0,0.0,1.0,0.0,0.0,1.0
5153-RTHKF,0,0.06632741908223598,0.684271754149477,0.2705800778521146,1.0,0.0,1.0,0.0,1.0,0.0,0.0,1.0,0.0,0.0,1.0,0.0,1.0,0.0,1.0,0.0,0.0,1.0,0.0,0.0,1.0,0.0,0.0,1.0,0.0,0.0,0.0,0.0,1.0,1.0,0.0,0.0,1.0,0.0,0.0,1.0,0.0,0.0,0.0,1.0,0.0,1.0,0.0,4.0,0.0,0.0,1.0,4.079460373946349,0.0,0.0,1.0,0.0,0.0,1.0,0.0,0.0,1.0
1852-QSWCD,0,1.2879383306831464,-1.328164413051698,-0.339030702050238,0.0,1.0,0.0,1.0,0.0,1.0,0.0,1.0,0.0,0.0,1.0,0.0,0.0,1.0,0.0,1.0,0.0,0.0,1.0,0.0,0.0,1.0,0.0,0.0,1.0,0.0,0.0,1.0,0.0,0.0,1.0,0.0,0.0,0.0,1.0,0.0,1.0,0.0,0.0,0.0,1.0,1.0,0.0,2.0,0.0,1.0,0.0,-0.2632351984356346,0.0,1.0,0.0,0.0,1.0,0.0,0.0,1.0,0.0
4832-VRBMR,1,1.3286586944031769,1.2758714862086173,1.989380263763155,0.0,1.0,0.0,1.0,1.0,0.0,0.0,1.0,0.0,0.0,1.0,0.0,1.0,0.0,1.0,0.0,0.0,0.0,0.0,1.0,0.0,0.0,1.0,1.0,0.0,0.0,0.0,0.0,1.0,0.0,0.0,1.0,0.0,1.0,0.0,0.0,1.0,1.0,0.0,0.0,0.0,1.0,0.0,7.0,0.0,1.0,0.0,1.4972846466464205,0.0,1.0,0.0,0.0,1.0,0.0,0.0,1.0,0.0
9079-LWTFD,0,0.5956921474426305,1.1961052302006432,1.0526289784889231,0.0,1.0,1.0,0.0,1.0,0.0,0.0,1.0,0.0,0.0,1.0,0.0,1.0,0.0,0.0,0.0,1.0,0.0,0.0,1.0,1.0,0.0,0.0,0.0,0.0,1.0,0.0,0.0,1.0,1.0,0.0,0.0,1.0,0.0,0.0,1.0,0.0,0.0,0.0,0.0,1.0,1.0,0.0,7.0,0.0,1.0,0.0,1.7670687502059088,0.0,1.0,0.0,0.0,1.0,0.0,0.0,1.0,0.0
6356-ELRKD,0,-1.2774445836787656,1.0249401391835322,-0.9651860118938521,1.0,0.0,1.0,0.0,1.0,0.0,0.0,1.0,1.0,0.0,0.0,0.0,1.0,0.0,0.0,0.0,1.0,1.0,0.0,0.0,1.0,0.0,0.0,1.0,0.0,0.0,0.0,0.0,1.0,0.0,0.0,1.0,1.0,0.0,0.0,0.0,1.0,0.0,0.0,1.0,0.0,0.0,1.0,5.0,1.0,0.0,0.0,0.7555599861046998,1.0,0.0,0.0,1.0,0.0,0.0,1.0,0.0,0.0
8624-GIOUT,0,0.6771328748826912,-0.16656830993557784,0.28721284528639635,1.0,0.0,1.0,0.0,1.0,0.0,0.0,1.0,0.0,0.0,1.0,1.0,0.0,0.0,0.0,0.0,1.0,0.0,0.0,1.0,1.0,0.0,0.0,1.0,0.0,0.0,1.0,0.0,0.0,1.0,0.0,0.0,1.0,0.0,0.0,0.0,1.0,0.0,1.0,0.0,0.0,0.0,1.0,5.0,0.0,1.0,0.0,0.42416024378694367,0.0,1.0,0.0,0.0,1.0,0.0,0.0,1.0,0.0
3392-EHMNK,0,1.4100994218432374,0.9750862291785486,1.7733528214767886,1.0,0.0,0.0,1.0,0.0,1.0,0.0,1.0,0.0,0.0,1.0,0.0,1.0,0.0,1.0,0.0,0.0,0.0,0.0,1.0,1.0,0.0,0.0,0.0,0.0,1.0,0.0,0.0,1.0,1.0,0.0,0.0,0.0,0.0,1.0,1.0,0.0,0.0,1.0,0.0,0.0,1.0,0.0,6.0,0.0,1.0,0.0,1.2576083600961399,0.0,1.0,0.0,0.0,1.0,0.0,0.0,1.0,0.0
5986-WWXDV,0,0.26992923768238775,-1.5093002860698053,-0.6635902607512806,0.0,1.0,1.0,0.0,0.0,1.0,0.0,1.0,1.0,0.0,0.0,0.0,0.0,1.0,0.0,1.0,0.0,0.0,1.0,0.0,0.0,1.0,0.0,0.0,1.0,0.0,0.0,1.0,0.0,0.0,1.0,0.0,0.0,1.0,0.0,1.0,0.0,1.0,0.0,0.0,0.0,1.0,0.0,1.0,0.0,0.0,1.0,-2.458386006824848,0.0,0.0,1.0,0.0,0.0,1.0,0.0,0.0,1.0
3061-BCKYI,0,-0.748079855318371,-1.491020519067978,-0.8821765903352289,0.0,1.0,1.0,0.0,1.0,0.0,0.0,1.0,1.0,0.0,0.0,0.0,0.0,1.0,0.0,1.0,0.0,0.0,1.0,0.0,0.0,1.0,0.0,0.0,1.0,0.0,0.0,1.0,0.0,0.0,1.0,0.0,1.0,0.0,0.0,1.0,0.0,0.0,0.0,0.0,1.0,1.0,0.0,1.0,1.0,0.0,0.0,1.1792545729757533,1.0,0.0,0.0,1.0,0.0,0.0,1.0,0.0,0.0
6179-GJPSO,1,0.43281069256250915,1.4420511862252297,1.0224076371295518,1.0,0.0,1.0,0.0,1.0,0.0,0.0,1.0,1.0,0.0,0.0,0.0,1.0,0.0,0.0,0.0,1.0,0.0,0.0,1.0,1.0,0.0,0.0,0.0,0.0,1.0,0.0,0.0,1.0,0.0,0.0,1.0,1.0,0.0,0.0,0.0,1.0,0.0,1.0,0.0,0.0,0.0,1.0,7.0,0.0,0.0,1.0,2.3622513368980353,0.0,0.0,1.0,0.0,0.0,1.0,0.0,0.0,1.0
7901-TBKJX,1,0.9621754209229036,1.2060760122016398,1.4606391462136892,0.0,1.0,1.0,0.0,1.0,0.0,0.0,1.0,0.0,0.0,1.0,0.0,1.0,0.0,1.0,0.0,0.0,1.0,0.0,0.0,0.0,0.0,1.0,1.0,0.0,0.0,0.0,0.0,1.0,0.0,0.0,1.0,1.0,0.0,0.0,0.0,1.0,0.0,0.0,1.0,0.0,1.0,0.0,6.0,0.0,1.0,0.0,1.5180590923977946,0.0,1.0,0.0,0.0,1.0,0.0,0.0,1.0,0.0
7228-PAQPD,0,-0.748079855318371,-0.18817167093773737,-0.6663918011546676,1.0,0.0,1.0,0.0,1.0,0.0,0.0,1.0,1.0,0.0,0.0,1.0,0.0,0.0,1.0,0.0,0.0,1.0,0.0,0.0,1.0,0.0,0.0,0.0,0.0,1.0,1.0,0.0,0.0,0.0,0.0,1.0,0.0,1.0,0.0,1.0,0.0,0.0,1.0,0.0,0.0,1.0,0.0,4.0,1.0,0.0,0.0,0.8908030291379277,1.0,0.0,0.0,1.0,0.0,0.0,1.0,0.0,0.0
3177-LASXD,0,-1.2774445836787656,0.21896859410296257,-0.9758848079225346,1.0,0.0,1.0,0.0,1.0,0.0,0.0,1.0,1.0,0.0,0.0,0.0,1.0,0.0,1.0,0.0,0.0,1.0,0.0,0.0,1.0,0.0,0.0,1.0,0.0,0.0,1.0,0.0,0.0,1.0,0.0,0.0,1.0,0.0,0.0,1.0,0.0,0.0,0.0,1.0,0.0,0.0,1.0,2.0,1.0,0.0,0.0,0.7639351408201178,1.0,0.0,0.0,1.0,0.0,0.0,1.0,0.0,0.0
7746-QYVCO,0,-0.6666391278783103,-0.29618847594853537,-0.6289129259943963,0.0,1.0,0.0,1.0,0.0,1.0,0.0,1.0,1.0,0.0,0.0,1.0,0.0,0.0,0.0,0.0,1.0,0.0,0.0,1.0,1.0,0.0,0.0,1.0,0.0,0.0,1.0,0.0,0.0,1.0,0.0,0.0,0.0,1.0,0.0,0.0,1.0,0.0,0.0,0.0,1.0,1.0,0.0,4.0,1.0,0.0,0.0,0.9434083594763124,1.0,0.0,0.0,1.0,0.0,0.0,1.0,0.0,0.0
5804-HYIEZ,0,1.5322605130033284,1.3722557122182522,2.325388637183551,0.0,1.0,0.0,1.0,0.0,1.0,0.0,1.0,0.0,0.0,1.0,0.0,1.0,0.0,0.0,0.0,1.0,0.0,0.0,1.0,1.0,0.0,0.0,1.0,0.0,0.0,0.0,0.0,1.0,0.0,0.0,1.0,1.0,0.0,0.0,0.0,1.0,0.0,0.0,1.0,0.0,1.0,0.0,7.0,0.0,1.0,0.0,1.5176196328558,0.0,1.0,0.0,0.0,1.0,0.0,0.0,1.0,0.0
9919-FZDED,1,1.6137012404433893,0.642726829145324,1.631665467059824,0.0,1.0,0.0,1.0,1.0,0.0,0.0,1.0,0.0,0.0,1.0,1.0,0.0,0.0,0.0,0.0,1.0,0.0,0.0,1.0,0.0,0.0,1.0,1.0,0.0,0.0,0.0,0.0,1.0,0.0,0.0,1.0,0.0,0.0,1.0,0.0,1.0,0.0,1.0,0.0,0.0,1.0,0.0,8.0,0.0,1.0,0.0,1.0111323125781937,0.0,1.0,0.0,0.0,1.0,0.0,0.0,1.0,0.0
5934-TSSAU,0,-0.38159658183809786,0.3502505571160864,-0.2560653992381247,1.0,0.0,0.0,1.0,0.0,1.0,0.0,1.0,1.0,0.0,0.0,0.0,1.0,0.0,1.0,0.0,0.0,1.0,0.0,0.0,0.0,0.0,1.0,1.0,0.0,0.0,1.0,0.0,0.0,1.0,0.0,0.0,1.0,0.0,0.0,0.0,1.0,0.0,1.0,0.0,0.0,1.0,0.0,3.0,0.0,0.0,1.0,0.6710369312133069,0.0,0.0,1.0,0.0,0.0,1.0,0.0,0.0,1.0
3486-KHMLI,0,-0.46303730927815856,-1.33148800705203,-0.8012628092358322,0.0,1.0,1.0,0.0,0.0,1.0,0.0,1.0,0.0,0.0,1.0,0.0,0.0,1.0,0.0,1.0,0.0,0.0,1.0,0.0,0.0,1.0,0.0,0.0,1.0,0.0,0.0,1.0,0.0,0.0,1.0,0.0,1.0,0.0,0.0,1.0,0.0,0.0,0.0,0.0,1.0,1.0,0.0,2.0,0.0,0.0,1.0,1.730449778409741,0.0,0.0,1.0,0.0,0.0,1.0,0.0,0.0,1.0
4897-QSUYC,0,-1.2774445836787656,-1.4827115340671475,-0.9984736061356704,1.0,0.0,1.0,0.0,1.0,0.0,0.0,1.0,1.0,0.0,0.0,0.0,0.0,1.0,0.0,1.0,0.0,0.0,1.0,0.0,0.0,1.0,0.0,0.0,1.0,0.0,0.0,1.0,0.0,0.0,1.0,0.0,1.0,0.0,0.0,0.0,1.0,0.0,0.0,0.0,1.0,0.0,1.0,1.0,1.0,0.0,0.0,0.7816179417038046,1.0,0.0,0.0,1.0,0.0,0.0,1.0,0.0,0.0
1084-UQCHV,0,-1.2774445836787656,0.1657910900976468,-0.9765907078666951,0.0,1.0,1.0,0.0,0.0,1.0,0.0,1.0,1.0,0.0,0.0,0.0,1.0,0.0,1.0,0.0,0.0,1.0,0.0,0.0,1.0,0.0,0.0,1.0,0.0,0.0,1.0,0.0,0.0,1.0,0.0,0.0,1.0,0.0,0.0,1.0,0.0,1.0,0.0,0.0,0.0,0.0,1.0,2.0,1.0,0.0,0.0,0.764487728347733,1.0,0.0,0.0,1.0,0.0,0.0,1.0,0.0,0.0
8290-YWKHZ,1,-0.015113308357824713,0.9451738831755587,0.2857569266515652,1.0,0.0,0.0,1.0,1.0,0.0,0.0,1.0,0.0,0.0,1.0,0.0,1.0,0.0,1.0,0.0,0.0,1.0,0.0,0.0,1.0,0.0,0.0,1.0,0.0,0.0,0.0,0.0,1.0,0.0,0.0,1.0,1.0,0.0,0.0,0.0,1.0,0.0,0.0,1.0,0.0,0.0,1.0,5.0,0.0,0.0,1.0,-18.90763556766963,0.0,0.0,1.0,0.0,0.0,1.0,0.0,0.0,1.0
2955-BJZHG,0,-0.62591876415828,0.534710024134526,-0.3893260730716733,0.0,1.0,0.0,1.0,0.0,1.0,0.0,1.0,1.0,0.0,0.0,0.0,1.0,0.0,1.0,0.0,0.0,1.0,0.0,0.0,1.0,0.0,0.0,1.0,0.0,0.0,0.0,0.0,1.0,1.0,0.0,0.0,1.0,0.0,0.0,1.0,0.0,0.0,0.0,1.0,0.0,0.0,1.0,3.0,1.0,0.0,0.0,0.6220073520167259,1.0,0.0,0.0,1.0,0.0,0.0,1.0,0.0,0.0
3806-DXQOM,0,-1.1552834925186746,-1.034026344022294,-0.9465458414933641,1.0,0.0,1.0,0.0,1.0,0.0,1.0,0.0,0.0,1.0,0.0,1.0,0.0,0.0,0.0,0.0,1.0,0.0,0.0,1.0,1.0,0.0,0.0,1.0,0.0,0.0,1.0,0.0,0.0,1.0,0.0,0.0,1.0,0.0,0.0,0.0,1.0,0.0,0.0,1.0,0.0,0.0,1.0,3.0,1.0,0.0,0.0,0.8193191087927396,1.0,0.0,0.0,1.0,0.0,0.0,1.0,0.0,0.0
6784-XYJAE,0,0.14776814652229667,-0.29785027294870164,-0.15079807006519094,1.0,0.0,1.0,0.0,1.0,0.0,0.0,1.0,0.0,0.0,1.0,1.0,0.0,0.0,1.0,0.0,0.0,1.0,0.0,0.0,0.0,0.0,1.0,1.0,0.0,0.0,1.0,0.0,0.0,1.0,0.0,0.0,0.0,1.0,0.0,1.0,0.0,0.0,0.0,1.0,0.0,1.0,0.0,4.0,0.0,0.0,1.0,-1.0205045783831166,0.0,0.0,1.0,0.0,0.0,1.0,0.0,0.0,1.0
3933-DQPWX,0,0.7178532386027215,-0.8329489070021932,-0.15465846038481865,1.0,0.0,1.0,0.0,1.0,0.0,1.0,0.0,0.0,1.0,0.0,1.0,0.0,0.0,1.0,0.0,0.0,0.0,0.0,1.0,0.0,0.0,1.0,0.0,0.0,1.0,1.0,0.0,0.0,1.0,0.0,0.0,0.0,0.0,1.0,1.0,0.0,0.0,1.0,0.0,0.0,1.0,0.0,4.0,0.0,1.0,0.0,-0.21544579319006266,0.0,1.0,0.0,0.0,1.0,0.0,0.0,1.0,0.0
6661-EIPZC,0,0.6364125111626608,-1.1719554950360824,-0.37953171134644637,1.0,0.0,0.0,1.0,0.0,1.0,1.0,0.0,0.0,1.0,0.0,1.0,0.0,0.0,1.0,0.0,0.0,1.0,0.0,0.0,1.0,0.0,0.0,0.0,0.0,1.0,1.0,0.0,0.0,1.0,0.0,0.0,1.0,0.0,0.0,0.0,1.0,0.0,1.0,0.0,0.0,1.0,0.0,2.0,0.0,1.0,0.0,-0.5963611724934204,0.0,1.0,0.0,0.0,1.0,0.0,0.0,1.0,0.0
8957-THMOA,0,0.7178532386027215,-1.4827115340671475,-0.5790366830648064,1.0,0.0,1.0,0.0,0.0,1.0,0.0,1.0,1.0,0.0,0.0,0.0,0.0,1.0,0.0,1.0,0.0,0.0,1.0,0.0,0.0,1.0,0.0,0.0,1.0,0.0,0.0,1.0,0.0,0.0,1.0,0.0,0.0,0.0,1.0,1.0,0.0,0.0,1.0,0.0,0.0,1.0,0.0,1.0,0.0,1.0,0.0,-0.8066226519948323,0.0,1.0,0.0,0.0,1.0,0.0,0.0,1.0,0.0
2251-PYLPB,0,1.6137012404433893,0.4915033021302069,1.5563327073939461,0.0,1.0,0.0,1.0,1.0,0.0,0.0,1.0,0.0,0.0,1.0,1.0,0.0,0.0,0.0,0.0,1.0,0.0,0.0,1.0,0.0,0.0,1.0,0.0,0.0,1.0,1.0,0.0,0.0,0.0,0.0,1.0,0.0,0.0,1.0,1.0,0.0,0.0,1.0,0.0,0.0,1.0,0.0,8.0,0.0,1.0,0.0,0.964449098995747,0.0,1.0,0.0,0.0,1.0,0.0,0.0,1.0,0.0
5555-RNPGT,0,-0.9109613101984924,-1.328164413051698,-0.9085816601214823,0.0,1.0,1.0,0.0,0.0,1.0,0.0,1.0,0.0,0.0,1.0,0.0,0.0,1.0,0.0,1.0,0.0,0.0,1.0,0.0,0.0,1.0,0.0,0.0,1.0,0.0,0.0,1.0,0.0,0.0,1.0,0.0,1.0,0.0,0.0,1.0,0.0,0.0,1.0,0.0,0.0,1.0,0.0,2.0,1.0,0.0,0.0,0.9973877594466756,1.0,0.0,0.0,1.0,0.0,0.0,1.0,0.0,0.0
1057-FOGLZ,0,-0.5851984004382496,-1.4993295040688086,-0.8345504034776505,1.0,0.0,1.0,0.0,1.0,0.0,0.0,1.0,1.0,0.0,0.0,0.0,0.0,1.0,0.0,1.0,0.0,0.0,1.0,0.0,0.0,1.0,0.0,0.0,1.0,0.0,0.0,1.0,0.0,0.0,1.0,0.0,1.0,0.0,0.0,1.0,0.0,0.0,0.0,0.0,1.0,1.0,0.0,1.0,1.0,0.0,0.0,1.4260982307071646,1.0,0.0,0.0,1.0,0.0,0.0,1.0,0.0,0.0
9300-RENDD,0,-1.2774445836787656,0.5047976781315361,-0.9720905957226721,0.0,1.0,1.0,0.0,1.0,0.0,0.0,1.0,1.0,0.0,0.0,0.0,1.0,0.0,1.0,0.0,0.0,1.0,0.0,0.0,1.0,0.0,0.0,1.0,0.0,0.0,0.0,0.0,1.0,1.0,0.0,0.0,1.0,0.0,0.0,0.0,1.0,0.0,0.0,1.0,0.0,0.0,1.0,3.0,1.0,0.0,0.0,0.7609649828591862,1.0,0.0,0.0,1.0,0.0,0.0,1.0,0.0,0.0
0761-AETCS,0,-1.2774445836787656,-1.5109620830699715,-0.9988486154810057,1.0,0.0,1.0,0.0,1.0,0.0,0.0,1.0,1.0,0.0,0.0,0.0,0.0,1.0,0.0,1.0,0.0,0.0,1.0,0.0,0.0,1.0,0.0,0.0,1.0,0.0,0.0,1.0,0.0,0.0,1.0,0.0,1.0,0.0,0.0,1.0,0.0,0.0,0.0,1.0,0.0,0.0,1.0,1.0,1.0,0.0,0.0,0.7819115038278502,1.0,0.0,0.0,1.0,0.0,0.0,1.0,0.0,0.0
8087-LGYHQ,0,-0.9516816739185228,0.9734244321783826,-0.6492737275087755,0.0,1.0,1.0,0.0,1.0,0.0,0.0,1.0,1.0,0.0,0.0,0.0,1.0,0.0,1.0,0.0,0.0,1.0,0.0,0.0,0.0,0.0,1.0,1.0,0.0,0.0,0.0,0.0,1.0,0.0,0.0,1.0,1.0,0.0,0.0,0.0,1.0,0.0,0.0,1.0,0.0,1.0,0.0,5.0,1.0,0.0,0.0,0.6822383421920999,1.0,0.0,0.0,1.0,0.0,0.0,1.0,0.0,0.0
4137-BTIKL,0,-1.2367242199587352,0.8637458301674186,-0.9302660240311627,0.0,1.0,1.0,0.0,1.0,0.0,0.0,1.0,0.0,0.0,1.0,0.0,1.0,0.0,0.0,0.0,1.0,1.0,0.0,0.0,1.0,0.0,0.0,1.0,0.0,0.0,1.0,0.0,0.0,0.0,0.0,1.0,1.0,0.0,0.0,1.0,0.0,0.0,0.0,0.0,1.0,1.0,0.0,5.0,1.0,0.0,0.0,0.7522016703628576,1.0,0.0,0.0,1.0,0.0,0.0,1.0,0.0,0.0
2190-BCXEC,0,0.3106496014024181,0.46823814412788106,0.3721634916914608,1.0,0.0,0.0,1.0,1.0,0.0,0.0,1.0,0.0,0.0,1.0,0.0,1.0,0.0,1.0,0.0,0.0,1.0,0.0,0.0,1.0,0.0,0.0,0.0,0.0,1.0,1.0,0.0,0.0,1.0,0.0,0.0,1.0,0.0,0.0,0.0,1.0,0.0,1.0,0.0,0.0,1.0,0.0,4.0,0.0,0.0,1.0,1.1980169619125218,0.0,0.0,1.0,0.0,0.0,1.0,0.0,0.0,1.0
6227-FBDXH,0,1.4915401492832983,1.15456030519649,2.01099844955307,0.0,1.0,0.0,1.0,1.0,0.0,0.0,1.0,0.0,0.0,1.0,0.0,1.0,0.0,1.0,0.0,0.0,1.0,0.0,0.0,0.0,0.0,1.0,1.0,0.0,0.0,0.0,0.0,1.0,0.0,0.0,1.0,0.0,1.0,0.0,1.0,0.0,1.0,0.0,0.0,0.0,1.0,0.0,6.0,0.0,1.0,0.0,1.3482697401872672,0.0,1.0,0.0,0.0,1.0,0.0,0.0,1.0,0.0
2153-MREFK,0,0.18848851024232702,1.1445895231954935,0.6491189229081801,1.0,0.0,0.0,1.0,1.0,0.0,0.0,1.0,0.0,0.0,1.0,0.0,1.0,0.0,0.0,0.0,1.0,1.0,0.0,0.0,0.0,0.0,1.0,0.0,0.0,1.0,1.0,0.0,0.0,0.0,0.0,1.0,0.0,1.0,0.0,0.0,1.0,0.0,0.0,1.0,0.0,0.0,1.0,7.0,0.0,0.0,1.0,3.443811625831471,0.0,0.0,1.0,0.0,0.0,1.0,0.0,0.0,1.0
2911-WDXMV,0,-0.5851984004382496,0.5247392421335293,-0.3867671857740914,0.0,1.0,1.0,0.0,0.0,1.0,0.0,1.0,0.0,0.0,1.0,0.0,1.0,0.0,1.0,0.0,0.0,1.0,0.0,0.0,0.0,0.0,1.0,1.0,0.0,0.0,1.0,0.0,0.0,1.0,0.0,0.0,1.0,0.0,0.0,0.0,1.0,0.0,1.0,0.0,0.0,1.0,0.0,4.0,1.0,0.0,0.0,0.6609163413373056,1.0,0.0,0.0,1.0,0.0,0.0,1.0,0.0,0.0
7206-PQBBZ,1,-0.8702409464784621,0.18074726309914202,-0.6391043564382134,0.0,1.0,0.0,1.0,1.0,0.0,0.0,1.0,1.0,0.0,0.0,0.0,1.0,0.0,1.0,0.0,0.0,1.0,0.0,0.0,1.0,0.0,0.0,1.0,0.0,0.0,1.0,0.0,0.0,1.0,0.0,0.0,1.0,0.0,0.0,0.0,1.0,0.0,0.0,1.0,0.0,1.0,0.0,2.0,1.0,0.0,0.0,0.7343993166770978,1.0,0.0,0.0,1.0,0.0,0.0,1.0,0.0,0.0
3106-ULWFW,0,-0.9924020376385531,0.6792863631489789,-0.7305625179535076,1.0,0.0,0.0,1.0,1.0,0.0,0.0,1.0,0.0,0.0,1.0,0.0,1.0,0.0,1.0,0.0,0.0,1.0,0.0,0.0,1.0,0.0,0.0,1.0,0.0,0.0,1.0,0.0,0.0,0.0,0.0,1.0,1.0,0.0,0.0,0.0,1.0,0.0,1.0,0.0,0.0,0.0,1.0,4.0,1.0,0.0,0.0,0.7361558020294884,1.0,0.0,0.0,1.0,0.0,0.0,1.0,0.0,0.0
0925-VYDLG,0,-1.1960038562387048,0.3485887601159204,-0.9005961670031668,1.0,0.0,1.0,0.0,1.0,0.0,0.0,1.0,0.0,0.0,1.0,0.0,1.0,0.0,1.0,0.0,0.0,1.0,0.0,0.0,1.0,0.0,0.0,1.0,0.0,0.0,1.0,0.0,0.0,1.0,0.0,0.0,1.0,0.0,0.0,1.0,0.0,0.0,0.0,1.0,0.0,0.0,1.0,3.0,1.0,0.0,0.0,0.7530044007010468,1.0,0.0,0.0,1.0,0.0,0.0,1.0,0.0,0.0
4547-FZJWE,0,0.9214550572028734,-0.17653909193657447,0.38546529376423516,0.0,1.0,0.0,1.0,0.0,1.0,0.0,1.0,1.0,0.0,0.0,1.0,0.0,0.0,0.0,0.0,1.0,1.0,0.0,0.0,1.0,0.0,0.0,1.0,0.0,0.0,1.0,0.0,0.0,0.0,0.0,1.0,0.0,1.0,0.0,1.0,0.0,0.0,1.0,0.0,0.0,1.0,0.0,4.0,0.0,1.0,0.0,0.41832240297680484,0.0,1.0,0.0,0.0,1.0,0.0,0.0,1.0,0.0
7422-WNBTY,0,0.025607055362205634,0.9501592741760567,0.35678810853271503,0.0,1.0,0.0,1.0,1.0,0.0,0.0,1.0,0.0,0.0,1.0,0.0,1.0,0.0,1.0,0.0,0.0,0.0,0.0,1.0,0.0,0.0,1.0,1.0,0.0,0.0,1.0,0.0,0.0,0.0,0.0,1.0,1.0,0.0,0.0,0.0,1.0,0.0,0.0,1.0,0.0,1.0,0.0,6.0,0.0,0.0,1.0,13.93319549967902,0.0,0.0,1.0,0.0,0.0,1.0,0.0,0.0,1.0
0842-IWYCP,0,0.5549717837226001,-0.6584602219847502,-0.05047204050138054,1.0,0.0,1.0,0.0,1.0,0.0,0.0,1.0,1.0,0.0,0.0,1.0,0.0,0.0,1.0,0.0,0.0,1.0,0.0,0.0,1.0,0.0,0.0,1.0,0.0,0.0,1.0,0.0,0.0,1.0,0.0,0.0,1.0,0.0,0.0,1.0,0.0,1.0,0.0,0.0,0.0,1.0,0.0,2.0,0.0,1.0,0.0,-0.09094523718454257,0.0,1.0,0.0,0.0,1.0,0.0,0.0,1.0,0.0
3521-HTQTV,0,0.06632741908223598,-1.2849576910473786,-0.5748454021463534,0.0,1.0,1.0,0.0,1.0,0.0,0.0,1.0,0.0,0.0,1.0,0.0,0.0,1.0,0.0,1.0,0.0,0.0,1.0,0.0,0.0,1.0,0.0,0.0,1.0,0.0,0.0,1.0,0.0,0.0,1.0,0.0,0.0,0.0,1.0,1.0,0.0,1.0,0.0,0.0,0.0,1.0,0.0,2.0,0.0,0.0,1.0,-8.666783814302075,0.0,0.0,1.0,0.0,0.0,1.0,0.0,0.0,1.0
3744-ZBHON,0,-1.1960038562387048,-1.481049737066981,-0.9782672202340764,1.0,0.0,1.0,0.0,1.0,0.0,0.0,1.0,1.0,0.0,0.0,0.0,0.0,1.0,0.0,1.0,0.0,0.0,1.0,0.0,0.0,1.0,0.0,0.0,1.0,0.0,0.0,1.0,0.0,0.0,1.0,0.0,1.0,0.0,0.0,1.0,0.0,0.0,0.0,1.0,0.0,1.0,0.0,1.0,1.0,0.0,0.0,0.8179465435091613,1.0,0.0,0.0,1.0,0.0,0.0,1.0,0.0,0.0
3373-DIUUN,0,-0.0965540357978854,-1.4461520000634926,-0.6932821771525314,0.0,1.0,0.0,1.0,0.0,1.0,0.0,1.0,1.0,0.0,0.0,0.0,0.0,1.0,0.0,1.0,0.0,0.0,1.0,0.0,0.0,1.0,0.0,0.0,1.0,0.0,0.0,1.0,0.0,0.0,1.0,0.0,0.0,0.0,1.0,1.0,0.0,0.0,0.0,0.0,1.0,1.0,0.0,1.0,0.0,0.0,1.0,7.180250638137641,0.0,0.0,1.0,0.0,0.0,1.0,0.0,0.0,1.0
8383-SGHJU,0,0.025607055362205634,-0.17820088893674074,-0.14581265170955746,1.0,0.0,1.0,0.0,1.0,0.0,0.0,1.0,0.0,0.0,1.0,1.0,0.0,0.0,0.0,0.0,1.0,1.0,0.0,0.0,1.0,0.0,0.0,0.0,0.0,1.0,1.0,0.0,0.0,1.0,0.0,0.0,0.0,1.0,0.0,1.0,0.0,0.0,0.0,1.0,0.0,1.0,0.0,5.0,0.0,0.0,1.0,-5.694237375093411,0.0,0.0,1.0,0.0,0.0,1.0,0.0,0.0,1.0
7607-QKKTJ,0,0.5142514200025698,1.0049985751815391,0.9201183233460453,0.0,1.0,0.0,1.0,0.0,1.0,0.0,1.0,0.0,0.0,1.0,0.0,1.0,0.0,1.0,0.0,0.0,0.0,0.0,1.0,0.0,0.0,1.0,1.0,0.0,0.0,1.0,0.0,0.0,0.0,0.0,1.0,0.0,1.0,0.0,0.0,1.0,0.0,1.0,0.0,0.0,1.0,0.0,6.0,0.0,1.0,0.0,1.7892382744250803,0.0,1.0,0.0,0.0,1.0,0.0,0.0,1.0,0.0
7707-PYBBH,0,0.3106496014024181,-0.09511103892843457,0.16050380530958736,0.0,1.0,1.0,0.0,1.0,0.0,0.0,1.0,1.0,0.0,0.0,1.0,0.0,0.0,0.0,0.0,1.0,0.0,0.0,1.0,1.0,0.0,0.0,0.0,0.0,1.0,1.0,0.0,0.0,1.0,0.0,0.0,1.0,0.0,0.0,0.0,1.0,0.0,0.0,0.0,1.0,1.0,0.0,5.0,0.0,0.0,1.0,0.5166715314779026,0.0,0.0,1.0,0.0,0.0,1.0,0.0,0.0,1.0
8984-HPEMB,0,1.5729808767233588,1.7910285562601154,2.7328473205769415,1.0,0.0,1.0,0.0,1.0,0.0,0.0,1.0,0.0,0.0,1.0,0.0,1.0,0.0,0.0,0.0,1.0,0.0,0.0,1.0,0.0,0.0,1.0,0.0,0.0,1.0,0.0,0.0,1.0,0.0,0.0,1.0,0.0,0.0,1.0,0.0,1.0,0.0,0.0,1.0,0.0,1.0,0.0,9.0,0.0,1.0,0.0,1.737368432774386,0.0,1.0,0.0,0.0,1.0,0.0,0.0,1.0,0.0
4349-GFQHK,0,-1.2774445836787656,-0.34604238595351905,-0.9833849948292399,0.0,1.0,1.0,0.0,1.0,0.0,0.0,1.0,0.0,0.0,1.0,1.0,0.0,0.0,1.0,0.0,0.0,1.0,0.0,0.0,0.0,0.0,1.0,1.0,0.0,0.0,1.0,0.0,0.0,1.0,0.0,0.0,1.0,0.0,0.0,1.0,0.0,0.0,0.0,1.0,0.0,0.0,1.0,4.0,1.0,0.0,0.0,0.7698063833010296,1.0,0.0,0.0,1.0,0.0,0.0,1.0,0.0,0.0
4139-DETXS,0,1.6137012404433893,-0.010359391919962149,0.9903333084167594,1.0,0.0,0.0,1.0,0.0,1.0,1.0,0.0,0.0,1.0,0.0,1.0,0.0,0.0,0.0,0.0,1.0,0.0,0.0,1.0,0.0,0.0,1.0,0.0,0.0,1.0,0.0,0.0,1.0,0.0,0.0,1.0,0.0,0.0,1.0,1.0,0.0,1.0,0.0,0.0,0.0,1.0,0.0,7.0,0.0,1.0,0.0,0.6137030099478947,0.0,1.0,0.0,0.0,1.0,0.0,0.0,1.0,0.0
9779-DPNEJ,0,-0.4223169455581282,0.5114448661322006,-0.21735119917557258,1.0,0.0,0.0,1.0,0.0,1.0,0.0,1.0,1.0,0.0,0.0,0.0,1.0,0.0,1.0,0.0,0.0,1.0,0.0,0.0,1.0,0.0,0.0,1.0,0.0,0.0,1.0,0.0,0.0,0.0,0.0,1.0,1.0,0.0,0.0,0.0,1.0,0.0,0.0,1.0,0.0,1.0,0.0,3.0,0.0,0.0,1.0,0.5146636938480511,0.0,0.0,1.0,0.0,0.0,1.0,0.0,0.0,1.0
9805-FILKB,0,0.5549717837226001,-1.481049737066981,-0.6342954130686201,0.0,1.0,0.0,1.0,0.0,1.0,0.0,1.0,1.0,0.0,0.0,0.0,0.0,1.0,0.0,1.0,0.0,0.0,1.0,0.0,0.0,1.0,0.0,0.0,1.0,0.0,0.0,1.0,0.0,0.0,1.0,0.0,0.0,1.0,0.0,0.0,1.0,1.0,0.0,0.0,0.0,1.0,0.0,1.0,0.0,1.0,0.0,-1.1429327250007895,0.0,1.0,0.0,0.0,1.0,0.0,0.0,1.0,0.0
5793-YOLJN,0,0.9214550572028734,-1.4544609850643233,-0.4733943445465372,1.0,0.0,0.0,1.0,0.0,1.0,0.0,1.0,1.0,0.0,0.0,0.0,0.0,1.0,0.0,1.0,0.0,0.0,1.0,0.0,0.0,1.0,0.0,0.0,1.0,0.0,0.0,1.0,0.0,0.0,1.0,0.0,0.0,0.0,1.0,1.0,0.0,0.0,0.0,0.0,1.0,1.0,0.0,1.0,0.0,1.0,0.0,-0.513746536899533,0.0,1.0,0.0,0.0,1.0,0.0,0.0,1.0,0.0
0673-IGUQO,0,-1.2774445836787656,-1.4727407520661506,-0.9983412498961405,0.0,1.0,1.0,0.0,1.0,0.0,0.0,1.0,1.0,0.0,0.0,0.0,0.0,1.0,0.0,1.0,0.0,0.0,1.0,0.0,0.0,1.0,0.0,0.0,1.0,0.0,0.0,1.0,0.0,0.0,1.0,0.0,1.0,0.0,0.0,1.0,0.0,0.0,0.0,0.0,1.0,1.0,0.0,1.0,1.0,0.0,0.0,0.7815143315423769,1.0,0.0,0.0,1.0,0.0,0.0,1.0,0.0,0.0
4123-FCVCB,0,-0.8295205827584317,0.36853032411791364,-0.6303909040024823,1.0,0.0,1.0,0.0,1.0,0.0,0.0,1.0,0.0,0.0,1.0,1.0,0.0,0.0,1.0,0.0,0.0,1.0,0.0,0.0,1.0,0.0,0.0,0.0,0.0,1.0,0.0,0.0,1.0,0.0,0.0,1.0,0.0,1.0,0.0,0.0,1.0,0.0,0.0,0.0,1.0,1.0,0.0,6.0,1.0,0.0,0.0,0.7599460665656096,1.0,0.0,0.0,1.0,0.0,0.0,1.0,0.0,0.0
8819-IMISP,0,-0.055833672077855064,0.5214156481331973,0.0643249379177199,0.0,1.0,1.0,0.0,1.0,0.0,0.0,1.0,0.0,0.0,1.0,0.0,1.0,0.0,1.0,0.0,0.0,0.0,0.0,1.0,1.0,0.0,0.0,1.0,0.0,0.0,1.0,0.0,0.0,1.0,0.0,0.0,1.0,0.0,0.0,0.0,1.0,0.0,0.0,1.0,0.0,1.0,0.0,4.0,0.0,0.0,1.0,-1.1520814505631032,0.0,0.0,1.0,0.0,0.0,1.0,0.0,0.0,1.0
7802-EFKNY,0,-1.1145631287986442,-1.3231790220511994,-0.9630683120613706,0.0,1.0,0.0,1.0,1.0,0.0,1.0,0.0,0.0,1.0,0.0,1.0,0.0,0.0,1.0,0.0,0.0,1.0,0.0,0.0,1.0,0.0,0.0,1.0,0.0,0.0,1.0,0.0,0.0,1.0,0.0,0.0,1.0,0.0,0.0,0.0,1.0,0.0,0.0,1.0,0.0,0.0,1.0,1.0,1.0,0.0,0.0,0.8640769528231519,1.0,0.0,0.0,1.0,0.0,0.0,1.0,0.0,0.0
8311-UEUAB,0,1.4100994218432374,0.356897745116751,1.2998042558113714,1.0,0.0,0.0,1.0,0.0,1.0,0.0,1.0,0.0,0.0,1.0,1.0,0.0,0.0,0.0,0.0,1.0,1.0,0.0,0.0,1.0,0.0,0.0,1.0,0.0,0.0,0.0,0.0,1.0,0.0,0.0,1.0,0.0,0.0,1.0,0.0,1.0,0.0,0.0,1.0,0.0,1.0,0.0,6.0,0.0,1.0,0.0,0.9217819932954148,0.0,1.0,0.0,0.0,1.0,0.0,0.0,1.0,0.0
5858-EAFCZ,0,-1.2774445836787656,-0.6750781919864114,-0.987752750733733,0.0,1.0,1.0,0.0,1.0,0.0,0.0,1.0,1.0,0.0,0.0,1.0,0.0,0.0,1.0,0.0,0.0,1.0,0.0,0.0,1.0,0.0,0.0,1.0,0.0,0.0,1.0,0.0,0.0,1.0,0.0,0.0,1.0,0.0,0.0,1.0,0.0,0.0,0.0,0.0,1.0,1.0,0.0,2.0,1.0,0.0,0.0,0.7732255186281487,1.0,0.0,0.0,1.0,0.0,0.0,1.0,0.0,0.0
8035-BUYVG,0,0.3106496014024181,-0.7448736659933887,-0.25008730908601556,0.0,1.0,0.0,1.0,1.0,0.0,1.0,0.0,0.0,1.0,0.0,1.0,0.0,0.0,0.0,0.0,1.0,0.0,0.0,1.0,0.0,0.0,1.0,1.0,0.0,0.0,1.0,0.0,0.0,1.0,0.0,0.0,0.0,1.0,0.0,0.0,1.0,0.0,0.0,1.0,0.0,0.0,1.0,4.0,0.0,0.0,1.0,-0.8050462899582168,0.0,0.0,1.0,0.0,0.0,1.0,0.0,0.0,1.0
1163-ONYEY,0,0.35136996512244845,0.32532360211359457,0.32658882654659893,0.0,1.0,0.0,1.0,0.0,1.0,0.0,1.0,0.0,0.0,1.0,1.0,0.0,0.0,0.0,0.0,1.0,0.0,0.0,1.0,0.0,0.0,1.0,1.0,0.0,0.0,0.0,0.0,1.0,1.0,0.0,0.0,1.0,0.0,0.0,0.0,1.0,0.0,1.0,0.0,0.0,1.0,0.0,7.0,0.0,0.0,1.0,0.9294728034958436,0.0,0.0,1.0,0.0,0.0,1.0,0.0,0.0,1.0
9787-XVQIU,0,-1.2774445836787656,0.3502505571160864,-0.9741421174353884,0.0,1.0,1.0,0.0,1.0,0.0,0.0,1.0,0.0,0.0,1.0,0.0,1.0,0.0,1.0,0.0,0.0,1.0,0.0,0.0,1.0,0.0,0.0,1.0,0.0,0.0,1.0,0.0,0.0,1.0,0.0,0.0,1.0,0.0,0.0,0.0,1.0,0.0,0.0,1.0,0.0,0.0,1.0,3.0,1.0,0.0,0.0,0.7625709403613178,1.0,0.0,0.0,1.0,0.0,0.0,1.0,0.0,0.0
8945-MUQUF,0,0.758573602322752,0.9983513871808745,1.1269249476118153,0.0,1.0,1.0,0.0,1.0,0.0,0.0,1.0,0.0,0.0,1.0,0.0,1.0,0.0,0.0,0.0,1.0,0.0,0.0,1.0,1.0,0.0,0.0,1.0,0.0,0.0,0.0,0.0,1.0,1.0,0.0,0.0,0.0,1.0,0.0,0.0,1.0,0.0,0.0,1.0,0.0,0.0,1.0,6.0,0.0,1.0,0.0,1.4855841861108423,0.0,1.0,0.0,0.0,1.0,0.0,0.0,1.0,0.0
5656-MJEFC,0,0.3920903288424788,-0.5521052139741185,-0.11073824823408286,0.0,1.0,0.0,1.0,0.0,1.0,1.0,0.0,0.0,1.0,0.0,1.0,0.0,0.0,0.0,0.0,1.0,1.0,0.0,0.0,0.0,0.0,1.0,0.0,0.0,1.0,0.0,0.0,1.0,1.0,0.0,0.0,0.0,0.0,1.0,1.0,0.0,0.0,1.0,0.0,0.0,1.0,0.0,5.0,0.0,0.0,1.0,-0.2824304505571512,0.0,0.0,1.0,0.0,0.0,1.0,0.0,0.0,1.0
6082-OQFBA,0,-0.38159658183809786,-1.4993295040688086,-0.8146087300551165,0.0,1.0,0.0,1.0,0.0,1.0,0.0,1.0,1.0,0.0,0.0,0.0,0.0,1.0,0.0,1.0,0.0,0.0,1.0,0.0,0.0,1.0,0.0,0.0,1.0,0.0,0.0,1.0,0.0,0.0,1.0,0.0,0.0,1.0,0.0,1.0,0.0,0.0,0.0,0.0,1.0,1.0,0.0,1.0,0.0,0.0,1.0,2.1347380160777623,0.0,0.0,1.0,0.0,0.0,1.0,0.0,0.0,1.0
8051-HJRLT,1,-1.2774445836787656,0.19237984210030468,-0.9762377578946148,1.0,0.0,1.0,0.0,1.0,0.0,0.0,1.0,1.0,0.0,0.0,0.0,1.0,0.0,1.0,0.0,0.0,1.0,0.0,0.0,1.0,0.0,0.0,1.0,0.0,0.0,1.0,0.0,0.0,1.0,0.0,0.0,1.0,0.0,0.0,0.0,1.0,0.0,0.0,1.0,0.0,0.0,1.0,2.0,1.0,0.0,0.0,0.7642114345839254,1.0,0.0,0.0,1.0,0.0,0.0,1.0,0.0,0.0
8974-OVACP,0,-1.2774445836787656,-1.4827115340671475,-0.9984736061356704,1.0,0.0,1.0,0.0,1.0,0.0,0.0,1.0,1.0,0.0,0.0,0.0,0.0,1.0,0.0,1.0,0.0,0.0,1.0,0.0,0.0,1.0,0.0,0.0,1.0,0.0,0.0,1.0,0.0,0.0,1.0,0.0,1.0,0.0,0.0,1.0,0.0,0.0,0.0,0.0,1.0,1.0,0.0,1.0,1.0,0.0,0.0,0.7816179417038046,1.0,0.0,0.0,1.0,0.0,0.0,1.0,0.0,0.0
4010-YLMVT,0,0.9621754209229036,1.3905354792200795,1.592973326370527,1.0,0.0,1.0,0.0,1.0,0.0,0.0,1.0,0.0,0.0,1.0,0.0,1.0,0.0,0.0,0.0,1.0,0.0,0.0,1.0,1.0,0.0,0.0,1.0,0.0,0.0,0.0,0.0,1.0,0.0,0.0,1.0,1.0,0.0,0.0,0.0,1.0,0.0,1.0,0.0,0.0,1.0,0.0,7.0,0.0,1.0,0.0,1.6555955304310017,0.0,1.0,0.0,0.0,1.0,0.0,0.0,1.0,0.0
1379-FRVEB,0,-0.7073594915983407,0.8720548151682491,-0.3764433990907442,0.0,1.0,1.0,0.0,0.0,1.0,0.0,1.0,0.0,0.0,1.0,0.0,1.0,0.0,1.0,0.0,0.0,0.0,0.0,1.0,1.0,0.0,0.0,1.0,0.0,0.0,0.0,0.0,1.0,1.0,0.0,0.0,1.0,0.0,0.0,0.0,1.0,0.0,0.0,1.0,0.0,1.0,0.0,5.0,1.0,0.0,0.0,0.5321811661000511,1.0,0.0,0.0,1.0,0.0,0.0,1.0,0.0,0.0
8612-GXIDD,0,-0.8295205827584317,-1.3082228490497045,-0.8692718569810448,0.0,1.0,0.0,1.0,0.0,1.0,0.0,1.0,0.0,0.0,1.0,0.0,0.0,1.0,0.0,1.0,0.0,0.0,1.0,0.0,0.0,1.0,0.0,0.0,1.0,0.0,0.0,1.0,0.0,0.0,1.0,0.0,0.0,0.0,1.0,0.0,1.0,1.0,0.0,0.0,0.0,1.0,0.0,2.0,1.0,0.0,0.0,1.0479207810497324,1.0,0.0,0.0,1.0,0.0,0.0,1.0,0.0,0.0
6288-CHQJB,0,0.880734693482843,0.1724382780983114,0.7008481531911913,1.0,0.0,0.0,1.0,0.0,1.0,0.0,1.0,1.0,0.0,0.0,1.0,0.0,0.0,0.0,0.0,1.0,1.0,0.0,0.0,0.0,0.0,1.0,0.0,0.0,1.0,1.0,0.0,0.0,0.0,0.0,1.0,0.0,0.0,1.0,1.0,0.0,1.0,0.0,0.0,0.0,1.0,0.0,6.0,0.0,1.0,0.0,0.7957539976308928,0.0,1.0,0.0,0.0,1.0,0.0,0.0,1.0,0.0
8160-HOWOX,0,-1.0331224013585834,0.06940686408801149,-0.80525555579499,1.0,0.0,1.0,0.0,1.0,0.0,0.0,1.0,1.0,0.0,0.0,1.0,0.0,0.0,1.0,0.0,0.0,1.0,0.0,0.0,1.0,0.0,0.0,1.0,0.0,0.0,0.0,0.0,1.0,0.0,0.0,1.0,1.0,0.0,0.0,0.0,1.0,0.0,0.0,1.0,0.0,1.0,0.0,4.0,1.0,0.0,0.0,0.7794386751618758,1.0,0.0,0.0,1.0,0.0,0.0,1.0,0.0,0.0
3023-GFLBR,0,0.025607055362205634,0.7108605061521354,0.20400488936847783,1.0,0.0,0.0,1.0,0.0,1.0,0.0,1.0,0.0,0.0,1.0,0.0,1.0,0.0,1.0,0.0,0.0,1.0,0.0,0.0,1.0,0.0,0.0,1.0,0.0,0.0,1.0,0.0,0.0,0.0,0.0,1.0,1.0,0.0,0.0,1.0,0.0,0.0,1.0,0.0,0.0,0.0,1.0,4.0,0.0,0.0,1.0,7.966745355249863,0.0,0.0,1.0,0.0,0.0,1.0,0.0,0.0,1.0
6648-INWPS,0,-0.6666391278783103,-1.4827115340671475,-0.8567641923454511,0.0,1.0,0.0,1.0,0.0,1.0,0.0,1.0,1.0,0.0,0.0,0.0,0.0,1.0,0.0,1.0,0.0,0.0,1.0,0.0,0.0,1.0,0.0,0.0,1.0,0.0,0.0,1.0,0.0,0.0,1.0,0.0,1.0,0.0,0.0,1.0,0.0,0.0,0.0,1.0,0.0,1.0,0.0,1.0,1.0,0.0,0.0,1.2851993777686668,1.0,0.0,0.0,1.0,0.0,0.0,1.0,0.0,0.0
4223-BKEOR,0,-0.46303730927815856,0.0029349840813665527,-0.41758413021134805,1.0,0.0,1.0,0.0,0.0,1.0,0.0,1.0,1.0,0.0,0.0,1.0,0.0,0.0,0.0,0.0,1.0,1.0,0.0,0.0,0.0,0.0,1.0,1.0,0.0,0.0,1.0,0.0,0.0,0.0,0.0,1.0,0.0,1.0,0.0,1.0,0.0,0.0,0.0,0.0,1.0,1.0,0.0,5.0,0.0,0.0,1.0,0.9018368970360753,0.0,0.0,1.0,0.0,0.0,1.0,0.0,0.0,1.0
4079-VTGLK,1,-0.0965540357978854,0.33529438411459117,-0.044802781574841605,0.0,1.0,0.0,1.0,1.0,0.0,0.0,1.0,0.0,0.0,1.0,1.0,0.0,0.0,1.0,0.0,0.0,1.0,0.0,0.0,0.0,0.0,1.0,1.0,0.0,0.0,0.0,0.0,1.0,0.0,0.0,1.0,0.0,0.0,1.0,1.0,0.0,0.0,0.0,1.0,0.0,1.0,0.0,6.0,0.0,0.0,1.0,0.4640176995669695,0.0,0.0,1.0,0.0,0.0,1.0,0.0,0.0,1.0
1763-WQFUK,0,-1.1960038562387048,-0.4740007549663106,-0.942178085588871,0.0,1.0,1.0,0.0,1.0,0.0,0.0,1.0,1.0,0.0,0.0,1.0,0.0,0.0,1.0,0.0,0.0,1.0,0.0,0.0,1.0,0.0,0.0,0.0,0.0,1.0,1.0,0.0,0.0,1.0,0.0,0.0,1.0,0.0,0.0,0.0,1.0,0.0,0.0,0.0,1.0,1.0,0.0,3.0,1.0,0.0,0.0,0.7877717790575636,1.0,0.0,0.0,1.0,0.0,0.0,1.0,0.0,0.0
1391-UBDAR,0,-0.8702409464784621,0.2704843011081128,-0.6462736527460934,0.0,1.0,1.0,0.0,1.0,0.0,0.0,1.0,1.0,0.0,0.0,0.0,1.0,0.0,1.0,0.0,0.0,1.0,0.0,0.0,0.0,0.0,1.0,1.0,0.0,0.0,1.0,0.0,0.0,1.0,0.0,0.0,1.0,0.0,0.0,1.0,0.0,0.0,0.0,1.0,0.0,1.0,0.0,3.0,1.0,0.0,0.0,0.7426376055520254,1.0,0.0,0.0,1.0,0.0,0.0,1.0,0.0,0.0
8894-JVDCV,0,1.2064976032430856,1.6713791722481544,2.1398251893623605,1.0,0.0,1.0,0.0,1.0,0.0,0.0,1.0,0.0,0.0,1.0,0.0,1.0,0.0,0.0,0.0,1.0,0.0,0.0,1.0,0.0,0.0,1.0,0.0,0.0,1.0,0.0,0.0,1.0,0.0,0.0,1.0,0.0,1.0,0.0,0.0,1.0,0.0,1.0,0.0,0.0,1.0,0.0,9.0,0.0,1.0,0.0,1.7735842852985988,0.0,1.0,0.0,0.0,1.0,0.0,0.0,1.0,0.0
2023-VQFDL,0,-0.5851984004382496,-1.5209328650709681,-0.8534773457304538,0.0,1.0,1.0,0.0,1.0,0.0,0.0,1.0,1.0,0.0,0.0,0.0,0.0,1.0,0.0,1.0,0.0,0.0,1.0,0.0,0.0,1.0,0.0,0.0,1.0,0.0,0.0,1.0,0.0,0.0,1.0,0.0,1.0,0.0,0.0,1.0,0.0,0.0,0.0,1.0,0.0,1.0,0.0,1.0,1.0,0.0,0.0,1.4584410092223297,1.0,0.0,0.0,1.0,0.0,0.0,1.0,0.0,0.0
1345-GKDZZ,0,-1.0738427650786138,-1.502653098069141,-0.9506268255455419,0.0,1.0,1.0,0.0,0.0,1.0,0.0,1.0,1.0,0.0,0.0,0.0,0.0,1.0,0.0,1.0,0.0,0.0,1.0,0.0,0.0,1.0,0.0,0.0,1.0,0.0,0.0,1.0,0.0,0.0,1.0,0.0,1.0,0.0,0.0,1.0,0.0,0.0,0.0,0.0,1.0,1.0,0.0,1.0,1.0,0.0,0.0,0.885257000801182,1.0,0.0,0.0,1.0,0.0,0.0,1.0,0.0,0.0
2014-MKGMH,0,0.5549717837226001,1.2077378092018058,1.0549231533074446,1.0,0.0,1.0,0.0,1.0,0.0,0.0,1.0,0.0,0.0,1.0,0.0,1.0,0.0,1.0,0.0,0.0,1.0,0.0,0.0,0.0,0.0,1.0,1.0,0.0,0.0,0.0,0.0,1.0,0.0,0.0,1.0,0.0,1.0,0.0,0.0,1.0,0.0,0.0,1.0,0.0,1.0,0.0,6.0,0.0,1.0,0.0,1.9008590783324268,0.0,1.0,0.0,0.0,1.0,0.0,0.0,1.0,0.0
5628-FCGYG,0,-0.46303730927815856,0.642726829145324,-0.24082237231890907,0.0,1.0,1.0,0.0,1.0,0.0,0.0,1.0,0.0,0.0,1.0,0.0,1.0,0.0,1.0,0.0,0.0,1.0,0.0,0.0,1.0,0.0,0.0,1.0,0.0,0.0,1.0,0.0,0.0,0.0,0.0,1.0,1.0,0.0,0.0,0.0,1.0,0.0,0.0,1.0,0.0,1.0,0.0,4.0,0.0,0.0,1.0,0.5200928035244797,0.0,0.0,1.0,0.0,0.0,1.0,0.0,0.0,1.0
2560-WBWXF,0,1.4508197855632678,-1.3497677740538576,-0.3460897014918429,0.0,1.0,1.0,0.0,1.0,0.0,0.0,1.0,0.0,0.0,1.0,0.0,0.0,1.0,0.0,1.0,0.0,0.0,1.0,0.0,0.0,1.0,0.0,0.0,1.0,0.0,0.0,1.0,0.0,0.0,1.0,0.0,0.0,0.0,1.0,0.0,1.0,1.0,0.0,0.0,0.0,1.0,0.0,2.0,0.0,1.0,0.0,-0.2385476852023194,0.0,1.0,0.0,0.0,1.0,0.0,0.0,1.0,0.0
0248-IPDFW,0,-1.2774445836787656,-0.48729513096763954,-0.9852600415559163,1.0,0.0,1.0,0.0,1.0,0.0,0.0,1.0,0.0,0.0,1.0,1.0,0.0,0.0,1.0,0.0,0.0,1.0,0.0,0.0,1.0,0.0,0.0,1.0,0.0,0.0,1.0,0.0,0.0,1.0,0.0,0.0,1.0,0.0,0.0,0.0,1.0,0.0,0.0,1.0,0.0,1.0,0.0,3.0,1.0,0.0,0.0,0.7712741939212575,1.0,0.0,0.0,1.0,0.0,0.0,1.0,0.0,0.0
7978-DKUQH,0,-0.30015585439803716,0.32698539911376057,-0.2142187681733604,1.0,0.0,0.0,1.0,1.0,0.0,0.0,1.0,1.0,0.0,0.0,0.0,1.0,0.0,1.0,0.0,0.0,1.0,0.0,0.0,0.0,0.0,1.0,1.0,0.0,0.0,1.0,0.0,0.0,1.0,0.0,0.0,1.0,0.0,0.0,0.0,1.0,0.0,0.0,1.0,0.0,1.0,0.0,3.0,0.0,0.0,1.0,0.7136917872315912,0.0,0.0,1.0,0.0,0.0,1.0,0.0,0.0,1.0
4335-UPJSI,0,-0.3408762181180675,-1.4960059100684764,-0.7876080571909776,1.0,0.0,1.0,0.0,0.0,1.0,0.0,1.0,1.0,0.0,0.0,0.0,0.0,1.0,0.0,1.0,0.0,0.0,1.0,0.0,0.0,1.0,0.0,0.0,1.0,0.0,0.0,1.0,0.0,0.0,1.0,0.0,0.0,0.0,1.0,1.0,0.0,0.0,0.0,0.0,1.0,1.0,0.0,1.0,0.0,0.0,1.0,2.310539765840097,0.0,0.0,1.0,0.0,0.0,1.0,0.0,0.0,1.0
0524-IAVZO,0,-0.0965540357978854,0.6726391751483144,0.15042267173204532,1.0,0.0,0.0,1.0,1.0,0.0,0.0,1.0,0.0,0.0,1.0,0.0,1.0,0.0,1.0,0.0,0.0,1.0,0.0,0.0,1.0,0.0,0.0,1.0,0.0,0.0,1.0,0.0,0.0,0.0,0.0,1.0,1.0,0.0,0.0,0.0,1.0,0.0,0.0,1.0,0.0,0.0,1.0,4.0,0.0,0.0,1.0,-1.557911800257858,0.0,0.0,1.0,0.0,0.0,1.0,0.0,0.0,1.0
2737-YNGYW,0,-1.2367242199587352,0.5247392421335293,-0.9261409212324748,1.0,0.0,1.0,0.0,1.0,0.0,0.0,1.0,1.0,0.0,0.0,0.0,1.0,0.0,1.0,0.0,0.0,1.0,0.0,0.0,1.0,0.0,0.0,1.0,0.0,0.0,1.0,0.0,0.0,0.0,0.0,1.0,1.0,0.0,0.0,1.0,0.0,0.0,0.0,1.0,0.0,0.0,1.0,3.0,1.0,0.0,0.0,0.7488661629537559,1.0,0.0,0.0,1.0,0.0,0.0,1.0,0.0,0.0
1784-EZDKJ,0,0.758573602322752,1.397182667220744,1.4186380995361398,0.0,1.0,0.0,1.0,1.0,0.0,0.0,1.0,0.0,0.0,1.0,0.0,1.0,0.0,1.0,0.0,0.0,0.0,0.0,1.0,0.0,0.0,1.0,1.0,0.0,0.0,0.0,0.0,1.0,0.0,0.0,1.0,0.0,1.0,0.0,0.0,1.0,1.0,0.0,0.0,0.0,1.0,0.0,7.0,0.0,1.0,0.0,1.870139028292404,0.0,1.0,0.0,0.0,1.0,0.0,0.0,1.0,0.0
9297-FVVDH,0,1.002895784642934,0.6560212051466532,1.1303662098395975,1.0,0.0,0.0,1.0,0.0,1.0,0.0,1.0,0.0,0.0,1.0,1.0,0.0,0.0,0.0,0.0,1.0,1.0,0.0,0.0,0.0,0.0,1.0,0.0,0.0,1.0,0.0,0.0,1.0,0.0,0.0,1.0,0.0,0.0,1.0,0.0,1.0,0.0,0.0,1.0,0.0,1.0,0.0,8.0,0.0,1.0,0.0,1.1271023641225566,0.0,1.0,0.0,0.0,1.0,0.0,0.0,1.0,0.0
8007-YYPWD,0,-0.7073594915983407,-1.3198554280508674,-0.8445212401889175,1.0,0.0,1.0,0.0,1.0,0.0,0.0,1.0,0.0,0.0,1.0,0.0,0.0,1.0,0.0,1.0,0.0,0.0,1.0,0.0,0.0,1.0,0.0,0.0,1.0,0.0,0.0,1.0,0.0,0.0,1.0,0.0,0.0,0.0,1.0,1.0,0.0,1.0,0.0,0.0,0.0,1.0,0.0,2.0,1.0,0.0,0.0,1.1939067054584196,1.0,0.0,0.0,1.0,0.0,0.0,1.0,0.0,0.0
7101-HRBLJ,0,1.6137012404433893,0.6294324531439953,1.6825123224126346,1.0,0.0,0.0,1.0,0.0,1.0,0.0,1.0,1.0,0.0,0.0,1.0,0.0,0.0,0.0,0.0,1.0,0.0,0.0,1.0,0.0,0.0,1.0,0.0,0.0,1.0,0.0,0.0,1.0,0.0,0.0,1.0,0.0,0.0,1.0,0.0,1.0,1.0,0.0,0.0,0.0,1.0,0.0,8.0,0.0,1.0,0.0,1.0426417729903574,0.0,1.0,0.0,0.0,1.0,0.0,0.0,1.0,0.0
5159-YFPKQ,0,-1.2367242199587352,0.36686852711774764,-0.936442648542567,1.0,0.0,1.0,0.0,1.0,0.0,0.0,1.0,1.0,0.0,0.0,0.0,1.0,0.0,1.0,0.0,0.0,1.0,0.0,0.0,0.0,0.0,1.0,1.0,0.0,0.0,1.0,0.0,0.0,1.0,0.0,0.0,1.0,0.0,0.0,0.0,1.0,0.0,0.0,1.0,0.0,0.0,1.0,3.0,1.0,0.0,0.0,0.7571960130075018,1.0,0.0,0.0,1.0,0.0,0.0,1.0,0.0,0.0
6635-CPNUN,0,-0.1779947632379461,1.0581760791868549,0.17693803838457386,0.0,1.0,0.0,1.0,1.0,0.0,0.0,1.0,0.0,0.0,1.0,0.0,1.0,0.0,1.0,0.0,0.0,0.0,0.0,1.0,0.0,0.0,1.0,1.0,0.0,0.0,0.0,0.0,1.0,1.0,0.0,0.0,1.0,0.0,0.0,1.0,0.0,0.0,1.0,0.0,0.0,1.0,0.0,6.0,0.0,0.0,1.0,-0.99406316885874,0.0,0.0,1.0,0.0,0.0,1.0,0.0,0.0,1.0
4021-RQSNY,1,-0.13727439951791576,1.1213243651931677,0.3180297897236529,0.0,1.0,0.0,1.0,1.0,0.0,0.0,1.0,0.0,0.0,1.0,0.0,1.0,0.0,1.0,0.0,0.0,1.0,0.0,0.0,0.0,0.0,1.0,1.0,0.0,0.0,0.0,0.0,1.0,0.0,0.0,1.0,1.0,0.0,0.0,0.0,1.0,0.0,0.0,1.0,0.0,0.0,1.0,6.0,0.0,0.0,1.0,-2.3167450802226726,0.0,0.0,1.0,0.0,0.0,1.0,0.0,0.0,1.0
5453-YBTWV,0,1.5322605130033284,1.2077378092018058,2.078654547326203,0.0,1.0,0.0,1.0,0.0,1.0,0.0,1.0,1.0,0.0,0.0,0.0,1.0,0.0,0.0,0.0,1.0,0.0,0.0,1.0,0.0,0.0,1.0,0.0,0.0,1.0,0.0,0.0,1.0,1.0,0.0,0.0,0.0,0.0,1.0,0.0,1.0,0.0,1.0,0.0,0.0,1.0,0.0,7.0,0.0,1.0,0.0,1.3565934315254964,0.0,1.0,0.0,0.0,1.0,0.0,0.0,1.0,0.0
5039-LZRQT,0,-0.7888002190384014,-1.481049737066981,-0.8868090587187821,1.0,0.0,1.0,0.0,1.0,0.0,0.0,1.0,1.0,0.0,0.0,0.0,0.0,1.0,0.0,1.0,0.0,0.0,1.0,0.0,0.0,1.0,0.0,0.0,1.0,0.0,0.0,1.0,0.0,0.0,1.0,0.0,0.0,1.0,0.0,1.0,0.0,0.0,0.0,0.0,1.0,1.0,0.0,1.0,1.0,0.0,0.0,1.124250522901553,1.0,0.0,0.0,1.0,0.0,0.0,1.0,0.0,0.0
2931-VUVJN,1,1.0843365120829946,0.9734244321783826,1.412064406306145,1.0,0.0,0.0,1.0,1.0,0.0,0.0,1.0,0.0,0.0,1.0,0.0,1.0,0.0,0.0,0.0,1.0,0.0,0.0,1.0,0.0,0.0,1.0,0.0,0.0,1.0,1.0,0.0,0.0,1.0,0.0,0.0,0.0,1.0,0.0,0.0,1.0,0.0,0.0,1.0,0.0,1.0,0.0,7.0,0.0,1.0,0.0,1.3022381802800218,0.0,1.0,0.0,0.0,1.0,0.0,0.0,1.0,0.0
9061-TIHDA,1,-0.7888002190384014,1.0133075601823696,-0.46309261723644496,0.0,1.0,0.0,1.0,1.0,0.0,0.0,1.0,0.0,0.0,1.0,0.0,1.0,0.0,1.0,0.0,0.0,1.0,0.0,0.0,1.0,0.0,0.0,1.0,0.0,0.0,0.0,0.0,1.0,0.0,0.0,1.0,1.0,0.0,0.0,0.0,1.0,0.0,0.0,1.0,0.0,0.0,1.0,5.0,1.0,0.0,0.0,0.5870847979745555,1.0,0.0,0.0,1.0,0.0,0.0,1.0,0.0,0.0
8699-ASUFO,1,-1.0331224013585834,0.32033821111309646,-0.7744606707309883,0.0,1.0,0.0,1.0,1.0,0.0,0.0,1.0,0.0,0.0,1.0,0.0,1.0,0.0,1.0,0.0,0.0,1.0,0.0,0.0,1.0,0.0,0.0,1.0,0.0,0.0,1.0,0.0,0.0,1.0,0.0,0.0,1.0,0.0,0.0,0.0,1.0,0.0,0.0,0.0,1.0,0.0,1.0,3.0,1.0,0.0,0.0,0.7496310889324944,1.0,0.0,0.0,1.0,0.0,0.0,1.0,0.0,0.0
6418-PIQSP,0,1.2064976032430856,0.5396954151350245,1.1923530486861909,1.0,0.0,0.0,1.0,1.0,0.0,0.0,1.0,1.0,0.0,0.0,1.0,0.0,0.0,0.0,0.0,1.0,1.0,0.0,0.0,0.0,0.0,1.0,0.0,0.0,1.0,0.0,0.0,1.0,0.0,0.0,1.0,0.0,0.0,1.0,1.0,0.0,0.0,0.0,0.0,1.0,1.0,0.0,7.0,0.0,1.0,0.0,0.9882763508863391,0.0,1.0,0.0,0.0,1.0,0.0,0.0,1.0,0.0
8220-OCUFY,0,-0.46303730927815856,-0.1499503399339166,-0.4521952868484674,1.0,0.0,1.0,0.0,1.0,0.0,0.0,1.0,1.0,0.0,0.0,1.0,0.0,0.0,0.0,0.0,1.0,1.0,0.0,0.0,0.0,0.0,1.0,0.0,0.0,1.0,1.0,0.0,0.0,1.0,0.0,0.0,0.0,1.0,0.0,0.0,1.0,0.0,0.0,1.0,0.0,1.0,0.0,5.0,0.0,0.0,1.0,0.9765849917221723,0.0,0.0,1.0,0.0,0.0,1.0,0.0,0.0,1.0
3995-WFCSM,0,-1.2367242199587352,-0.13000877593192306,-0.9582152499452672,1.0,0.0,1.0,0.0,1.0,0.0,0.0,1.0,1.0,0.0,0.0,1.0,0.0,0.0,1.0,0.0,0.0,1.0,0.0,0.0,0.0,0.0,1.0,1.0,0.0,0.0,1.0,0.0,0.0,0.0,0.0,1.0,1.0,0.0,0.0,1.0,0.0,0.0,0.0,1.0,0.0,1.0,0.0,4.0,1.0,0.0,0.0,0.7748010708298728,1.0,0.0,0.0,1.0,0.0,0.0,1.0,0.0,0.0
1895-QTKDO,0,-1.2774445836787656,-0.6916961619880726,-0.9879733444662832,1.0,0.0,1.0,0.0,1.0,0.0,0.0,1.0,1.0,0.0,0.0,1.0,0.0,0.0,1.0,0.0,0.0,1.0,0.0,0.0,1.0,0.0,0.0,1.0,0.0,0.0,1.0,0.0,0.0,1.0,0.0,0.0,1.0,0.0,0.0,1.0,0.0,0.0,1.0,0.0,0.0,1.0,0.0,2.0,1.0,0.0,0.0,0.7733982022305285,1.0,0.0,0.0,1.0,0.0,0.0,1.0,0.0,0.0
2038-OEQZH,0,-1.1552834925186746,0.7075369121518029,-0.8714336755600364,0.0,1.0,1.0,0.0,1.0,0.0,0.0,1.0,1.0,0.0,0.0,0.0,1.0,0.0,1.0,0.0,0.0,1.0,0.0,0.0,0.0,0.0,1.0,1.0,0.0,0.0,1.0,0.0,0.0,0.0,0.0,1.0,1.0,0.0,0.0,1.0,0.0,0.0,0.0,1.0,0.0,1.0,0.0,4.0,1.0,0.0,0.0,0.7543028886011284,1.0,0.0,0.0,1.0,0.0,0.0,1.0,0.0,0.0
1178-PZGAB,0,-0.5444780367182193,-1.479387940066815,-0.838101962571708,1.0,0.0,1.0,0.0,1.0,0.0,0.0,1.0,1.0,0.0,0.0,0.0,0.0,1.0,0.0,1.0,0.0,0.0,1.0,0.0,0.0,1.0,0.0,0.0,1.0,0.0,0.0,1.0,0.0,0.0,1.0,0.0,0.0,1.0,0.0,1.0,0.0,0.0,1.0,0.0,0.0,1.0,0.0,1.0,1.0,0.0,0.0,1.5392759781887149,1.0,0.0,0.0,1.0,0.0,0.0,1.0,0.0,0.0
7927-AUXBZ,0,-0.0965540357978854,0.677624566148813,0.12026750849243921,1.0,0.0,1.0,0.0,1.0,0.0,0.0,1.0,1.0,0.0,0.0,0.0,1.0,0.0,1.0,0.0,0.0,1.0,0.0,0.0,1.0,0.0,0.0,0.0,0.0,1.0,0.0,0.0,1.0,1.0,0.0,0.0,1.0,0.0,0.0,1.0,0.0,0.0,0.0,1.0,0.0,0.0,1.0,4.0,0.0,0.0,1.0,-1.2455979441832212,0.0,0.0,1.0,0.0,0.0,1.0,0.0,0.0,1.0
2626-VEEWG,0,1.4100994218432374,-1.5076384890696393,-0.44079059087562433,0.0,1.0,0.0,1.0,0.0,1.0,0.0,1.0,1.0,0.0,0.0,0.0,0.0,1.0,0.0,1.0,0.0,0.0,1.0,0.0,0.0,1.0,0.0,0.0,1.0,0.0,0.0,1.0,0.0,0.0,1.0,0.0,0.0,0.0,1.0,0.0,1.0,0.0,1.0,0.0,0.0,1.0,0.0,1.0,0.0,1.0,0.0,-0.3125953986275924,0.0,1.0,0.0,0.0,1.0,0.0,0.0,1.0,0.0
2878-RMWXY,1,1.6137012404433893,1.259253516206956,2.3237341841894246,0.0,1.0,0.0,1.0,1.0,0.0,0.0,1.0,0.0,0.0,1.0,0.0,1.0,0.0,0.0,0.0,1.0,0.0,0.0,1.0,0.0,0.0,1.0,1.0,0.0,0.0,1.0,0.0,0.0,0.0,0.0,1.0,0.0,0.0,1.0,0.0,1.0,0.0,1.0,0.0,0.0,1.0,0.0,7.0,0.0,1.0,0.0,1.440002725381151,0.0,1.0,0.0,0.0,1.0,0.0,0.0,1.0,0.0
1657-DYMBM,0,0.8400143297628127,-1.491020519067978,-0.5176233879228432,0.0,1.0,0.0,1.0,1.0,0.0,0.0,1.0,1.0,0.0,0.0,0.0,0.0,1.0,0.0,1.0,0.0,0.0,1.0,0.0,0.0,1.0,0.0,0.0,1.0,0.0,0.0,1.0,0.0,0.0,1.0,0.0,0.0,0.0,1.0,1.0,0.0,0.0,1.0,0.0,0.0,1.0,0.0,1.0,0.0,1.0,0.0,-0.6162078069180081,0.0,1.0,0.0,0.0,1.0,0.0,0.0,1.0,0.0
7311-MQJCH,0,-1.1145631287986442,-1.502653098069141,-0.9634212620334509,1.0,0.0,1.0,0.0,1.0,0.0,0.0,1.0,1.0,0.0,0.0,0.0,0.0,1.0,0.0,1.0,0.0,0.0,1.0,0.0,0.0,1.0,0.0,0.0,1.0,0.0,0.0,1.0,0.0,0.0,1.0,0.0,0.0,1.0,0.0,1.0,0.0,0.0,0.0,1.0,0.0,1.0,0.0,1.0,1.0,0.0,0.0,0.864393623959098,1.0,0.0,0.0,1.0,0.0,0.0,1.0,0.0,0.0
7375-WMVMT,1,1.5729808767233588,1.0216165451832002,1.9517469729900985,0.0,1.0,0.0,1.0,1.0,0.0,0.0,1.0,1.0,0.0,0.0,0.0,1.0,0.0,1.0,0.0,0.0,0.0,0.0,1.0,0.0,0.0,1.0,0.0,0.0,1.0,1.0,0.0,0.0,0.0,0.0,1.0,0.0,0.0,1.0,0.0,1.0,0.0,1.0,0.0,0.0,1.0,0.0,6.0,0.0,1.0,0.0,1.240795105567805,0.0,1.0,0.0,0.0,1.0,0.0,0.0,1.0,0.0
1136-XGEQU,0,0.7178532386027215,0.6443886261454905,0.8299175461062868,1.0,0.0,0.0,1.0,0.0,1.0,0.0,1.0,0.0,0.0,1.0,1.0,0.0,0.0,1.0,0.0,0.0,0.0,0.0,1.0,0.0,0.0,1.0,0.0,0.0,1.0,0.0,0.0,1.0,0.0,0.0,1.0,0.0,1.0,0.0,0.0,1.0,0.0,1.0,0.0,0.0,1.0,0.0,8.0,0.0,1.0,0.0,1.156110332136545,0.0,1.0,0.0,0.0,1.0,0.0,0.0,1.0,0.0
2530-FMFXO,0,0.9621754209229036,1.2775332832087833,1.5840613395755008,0.0,1.0,0.0,1.0,0.0,1.0,0.0,1.0,0.0,0.0,1.0,0.0,1.0,0.0,1.0,0.0,0.0,1.0,0.0,0.0,0.0,0.0,1.0,0.0,0.0,1.0,0.0,0.0,1.0,0.0,0.0,1.0,0.0,0.0,1.0,0.0,1.0,0.0,0.0,1.0,0.0,1.0,0.0,7.0,0.0,1.0,0.0,1.6463331998816741,0.0,1.0,0.0,0.0,1.0,0.0,0.0,1.0,0.0
6844-DZKRF,0,-1.2367242199587352,-0.48397153696730727,-0.9591638029952329,0.0,1.0,1.0,0.0,1.0,0.0,0.0,1.0,1.0,0.0,0.0,1.0,0.0,0.0,1.0,0.0,0.0,1.0,0.0,0.0,1.0,0.0,0.0,0.0,0.0,1.0,1.0,0.0,0.0,1.0,0.0,0.0,1.0,0.0,0.0,0.0,1.0,0.0,1.0,0.0,0.0,1.0,0.0,3.0,1.0,0.0,0.0,0.775568059164586,1.0,0.0,0.0,1.0,0.0,0.0,1.0,0.0,0.0
4695-WJZUE,1,-1.2367242199587352,0.7906267621601091,-0.9282806804382112,1.0,0.0,1.0,0.0,1.0,0.0,0.0,1.0,0.0,0.0,1.0,0.0,1.0,0.0,1.0,0.0,0.0,1.0,0.0,0.0,0.0,0.0,1.0,1.0,0.0,0.0,1.0,0.0,0.0,0.0,0.0,1.0,1.0,0.0,0.0,0.0,1.0,0.0,0.0,1.0,0.0,0.0,1.0,5.0,1.0,0.0,0.0,0.7505963459413647,1.0,0.0,0.0,1.0,0.0,0.0,1.0,0.0,0.0
7619-ODSGN,0,-0.3408762181180675,-0.3327480099521901,-0.41698852713346257,0.0,1.0,0.0,1.0,0.0,1.0,0.0,1.0,0.0,0.0,1.0,1.0,0.0,0.0,0.0,0.0,1.0,1.0,0.0,0.0,1.0,0.0,0.0,1.0,0.0,0.0,1.0,0.0,0.0,1.0,0.0,0.0,1.0,0.0,0.0,1.0,0.0,0.0,0.0,1.0,0.0,0.0,1.0,4.0,0.0,0.0,1.0,1.2232843037147063,0.0,0.0,1.0,0.0,0.0,1.0,0.0,0.0,1.0
5970-GHJAW,0,0.5549717837226001,-1.4893587220678117,-0.6268834636549349,0.0,1.0,0.0,1.0,0.0,1.0,0.0,1.0,1.0,0.0,0.0,0.0,0.0,1.0,0.0,1.0,0.0,0.0,1.0,0.0,0.0,1.0,0.0,0.0,1.0,0.0,0.0,1.0,0.0,0.0,1.0,0.0,0.0,0.0,1.0,1.0,0.0,0.0,1.0,0.0,0.0,1.0,0.0,1.0,0.0,1.0,0.0,-1.1295771821946887,0.0,1.0,0.0,0.0,1.0,0.0,0.0,1.0,0.0
8879-XUAHX,0,1.5729808767233588,1.7112623002521414,2.7712968081604337,0.0,1.0,0.0,1.0,1.0,0.0,0.0,1.0,0.0,0.0,1.0,0.0,1.0,0.0,0.0,0.0,1.0,0.0,0.0,1.0,0.0,0.0,1.0,0.0,0.0,1.0,0.0,0.0,1.0,0.0,0.0,1.0,0.0,0.0,1.0,0.0,1.0,0.0,0.0,1.0,0.0,1.0,0.0,9.0,0.0,1.0,0.0,1.761812142264094,0.0,1.0,0.0,0.0,1.0,0.0,0.0,1.0,0.0
3689-MOZGR,0,-0.13727439951791576,-1.115454397030434,-0.598735703381535,1.0,0.0,1.0,0.0,1.0,0.0,1.0,0.0,0.0,1.0,0.0,1.0,0.0,0.0,1.0,0.0,0.0,1.0,0.0,0.0,1.0,0.0,0.0,0.0,0.0,1.0,1.0,0.0,0.0,1.0,0.0,0.0,1.0,0.0,0.0,0.0,1.0,0.0,0.0,1.0,0.0,1.0,0.0,2.0,0.0,0.0,1.0,4.361597686707737,0.0,0.0,1.0,0.0,0.0,1.0,0.0,0.0,1.0
4195-PNGZS,0,1.4915401492832983,-1.3397969920528607,-0.24931523102209002,0.0,1.0,0.0,1.0,0.0,1.0,0.0,1.0,0.0,0.0,1.0,0.0,0.0,1.0,0.0,1.0,0.0,0.0,1.0,0.0,0.0,1.0,0.0,0.0,1.0,0.0,0.0,1.0,0.0,0.0,1.0,0.0,0.0,0.0,1.0,1.0,0.0,1.0,0.0,0.0,0.0,1.0,0.0,2.0,0.0,1.0,0.0,-0.1671528796203634,0.0,1.0,0.0,0.0,1.0,0.0,0.0,1.0,0.0
5003-XZWWO,0,1.5729808767233588,0.6460504231456565,1.6207240179253366,0.0,1.0,0.0,1.0,1.0,0.0,0.0,1.0,0.0,0.0,1.0,1.0,0.0,0.0,1.0,0.0,0.0,0.0,0.0,1.0,0.0,0.0,1.0,0.0,0.0,1.0,0.0,0.0,1.0,0.0,0.0,1.0,0.0,0.0,1.0,1.0,0.0,0.0,1.0,0.0,0.0,1.0,0.0,8.0,0.0,1.0,0.0,1.0303520162949662,0.0,1.0,0.0,0.0,1.0,0.0,0.0,1.0,0.0
3988-RQIXO,1,-1.2774445836787656,0.8820255971692458,-0.9670831179937833,1.0,0.0,1.0,0.0,1.0,0.0,0.0,1.0,1.0,0.0,0.0,0.0,1.0,0.0,1.0,0.0,0.0,1.0,0.0,0.0,1.0,0.0,0.0,1.0,0.0,0.0,0.0,0.0,1.0,0.0,0.0,1.0,1.0,0.0,0.0,0.0,1.0,0.0,0.0,1.0,0.0,0.0,1.0,4.0,1.0,0.0,0.0,0.7570450650851656,1.0,0.0,0.0,1.0,0.0,0.0,1.0,0.0,0.0
7622-FWGEW,1,0.9621754209229036,0.6942425361504742,1.1211233324457461,0.0,1.0,0.0,1.0,1.0,0.0,0.0,1.0,1.0,0.0,0.0,1.0,0.0,0.0,0.0,0.0,1.0,0.0,0.0,1.0,0.0,0.0,1.0,0.0,0.0,1.0,0.0,0.0,1.0,0.0,0.0,1.0,0.0,0.0,1.0,0.0,1.0,1.0,0.0,0.0,0.0,1.0,0.0,8.0,0.0,1.0,0.0,1.1651963956534892,0.0,1.0,0.0,0.0,1.0,0.0,0.0,1.0,0.0
6922-NCEDI,0,0.9621754209229036,-1.4478137970636586,-0.4608866799109434,0.0,1.0,1.0,0.0,0.0,1.0,0.0,1.0,1.0,0.0,0.0,0.0,0.0,1.0,0.0,1.0,0.0,0.0,1.0,0.0,0.0,1.0,0.0,0.0,1.0,0.0,0.0,1.0,0.0,0.0,1.0,0.0,0.0,1.0,0.0,0.0,1.0,0.0,0.0,0.0,1.0,1.0,0.0,1.0,0.0,1.0,0.0,-0.4790048362167349,0.0,1.0,0.0,0.0,1.0,0.0,0.0,1.0,0.0
2514-GINMM,0,-1.2774445836787656,0.4898415051300408,-0.972289130081967,0.0,1.0,1.0,0.0,1.0,0.0,0.0,1.0,1.0,0.0,0.0,0.0,1.0,0.0,1.0,0.0,0.0,1.0,0.0,0.0,1.0,0.0,0.0,1.0,0.0,0.0,0.0,0.0,1.0,1.0,0.0,0.0,1.0,0.0,0.0,0.0,1.0,0.0,0.0,1.0,0.0,0.0,1.0,3.0,1.0,0.0,0.0,0.7611203981013278,1.0,0.0,0.0,1.0,0.0,0.0,1.0,0.0,0.0
9891-NQDBD,0,-0.1779947632379461,-1.303237458049206,-0.7107973195170136,1.0,0.0,0.0,1.0,1.0,0.0,0.0,1.0,0.0,0.0,1.0,0.0,0.0,1.0,0.0,1.0,0.0,0.0,1.0,0.0,0.0,1.0,0.0,0.0,1.0,0.0,0.0,1.0,0.0,0.0,1.0,0.0,0.0,1.0,0.0,1.0,0.0,0.0,0.0,0.0,1.0,1.0,0.0,2.0,0.0,0.0,1.0,3.993360852795478,0.0,0.0,1.0,0.0,0.0,1.0,0.0,0.0,1.0
6131-IUNXN,0,-0.5444780367182193,-1.481049737066981,-0.8387416843961034,1.0,0.0,0.0,1.0,0.0,1.0,0.0,1.0,1.0,0.0,0.0,0.0,0.0,1.0,0.0,1.0,0.0,0.0,1.0,0.0,0.0,1.0,0.0,0.0,1.0,0.0,0.0,1.0,0.0,0.0,1.0,0.0,1.0,0.0,0.0,1.0,0.0,0.0,0.0,0.0,1.0,1.0,0.0,1.0,1.0,0.0,0.0,1.5404509049649193,1.0,0.0,0.0,1.0,0.0,0.0,1.0,0.0,0.0
8548-AWOFC,0,1.369379058123207,-0.030300955921955676,0.8741245301093381,0.0,1.0,0.0,1.0,1.0,0.0,0.0,1.0,0.0,0.0,1.0,1.0,0.0,0.0,1.0,0.0,0.0,1.0,0.0,0.0,1.0,0.0,0.0,0.0,0.0,1.0,1.0,0.0,0.0,0.0,0.0,1.0,1.0,0.0,0.0,1.0,0.0,0.0,0.0,1.0,0.0,1.0,0.0,5.0,0.0,1.0,0.0,0.6383364233036859,0.0,1.0,0.0,0.0,1.0,0.0,0.0,1.0,0.0
9798-DRYDS,0,-0.62591876415828,-0.09344924192826831,-0.5349841146745403,1.0,0.0,0.0,1.0,0.0,1.0,0.0,1.0,0.0,0.0,1.0,1.0,0.0,0.0,1.0,0.0,0.0,1.0,0.0,0.0,0.0,0.0,1.0,0.0,0.0,1.0,1.0,0.0,0.0,1.0,0.0,0.0,0.0,1.0,0.0,0.0,1.0,0.0,0.0,0.0,1.0,1.0,0.0,5.0,1.0,0.0,0.0,0.8547181284682744,1.0,0.0,0.0,1.0,0.0,0.0,1.0,0.0,0.0
8532-UEFWH,0,0.7992939660427822,-1.2965902700485417,-0.4135913836521903,0.0,1.0,0.0,1.0,0.0,1.0,0.0,1.0,0.0,0.0,1.0,0.0,0.0,1.0,0.0,1.0,0.0,0.0,1.0,0.0,0.0,1.0,0.0,0.0,1.0,0.0,0.0,1.0,0.0,0.0,1.0,0.0,0.0,0.0,1.0,1.0,0.0,0.0,0.0,0.0,1.0,1.0,0.0,2.0,0.0,1.0,0.0,-0.51744589753359,0.0,1.0,0.0,0.0,1.0,0.0,0.0,1.0,0.0
6296-DDOOR,0,-0.5444780367182193,-0.21808401694072754,-0.5462123356613433,1.0,0.0,1.0,0.0,1.0,0.0,0.0,1.0,1.0,0.0,0.0,1.0,0.0,0.0,1.0,0.0,0.0,0.0,0.0,1.0,1.0,0.0,0.0,1.0,0.0,0.0,0.0,0.0,1.0,1.0,0.0,0.0,0.0,1.0,0.0,1.0,0.0,0.0,0.0,1.0,0.0,1.0,0.0,4.0,1.0,0.0,0.0,1.0031852505081331,1.0,0.0,0.0,1.0,0.0,0.0,1.0,0.0,0.0
7951-VRDVK,0,0.14776814652229667,0.7008897241511383,0.31776507724459274,1.0,0.0,1.0,0.0,1.0,0.0,0.0,1.0,1.0,0.0,0.0,1.0,0.0,0.0,0.0,0.0,1.0,0.0,0.0,1.0,0.0,0.0,1.0,0.0,0.0,1.0,0.0,0.0,1.0,0.0,0.0,1.0,0.0,1.0,0.0,1.0,0.0,1.0,0.0,0.0,0.0,1.0,0.0,8.0,0.0,0.0,1.0,2.150430148331361,0.0,0.0,1.0,0.0,0.0,1.0,0.0,0.0,1.0
5931-FLJJF,1,-1.0331224013585834,0.1774236690988095,-0.801086334249792,0.0,1.0,0.0,1.0,1.0,0.0,0.0,1.0,1.0,0.0,0.0,0.0,1.0,0.0,1.0,0.0,0.0,1.0,0.0,0.0,1.0,0.0,0.0,1.0,0.0,0.0,1.0,0.0,0.0,1.0,0.0,0.0,1.0,0.0,0.0,0.0,1.0,0.0,0.0,0.0,1.0,0.0,1.0,2.0,1.0,0.0,0.0,0.7754031208657777,1.0,0.0,0.0,1.0,0.0,0.0,1.0,0.0,0.0
4815-YOSUK,0,1.6137012404433893,1.3340343812144315,2.3180869846361407,0.0,1.0,0.0,1.0,0.0,1.0,0.0,1.0,0.0,0.0,1.0,0.0,1.0,0.0,0.0,0.0,1.0,0.0,0.0,1.0,0.0,0.0,1.0,0.0,0.0,1.0,1.0,0.0,0.0,0.0,0.0,1.0,0.0,1.0,0.0,0.0,1.0,0.0,1.0,0.0,0.0,1.0,0.0,8.0,0.0,1.0,0.0,1.4365031931184553,0.0,1.0,0.0,0.0,1.0,0.0,0.0,1.0,0.0
2659-VXMWZ,0,1.4100994218432374,1.5467443972356951,2.2936451990695836,0.0,1.0,0.0,1.0,0.0,1.0,0.0,1.0,0.0,0.0,1.0,0.0,1.0,0.0,0.0,0.0,1.0,0.0,0.0,1.0,0.0,0.0,1.0,1.0,0.0,0.0,0.0,0.0,1.0,0.0,0.0,1.0,0.0,1.0,0.0,0.0,1.0,0.0,0.0,1.0,0.0,0.0,1.0,8.0,0.0,1.0,0.0,1.6265840291398765,0.0,1.0,0.0,0.0,1.0,0.0,0.0,1.0,0.0
0380-NEAVX,1,0.06632741908223598,1.1661928841976528,0.4675923403926578,0.0,1.0,1.0,0.0,1.0,0.0,0.0,1.0,1.0,0.0,0.0,0.0,1.0,0.0,1.0,0.0,0.0,0.0,0.0,1.0,0.0,0.0,1.0,1.0,0.0,0.0,0.0,0.0,1.0,0.0,0.0,1.0,0.0,1.0,0.0,0.0,1.0,0.0,0.0,1.0,0.0,1.0,0.0,6.0,0.0,0.0,1.0,7.049759313156961,0.0,0.0,1.0,0.0,0.0,1.0,0.0,0.0,1.0
3207-OYBWH,1,1.002895784642934,1.0133075601823696,1.3869828989151927,0.0,1.0,0.0,1.0,1.0,0.0,0.0,1.0,0.0,0.0,1.0,0.0,1.0,0.0,1.0,0.0,0.0,0.0,0.0,1.0,0.0,0.0,1.0,1.0,0.0,0.0,1.0,0.0,0.0,0.0,0.0,1.0,1.0,0.0,0.0,0.0,1.0,1.0,0.0,0.0,0.0,0.0,1.0,6.0,0.0,1.0,0.0,1.3829780921943022,0.0,1.0,0.0,0.0,1.0,0.0,0.0,1.0,0.0
4285-GYRQC,0,-1.0331224013585834,0.7141841001524675,-0.7483423727970501,1.0,0.0,0.0,1.0,1.0,0.0,0.0,1.0,1.0,0.0,0.0,0.0,1.0,0.0,1.0,0.0,0.0,1.0,0.0,0.0,0.0,0.0,1.0,1.0,0.0,0.0,0.0,0.0,1.0,1.0,0.0,0.0,1.0,0.0,0.0,0.0,1.0,0.0,0.0,1.0,0.0,0.0,1.0,4.0,1.0,0.0,0.0,0.7243501561992655,1.0,0.0,0.0,1.0,0.0,0.0,1.0,0.0,0.0
7216-EWTRS,1,-1.2774445836787656,1.1977670272008092,-0.9628918370753304,1.0,0.0,0.0,1.0,1.0,0.0,0.0,1.0,0.0,0.0,1.0,0.0,1.0,0.0,1.0,0.0,0.0,1.0,0.0,0.0,0.0,0.0,1.0,1.0,0.0,0.0,0.0,0.0,1.0,0.0,0.0,1.0,1.0,0.0,0.0,0.0,1.0,0.0,0.0,1.0,0.0,0.0,1.0,6.0,1.0,0.0,0.0,0.7537640766399503,1.0,0.0,0.0,1.0,0.0,0.0,1.0,0.0,0.0
4365-MSDYN,0,-0.9924020376385531,-1.502653098069141,-0.9362661735565267,0.0,1.0,0.0,1.0,1.0,0.0,0.0,1.0,1.0,0.0,0.0,0.0,0.0,1.0,0.0,1.0,0.0,0.0,1.0,0.0,0.0,1.0,0.0,0.0,1.0,0.0,0.0,1.0,0.0,0.0,1.0,0.0,1.0,0.0,0.0,0.0,1.0,1.0,0.0,0.0,0.0,1.0,0.0,1.0,1.0,0.0,0.0,0.9434343522554598,1.0,0.0,0.0,1.0,0.0,0.0,1.0,0.0,0.0
7036-TYDEC,0,1.4915401492832983,1.304122035211441,2.0935225649000833,1.0,0.0,1.0,0.0,1.0,0.0,0.0,1.0,0.0,0.0,1.0,0.0,1.0,0.0,1.0,0.0,0.0,1.0,0.0,0.0,0.0,0.0,1.0,0.0,0.0,1.0,0.0,0.0,1.0,0.0,0.0,1.0,0.0,0.0,1.0,1.0,0.0,0.0,0.0,1.0,0.0,1.0,0.0,7.0,0.0,1.0,0.0,1.4035978621869778,0.0,1.0,0.0,0.0,1.0,0.0,0.0,1.0,0.0
5802-ADBRC,0,0.7178532386027215,1.3174164112127704,1.3013263525659673,1.0,0.0,0.0,1.0,1.0,0.0,0.0,1.0,0.0,0.0,1.0,0.0,1.0,0.0,0.0,0.0,1.0,1.0,0.0,0.0,0.0,0.0,1.0,1.0,0.0,0.0,0.0,0.0,1.0,0.0,0.0,1.0,0.0,1.0,0.0,0.0,1.0,0.0,0.0,0.0,1.0,1.0,0.0,7.0,0.0,1.0,0.0,1.81280278835122,0.0,1.0,0.0,0.0,1.0,0.0,0.0,1.0,0.0
8076-FEZKJ,0,-0.9109613101984924,-1.504314895069307,-0.9077213445645369,0.0,1.0,1.0,0.0,1.0,0.0,0.0,1.0,1.0,0.0,0.0,0.0,0.0,1.0,0.0,1.0,0.0,0.0,1.0,0.0,0.0,1.0,0.0,0.0,1.0,0.0,0.0,1.0,0.0,0.0,1.0,0.0,0.0,1.0,0.0,1.0,0.0,0.0,0.0,0.0,1.0,1.0,0.0,1.0,1.0,0.0,0.0,0.9964433553898688,1.0,0.0,0.0,1.0,0.0,0.0,1.0,0.0,0.0
5197-YPYBZ,0,-0.8295205827584317,-1.3132082400502028,-0.8861693368943867,1.0,0.0,0.0,1.0,0.0,1.0,0.0,1.0,0.0,0.0,1.0,0.0,0.0,1.0,0.0,1.0,0.0,0.0,1.0,0.0,0.0,1.0,0.0,0.0,1.0,0.0,0.0,1.0,0.0,0.0,1.0,0.0,0.0,0.0,1.0,1.0,0.0,0.0,1.0,0.0,0.0,1.0,0.0,2.0,1.0,0.0,0.0,1.068290956624101,1.0,0.0,0.0,1.0,0.0,0.0,1.0,0.0,0.0
8337-MSSXB,0,-0.748079855318371,0.7158458971526335,-0.48634319664723125,1.0,0.0,1.0,0.0,1.0,0.0,0.0,1.0,1.0,0.0,0.0,0.0,1.0,0.0,1.0,0.0,0.0,0.0,0.0,1.0,1.0,0.0,0.0,1.0,0.0,0.0,1.0,0.0,0.0,0.0,0.0,1.0,1.0,0.0,0.0,0.0,1.0,0.0,0.0,1.0,0.0,0.0,1.0,4.0,1.0,0.0,0.0,0.6501220333493024,1.0,0.0,0.0,1.0,0.0,0.0,1.0,0.0,0.0
4312-GVYNH,0,1.5322605130033284,-0.49560411596847015,0.47952646132362103,1.0,0.0,0.0,1.0,1.0,0.0,1.0,0.0,0.0,1.0,0.0,1.0,0.0,0.0,0.0,0.0,1.0,1.0,0.0,0.0,0.0,0.0,1.0,0.0,0.0,1.0,1.0,0.0,0.0,0.0,0.0,1.0,0.0,0.0,1.0,0.0,1.0,1.0,0.0,0.0,0.0,1.0,0.0,5.0,0.0,1.0,0.0,0.312953611513305,0.0,1.0,0.0,0.0,1.0,0.0,0.0,1.0,0.0
8495-LJDFO,1,1.2879383306831464,1.4686399382278874,2.1300528870103888,1.0,0.0,1.0,0.0,1.0,0.0,0.0,1.0,0.0,0.0,1.0,0.0,1.0,0.0,0.0,0.0,1.0,1.0,0.0,0.0,0.0,0.0,1.0,0.0,0.0,1.0,0.0,0.0,1.0,0.0,0.0,1.0,1.0,0.0,0.0,0.0,1.0,1.0,0.0,0.0,0.0,1.0,0.0,8.0,0.0,1.0,0.0,1.6538469554521054,0.0,1.0,0.0,0.0,1.0,0.0,0.0,1.0,0.0
0839-JTCUD,0,1.369379058123207,0.8354952811645946,1.6216063928555373,1.0,0.0,0.0,1.0,0.0,1.0,0.0,1.0,0.0,0.0,1.0,1.0,0.0,0.0,0.0,0.0,1.0,0.0,0.0,1.0,0.0,0.0,1.0,0.0,0.0,1.0,0.0,0.0,1.0,0.0,0.0,1.0,0.0,0.0,1.0,1.0,0.0,0.0,1.0,0.0,0.0,1.0,0.0,9.0,0.0,1.0,0.0,1.1841910267548699,0.0,1.0,0.0,0.0,1.0,0.0,0.0,1.0,0.0
5494-WOZRZ,0,1.5729808767233588,0.572931355138347,1.63969507892465,1.0,0.0,0.0,1.0,0.0,1.0,0.0,1.0,1.0,0.0,0.0,1.0,0.0,0.0,0.0,0.0,1.0,1.0,0.0,0.0,0.0,0.0,1.0,0.0,0.0,1.0,0.0,0.0,1.0,0.0,0.0,1.0,0.0,0.0,1.0,0.0,1.0,0.0,1.0,0.0,0.0,1.0,0.0,7.0,0.0,1.0,0.0,1.0424125958481212,0.0,1.0,0.0,0.0,1.0,0.0,0.0,1.0,0.0
1302-UHBDD,1,-0.5037576729981889,0.8371570781647607,-0.2800880567128366,0.0,1.0,1.0,0.0,1.0,0.0,0.0,1.0,1.0,0.0,0.0,0.0,1.0,0.0,1.0,0.0,0.0,1.0,0.0,0.0,1.0,0.0,0.0,1.0,0.0,0.0,0.0,0.0,1.0,0.0,0.0,1.0,1.0,0.0,0.0,1.0,0.0,0.0,0.0,1.0,0.0,1.0,0.0,4.0,1.0,0.0,0.0,0.5559975990953165,1.0,0.0,0.0,1.0,0.0,0.0,1.0,0.0,0.0
2234-EOFPT,0,1.6137012404433893,0.48485611412954227,1.5308982500309136,0.0,1.0,0.0,1.0,1.0,0.0,0.0,1.0,1.0,0.0,0.0,1.0,0.0,0.0,0.0,0.0,1.0,0.0,0.0,1.0,1.0,0.0,0.0,0.0,0.0,1.0,0.0,0.0,1.0,0.0,0.0,1.0,0.0,0.0,1.0,0.0,1.0,1.0,0.0,0.0,0.0,1.0,0.0,7.0,0.0,1.0,0.0,0.9486875337657148,0.0,1.0,0.0,0.0,1.0,0.0,0.0,1.0,0.0
8619-IJNDK,0,1.5729808767233588,-0.023653767921291324,0.9748476283917383,1.0,0.0,0.0,1.0,0.0,1.0,0.0,1.0,1.0,0.0,0.0,1.0,0.0,0.0,0.0,0.0,1.0,0.0,0.0,1.0,0.0,0.0,1.0,0.0,0.0,1.0,1.0,0.0,0.0,1.0,0.0,0.0,0.0,0.0,1.0,1.0,0.0,0.0,1.0,0.0,0.0,1.0,0.0,6.0,0.0,1.0,0.0,0.619745378228896,0.0,1.0,0.0,0.0,1.0,0.0,0.0,1.0,0.0
8378-LKJAF,0,0.22920887396235737,1.2093996062019723,0.7382829096049526,0.0,1.0,0.0,1.0,0.0,1.0,0.0,1.0,0.0,0.0,1.0,0.0,1.0,0.0,1.0,0.0,0.0,1.0,0.0,0.0,0.0,0.0,1.0,1.0,0.0,0.0,0.0,0.0,1.0,0.0,0.0,1.0,1.0,0.0,0.0,0.0,1.0,0.0,1.0,0.0,0.0,1.0,0.0,6.0,0.0,0.0,1.0,3.221004915046176,0.0,0.0,1.0,0.0,0.0,1.0,0.0,0.0,1.0
8182-BJDSI,0,-0.1779947632379461,0.8371570781647607,0.1509962154366758,1.0,0.0,1.0,0.0,1.0,0.0,0.0,1.0,0.0,0.0,1.0,0.0,1.0,0.0,1.0,0.0,0.0,0.0,0.0,1.0,1.0,0.0,0.0,1.0,0.0,0.0,1.0,0.0,0.0,0.0,0.0,1.0,1.0,0.0,0.0,0.0,1.0,0.0,0.0,1.0,0.0,0.0,1.0,5.0,0.0,0.0,1.0,-0.8483183026841175,0.0,0.0,1.0,0.0,0.0,1.0,0.0,0.0,1.0
2528-HFYZX,1,-0.62591876415828,0.3884718881199074,-0.46320291410272,0.0,1.0,0.0,1.0,1.0,0.0,0.0,1.0,1.0,0.0,0.0,0.0,1.0,0.0,1.0,0.0,0.0,0.0,0.0,1.0,1.0,0.0,0.0,1.0,0.0,0.0,1.0,0.0,0.0,1.0,0.0,0.0,1.0,0.0,0.0,0.0,1.0,0.0,0.0,1.0,0.0,0.0,1.0,3.0,1.0,0.0,0.0,0.7400367917162921,1.0,0.0,0.0,1.0,0.0,0.0,1.0,0.0,0.0
1153-GNOLC,0,0.025607055362205634,-0.8528904710041867,-0.42984914174113664,0.0,1.0,1.0,0.0,1.0,0.0,1.0,0.0,0.0,1.0,0.0,1.0,0.0,0.0,1.0,0.0,0.0,0.0,0.0,1.0,1.0,0.0,0.0,1.0,0.0,0.0,0.0,0.0,1.0,1.0,0.0,0.0,0.0,1.0,0.0,0.0,1.0,0.0,0.0,1.0,0.0,1.0,0.0,3.0,0.0,0.0,1.0,-16.786355778164417,0.0,0.0,1.0,0.0,0.0,1.0,0.0,0.0,1.0
3298-QEICA,0,-0.38159658183809786,-1.0024522010191377,-0.648479590071595,1.0,0.0,0.0,1.0,0.0,1.0,1.0,0.0,0.0,1.0,0.0,1.0,0.0,0.0,0.0,0.0,1.0,1.0,0.0,0.0,1.0,0.0,0.0,0.0,0.0,1.0,1.0,0.0,0.0,1.0,0.0,0.0,0.0,0.0,1.0,1.0,0.0,0.0,0.0,0.0,1.0,1.0,0.0,3.0,0.0,0.0,1.0,1.6993852171001078,0.0,0.0,1.0,0.0,0.0,1.0,0.0,0.0,1.0
0788-DXBFY,0,1.0436161483629645,-1.502653098069141,-0.5181748722542187,0.0,1.0,0.0,1.0,0.0,1.0,0.0,1.0,1.0,0.0,0.0,0.0,0.0,1.0,0.0,1.0,0.0,0.0,1.0,0.0,0.0,1.0,0.0,0.0,1.0,0.0,0.0,1.0,0.0,0.0,1.0,0.0,0.0,1.0,0.0,0.0,1.0,0.0,0.0,1.0,0.0,1.0,0.0,1.0,0.0,1.0,0.0,-0.4965186415206753,0.0,1.0,0.0,0.0,1.0,0.0,0.0,1.0,0.0
3597-YASZG,1,1.5322605130033284,1.3190782082129364,2.2350775630775175,1.0,0.0,0.0,1.0,1.0,0.0,0.0,1.0,0.0,0.0,1.0,0.0,1.0,0.0,1.0,0.0,0.0,0.0,0.0,1.0,1.0,0.0,0.0,0.0,0.0,1.0,0.0,0.0,1.0,0.0,0.0,1.0,0.0,0.0,1.0,0.0,1.0,1.0,0.0,0.0,0.0,1.0,0.0,7.0,0.0,1.0,0.0,1.4586798681489368,0.0,1.0,0.0,0.0,1.0,0.0,0.0,1.0,0.0
3496-LFSZU,0,-1.1552834925186746,0.19071804510013865,-0.8775661813249307,0.0,1.0,0.0,1.0,1.0,0.0,0.0,1.0,1.0,0.0,0.0,0.0,1.0,0.0,1.0,0.0,0.0,1.0,0.0,0.0,1.0,0.0,0.0,1.0,0.0,0.0,1.0,0.0,0.0,1.0,0.0,0.0,1.0,0.0,0.0,1.0,0.0,0.0,0.0,1.0,0.0,1.0,0.0,2.0,1.0,0.0,0.0,0.7596111145081087,1.0,0.0,0.0,1.0,0.0,0.0,1.0,0.0,0.0
5242-UOWHD,0,0.5142514200025698,-1.4760643460664828,-0.5974121409862342,0.0,1.0,0.0,1.0,0.0,1.0,0.0,1.0,1.0,0.0,0.0,0.0,0.0,1.0,0.0,1.0,0.0,0.0,1.0,0.0,0.0,1.0,0.0,0.0,1.0,0.0,0.0,1.0,0.0,0.0,1.0,0.0,0.0,0.0,1.0,1.0,0.0,0.0,0.0,0.0,1.0,1.0,0.0,1.0,0.0,1.0,0.0,-1.161712185419437,0.0,1.0,0.0,0.0,1.0,0.0,0.0,1.0,0.0
2482-CZGBB,0,-0.9109613101984924,0.17410007509847744,-0.6808848093832127,0.0,1.0,1.0,0.0,1.0,0.0,0.0,1.0,1.0,0.0,0.0,0.0,1.0,0.0,1.0,0.0,0.0,1.0,0.0,0.0,1.0,0.0,0.0,1.0,0.0,0.0,1.0,0.0,0.0,1.0,0.0,0.0,1.0,0.0,0.0,0.0,1.0,0.0,0.0,1.0,0.0,0.0,1.0,2.0,1.0,0.0,0.0,0.7474354857451109,1.0,0.0,0.0,1.0,0.0,0.0,1.0,0.0,0.0
6479-SZPLM,0,0.14776814652229667,-1.505976692069473,-0.6744875911392583,0.0,1.0,0.0,1.0,0.0,1.0,0.0,1.0,1.0,0.0,0.0,0.0,0.0,1.0,0.0,1.0,0.0,0.0,1.0,0.0,0.0,1.0,0.0,0.0,1.0,0.0,0.0,1.0,0.0,0.0,1.0,0.0,0.0,0.0,1.0,1.0,0.0,0.0,1.0,0.0,0.0,1.0,0.0,1.0,0.0,0.0,1.0,-4.564499230810107,0.0,0.0,1.0,0.0,0.0,1.0,0.0,0.0,1.0
8097-VBQTZ,0,0.880734693482843,0.17077648109814536,0.70589974966659,0.0,1.0,1.0,0.0,1.0,0.0,0.0,1.0,1.0,0.0,0.0,1.0,0.0,0.0,0.0,0.0,1.0,0.0,0.0,1.0,1.0,0.0,0.0,0.0,0.0,1.0,0.0,0.0,1.0,1.0,0.0,0.0,1.0,0.0,0.0,0.0,1.0,0.0,0.0,0.0,1.0,1.0,0.0,6.0,0.0,1.0,0.0,0.801489659587642,0.0,1.0,0.0,0.0,1.0,0.0,0.0,1.0,0.0
4500-HKANN,0,-0.38159658183809786,-0.16823010693574386,-0.3834362204125841,0.0,1.0,0.0,1.0,0.0,1.0,0.0,1.0,0.0,0.0,1.0,1.0,0.0,0.0,1.0,0.0,0.0,0.0,0.0,1.0,1.0,0.0,0.0,0.0,0.0,1.0,1.0,0.0,0.0,1.0,0.0,0.0,0.0,0.0,1.0,1.0,0.0,0.0,0.0,0.0,1.0,1.0,0.0,5.0,0.0,0.0,1.0,1.0048208989861096,0.0,0.0,1.0,0.0,0.0,1.0,0.0,0.0,1.0
9917-KWRBE,0,0.35136996512244845,0.4516201741262198,0.4093776543726719,1.0,0.0,0.0,1.0,0.0,1.0,0.0,1.0,0.0,0.0,1.0,1.0,0.0,0.0,0.0,0.0,1.0,0.0,0.0,1.0,0.0,0.0,1.0,1.0,0.0,0.0,0.0,0.0,1.0,1.0,0.0,0.0,0.0,1.0,0.0,0.0,1.0,0.0,1.0,0.0,0.0,1.0,0.0,7.0,0.0,0.0,1.0,1.1650900617814854,0.0,0.0,1.0,0.0,0.0,1.0,0.0,0.0,1.0
3420-ZDBMA,1,-1.1145631287986442,0.2222921881032951,-0.8434182715261668,0.0,1.0,1.0,0.0,1.0,0.0,0.0,1.0,1.0,0.0,0.0,0.0,1.0,0.0,1.0,0.0,0.0,1.0,0.0,0.0,1.0,0.0,0.0,1.0,0.0,0.0,1.0,0.0,0.0,1.0,0.0,0.0,1.0,0.0,0.0,0.0,1.0,0.0,0.0,0.0,1.0,1.0,0.0,2.0,1.0,0.0,0.0,0.7567254377374418,1.0,0.0,0.0,1.0,0.0,0.0,1.0,0.0,0.0
2212-LYASK,0,-0.21871512695797646,-0.62854787598176,-0.457467477056416,0.0,1.0,0.0,1.0,0.0,1.0,1.0,0.0,0.0,1.0,0.0,1.0,0.0,0.0,1.0,0.0,0.0,0.0,0.0,1.0,0.0,0.0,1.0,1.0,0.0,0.0,1.0,0.0,0.0,0.0,0.0,1.0,0.0,1.0,0.0,0.0,1.0,0.0,1.0,0.0,0.0,1.0,0.0,4.0,0.0,0.0,1.0,2.0916133393202063,0.0,0.0,1.0,0.0,0.0,1.0,0.0,0.0,1.0
1393-IMKZG,0,-1.2774445836787656,1.0332491241843629,-0.965075715027577,1.0,0.0,1.0,0.0,1.0,0.0,0.0,1.0,1.0,0.0,0.0,0.0,1.0,0.0,1.0,0.0,0.0,1.0,0.0,0.0,1.0,0.0,0.0,0.0,0.0,1.0,0.0,0.0,1.0,0.0,0.0,1.0,1.0,0.0,0.0,0.0,1.0,0.0,0.0,1.0,0.0,1.0,0.0,5.0,1.0,0.0,0.0,0.7554736443035099,1.0,0.0,0.0,1.0,0.0,0.0,1.0,0.0,0.0
8069-RHUXK,0,1.4100994218432374,-0.9658926670154829,0.11576739634841593,1.0,0.0,0.0,1.0,0.0,1.0,1.0,0.0,0.0,1.0,0.0,1.0,0.0,0.0,0.0,0.0,1.0,1.0,0.0,0.0,1.0,0.0,0.0,0.0,0.0,1.0,1.0,0.0,0.0,1.0,0.0,0.0,0.0,0.0,1.0,1.0,0.0,0.0,1.0,0.0,0.0,1.0,0.0,3.0,0.0,1.0,0.0,0.0820987474749039,0.0,1.0,0.0,0.0,1.0,0.0,0.0,1.0,0.0
3398-GCPMU,1,1.6137012404433893,0.8238627021634315,1.837788250754689,1.0,0.0,0.0,1.0,0.0,1.0,0.0,1.0,0.0,0.0,1.0,1.0,0.0,0.0,0.0,0.0,1.0,0.0,0.0,1.0,0.0,0.0,1.0,0.0,0.0,1.0,0.0,0.0,1.0,0.0,0.0,1.0,0.0,0.0,1.0,0.0,1.0,0.0,1.0,0.0,0.0,1.0,0.0,9.0,0.0,1.0,0.0,1.1388652401665926,0.0,1.0,0.0,0.0,1.0,0.0,0.0,1.0,0.0
2908-WGAXL,0,0.9621754209229036,-1.3231790220511994,-0.3593032660715971,1.0,0.0,0.0,1.0,0.0,1.0,0.0,1.0,0.0,0.0,1.0,0.0,0.0,1.0,0.0,1.0,0.0,0.0,1.0,0.0,0.0,1.0,0.0,0.0,1.0,0.0,0.0,1.0,0.0,0.0,1.0,0.0,0.0,0.0,1.0,0.0,1.0,0.0,1.0,0.0,0.0,1.0,0.0,2.0,0.0,1.0,0.0,-0.3734280238908608,0.0,1.0,0.0,0.0,1.0,0.0,0.0,1.0,0.0
3378-AJRAO,0,0.47353105628253944,-1.3265026160515319,-0.5601759189317681,0.0,1.0,0.0,1.0,0.0,1.0,0.0,1.0,0.0,0.0,1.0,0.0,0.0,1.0,0.0,1.0,0.0,0.0,1.0,0.0,0.0,1.0,0.0,0.0,1.0,0.0,0.0,1.0,0.0,0.0,1.0,0.0,0.0,1.0,0.0,1.0,0.0,0.0,0.0,1.0,0.0,1.0,0.0,2.0,0.0,0.0,1.0,-1.1829760931192879,0.0,0.0,1.0,0.0,0.0,1.0,0.0,0.0,1.0
1013-QCWAM,1,1.369379058123207,1.1977670272008092,1.9445114985624536,1.0,0.0,0.0,1.0,1.0,0.0,0.0,1.0,0.0,0.0,1.0,0.0,1.0,0.0,1.0,0.0,0.0,0.0,0.0,1.0,1.0,0.0,0.0,1.0,0.0,0.0,0.0,0.0,1.0,0.0,0.0,1.0,1.0,0.0,0.0,0.0,1.0,0.0,0.0,1.0,0.0,1.0,0.0,6.0,0.0,1.0,0.0,1.4199950605550302,0.0,1.0,0.0,0.0,1.0,0.0,0.0,1.0,0.0
0866-QLSIR,0,0.06632741908223598,-0.012021188920128179,-0.08583321582917038,1.0,0.0,1.0,0.0,1.0,0.0,0.0,1.0,0.0,0.0,1.0,1.0,0.0,0.0,0.0,0.0,1.0,0.0,0.0,1.0,1.0,0.0,0.0,0.0,0.0,1.0,1.0,0.0,0.0,1.0,0.0,0.0,0.0,1.0,0.0,0.0,1.0,0.0,0.0,0.0,1.0,0.0,1.0,6.0,0.0,0.0,1.0,-1.2940834577439257,0.0,0.0,1.0,0.0,0.0,1.0,0.0,0.0,1.0
6050-FFXES,0,1.4915401492832983,1.3489905542159264,2.1871204856211137,1.0,0.0,0.0,1.0,1.0,0.0,0.0,1.0,0.0,0.0,1.0,0.0,1.0,0.0,1.0,0.0,0.0,1.0,0.0,0.0,0.0,0.0,1.0,0.0,0.0,1.0,0.0,0.0,1.0,0.0,0.0,1.0,0.0,0.0,1.0,1.0,0.0,1.0,0.0,0.0,0.0,1.0,0.0,7.0,0.0,1.0,0.0,1.466350394035353,0.0,1.0,0.0,0.0,1.0,0.0,0.0,1.0,0.0
7181-BQYBV,0,-1.2774445836787656,1.2526063282062914,-0.9621638777579151,1.0,0.0,0.0,1.0,0.0,1.0,0.0,1.0,0.0,0.0,1.0,0.0,1.0,0.0,0.0,0.0,1.0,1.0,0.0,0.0,0.0,0.0,1.0,1.0,0.0,0.0,0.0,0.0,1.0,0.0,0.0,1.0,1.0,0.0,0.0,0.0,1.0,0.0,0.0,1.0,0.0,0.0,1.0,7.0,1.0,0.0,0.0,0.7531942207520973,1.0,0.0,0.0,1.0,0.0,0.0,1.0,0.0,0.0
0362-RAOQO,0,0.3106496014024181,-1.4993295040688086,-0.6410676406579098,1.0,0.0,1.0,0.0,1.0,0.0,0.0,1.0,1.0,0.0,0.0,0.0,0.0,1.0,0.0,1.0,0.0,0.0,1.0,0.0,0.0,1.0,0.0,0.0,1.0,0.0,0.0,1.0,0.0,0.0,1.0,0.0,0.0,0.0,1.0,1.0,0.0,0.0,1.0,0.0,0.0,1.0,0.0,1.0,0.0,0.0,1.0,-2.063635806271212,0.0,0.0,1.0,0.0,0.0,1.0,0.0,0.0,1.0
9554-DFKIC,0,-0.0965540357978854,-0.3427187919531868,-0.3064490077525801,0.0,1.0,0.0,1.0,0.0,1.0,0.0,1.0,0.0,0.0,1.0,1.0,0.0,0.0,0.0,0.0,1.0,1.0,0.0,0.0,1.0,0.0,0.0,1.0,0.0,0.0,1.0,0.0,0.0,1.0,0.0,0.0,1.0,0.0,0.0,0.0,1.0,1.0,0.0,0.0,0.0,1.0,0.0,4.0,0.0,0.0,1.0,3.1738601625525376,0.0,0.0,1.0,0.0,0.0,1.0,0.0,0.0,1.0
5527-ACHSO,0,-0.8702409464784621,0.19071804510013865,-0.6414867687497551,1.0,0.0,1.0,0.0,1.0,0.0,0.0,1.0,1.0,0.0,0.0,1.0,0.0,0.0,1.0,0.0,0.0,1.0,0.0,0.0,1.0,0.0,0.0,0.0,0.0,1.0,0.0,0.0,1.0,0.0,0.0,1.0,1.0,0.0,0.0,1.0,0.0,0.0,0.0,0.0,1.0,1.0,0.0,5.0,1.0,0.0,0.0,0.7371369634416892,1.0,0.0,0.0,1.0,0.0,0.0,1.0,0.0,0.0
0829-DDVLK,0,-0.7073594915983407,-1.4843733310673135,-0.8739263847378531,1.0,0.0,1.0,0.0,1.0,0.0,0.0,1.0,1.0,0.0,0.0,0.0,0.0,1.0,0.0,1.0,0.0,0.0,1.0,0.0,0.0,1.0,0.0,0.0,1.0,0.0,0.0,1.0,0.0,0.0,1.0,0.0,0.0,1.0,0.0,1.0,0.0,0.0,1.0,0.0,0.0,1.0,0.0,1.0,1.0,0.0,0.0,1.2354770030202606,1.0,0.0,0.0,1.0,0.0,0.0,1.0,0.0,0.0
1399-UBQIU,0,-0.8702409464784621,0.15249671409631763,-0.6931277615397463,0.0,1.0,1.0,0.0,1.0,0.0,0.0,1.0,1.0,0.0,0.0,1.0,0.0,0.0,1.0,0.0,0.0,1.0,0.0,0.0,0.0,0.0,1.0,1.0,0.0,0.0,0.0,0.0,1.0,0.0,0.0,1.0,1.0,0.0,0.0,0.0,1.0,0.0,0.0,1.0,0.0,1.0,0.0,5.0,1.0,0.0,0.0,0.7964779919223219,1.0,0.0,0.0,1.0,0.0,0.0,1.0,0.0,0.0
1813-JLKWR,0,1.2879383306831464,-1.4943441130683104,-0.41765030833111305,1.0,0.0,0.0,1.0,0.0,1.0,0.0,1.0,1.0,0.0,0.0,0.0,0.0,1.0,0.0,1.0,0.0,0.0,1.0,0.0,0.0,1.0,0.0,0.0,1.0,0.0,0.0,1.0,0.0,0.0,1.0,0.0,0.0,1.0,0.0,1.0,0.0,1.0,0.0,0.0,0.0,1.0,0.0,1.0,0.0,1.0,0.0,-0.3242781881564031,0.0,1.0,0.0,0.0,1.0,0.0,0.0,1.0,0.0
0336-PIKEI,1,1.6137012404433893,0.32033821111309646,1.3577321699790421,0.0,1.0,0.0,1.0,1.0,0.0,0.0,1.0,1.0,0.0,0.0,1.0,0.0,0.0,0.0,0.0,1.0,0.0,0.0,1.0,0.0,0.0,1.0,0.0,0.0,1.0,0.0,0.0,1.0,1.0,0.0,0.0,0.0,0.0,1.0,1.0,0.0,1.0,0.0,0.0,0.0,1.0,0.0,7.0,0.0,1.0,0.0,0.8413776577416426,0.0,1.0,0.0,0.0,1.0,0.0,0.0,1.0,0.0
7322-OCWHC,1,1.6137012404433893,0.9401884921750601,1.9640561032663975,0.0,1.0,0.0,1.0,1.0,0.0,0.0,1.0,0.0,0.0,1.0,0.0,1.0,0.0,0.0,0.0,1.0,0.0,0.0,1.0,0.0,0.0,1.0,0.0,0.0,1.0,1.0,0.0,0.0,1.0,0.0,0.0,0.0,0.0,1.0,0.0,1.0,1.0,0.0,0.0,0.0,1.0,0.0,7.0,0.0,1.0,0.0,1.2171125943528078,0.0,1.0,0.0,0.0,1.0,0.0,0.0,1.0,0.0
9537-VHDTA,0,-1.2774445836787656,-0.4507355969639848,-0.9847747353443059,1.0,0.0,1.0,0.0,0.0,1.0,0.0,1.0,1.0,0.0,0.0,1.0,0.0,0.0,0.0,0.0,1.0,1.0,0.0,0.0,1.0,0.0,0.0,1.0,0.0,0.0,1.0,0.0,0.0,1.0,0.0,0.0,1.0,0.0,0.0,1.0,0.0,0.0,0.0,0.0,1.0,1.0,0.0,3.0,1.0,0.0,0.0,0.770894289996022,1.0,0.0,0.0,1.0,0.0,0.0,1.0,0.0,0.0
4957-TIALW,0,-0.7073594915983407,0.0278619390838584,-0.5617641938061292,1.0,0.0,1.0,0.0,0.0,1.0,0.0,1.0,1.0,0.0,0.0,1.0,0.0,0.0,0.0,0.0,1.0,0.0,0.0,1.0,0.0,0.0,1.0,0.0,0.0,1.0,1.0,0.0,0.0,1.0,0.0,0.0,0.0,1.0,0.0,1.0,0.0,0.0,1.0,0.0,0.0,1.0,0.0,6.0,1.0,0.0,0.0,0.7941707158502586,1.0,0.0,0.0,1.0,0.0,0.0,1.0,0.0,0.0
2054-PJOCK,0,1.125056875803025,0.5247392421335293,1.131094169157013,1.0,0.0,1.0,0.0,1.0,0.0,0.0,1.0,0.0,0.0,1.0,1.0,0.0,0.0,1.0,0.0,0.0,1.0,0.0,0.0,0.0,0.0,1.0,0.0,0.0,1.0,0.0,0.0,1.0,0.0,0.0,1.0,0.0,1.0,0.0,1.0,0.0,0.0,1.0,0.0,0.0,1.0,0.0,7.0,0.0,1.0,0.0,1.0053662116856794,0.0,1.0,0.0,0.0,1.0,0.0,0.0,1.0,0.0
9150-HEPMB,0,0.9621754209229036,-0.4008816869590011,0.3248902548059626,0.0,1.0,1.0,0.0,1.0,0.0,0.0,1.0,1.0,0.0,0.0,1.0,0.0,0.0,0.0,0.0,1.0,1.0,0.0,0.0,0.0,0.0,1.0,1.0,0.0,0.0,1.0,0.0,0.0,1.0,0.0,0.0,0.0,1.0,0.0,1.0,0.0,0.0,0.0,0.0,1.0,1.0,0.0,4.0,0.0,1.0,0.0,0.3376621848169151,0.0,1.0,0.0,0.0,1.0,0.0,0.0,1.0,0.0
9030-QGZNL,0,-0.9924020376385531,-1.4594463760648215,-0.9360455798239766,1.0,0.0,1.0,0.0,1.0,0.0,0.0,1.0,1.0,0.0,0.0,0.0,0.0,1.0,0.0,1.0,0.0,0.0,1.0,0.0,0.0,1.0,0.0,0.0,1.0,0.0,0.0,1.0,0.0,0.0,1.0,0.0,0.0,0.0,1.0,1.0,0.0,0.0,0.0,0.0,1.0,1.0,0.0,1.0,1.0,0.0,0.0,0.9432120696278716,1.0,0.0,0.0,1.0,0.0,0.0,1.0,0.0,0.0
6204-IEUXJ,0,-1.1960038562387048,0.5097830691320341,-0.9113832005248693,1.0,0.0,1.0,0.0,1.0,0.0,0.0,1.0,1.0,0.0,0.0,0.0,1.0,0.0,1.0,0.0,0.0,1.0,0.0,0.0,0.0,0.0,1.0,0.0,0.0,1.0,1.0,0.0,0.0,1.0,0.0,0.0,1.0,0.0,0.0,1.0,0.0,0.0,1.0,0.0,0.0,0.0,1.0,4.0,1.0,0.0,0.0,0.7620236304179363,1.0,0.0,0.0,1.0,0.0,0.0,1.0,0.0,0.0
3126-WQMGH,0,0.6771328748826912,-0.4191614539608286,0.1325545793954828,1.0,0.0,0.0,1.0,1.0,0.0,0.0,1.0,0.0,0.0,1.0,1.0,0.0,0.0,1.0,0.0,0.0,1.0,0.0,0.0,1.0,0.0,0.0,1.0,0.0,0.0,1.0,0.0,0.0,1.0,0.0,0.0,1.0,0.0,0.0,0.0,1.0,0.0,1.0,0.0,0.0,1.0,0.0,3.0,0.0,1.0,0.0,0.19575859378921306,0.0,1.0,0.0,0.0,1.0,0.0,0.0,1.0,0.0
4529-CKBCL,0,-1.2367242199587352,0.5131066631323666,-0.9429281042795414,1.0,0.0,1.0,0.0,1.0,0.0,0.0,1.0,1.0,0.0,0.0,0.0,1.0,0.0,1.0,0.0,0.0,1.0,0.0,0.0,1.0,0.0,0.0,1.0,0.0,0.0,0.0,0.0,1.0,1.0,0.0,0.0,1.0,0.0,0.0,0.0,1.0,0.0,0.0,1.0,0.0,0.0,1.0,3.0,1.0,0.0,0.0,0.7624400727843782,1.0,0.0,0.0,1.0,0.0,0.0,1.0,0.0,0.0
2506-CLAKW,0,-1.0738427650786138,1.109691786192005,-0.7570117064862711,1.0,0.0,1.0,0.0,1.0,0.0,0.0,1.0,1.0,0.0,0.0,0.0,1.0,0.0,0.0,0.0,1.0,0.0,0.0,1.0,0.0,0.0,1.0,0.0,0.0,1.0,1.0,0.0,0.0,0.0,0.0,1.0,1.0,0.0,0.0,0.0,1.0,1.0,0.0,0.0,0.0,0.0,1.0,7.0,1.0,0.0,0.0,0.7049558195150217,1.0,0.0,0.0,1.0,0.0,0.0,1.0,0.0,0.0
7176-WRTNX,0,1.5322605130033284,1.6680555782478224,2.3947433066973196,0.0,1.0,1.0,0.0,1.0,0.0,0.0,1.0,0.0,0.0,1.0,0.0,1.0,0.0,0.0,0.0,1.0,0.0,0.0,1.0,0.0,0.0,1.0,0.0,0.0,1.0,0.0,0.0,1.0,0.0,0.0,1.0,0.0,0.0,1.0,0.0,1.0,1.0,0.0,0.0,0.0,1.0,0.0,9.0,0.0,1.0,0.0,1.5628826079995168,0.0,1.0,0.0,0.0,1.0,0.0,0.0,1.0,0.0
1583-IHQZE,0,-0.8295205827584317,1.6015836982411773,-0.3964291912597882,0.0,1.0,1.0,0.0,1.0,0.0,0.0,1.0,0.0,0.0,1.0,0.0,1.0,0.0,1.0,0.0,0.0,0.0,0.0,1.0,0.0,0.0,1.0,0.0,0.0,1.0,0.0,0.0,1.0,0.0,0.0,1.0,1.0,0.0,0.0,0.0,1.0,0.0,0.0,0.0,1.0,0.0,1.0,8.0,1.0,0.0,0.0,0.47790157290796736,1.0,0.0,0.0,1.0,0.0,0.0,1.0,0.0,0.0
5732-IKGQH,1,0.7992939660427822,1.3190782082129364,1.4108952595236293,0.0,1.0,0.0,1.0,1.0,0.0,0.0,1.0,1.0,0.0,0.0,0.0,1.0,0.0,0.0,0.0,1.0,1.0,0.0,0.0,0.0,0.0,1.0,0.0,0.0,1.0,0.0,0.0,1.0,0.0,0.0,1.0,0.0,1.0,0.0,0.0,1.0,1.0,0.0,0.0,0.0,1.0,0.0,7.0,0.0,1.0,0.0,1.7651769179602577,0.0,1.0,0.0,0.0,1.0,0.0,0.0,1.0,0.0
9239-GZHZE,0,1.6137012404433893,1.624848856243503,2.576931670410492,1.0,0.0,0.0,1.0,1.0,0.0,0.0,1.0,0.0,0.0,1.0,0.0,1.0,0.0,0.0,0.0,1.0,0.0,0.0,1.0,0.0,0.0,1.0,0.0,0.0,1.0,0.0,0.0,1.0,0.0,0.0,1.0,0.0,0.0,1.0,0.0,1.0,0.0,1.0,0.0,0.0,1.0,0.0,9.0,0.0,1.0,0.0,1.596907535190616,0.0,1.0,0.0,0.0,1.0,0.0,0.0,1.0,0.0
7205-BAIAD,0,0.3106496014024181,-1.4677553610656522,-0.6423691436799557,1.0,0.0,1.0,0.0,1.0,0.0,0.0,1.0,1.0,0.0,0.0,0.0,0.0,1.0,0.0,1.0,0.0,0.0,1.0,0.0,0.0,1.0,0.0,0.0,1.0,0.0,0.0,1.0,0.0,0.0,1.0,0.0,0.0,0.0,1.0,0.0,1.0,1.0,0.0,0.0,0.0,1.0,0.0,1.0,0.0,0.0,1.0,-2.067825423821566,0.0,0.0,1.0,0.0,0.0,1.0,0.0,0.0,1.0
0151-ONTOV,0,-1.2774445836787656,0.20401242110146783,-0.9760833422818297,1.0,0.0,1.0,0.0,1.0,0.0,0.0,1.0,1.0,0.0,0.0,0.0,1.0,0.0,1.0,0.0,0.0,1.0,0.0,0.0,1.0,0.0,0.0,1.0,0.0,0.0,1.0,0.0,0.0,1.0,0.0,0.0,1.0,0.0,0.0,1.0,0.0,0.0,0.0,0.0,1.0,0.0,1.0,2.0,1.0,0.0,0.0,0.7640905560622596,1.0,0.0,0.0,1.0,0.0,0.0,1.0,0.0,0.0
4140-MUHUG,1,-1.1960038562387048,0.7341256641544608,-0.9098831631435285,1.0,0.0,1.0,0.0,1.0,0.0,0.0,1.0,1.0,0.0,0.0,0.0,1.0,0.0,1.0,0.0,0.0,1.0,0.0,0.0,0.0,0.0,1.0,1.0,0.0,0.0,0.0,0.0,1.0,1.0,0.0,0.0,1.0,0.0,0.0,0.0,1.0,0.0,0.0,1.0,0.0,0.0,1.0,4.0,1.0,0.0,0.0,0.7607694226045448,1.0,0.0,0.0,1.0,0.0,0.0,1.0,0.0,0.0
0093-EXYQL,1,0.3106496014024181,0.8903345821700764,0.613382738235055,1.0,0.0,1.0,0.0,1.0,0.0,0.0,1.0,1.0,0.0,0.0,0.0,1.0,0.0,1.0,0.0,0.0,1.0,0.0,0.0,1.0,0.0,0.0,1.0,0.0,0.0,0.0,0.0,1.0,0.0,0.0,1.0,1.0,0.0,0.0,0.0,1.0,0.0,0.0,1.0,0.0,1.0,0.0,4.0,0.0,0.0,1.0,1.9745164180670356,0.0,0.0,1.0,0.0,0.0,1.0,0.0,0.0,1.0
8064-RAVOH,0,-1.2774445836787656,-0.49560411596847015,-0.9853703384221913,0.0,1.0,1.0,0.0,0.0,1.0,0.0,1.0,1.0,0.0,0.0,1.0,0.0,0.0,1.0,0.0,0.0,1.0,0.0,0.0,0.0,0.0,1.0,1.0,0.0,0.0,1.0,0.0,0.0,1.0,0.0,0.0,1.0,0.0,0.0,0.0,1.0,0.0,0.0,1.0,0.0,1.0,0.0,3.0,1.0,0.0,0.0,0.7713605357224473,1.0,0.0,0.0,1.0,0.0,0.0,1.0,0.0,0.0
0219-QAERP,0,-0.0965540357978854,-1.4943441130683104,-0.7529527818073483,0.0,1.0,0.0,1.0,1.0,0.0,0.0,1.0,1.0,0.0,0.0,0.0,0.0,1.0,0.0,1.0,0.0,0.0,1.0,0.0,0.0,1.0,0.0,0.0,1.0,0.0,0.0,1.0,0.0,0.0,1.0,0.0,0.0,1.0,0.0,1.0,0.0,0.0,1.0,0.0,0.0,1.0,0.0,1.0,0.0,0.0,1.0,7.798252818592575,0.0,0.0,1.0,0.0,0.0,1.0,0.0,0.0,1.0
0320-JDNQG,0,-0.38159658183809786,1.1661928841976528,0.021176803830909755,0.0,1.0,0.0,1.0,0.0,1.0,0.0,1.0,1.0,0.0,0.0,0.0,1.0,0.0,0.0,0.0,1.0,1.0,0.0,0.0,1.0,0.0,0.0,0.0,0.0,1.0,0.0,0.0,1.0,0.0,0.0,1.0,1.0,0.0,0.0,0.0,1.0,0.0,0.0,1.0,0.0,0.0,1.0,6.0,0.0,0.0,1.0,-0.055495266044847745,0.0,0.0,1.0,0.0,0.0,1.0,0.0,0.0,1.0
7180-PISOG,0,-1.2774445836787656,0.3236618051134285,-0.9744950674074686,0.0,1.0,0.0,1.0,0.0,1.0,0.0,1.0,0.0,0.0,1.0,0.0,1.0,0.0,1.0,0.0,0.0,1.0,0.0,0.0,1.0,0.0,0.0,1.0,0.0,0.0,1.0,0.0,0.0,1.0,0.0,0.0,1.0,0.0,0.0,0.0,1.0,0.0,0.0,1.0,0.0,0.0,1.0,3.0,1.0,0.0,0.0,0.7628472341251253,1.0,0.0,0.0,1.0,0.0,0.0,1.0,0.0,0.0
9168-INPSZ,1,0.47353105628253944,1.3091074262119398,0.9760608939207642,1.0,0.0,0.0,1.0,1.0,0.0,0.0,1.0,0.0,0.0,1.0,0.0,1.0,0.0,1.0,0.0,0.0,1.0,0.0,0.0,0.0,0.0,1.0,0.0,0.0,1.0,0.0,0.0,1.0,0.0,0.0,1.0,1.0,0.0,0.0,1.0,0.0,0.0,0.0,1.0,0.0,1.0,0.0,7.0,0.0,0.0,1.0,2.0612394498121,0.0,0.0,1.0,0.0,0.0,1.0,0.0,0.0,1.0
3571-RFHAR,0,1.3286586944031769,1.475287126228552,2.055006899196826,0.0,1.0,1.0,0.0,1.0,0.0,0.0,1.0,0.0,0.0,1.0,0.0,1.0,0.0,1.0,0.0,0.0,0.0,0.0,1.0,0.0,0.0,1.0,0.0,0.0,1.0,0.0,0.0,1.0,0.0,0.0,1.0,1.0,0.0,0.0,0.0,1.0,0.0,0.0,1.0,0.0,0.0,1.0,8.0,0.0,1.0,0.0,1.5466777945708015,0.0,1.0,0.0,0.0,1.0,0.0,0.0,1.0,0.0
0015-UOCOJ,1,-1.0331224013585834,-0.5504434169739522,-0.8572053798105514,1.0,0.0,1.0,0.0,1.0,0.0,0.0,1.0,1.0,0.0,0.0,1.0,0.0,0.0,0.0,0.0,1.0,1.0,0.0,0.0,1.0,0.0,0.0,1.0,0.0,0.0,1.0,0.0,0.0,1.0,0.0,0.0,1.0,0.0,0.0,0.0,1.0,0.0,0.0,1.0,0.0,1.0,0.0,3.0,1.0,0.0,0.0,0.8297229628196074,1.0,0.0,0.0,1.0,0.0,0.0,1.0,0.0,0.0
5334-AFQJB,1,1.6137012404433893,-1.3181936310507012,-0.21768208977439782,0.0,1.0,1.0,0.0,1.0,0.0,0.0,1.0,0.0,0.0,1.0,0.0,0.0,1.0,0.0,1.0,0.0,0.0,1.0,0.0,0.0,1.0,0.0,0.0,1.0,0.0,0.0,1.0,0.0,0.0,1.0,0.0,0.0,0.0,1.0,0.0,1.0,0.0,1.0,0.0,0.0,1.0,0.0,2.0,0.0,1.0,0.0,-0.1348961532151926,0.0,1.0,0.0,0.0,1.0,0.0,0.0,1.0,0.0
2754-SDJRD,1,-0.9924020376385531,1.1761636661986499,-0.6065226621405556,1.0,0.0,1.0,0.0,1.0,0.0,0.0,1.0,0.0,0.0,1.0,0.0,1.0,0.0,1.0,0.0,0.0,1.0,0.0,0.0,1.0,0.0,0.0,0.0,0.0,1.0,0.0,0.0,1.0,0.0,0.0,1.0,1.0,0.0,0.0,0.0,1.0,0.0,1.0,0.0,0.0,1.0,0.0,6.0,1.0,0.0,0.0,0.6111662805366587,1.0,0.0,0.0,1.0,0.0,0.0,1.0,0.0,0.0
9578-VRMNM,0,-0.6666391278783103,0.014567563082529699,-0.5470505918450339,1.0,0.0,1.0,0.0,1.0,0.0,0.0,1.0,0.0,0.0,1.0,1.0,0.0,0.0,1.0,0.0,0.0,1.0,0.0,0.0,0.0,0.0,1.0,1.0,0.0,0.0,1.0,0.0,0.0,0.0,0.0,1.0,1.0,0.0,0.0,0.0,1.0,0.0,1.0,0.0,0.0,0.0,1.0,5.0,1.0,0.0,0.0,0.8206097856663669,1.0,0.0,0.0,1.0,0.0,0.0,1.0,0.0,0.0
1587-FKLZB,1,1.369379058123207,1.15456030519649,2.002483531476634,0.0,1.0,0.0,1.0,0.0,1.0,0.0,1.0,0.0,0.0,1.0,0.0,1.0,0.0,1.0,0.0,0.0,1.0,0.0,0.0,0.0,0.0,1.0,1.0,0.0,0.0,0.0,0.0,1.0,0.0,0.0,1.0,1.0,0.0,0.0,0.0,1.0,0.0,1.0,0.0,0.0,0.0,1.0,6.0,0.0,1.0,0.0,1.4623296008492521,0.0,1.0,0.0,0.0,1.0,0.0,0.0,1.0,0.0
6140-QNRQQ,0,-1.2774445836787656,0.22561578210362715,-0.9757965704295145,0.0,1.0,1.0,0.0,1.0,0.0,0.0,1.0,1.0,0.0,0.0,0.0,1.0,0.0,1.0,0.0,0.0,1.0,0.0,0.0,1.0,0.0,0.0,1.0,0.0,0.0,1.0,0.0,0.0,1.0,0.0,0.0,1.0,0.0,0.0,0.0,1.0,0.0,0.0,0.0,1.0,0.0,1.0,2.0,1.0,0.0,0.0,0.763866067379166,1.0,0.0,0.0,1.0,0.0,0.0,1.0,0.0,0.0
8963-JLGJT,0,-1.1960038562387048,-0.29452667894836937,-0.9378544484308878,0.0,1.0,1.0,0.0,0.0,1.0,0.0,1.0,1.0,0.0,0.0,1.0,0.0,0.0,0.0,0.0,1.0,1.0,0.0,0.0,0.0,0.0,1.0,1.0,0.0,0.0,1.0,0.0,0.0,1.0,0.0,0.0,1.0,0.0,0.0,1.0,0.0,0.0,0.0,0.0,1.0,1.0,0.0,4.0,1.0,0.0,0.0,0.7841567094777877,1.0,0.0,0.0,1.0,0.0,0.0,1.0,0.0,0.0
4307-KTUMW,0,0.8400143297628127,0.9684390411778845,1.2114564659250344,0.0,1.0,0.0,1.0,1.0,0.0,0.0,1.0,0.0,0.0,1.0,0.0,1.0,0.0,0.0,0.0,1.0,1.0,0.0,0.0,0.0,0.0,1.0,1.0,0.0,0.0,1.0,0.0,0.0,0.0,0.0,1.0,1.0,0.0,0.0,1.0,0.0,0.0,0.0,1.0,0.0,0.0,1.0,6.0,0.0,1.0,0.0,1.4421854758919441,0.0,1.0,0.0,0.0,1.0,0.0,0.0,1.0,0.0
1465-LNTLJ,1,-0.9924020376385531,-0.012021188920128179,-0.7507247851085916,0.0,1.0,0.0,1.0,1.0,0.0,0.0,1.0,1.0,0.0,0.0,1.0,0.0,0.0,1.0,0.0,0.0,1.0,0.0,0.0,0.0,0.0,1.0,0.0,0.0,1.0,1.0,0.0,0.0,0.0,0.0,1.0,1.0,0.0,0.0,0.0,1.0,0.0,1.0,0.0,0.0,1.0,0.0,5.0,1.0,0.0,0.0,0.7564724341910474,1.0,0.0,0.0,1.0,0.0,0.0,1.0,0.0,0.0
5440-FLBQG,1,1.4915401492832983,1.4503601712260603,2.2213345735396426,0.0,1.0,0.0,1.0,1.0,0.0,0.0,1.0,0.0,0.0,1.0,0.0,1.0,0.0,1.0,0.0,0.0,0.0,0.0,1.0,0.0,0.0,1.0,0.0,0.0,1.0,0.0,0.0,1.0,0.0,0.0,1.0,0.0,0.0,1.0,0.0,1.0,1.0,0.0,0.0,0.0,0.0,1.0,8.0,0.0,1.0,0.0,1.4892891583287373,0.0,1.0,0.0,0.0,1.0,0.0,0.0,1.0,0.0
2135-DQWAQ,0,-1.1145631287986442,0.682609957149311,-0.8218662638560166,1.0,0.0,1.0,0.0,1.0,0.0,0.0,1.0,1.0,0.0,0.0,0.0,1.0,0.0,1.0,0.0,0.0,0.0,0.0,1.0,1.0,0.0,0.0,1.0,0.0,0.0,0.0,0.0,1.0,1.0,0.0,0.0,1.0,0.0,0.0,0.0,1.0,0.0,0.0,0.0,1.0,1.0,0.0,4.0,1.0,0.0,0.0,0.7373887064987362,1.0,0.0,0.0,1.0,0.0,0.0,1.0,0.0,0.0
4056-QHXHZ,0,1.6137012404433893,1.4187860282229037,2.3353815332680727,1.0,0.0,0.0,1.0,0.0,1.0,0.0,1.0,0.0,0.0,1.0,0.0,1.0,0.0,0.0,0.0,1.0,1.0,0.0,0.0,0.0,0.0,1.0,0.0,0.0,1.0,0.0,0.0,1.0,0.0,0.0,1.0,0.0,0.0,1.0,1.0,0.0,0.0,0.0,0.0,1.0,1.0,0.0,8.0,0.0,1.0,0.0,1.4472205106729612,0.0,1.0,0.0,0.0,1.0,0.0,0.0,1.0,0.0
7470-MCQTK,0,-0.7888002190384014,-0.532163649972125,-0.7279153931629057,1.0,0.0,0.0,1.0,1.0,0.0,1.0,0.0,0.0,1.0,0.0,1.0,0.0,0.0,1.0,0.0,0.0,1.0,0.0,0.0,0.0,0.0,1.0,1.0,0.0,0.0,0.0,0.0,1.0,0.0,0.0,1.0,1.0,0.0,0.0,0.0,1.0,1.0,0.0,0.0,0.0,0.0,1.0,4.0,1.0,0.0,0.0,0.9228133760539288,1.0,0.0,0.0,1.0,0.0,0.0,1.0,0.0,0.0
7488-MXJIV,0,-1.1552834925186746,0.6942425361504742,-0.8654555854079271,1.0,0.0,1.0,0.0,1.0,0.0,0.0,1.0,0.0,0.0,1.0,0.0,1.0,0.0,1.0,0.0,0.0,1.0,0.0,0.0,1.0,0.0,0.0,1.0,0.0,0.0,0.0,0.0,1.0,1.0,0.0,0.0,1.0,0.0,0.0,0.0,1.0,0.0,0.0,1.0,0.0,0.0,1.0,4.0,1.0,0.0,0.0,0.7491283230587124,1.0,0.0,0.0,1.0,0.0,0.0,1.0,0.0,0.0
7401-JIXNM,0,0.880734693482843,0.8820255971692458,1.1831322306655947,1.0,0.0,0.0,1.0,0.0,1.0,0.0,1.0,0.0,0.0,1.0,1.0,0.0,0.0,0.0,0.0,1.0,0.0,0.0,1.0,0.0,0.0,1.0,0.0,0.0,1.0,0.0,0.0,1.0,0.0,0.0,1.0,0.0,0.0,1.0,1.0,0.0,0.0,1.0,0.0,0.0,1.0,0.0,9.0,0.0,1.0,0.0,1.3433469118684633,0.0,1.0,0.0,0.0,1.0,0.0,0.0,1.0,0.0
9339-FIIJL,0,1.6137012404433893,0.7042133181514708,1.7067776329931517,0.0,1.0,0.0,1.0,1.0,0.0,0.0,1.0,0.0,0.0,1.0,1.0,0.0,0.0,1.0,0.0,0.0,0.0,0.0,1.0,0.0,0.0,1.0,0.0,0.0,1.0,0.0,0.0,1.0,0.0,0.0,1.0,0.0,0.0,1.0,1.0,0.0,1.0,0.0,0.0,0.0,1.0,0.0,8.0,0.0,1.0,0.0,1.0576788256816287,0.0,1.0,0.0,0.0,1.0,0.0,0.0,1.0,0.0
2027-FECZV,0,-0.8295205827584317,1.393859073220412,-0.45415857106816365,0.0,1.0,1.0,0.0,1.0,0.0,0.0,1.0,0.0,0.0,1.0,0.0,1.0,0.0,1.0,0.0,0.0,0.0,0.0,1.0,0.0,0.0,1.0,1.0,0.0,0.0,0.0,0.0,1.0,0.0,0.0,1.0,1.0,0.0,0.0,0.0,1.0,0.0,0.0,1.0,0.0,0.0,1.0,7.0,1.0,0.0,0.0,0.5474952406339761,1.0,0.0,0.0,1.0,0.0,0.0,1.0,0.0,0.0
2672-DZUOY,0,-1.2774445836787656,-1.3165318340505352,-0.9962676688101689,0.0,1.0,1.0,0.0,1.0,0.0,1.0,0.0,0.0,1.0,0.0,1.0,0.0,0.0,1.0,0.0,0.0,1.0,0.0,0.0,1.0,0.0,0.0,1.0,0.0,0.0,1.0,0.0,0.0,1.0,0.0,0.0,1.0,0.0,0.0,0.0,1.0,0.0,0.0,1.0,0.0,0.0,1.0,1.0,1.0,0.0,0.0,0.7798911056800072,1.0,0.0,0.0,1.0,0.0,0.0,1.0,0.0,0.0
4706-DGAHW,1,-1.2774445836787656,-0.6501512369839195,-0.9874218601349078,0.0,1.0,1.0,0.0,1.0,0.0,0.0,1.0,1.0,0.0,0.0,1.0,0.0,0.0,1.0,0.0,0.0,1.0,0.0,0.0,1.0,0.0,0.0,1.0,0.0,0.0,1.0,0.0,0.0,1.0,0.0,0.0,1.0,0.0,0.0,1.0,0.0,0.0,0.0,1.0,0.0,1.0,0.0,2.0,1.0,0.0,0.0,0.7729664932245791,1.0,0.0,0.0,1.0,0.0,0.0,1.0,0.0,0.0
3870-MQAMG,0,0.880734693482843,1.5151702542325387,1.5926203763984466,1.0,0.0,0.0,1.0,1.0,0.0,0.0,1.0,0.0,0.0,1.0,0.0,1.0,0.0,1.0,0.0,0.0,0.0,0.0,1.0,0.0,0.0,1.0,0.0,0.0,1.0,0.0,0.0,1.0,0.0,0.0,1.0,0.0,1.0,0.0,1.0,0.0,0.0,0.0,1.0,0.0,0.0,1.0,8.0,0.0,1.0,0.0,1.8082861821878162,0.0,1.0,0.0,0.0,1.0,0.0,0.0,1.0,0.0
6670-MFRPK,0,1.4915401492832983,0.47987072312904416,1.3841592991385505,0.0,1.0,0.0,1.0,0.0,1.0,0.0,1.0,0.0,0.0,1.0,0.0,1.0,0.0,1.0,0.0,0.0,1.0,0.0,0.0,0.0,0.0,1.0,1.0,0.0,0.0,1.0,0.0,0.0,1.0,0.0,0.0,0.0,0.0,1.0,0.0,1.0,0.0,1.0,0.0,0.0,1.0,0.0,4.0,0.0,1.0,0.0,0.9280067317018952,0.0,1.0,0.0,0.0,1.0,0.0,0.0,1.0,0.0
6177-PEVRA,0,0.6364125111626608,-0.3078210549496983,0.15179035287385623,1.0,0.0,1.0,0.0,1.0,0.0,0.0,1.0,1.0,0.0,0.0,1.0,0.0,0.0,0.0,0.0,1.0,0.0,0.0,1.0,1.0,0.0,0.0,1.0,0.0,0.0,1.0,0.0,0.0,1.0,0.0,0.0,0.0,0.0,1.0,1.0,0.0,0.0,1.0,0.0,0.0,1.0,0.0,4.0,0.0,1.0,0.0,0.23850937907639608,0.0,1.0,0.0,0.0,1.0,0.0,0.0,1.0,0.0
4800-CZMPC,0,0.6364125111626608,1.2791950802089493,1.2151403812586221,1.0,0.0,0.0,1.0,0.0,1.0,0.0,1.0,0.0,0.0,1.0,0.0,1.0,0.0,0.0,0.0,1.0,0.0,0.0,1.0,1.0,0.0,0.0,1.0,0.0,0.0,0.0,0.0,1.0,0.0,0.0,1.0,0.0,1.0,0.0,0.0,1.0,0.0,1.0,0.0,0.0,0.0,1.0,7.0,0.0,1.0,0.0,1.9093596683677454,0.0,1.0,0.0,0.0,1.0,0.0,0.0,1.0,0.0
4813-HQMGZ,0,-0.9924020376385531,0.8471278601657574,-0.6792303563890866,1.0,0.0,0.0,1.0,1.0,0.0,0.0,1.0,0.0,0.0,1.0,0.0,1.0,0.0,1.0,0.0,0.0,1.0,0.0,0.0,1.0,0.0,0.0,0.0,0.0,1.0,1.0,0.0,0.0,0.0,0.0,1.0,1.0,0.0,0.0,0.0,1.0,0.0,0.0,1.0,0.0,1.0,0.0,5.0,1.0,0.0,0.0,0.6844306345897205,1.0,0.0,0.0,1.0,0.0,0.0,1.0,0.0,0.0
7579-KKLOE,0,1.5729808767233588,0.8803638001690798,1.8998853864675576,0.0,1.0,0.0,1.0,0.0,1.0,0.0,1.0,0.0,0.0,1.0,1.0,0.0,0.0,0.0,0.0,1.0,0.0,0.0,1.0,0.0,0.0,1.0,0.0,0.0,1.0,0.0,0.0,1.0,0.0,0.0,1.0,0.0,0.0,1.0,0.0,1.0,0.0,0.0,0.0,1.0,1.0,0.0,9.0,0.0,1.0,0.0,1.2078248468126112,0.0,1.0,0.0,0.0,1.0,0.0,0.0,1.0,0.0
7377-DMMRI,0,-1.2367242199587352,-0.5637377929752814,-0.9665757524089181,0.0,1.0,1.0,0.0,1.0,0.0,0.0,1.0,1.0,0.0,0.0,1.0,0.0,0.0,0.0,0.0,1.0,1.0,0.0,0.0,1.0,0.0,0.0,1.0,0.0,0.0,1.0,0.0,0.0,1.0,0.0,0.0,1.0,0.0,0.0,0.0,1.0,0.0,0.0,1.0,0.0,0.0,1.0,3.0,1.0,0.0,0.0,0.7815612703381593,1.0,0.0,0.0,1.0,0.0,0.0,1.0,0.0,0.0
8402-EIVQS,0,1.4100994218432374,1.2010906212011416,1.9632178470827066,0.0,1.0,0.0,1.0,1.0,0.0,0.0,1.0,1.0,0.0,0.0,0.0,1.0,0.0,0.0,0.0,1.0,0.0,0.0,1.0,1.0,0.0,0.0,1.0,0.0,0.0,0.0,0.0,1.0,0.0,0.0,1.0,0.0,1.0,0.0,0.0,1.0,0.0,1.0,0.0,0.0,1.0,0.0,6.0,0.0,1.0,0.0,1.3922549124347914,0.0,1.0,0.0,0.0,1.0,0.0,0.0,1.0,0.0
4947-DSMXK,0,0.06632741908223598,1.0947356131905097,0.49708572243461346,0.0,1.0,0.0,1.0,0.0,1.0,0.0,1.0,0.0,0.0,1.0,0.0,1.0,0.0,1.0,0.0,0.0,0.0,0.0,1.0,1.0,0.0,0.0,1.0,0.0,0.0,0.0,0.0,1.0,0.0,0.0,1.0,1.0,0.0,0.0,0.0,1.0,1.0,0.0,0.0,0.0,1.0,0.0,6.0,0.0,0.0,1.0,7.494422809039234,0.0,0.0,1.0,0.0,0.0,1.0,0.0,0.0,1.0
7245-NIIWQ,0,-1.1960038562387048,0.16911468409797886,-0.919192218657145,1.0,0.0,1.0,0.0,1.0,0.0,0.0,1.0,1.0,0.0,0.0,0.0,1.0,0.0,1.0,0.0,0.0,1.0,0.0,0.0,1.0,0.0,0.0,1.0,0.0,0.0,1.0,0.0,0.0,1.0,0.0,0.0,1.0,0.0,0.0,0.0,1.0,0.0,0.0,1.0,0.0,1.0,0.0,2.0,1.0,0.0,0.0,0.7685528887405926,1.0,0.0,0.0,1.0,0.0,0.0,1.0,0.0,0.0
0002-ORFBO,0,-0.9516816739185228,0.0278619390838584,-0.7456070105134281,1.0,0.0,0.0,1.0,0.0,1.0,0.0,1.0,1.0,0.0,0.0,1.0,0.0,0.0,1.0,0.0,0.0,0.0,0.0,1.0,1.0,0.0,0.0,0.0,0.0,1.0,0.0,0.0,1.0,1.0,0.0,0.0,0.0,1.0,0.0,0.0,1.0,0.0,0.0,0.0,1.0,1.0,0.0,5.0,1.0,0.0,0.0,0.7834626124966892,1.0,0.0,0.0,1.0,0.0,0.0,1.0,0.0,0.0
3324-OIRTO,0,1.5729808767233588,1.325725396213601,2.2081871870796532,0.0,1.0,0.0,1.0,0.0,1.0,0.0,1.0,1.0,0.0,0.0,0.0,1.0,0.0,0.0,0.0,1.0,0.0,0.0,1.0,0.0,0.0,1.0,1.0,0.0,0.0,0.0,0.0,1.0,0.0,0.0,1.0,0.0,1.0,0.0,0.0,1.0,1.0,0.0,0.0,0.0,1.0,0.0,7.0,0.0,1.0,0.0,1.4038232884810897,0.0,1.0,0.0,0.0,1.0,0.0,0.0,1.0,0.0
5414-OFQCB,0,1.002895784642934,0.8537750481664219,1.2999586714241567,0.0,1.0,1.0,0.0,1.0,0.0,0.0,1.0,0.0,0.0,1.0,0.0,1.0,0.0,1.0,0.0,0.0,1.0,0.0,0.0,1.0,0.0,0.0,0.0,0.0,1.0,0.0,0.0,1.0,1.0,0.0,0.0,0.0,0.0,1.0,0.0,1.0,0.0,1.0,0.0,0.0,1.0,0.0,5.0,0.0,1.0,0.0,1.2962051404842503,0.0,1.0,0.0,0.0,1.0,0.0,0.0,1.0,0.0
4967-WPNCF,0,1.6137012404433893,-0.035286346922454,0.9624502606224199,0.0,1.0,1.0,0.0,1.0,0.0,1.0,0.0,0.0,1.0,0.0,1.0,0.0,0.0,0.0,0.0,1.0,0.0,0.0,1.0,0.0,0.0,1.0,0.0,0.0,1.0,0.0,0.0,1.0,0.0,0.0,1.0,0.0,0.0,1.0,0.0,1.0,1.0,0.0,0.0,0.0,1.0,0.0,7.0,0.0,1.0,0.0,0.596424069400834,0.0,1.0,0.0,0.0,1.0,0.0,0.0,1.0,0.0
8552-OBVRU,1,0.6364125111626608,1.3207400052131024,1.2285965989441816,1.0,0.0,0.0,1.0,0.0,1.0,0.0,1.0,1.0,0.0,0.0,0.0,1.0,0.0,0.0,0.0,1.0,1.0,0.0,0.0,0.0,0.0,1.0,0.0,0.0,1.0,0.0,0.0,1.0,0.0,0.0,1.0,1.0,0.0,0.0,0.0,1.0,0.0,0.0,1.0,0.0,1.0,0.0,7.0,0.0,1.0,0.0,1.9305035293848336,0.0,1.0,0.0,0.0,1.0,0.0,0.0,1.0,0.0
8499-BRXTD,0,-0.5851984004382496,-1.4843733310673135,-0.8300723507068823,0.0,1.0,1.0,0.0,1.0,0.0,0.0,1.0,1.0,0.0,0.0,0.0,0.0,1.0,0.0,1.0,0.0,0.0,1.0,0.0,0.0,1.0,0.0,0.0,1.0,0.0,0.0,1.0,0.0,0.0,1.0,0.0,0.0,1.0,0.0,1.0,0.0,0.0,0.0,0.0,1.0,1.0,0.0,1.0,1.0,0.0,0.0,1.4184460348580055,1.0,0.0,0.0,1.0,0.0,0.0,1.0,0.0,0.0
9154-QDGTH,0,0.43281069256250915,1.3140928172124378,0.956736882949371,0.0,1.0,0.0,1.0,0.0,1.0,0.0,1.0,0.0,0.0,1.0,0.0,1.0,0.0,1.0,0.0,0.0,1.0,0.0,0.0,0.0,0.0,1.0,0.0,0.0,1.0,0.0,0.0,1.0,0.0,0.0,1.0,0.0,1.0,0.0,0.0,1.0,0.0,1.0,0.0,0.0,1.0,0.0,7.0,0.0,0.0,1.0,2.210520440899674,0.0,0.0,1.0,0.0,0.0,1.0,0.0,0.0,1.0
8197-BFWVU,0,1.6137012404433893,0.9468356801757247,1.943717361125273,1.0,0.0,0.0,1.0,0.0,1.0,0.0,1.0,0.0,0.0,1.0,1.0,0.0,0.0,0.0,0.0,1.0,0.0,0.0,1.0,0.0,0.0,1.0,0.0,0.0,1.0,0.0,0.0,1.0,0.0,0.0,1.0,0.0,0.0,1.0,0.0,1.0,1.0,0.0,0.0,0.0,1.0,0.0,9.0,0.0,1.0,0.0,1.204508810187942,0.0,1.0,0.0,0.0,1.0,0.0,0.0,1.0,0.0
2577-GVSIL,0,0.10704778280226633,0.28876406810994004,0.16668042982099168,0.0,1.0,0.0,1.0,0.0,1.0,0.0,1.0,0.0,0.0,1.0,1.0,0.0,0.0,1.0,0.0,0.0,1.0,0.0,0.0,1.0,0.0,0.0,0.0,0.0,1.0,0.0,0.0,1.0,0.0,0.0,1.0,0.0,1.0,0.0,0.0,1.0,1.0,0.0,0.0,0.0,1.0,0.0,6.0,0.0,0.0,1.0,1.5570656902710072,0.0,0.0,1.0,0.0,0.0,1.0,0.0,0.0,1.0
9367-OIUXP,0,-1.1552834925186746,-1.46443176706532,-0.975134789231864,0.0,1.0,1.0,0.0,1.0,0.0,0.0,1.0,1.0,0.0,0.0,0.0,0.0,1.0,0.0,1.0,0.0,0.0,1.0,0.0,0.0,1.0,0.0,0.0,1.0,0.0,0.0,1.0,0.0,0.0,1.0,0.0,1.0,0.0,0.0,1.0,0.0,0.0,0.0,0.0,1.0,1.0,0.0,1.0,1.0,0.0,0.0,0.844065370574921,1.0,0.0,0.0,1.0,0.0,0.0,1.0,0.0,0.0
6770-UAYGJ,0,0.6771328748826912,-1.3132082400502028,-0.47279874146865175,1.0,0.0,0.0,1.0,0.0,1.0,0.0,1.0,0.0,0.0,1.0,0.0,0.0,1.0,0.0,1.0,0.0,0.0,1.0,0.0,0.0,1.0,0.0,0.0,1.0,0.0,0.0,1.0,0.0,0.0,1.0,0.0,0.0,0.0,1.0,1.0,0.0,0.0,0.0,0.0,1.0,1.0,0.0,2.0,0.0,1.0,0.0,-0.698236282724511,0.0,1.0,0.0,0.0,1.0,0.0,0.0,1.0,0.0
6463-HHXJR,0,1.5729808767233588,1.1877962451998125,2.094471117950049,1.0,0.0,0.0,1.0,0.0,1.0,0.0,1.0,0.0,0.0,1.0,0.0,1.0,0.0,0.0,0.0,1.0,0.0,0.0,1.0,0.0,0.0,1.0,1.0,0.0,0.0,0.0,0.0,1.0,1.0,0.0,0.0,0.0,0.0,1.0,1.0,0.0,1.0,0.0,0.0,0.0,1.0,0.0,7.0,0.0,1.0,0.0,1.3315299308107258,0.0,1.0,0.0,0.0,1.0,0.0,0.0,1.0,0.0
7928-VJYAB,0,-0.8702409464784621,0.85876043916692,-0.557264081662106,0.0,1.0,0.0,1.0,0.0,1.0,0.0,1.0,1.0,0.0,0.0,0.0,1.0,0.0,1.0,0.0,0.0,1.0,0.0,0.0,1.0,0.0,0.0,1.0,0.0,0.0,0.0,0.0,1.0,0.0,0.0,1.0,1.0,0.0,0.0,1.0,0.0,0.0,0.0,1.0,0.0,1.0,0.0,4.0,1.0,0.0,0.0,0.6403560805971543,1.0,0.0,0.0,1.0,0.0,0.0,1.0,0.0,0.0
1187-WILMM,0,1.247217966963116,0.8188773111629334,1.4622494804613053,0.0,1.0,0.0,1.0,0.0,1.0,0.0,1.0,0.0,0.0,1.0,1.0,0.0,0.0,0.0,0.0,1.0,0.0,0.0,1.0,0.0,0.0,1.0,0.0,0.0,1.0,0.0,0.0,1.0,0.0,0.0,1.0,0.0,0.0,1.0,0.0,1.0,0.0,1.0,0.0,0.0,1.0,0.0,9.0,0.0,1.0,0.0,1.1724089286668755,0.0,1.0,0.0,0.0,1.0,0.0,0.0,1.0,0.0
9776-OJUZI,1,1.3286586944031769,1.0199547481830342,1.738278418001314,1.0,0.0,1.0,0.0,1.0,0.0,0.0,1.0,0.0,0.0,1.0,0.0,1.0,0.0,1.0,0.0,0.0,0.0,0.0,1.0,0.0,0.0,1.0,1.0,0.0,0.0,0.0,0.0,1.0,1.0,0.0,0.0,1.0,0.0,0.0,0.0,1.0,1.0,0.0,0.0,0.0,1.0,0.0,6.0,0.0,1.0,0.0,1.3082956709075202,0.0,1.0,0.0,0.0,1.0,0.0,0.0,1.0,0.0
1306-RPWXZ,0,0.6771328748826912,-1.4727407520661506,-0.5553007974424096,1.0,0.0,1.0,0.0,0.0,1.0,0.0,1.0,1.0,0.0,0.0,0.0,0.0,1.0,0.0,1.0,0.0,0.0,1.0,0.0,0.0,1.0,0.0,0.0,1.0,0.0,0.0,1.0,0.0,0.0,1.0,0.0,0.0,0.0,1.0,1.0,0.0,0.0,1.0,0.0,0.0,1.0,0.0,1.0,0.0,1.0,0.0,-0.8200765581476335,0.0,1.0,0.0,0.0,1.0,0.0,0.0,1.0,0.0
8949-JTMAY,0,-0.13727439951791576,1.1246479591934997,0.2867275390747858,1.0,0.0,1.0,0.0,1.0,0.0,0.0,1.0,0.0,0.0,1.0,0.0,1.0,0.0,1.0,0.0,0.0,1.0,0.0,0.0,0.0,0.0,1.0,1.0,0.0,0.0,0.0,0.0,1.0,0.0,0.0,1.0,1.0,0.0,0.0,0.0,1.0,0.0,1.0,0.0,0.0,0.0,1.0,6.0,0.0,0.0,1.0,-2.0887182175389145,0.0,0.0,1.0,0.0,0.0,1.0,0.0,0.0,1.0
2774-LVQUS,1,-0.7073594915983407,0.6078290921418354,-0.4522173462217224,1.0,0.0,0.0,1.0,1.0,0.0,0.0,1.0,0.0,0.0,1.0,0.0,1.0,0.0,1.0,0.0,0.0,1.0,0.0,0.0,0.0,0.0,1.0,0.0,0.0,1.0,1.0,0.0,0.0,1.0,0.0,0.0,1.0,0.0,0.0,0.0,1.0,0.0,0.0,1.0,0.0,0.0,1.0,5.0,1.0,0.0,0.0,0.6393034257586587,1.0,0.0,0.0,1.0,0.0,0.0,1.0,0.0,0.0
3097-PYWXL,0,-1.1552834925186746,-1.4893587220678117,-0.970789092700626,1.0,0.0,0.0,1.0,0.0,1.0,0.0,1.0,1.0,0.0,0.0,0.0,0.0,1.0,0.0,1.0,0.0,0.0,1.0,0.0,0.0,1.0,0.0,0.0,1.0,0.0,0.0,1.0,0.0,0.0,1.0,0.0,1.0,0.0,0.0,0.0,1.0,0.0,0.0,1.0,0.0,1.0,0.0,1.0,1.0,0.0,0.0,0.8403037860293271,1.0,0.0,0.0,1.0,0.0,0.0,1.0,0.0,0.0
2266-SJNAT,0,1.6137012404433893,1.475287126228552,2.429310344587929,1.0,0.0,0.0,1.0,1.0,0.0,0.0,1.0,0.0,0.0,1.0,0.0,1.0,0.0,1.0,0.0,0.0,0.0,0.0,1.0,0.0,0.0,1.0,0.0,0.0,1.0,0.0,0.0,1.0,0.0,0.0,1.0,0.0,1.0,0.0,1.0,0.0,0.0,1.0,0.0,0.0,1.0,0.0,8.0,0.0,1.0,0.0,1.5054275746360823,0.0,1.0,0.0,0.0,1.0,0.0,0.0,1.0,0.0
0869-PAPRP,1,-0.2594354906780068,0.6959043331506402,-0.0954290431951021,1.0,0.0,0.0,1.0,1.0,0.0,0.0,1.0,1.0,0.0,0.0,0.0,1.0,0.0,1.0,0.0,0.0,1.0,0.0,0.0,0.0,0.0,1.0,1.0,0.0,0.0,0.0,0.0,1.0,1.0,0.0,0.0,1.0,0.0,0.0,0.0,1.0,0.0,1.0,0.0,0.0,1.0,0.0,4.0,0.0,0.0,1.0,0.3678334176473255,0.0,0.0,1.0,0.0,0.0,1.0,0.0,0.0,1.0
4238-JSSWH,1,0.10704778280226633,1.2393119522049623,0.5158582490746317,1.0,0.0,0.0,1.0,1.0,0.0,0.0,1.0,0.0,0.0,1.0,0.0,1.0,0.0,1.0,0.0,0.0,1.0,0.0,0.0,0.0,0.0,1.0,1.0,0.0,0.0,0.0,0.0,1.0,0.0,0.0,1.0,1.0,0.0,0.0,1.0,0.0,1.0,0.0,0.0,0.0,1.0,0.0,6.0,0.0,0.0,1.0,4.818953140089795,0.0,0.0,1.0,0.0,0.0,1.0,0.0,0.0,1.0
2972-YDYUW,0,1.002895784642934,0.9950277931805424,1.4054686537028955,1.0,0.0,1.0,0.0,1.0,0.0,0.0,1.0,0.0,0.0,1.0,0.0,1.0,0.0,1.0,0.0,0.0,0.0,0.0,1.0,1.0,0.0,0.0,0.0,0.0,1.0,1.0,0.0,0.0,0.0,0.0,1.0,0.0,1.0,0.0,1.0,0.0,0.0,0.0,1.0,0.0,1.0,0.0,6.0,0.0,1.0,0.0,1.4014104707831547,0.0,1.0,0.0,0.0,1.0,0.0,0.0,1.0,0.0
1104-FEJAM,0,-0.1779947632379461,-0.012021188920128179,-0.21227754332691903,0.0,1.0,0.0,1.0,0.0,1.0,0.0,1.0,0.0,0.0,1.0,1.0,0.0,0.0,1.0,0.0,0.0,0.0,0.0,1.0,1.0,0.0,0.0,1.0,0.0,0.0,1.0,0.0,0.0,0.0,0.0,1.0,1.0,0.0,0.0,1.0,0.0,0.0,0.0,1.0,0.0,1.0,0.0,5.0,0.0,0.0,1.0,1.192605554597936,0.0,0.0,1.0,0.0,0.0,1.0,0.0,0.0,1.0
2809-ILCYT,0,-0.30015585439803716,-1.261692533045053,-0.6837304685331097,1.0,0.0,0.0,1.0,1.0,0.0,0.0,1.0,0.0,0.0,1.0,0.0,0.0,1.0,0.0,1.0,0.0,0.0,1.0,0.0,0.0,1.0,0.0,0.0,1.0,0.0,0.0,1.0,0.0,0.0,1.0,0.0,0.0,1.0,0.0,0.0,1.0,0.0,0.0,0.0,1.0,1.0,0.0,2.0,0.0,0.0,1.0,2.277918149903595,0.0,0.0,1.0,0.0,0.0,1.0,0.0,0.0,1.0
5499-ECUTN,0,0.5956921474426305,0.042818112085353605,0.32566233286988816,1.0,0.0,0.0,1.0,1.0,0.0,0.0,1.0,1.0,0.0,0.0,1.0,0.0,0.0,0.0,0.0,1.0,1.0,0.0,0.0,0.0,0.0,1.0,1.0,0.0,0.0,0.0,0.0,1.0,1.0,0.0,0.0,0.0,1.0,0.0,0.0,1.0,0.0,1.0,0.0,0.0,1.0,0.0,5.0,0.0,1.0,0.0,0.5466956955333238,0.0,1.0,0.0,0.0,1.0,0.0,0.0,1.0,0.0
4981-FLTMF,0,1.002895784642934,0.014567563082529699,0.6196696596127343,1.0,0.0,0.0,1.0,0.0,1.0,0.0,1.0,0.0,0.0,1.0,1.0,0.0,0.0,0.0,0.0,1.0,0.0,0.0,1.0,1.0,0.0,0.0,0.0,0.0,1.0,1.0,0.0,0.0,1.0,0.0,0.0,1.0,0.0,0.0,1.0,0.0,1.0,0.0,0.0,0.0,1.0,0.0,6.0,0.0,1.0,0.0,0.6178804110073695,0.0,1.0,0.0,0.0,1.0,0.0,0.0,1.0,0.0
9121-PHQSR,1,-0.6666391278783103,0.6743009721484804,-0.3936055914831462,0.0,1.0,0.0,1.0,1.0,0.0,0.0,1.0,0.0,0.0,1.0,0.0,1.0,0.0,1.0,0.0,0.0,1.0,0.0,0.0,1.0,0.0,0.0,1.0,0.0,0.0,0.0,0.0,1.0,1.0,0.0,0.0,1.0,0.0,0.0,0.0,1.0,0.0,1.0,0.0,0.0,1.0,0.0,4.0,1.0,0.0,0.0,0.5904327769296431,1.0,0.0,0.0,1.0,0.0,0.0,1.0,0.0,0.0
3113-IWHLC,0,-1.1145631287986442,-0.29785027294870164,-0.8863237525071719,0.0,1.0,1.0,0.0,1.0,0.0,0.0,1.0,1.0,0.0,0.0,1.0,0.0,0.0,0.0,0.0,1.0,1.0,0.0,0.0,0.0,0.0,1.0,1.0,0.0,0.0,1.0,0.0,0.0,1.0,0.0,0.0,1.0,0.0,0.0,0.0,1.0,0.0,0.0,0.0,1.0,1.0,0.0,4.0,1.0,0.0,0.0,0.7952207727008832,1.0,0.0,0.0,1.0,0.0,0.0,1.0,0.0,0.0
3211-ILJTT,0,-0.62591876415828,0.1873944510998066,-0.4717398915524111,0.0,1.0,0.0,1.0,1.0,0.0,0.0,1.0,1.0,0.0,0.0,0.0,1.0,0.0,1.0,0.0,0.0,1.0,0.0,0.0,1.0,0.0,0.0,1.0,0.0,0.0,1.0,0.0,0.0,1.0,0.0,0.0,1.0,0.0,0.0,0.0,1.0,1.0,0.0,0.0,0.0,0.0,1.0,2.0,1.0,0.0,0.0,0.7536759058290818,1.0,0.0,0.0,1.0,0.0,0.0,1.0,0.0,0.0
4612-THJBS,1,0.9621754209229036,1.329048990213933,1.4238661709975784,1.0,0.0,1.0,0.0,1.0,0.0,0.0,1.0,0.0,0.0,1.0,0.0,1.0,0.0,1.0,0.0,0.0,0.0,0.0,1.0,0.0,0.0,1.0,1.0,0.0,0.0,0.0,0.0,1.0,0.0,0.0,1.0,0.0,1.0,0.0,0.0,1.0,1.0,0.0,0.0,0.0,0.0,1.0,7.0,0.0,1.0,0.0,1.479840515601436,0.0,1.0,0.0,0.0,1.0,0.0,0.0,1.0,0.0
4277-BWBML,0,1.6137012404433893,-1.4893587220678117,-0.42373869534949743,0.0,1.0,0.0,1.0,0.0,1.0,0.0,1.0,1.0,0.0,0.0,0.0,0.0,1.0,0.0,1.0,0.0,0.0,1.0,0.0,0.0,1.0,0.0,0.0,1.0,0.0,0.0,1.0,0.0,0.0,1.0,0.0,0.0,0.0,1.0,1.0,0.0,1.0,0.0,0.0,0.0,1.0,0.0,1.0,0.0,1.0,0.0,-0.2625880706598879,0.0,1.0,0.0,0.0,1.0,0.0,0.0,1.0,0.0
4094-NSEDU,1,-0.46303730927815856,0.9800716201790471,-0.13656977431570597,1.0,0.0,1.0,0.0,1.0,0.0,0.0,1.0,0.0,0.0,1.0,0.0,1.0,0.0,1.0,0.0,0.0,1.0,0.0,0.0,1.0,0.0,0.0,1.0,0.0,0.0,0.0,0.0,1.0,0.0,0.0,1.0,1.0,0.0,0.0,0.0,1.0,0.0,0.0,1.0,0.0,0.0,1.0,5.0,0.0,0.0,1.0,0.29494334814749223,0.0,0.0,1.0,0.0,0.0,1.0,0.0,0.0,1.0
0234-TEVTT,0,0.6364125111626608,-0.6567984249845842,-0.03838350395763202,1.0,0.0,0.0,1.0,0.0,1.0,1.0,0.0,0.0,1.0,0.0,1.0,0.0,0.0,0.0,0.0,1.0,1.0,0.0,0.0,0.0,0.0,1.0,1.0,0.0,0.0,1.0,0.0,0.0,0.0,0.0,1.0,0.0,1.0,0.0,1.0,0.0,0.0,1.0,0.0,0.0,1.0,0.0,4.0,0.0,1.0,0.0,-0.06031230260937088,0.0,1.0,0.0,0.0,1.0,0.0,0.0,1.0,0.0
4304-TSPVK,0,1.4508197855632678,1.6663937812476561,2.4531124083300906,1.0,0.0,0.0,1.0,1.0,0.0,0.0,1.0,0.0,0.0,1.0,0.0,1.0,0.0,0.0,0.0,1.0,0.0,0.0,1.0,0.0,0.0,1.0,0.0,0.0,1.0,0.0,0.0,1.0,0.0,0.0,1.0,0.0,0.0,1.0,1.0,0.0,1.0,0.0,0.0,0.0,1.0,0.0,9.0,0.0,1.0,0.0,1.6908457085713726,0.0,1.0,0.0,0.0,1.0,0.0,0.0,1.0,0.0
1552-AAGRX,0,-0.0965540357978854,1.3838882912194153,0.4096864855982422,1.0,0.0,1.0,0.0,1.0,0.0,0.0,1.0,0.0,0.0,1.0,0.0,1.0,0.0,0.0,0.0,1.0,1.0,0.0,0.0,1.0,0.0,0.0,0.0,0.0,1.0,0.0,0.0,1.0,0.0,0.0,1.0,1.0,0.0,0.0,1.0,0.0,1.0,0.0,0.0,0.0,1.0,0.0,7.0,0.0,0.0,1.0,-4.24307986934726,0.0,0.0,1.0,0.0,0.0,1.0,0.0,0.0,1.0
2637-FKFSY,0,-1.1960038562387048,-0.6202388909809294,-0.9499429849746364,1.0,0.0,0.0,1.0,1.0,0.0,0.0,1.0,1.0,0.0,0.0,1.0,0.0,0.0,1.0,0.0,0.0,1.0,0.0,0.0,1.0,0.0,0.0,1.0,0.0,0.0,1.0,0.0,0.0,1.0,0.0,0.0,1.0,0.0,0.0,0.0,1.0,0.0,0.0,0.0,1.0,1.0,0.0,2.0,1.0,0.0,0.0,0.79426414891512,1.0,0.0,0.0,1.0,0.0,0.0,1.0,0.0,0.0
9796-MVYXX,1,-0.748079855318371,-0.8329489070021932,-0.7019073920952426,1.0,0.0,1.0,0.0,1.0,0.0,1.0,0.0,0.0,1.0,0.0,1.0,0.0,0.0,0.0,0.0,1.0,1.0,0.0,0.0,0.0,0.0,1.0,0.0,0.0,1.0,1.0,0.0,0.0,1.0,0.0,0.0,0.0,0.0,1.0,1.0,0.0,0.0,0.0,0.0,1.0,1.0,0.0,4.0,1.0,0.0,0.0,0.9382786972608985,1.0,0.0,0.0,1.0,0.0,0.0,1.0,0.0,0.0
7874-ECPQJ,0,-1.1552834925186746,-1.4860351280674797,-0.9696420052913652,1.0,0.0,1.0,0.0,0.0,1.0,0.0,1.0,1.0,0.0,0.0,0.0,0.0,1.0,0.0,1.0,0.0,0.0,1.0,0.0,0.0,1.0,0.0,0.0,1.0,0.0,0.0,1.0,0.0,0.0,1.0,0.0,1.0,0.0,0.0,0.0,1.0,1.0,0.0,0.0,0.0,1.0,0.0,1.0,1.0,0.0,0.0,0.8393108804639927,1.0,0.0,0.0,1.0,0.0,0.0,1.0,0.0,0.0
0020-INWCK,0,1.5729808767233588,1.0299255301840309,2.0145058899006174,1.0,0.0,0.0,1.0,0.0,1.0,0.0,1.0,0.0,0.0,1.0,0.0,1.0,0.0,1.0,0.0,0.0,0.0,0.0,1.0,0.0,0.0,1.0,1.0,0.0,0.0,1.0,0.0,0.0,0.0,0.0,1.0,0.0,0.0,1.0,0.0,1.0,0.0,1.0,0.0,0.0,1.0,0.0,6.0,0.0,1.0,0.0,1.2806931856012067,0.0,1.0,0.0,0.0,1.0,0.0,0.0,1.0,0.0
7089-RKVSZ,0,-0.9924020376385531,-1.341458789053027,-0.9173833500502336,0.0,1.0,0.0,1.0,0.0,1.0,0.0,1.0,0.0,0.0,1.0,0.0,0.0,1.0,0.0,1.0,0.0,0.0,1.0,0.0,0.0,1.0,0.0,0.0,1.0,0.0,0.0,1.0,0.0,0.0,1.0,0.0,0.0,1.0,0.0,1.0,0.0,0.0,0.0,0.0,1.0,1.0,0.0,2.0,1.0,0.0,0.0,0.9244069593339124,1.0,0.0,0.0,1.0,0.0,0.0,1.0,0.0,0.0
2683-JXWQQ,0,1.1657772395230555,-1.03568814102246,-0.07328143244706666,0.0,1.0,0.0,1.0,0.0,1.0,1.0,0.0,0.0,1.0,0.0,1.0,0.0,0.0,0.0,0.0,1.0,1.0,0.0,0.0,0.0,0.0,1.0,1.0,0.0,0.0,1.0,0.0,0.0,1.0,0.0,0.0,1.0,0.0,0.0,1.0,0.0,1.0,0.0,0.0,0.0,1.0,0.0,3.0,0.0,1.0,0.0,-0.06286057915922914,0.0,1.0,0.0,0.0,1.0,0.0,0.0,1.0,0.0
9548-ZMVTX,0,1.6137012404433893,0.8537750481664219,1.889407184171425,0.0,1.0,0.0,1.0,0.0,1.0,0.0,1.0,0.0,0.0,1.0,0.0,1.0,0.0,1.0,0.0,0.0,0.0,0.0,1.0,0.0,0.0,1.0,0.0,0.0,1.0,1.0,0.0,0.0,1.0,0.0,0.0,0.0,0.0,1.0,1.0,0.0,1.0,0.0,0.0,0.0,1.0,0.0,6.0,0.0,1.0,0.0,1.170853152255297,0.0,1.0,0.0,0.0,1.0,0.0,0.0,1.0,0.0
8739-XNIKG,0,-1.1145631287986442,0.6394032351449919,-0.8199691577560853,1.0,0.0,1.0,0.0,1.0,0.0,0.0,1.0,0.0,0.0,1.0,0.0,1.0,0.0,1.0,0.0,0.0,1.0,0.0,0.0,1.0,0.0,0.0,1.0,0.0,0.0,0.0,0.0,1.0,1.0,0.0,0.0,1.0,0.0,0.0,0.0,1.0,0.0,0.0,1.0,0.0,1.0,0.0,4.0,1.0,0.0,0.0,0.7356865991430263,1.0,0.0,0.0,1.0,0.0,0.0,1.0,0.0,0.0
9755-JHNMN,0,0.6771328748826912,0.0876866310898392,0.4515772354095165,1.0,0.0,1.0,0.0,1.0,0.0,0.0,1.0,1.0,0.0,0.0,1.0,0.0,0.0,0.0,0.0,1.0,0.0,0.0,1.0,0.0,0.0,1.0,0.0,0.0,1.0,1.0,0.0,0.0,1.0,0.0,0.0,0.0,0.0,1.0,1.0,0.0,1.0,0.0,0.0,0.0,1.0,0.0,6.0,0.0,1.0,0.0,0.6668960438344531,0.0,1.0,0.0,0.0,1.0,0.0,0.0,1.0,0.0
3981-QSVQI,0,-0.9924020376385531,-1.4976677070686424,-0.9328469707019994,0.0,1.0,1.0,0.0,1.0,0.0,0.0,1.0,1.0,0.0,0.0,0.0,0.0,1.0,0.0,1.0,0.0,0.0,1.0,0.0,0.0,1.0,0.0,0.0,1.0,0.0,0.0,1.0,0.0,0.0,1.0,0.0,1.0,0.0,0.0,0.0,1.0,1.0,0.0,0.0,0.0,1.0,0.0,1.0,1.0,0.0,0.0,0.9399889715278432,1.0,0.0,0.0,1.0,0.0,0.0,1.0,0.0,0.0
2789-HQBOU,0,-1.1960038562387048,0.5180920541328647,-0.8953901549149832,0.0,1.0,1.0,0.0,1.0,0.0,0.0,1.0,1.0,0.0,0.0,0.0,1.0,0.0,1.0,0.0,0.0,1.0,0.0,0.0,1.0,0.0,0.0,1.0,0.0,0.0,1.0,0.0,0.0,0.0,0.0,1.0,1.0,0.0,0.0,0.0,1.0,0.0,0.0,1.0,0.0,1.0,0.0,3.0,1.0,0.0,0.0,0.7486515618192761,1.0,0.0,0.0,1.0,0.0,0.0,1.0,0.0,0.0
9424-CMPOG,0,-0.9516816739185228,-1.5009913010689746,-0.9202731279466406,0.0,1.0,0.0,1.0,0.0,1.0,0.0,1.0,1.0,0.0,0.0,0.0,0.0,1.0,0.0,1.0,0.0,0.0,1.0,0.0,0.0,1.0,0.0,0.0,1.0,0.0,0.0,1.0,0.0,0.0,1.0,0.0,0.0,0.0,1.0,1.0,0.0,0.0,0.0,0.0,1.0,1.0,0.0,1.0,1.0,0.0,0.0,0.9669967943770964,1.0,0.0,0.0,1.0,0.0,0.0,1.0,0.0,0.0
5067-WJEUN,0,1.4100994218432374,-0.3510277769540174,0.6860021949905659,0.0,1.0,0.0,1.0,0.0,1.0,0.0,1.0,1.0,0.0,0.0,1.0,0.0,0.0,0.0,0.0,1.0,0.0,0.0,1.0,1.0,0.0,0.0,1.0,0.0,0.0,1.0,0.0,0.0,1.0,0.0,0.0,0.0,0.0,1.0,0.0,1.0,1.0,0.0,0.0,0.0,1.0,0.0,4.0,0.0,1.0,0.0,0.4864920759231611,0.0,1.0,0.0,0.0,1.0,0.0,0.0,1.0,0.0
3450-WXOAT,0,0.5549717837226001,-0.6501512369839195,-0.09624524000553764,0.0,1.0,1.0,0.0,1.0,0.0,0.0,1.0,1.0,0.0,0.0,1.0,0.0,0.0,1.0,0.0,0.0,1.0,0.0,0.0,1.0,0.0,0.0,1.0,0.0,0.0,1.0,0.0,0.0,1.0,0.0,0.0,1.0,0.0,0.0,0.0,1.0,0.0,1.0,0.0,0.0,1.0,0.0,2.0,0.0,1.0,0.0,-0.17342366374007465,0.0,1.0,0.0,0.0,1.0,0.0,0.0,1.0,0.0
9251-WNSOD,0,1.4100994218432374,0.3436033691154218,1.2270083240698204,1.0,0.0,0.0,1.0,1.0,0.0,0.0,1.0,0.0,0.0,1.0,1.0,0.0,0.0,0.0,0.0,1.0,0.0,0.0,1.0,0.0,0.0,1.0,1.0,0.0,0.0,1.0,0.0,0.0,0.0,0.0,1.0,0.0,1.0,0.0,1.0,0.0,0.0,0.0,0.0,1.0,1.0,0.0,7.0,0.0,1.0,0.0,0.8701573130679777,0.0,1.0,0.0,0.0,1.0,0.0,0.0,1.0,0.0
6974-DAFLI,0,0.9214550572028734,-1.4976677070686424,-0.504387763969834,1.0,0.0,0.0,1.0,1.0,0.0,0.0,1.0,1.0,0.0,0.0,0.0,0.0,1.0,0.0,1.0,0.0,0.0,1.0,0.0,0.0,1.0,0.0,0.0,1.0,0.0,0.0,1.0,0.0,0.0,1.0,0.0,0.0,1.0,0.0,1.0,0.0,0.0,0.0,1.0,0.0,1.0,0.0,1.0,0.0,1.0,0.0,-0.5473818392195169,0.0,1.0,0.0,0.0,1.0,0.0,0.0,1.0,0.0
2616-UUTFK,0,0.025607055362205634,0.2654989101076142,0.07242072790231054,0.0,1.0,0.0,1.0,1.0,0.0,0.0,1.0,0.0,0.0,1.0,1.0,0.0,0.0,0.0,0.0,1.0,0.0,0.0,1.0,0.0,0.0,1.0,1.0,0.0,0.0,0.0,0.0,1.0,1.0,0.0,0.0,1.0,0.0,0.0,0.0,1.0,1.0,0.0,0.0,0.0,1.0,0.0,7.0,0.0,0.0,1.0,2.828155243855132,0.0,0.0,1.0,0.0,0.0,1.0,0.0,0.0,1.0
7064-JHXCE,0,1.2064976032430856,-1.4860351280674797,-0.4497466964171606,0.0,1.0,0.0,1.0,0.0,1.0,0.0,1.0,1.0,0.0,0.0,0.0,0.0,1.0,0.0,1.0,0.0,0.0,1.0,0.0,0.0,1.0,0.0,0.0,1.0,0.0,0.0,1.0,0.0,0.0,1.0,0.0,0.0,0.0,1.0,1.0,0.0,0.0,1.0,0.0,0.0,1.0,0.0,1.0,0.0,1.0,0.0,-0.37277048475540603,0.0,1.0,0.0,0.0,1.0,0.0,0.0,1.0,0.0
5103-MHMHY,0,-1.2774445836787656,-0.6252242819814278,-0.9870909695360826,1.0,0.0,1.0,0.0,0.0,1.0,0.0,1.0,1.0,0.0,0.0,1.0,0.0,0.0,1.0,0.0,0.0,1.0,0.0,0.0,1.0,0.0,0.0,1.0,0.0,0.0,1.0,0.0,0.0,1.0,0.0,0.0,1.0,0.0,0.0,1.0,0.0,0.0,0.0,0.0,1.0,0.0,1.0,2.0,1.0,0.0,0.0,0.7727074678210094,1.0,0.0,0.0,1.0,0.0,0.0,1.0,0.0,0.0
7989-AWGEH,0,0.6771328748826912,-0.8495668770038544,-0.19639479458330789,0.0,1.0,0.0,1.0,0.0,1.0,1.0,0.0,0.0,1.0,0.0,1.0,0.0,0.0,0.0,0.0,1.0,1.0,0.0,0.0,1.0,0.0,0.0,1.0,0.0,0.0,1.0,0.0,0.0,0.0,0.0,1.0,1.0,0.0,0.0,0.0,1.0,0.0,0.0,1.0,0.0,1.0,0.0,3.0,0.0,1.0,0.0,-0.29003878244330106,0.0,1.0,0.0,0.0,1.0,0.0,0.0,1.0,0.0
4373-VVHQL,0,-1.2774445836787656,-0.6651074099854147,-0.9876203944942028,0.0,1.0,1.0,0.0,1.0,0.0,0.0,1.0,1.0,0.0,0.0,1.0,0.0,0.0,1.0,0.0,0.0,1.0,0.0,0.0,1.0,0.0,0.0,1.0,0.0,0.0,1.0,0.0,0.0,1.0,0.0,0.0,1.0,0.0,0.0,0.0,1.0,0.0,0.0,1.0,0.0,1.0,0.0,2.0,1.0,0.0,0.0,0.7731219084667208,1.0,0.0,0.0,1.0,0.0,0.0,1.0,0.0,0.0
4559-UWIHT,0,-0.748079855318371,0.5945347161405068,-0.48455638741357504,0.0,1.0,0.0,1.0,1.0,0.0,0.0,1.0,0.0,0.0,1.0,0.0,1.0,0.0,1.0,0.0,0.0,0.0,0.0,1.0,0.0,0.0,1.0,1.0,0.0,0.0,1.0,0.0,0.0,1.0,0.0,0.0,1.0,0.0,0.0,0.0,1.0,0.0,0.0,1.0,0.0,1.0,0.0,5.0,1.0,0.0,0.0,0.6477335059468424,1.0,0.0,0.0,1.0,0.0,0.0,1.0,0.0,0.0
7268-IGMFD,1,-0.5851984004382496,0.9684390411778845,-0.23797671316901203,0.0,1.0,1.0,0.0,1.0,0.0,0.0,1.0,0.0,0.0,1.0,0.0,1.0,0.0,1.0,0.0,0.0,1.0,0.0,0.0,0.0,0.0,1.0,0.0,0.0,1.0,0.0,0.0,1.0,1.0,0.0,0.0,1.0,0.0,0.0,1.0,0.0,1.0,0.0,0.0,0.0,1.0,0.0,6.0,1.0,0.0,0.0,0.40665988319652535,1.0,0.0,0.0,1.0,0.0,0.0,1.0,0.0,0.0
1846-XWOQN,1,-1.2774445836787656,0.179085466098976,-0.976414232880655,1.0,0.0,1.0,0.0,1.0,0.0,0.0,1.0,1.0,0.0,0.0,0.0,1.0,0.0,1.0,0.0,0.0,1.0,0.0,0.0,1.0,0.0,0.0,1.0,0.0,0.0,1.0,0.0,0.0,1.0,0.0,0.0,1.0,0.0,0.0,0.0,1.0,0.0,0.0,1.0,0.0,0.0,1.0,2.0,1.0,0.0,0.0,0.7643495814658293,1.0,0.0,0.0,1.0,0.0,0.0,1.0,0.0,0.0
0235-KGSLC,0,-1.2774445836787656,0.6909189421501416,-0.9696199459181102,1.0,0.0,1.0,0.0,1.0,0.0,0.0,1.0,1.0,0.0,0.0,0.0,1.0,0.0,1.0,0.0,0.0,1.0,0.0,0.0,0.0,0.0,1.0,1.0,0.0,0.0,0.0,0.0,1.0,1.0,0.0,0.0,1.0,0.0,0.0,0.0,1.0,0.0,1.0,0.0,0.0,0.0,1.0,4.0,1.0,0.0,0.0,0.7590309265125328,1.0,0.0,0.0,1.0,0.0,0.0,1.0,0.0,0.0
6650-BWFRT,0,1.6137012404433893,1.7411746462551319,2.7557449500156475,1.0,0.0,0.0,1.0,1.0,0.0,0.0,1.0,0.0,0.0,1.0,0.0,1.0,0.0,0.0,0.0,1.0,0.0,0.0,1.0,0.0,0.0,1.0,0.0,0.0,1.0,0.0,0.0,1.0,0.0,0.0,1.0,0.0,0.0,1.0,0.0,1.0,0.0,1.0,0.0,0.0,1.0,0.0,9.0,0.0,1.0,0.0,1.7077169434773838,0.0,1.0,0.0,0.0,1.0,0.0,0.0,1.0,0.0
9570-KYEUA,0,1.2879383306831464,1.1462513201956595,1.8821717097437798,0.0,1.0,1.0,0.0,1.0,0.0,0.0,1.0,0.0,0.0,1.0,0.0,1.0,0.0,0.0,0.0,1.0,1.0,0.0,0.0,0.0,0.0,1.0,0.0,0.0,1.0,1.0,0.0,0.0,0.0,0.0,1.0,0.0,0.0,1.0,1.0,0.0,0.0,1.0,0.0,0.0,1.0,0.0,7.0,0.0,1.0,0.0,1.4613834101400187,0.0,1.0,0.0,0.0,1.0,0.0,0.0,1.0,0.0
6993-YGFJV,0,1.4915401492832983,1.5882893222398482,2.4367664127481237,0.0,1.0,0.0,1.0,1.0,0.0,0.0,1.0,0.0,0.0,1.0,0.0,1.0,0.0,0.0,0.0,1.0,0.0,0.0,1.0,0.0,0.0,1.0,0.0,0.0,1.0,0.0,0.0,1.0,0.0,0.0,1.0,0.0,0.0,1.0,0.0,1.0,1.0,0.0,0.0,0.0,1.0,0.0,9.0,0.0,1.0,0.0,1.6337249881734777,0.0,1.0,0.0,0.0,1.0,0.0,0.0,1.0,0.0
2712-SYWAY,0,-1.2774445836787656,-1.2982520670487077,-0.9960250157043639,1.0,0.0,1.0,0.0,1.0,0.0,0.0,1.0,0.0,0.0,1.0,0.0,0.0,1.0,0.0,1.0,0.0,0.0,1.0,0.0,0.0,1.0,0.0,0.0,1.0,0.0,0.0,1.0,0.0,0.0,1.0,0.0,1.0,0.0,0.0,0.0,1.0,0.0,0.0,1.0,0.0,1.0,0.0,2.0,1.0,0.0,0.0,0.7797011537173896,1.0,0.0,0.0,1.0,0.0,0.0,1.0,0.0,0.0
0730-BGQGF,0,1.5729808767233588,0.8487896571659234,1.766514415767734,0.0,1.0,0.0,1.0,0.0,1.0,0.0,1.0,0.0,0.0,1.0,1.0,0.0,0.0,0.0,0.0,1.0,0.0,0.0,1.0,0.0,0.0,1.0,0.0,0.0,1.0,0.0,0.0,1.0,0.0,0.0,1.0,0.0,0.0,1.0,1.0,0.0,0.0,1.0,0.0,0.0,1.0,0.0,9.0,0.0,1.0,0.0,1.1230361677679899,0.0,1.0,0.0,0.0,1.0,0.0,0.0,1.0,0.0
5498-IBWPI,0,1.369379058123207,-0.5105602889699654,0.4273119248289995,1.0,0.0,0.0,1.0,0.0,1.0,0.0,1.0,1.0,0.0,0.0,1.0,0.0,0.0,1.0,0.0,0.0,1.0,0.0,0.0,1.0,0.0,0.0,0.0,0.0,1.0,1.0,0.0,0.0,1.0,0.0,0.0,0.0,1.0,0.0,0.0,1.0,0.0,1.0,0.0,0.0,1.0,0.0,3.0,0.0,1.0,0.0,0.31204794778638495,0.0,1.0,0.0,0.0,1.0,0.0,0.0,1.0,0.0
9101-NTIXF,0,-1.2367242199587352,-1.5076384890696393,-0.985039447823366,0.0,1.0,1.0,0.0,1.0,0.0,0.0,1.0,1.0,0.0,0.0,0.0,0.0,1.0,0.0,1.0,0.0,0.0,1.0,0.0,0.0,1.0,0.0,0.0,1.0,0.0,0.0,1.0,0.0,0.0,1.0,0.0,1.0,0.0,0.0,1.0,0.0,0.0,0.0,0.0,1.0,1.0,0.0,1.0,1.0,0.0,0.0,0.7964907874580422,1.0,0.0,0.0,1.0,0.0,0.0,1.0,0.0,0.0
0013-SMEOE,1,1.5729808767233588,1.4935668932303794,2.479892487461679,1.0,0.0,0.0,1.0,1.0,0.0,0.0,1.0,1.0,0.0,0.0,0.0,1.0,0.0,0.0,0.0,1.0,0.0,0.0,1.0,0.0,0.0,1.0,0.0,0.0,1.0,0.0,0.0,1.0,0.0,0.0,1.0,0.0,0.0,1.0,0.0,1.0,1.0,0.0,0.0,0.0,1.0,0.0,8.0,0.0,1.0,0.0,1.5765560307557505,0.0,1.0,0.0,0.0,1.0,0.0,0.0,1.0,0.0
9314-QDMDW,0,-0.8702409464784621,-0.11671439993059413,-0.6853187434074708,0.0,1.0,1.0,0.0,1.0,0.0,0.0,1.0,1.0,0.0,0.0,1.0,0.0,0.0,1.0,0.0,0.0,0.0,0.0,1.0,1.0,0.0,0.0,1.0,0.0,0.0,0.0,0.0,1.0,1.0,0.0,0.0,0.0,1.0,0.0,0.0,1.0,0.0,0.0,1.0,0.0,1.0,0.0,4.0,1.0,0.0,0.0,0.7875045941939391,1.0,0.0,0.0,1.0,0.0,0.0,1.0,0.0,0.0
9308-ANMVE,0,0.5956921474426305,-0.31446824295036285,0.16357005819203463,0.0,1.0,1.0,0.0,0.0,1.0,0.0,1.0,1.0,0.0,0.0,1.0,0.0,0.0,0.0,0.0,1.0,0.0,0.0,1.0,1.0,0.0,0.0,1.0,0.0,0.0,1.0,0.0,0.0,1.0,0.0,0.0,1.0,0.0,0.0,0.0,1.0,0.0,0.0,1.0,0.0,1.0,0.0,4.0,0.0,1.0,0.0,0.27458823973802277,0.0,1.0,0.0,0.0,1.0,0.0,0.0,1.0,0.0
2884-GBPFB,0,0.10704778280226633,0.18407085709947407,0.05878803523071113,1.0,0.0,0.0,1.0,1.0,0.0,0.0,1.0,1.0,0.0,0.0,0.0,1.0,0.0,1.0,0.0,0.0,1.0,0.0,0.0,1.0,0.0,0.0,1.0,0.0,0.0,1.0,0.0,0.0,1.0,0.0,0.0,1.0,0.0,0.0,0.0,1.0,0.0,0.0,1.0,0.0,0.0,1.0,2.0,0.0,0.0,1.0,0.5491756456021294,0.0,0.0,1.0,0.0,0.0,1.0,0.0,0.0,1.0
3757-NJYBX,1,-0.015113308357824713,1.3822264942192488,0.5459472341944728,0.0,1.0,0.0,1.0,1.0,0.0,0.0,1.0,0.0,0.0,1.0,0.0,1.0,0.0,1.0,0.0,0.0,0.0,0.0,1.0,0.0,0.0,1.0,1.0,0.0,0.0,0.0,0.0,1.0,0.0,0.0,1.0,1.0,0.0,0.0,1.0,0.0,1.0,0.0,0.0,0.0,0.0,1.0,7.0,0.0,0.0,1.0,-36.12360849580733,0.0,0.0,1.0,0.0,0.0,1.0,0.0,0.0,1.0
3413-DHLPB,0,1.125056875803025,1.2958130502106107,1.6265035737181506,0.0,1.0,0.0,1.0,0.0,1.0,0.0,1.0,0.0,0.0,1.0,0.0,1.0,0.0,1.0,0.0,0.0,0.0,0.0,1.0,1.0,0.0,0.0,0.0,0.0,1.0,0.0,0.0,1.0,0.0,0.0,1.0,1.0,0.0,0.0,0.0,1.0,1.0,0.0,0.0,0.0,1.0,0.0,7.0,0.0,1.0,0.0,1.4457078648199104,0.0,1.0,0.0,0.0,1.0,0.0,0.0,1.0,0.0
7649-PHJVR,0,-0.8702409464784621,-1.504314895069307,-0.9073022164726915,0.0,1.0,1.0,0.0,1.0,0.0,0.0,1.0,1.0,0.0,0.0,0.0,0.0,1.0,0.0,1.0,0.0,0.0,1.0,0.0,0.0,1.0,0.0,0.0,1.0,0.0,0.0,1.0,0.0,0.0,1.0,0.0,0.0,1.0,0.0,1.0,0.0,0.0,0.0,0.0,1.0,1.0,0.0,1.0,1.0,0.0,0.0,1.042587366342853,1.0,0.0,0.0,1.0,0.0,0.0,1.0,0.0,0.0
6114-TCFID,0,-0.13727439951791576,-0.8395960950028577,-0.5296678057200817,1.0,0.0,1.0,0.0,1.0,0.0,1.0,0.0,0.0,1.0,0.0,1.0,0.0,0.0,0.0,0.0,1.0,0.0,0.0,1.0,1.0,0.0,0.0,0.0,0.0,1.0,1.0,0.0,0.0,1.0,0.0,0.0,0.0,1.0,0.0,1.0,0.0,0.0,1.0,0.0,0.0,1.0,0.0,4.0,0.0,0.0,1.0,3.85846019053942,0.0,0.0,1.0,0.0,0.0,1.0,0.0,0.0,1.0
3787-TRIAL,0,-0.46303730927815856,-1.286619488047545,-0.7577617251769416,0.0,1.0,0.0,1.0,0.0,1.0,1.0,0.0,0.0,1.0,0.0,1.0,0.0,0.0,1.0,0.0,0.0,1.0,0.0,0.0,1.0,0.0,0.0,1.0,0.0,0.0,1.0,0.0,0.0,1.0,0.0,0.0,1.0,0.0,0.0,0.0,1.0,0.0,0.0,1.0,0.0,1.0,0.0,1.0,0.0,0.0,1.0,1.63650252364812,0.0,0.0,1.0,0.0,0.0,1.0,0.0,0.0,1.0
2573-GYRUU,1,0.6364125111626608,0.8737166121684152,0.9209565795297358,0.0,1.0,0.0,1.0,1.0,0.0,0.0,1.0,0.0,0.0,1.0,0.0,1.0,0.0,1.0,0.0,0.0,1.0,0.0,0.0,0.0,0.0,1.0,1.0,0.0,0.0,1.0,0.0,0.0,0.0,0.0,1.0,1.0,0.0,0.0,0.0,1.0,0.0,1.0,0.0,0.0,1.0,0.0,5.0,0.0,1.0,0.0,1.447106339640058,0.0,1.0,0.0,0.0,1.0,0.0,0.0,1.0,0.0
5156-UMKOW,0,-1.1960038562387048,-1.166970104035584,-0.9676346023251587,1.0,0.0,1.0,0.0,0.0,1.0,1.0,0.0,0.0,1.0,0.0,1.0,0.0,0.0,1.0,0.0,0.0,0.0,0.0,1.0,1.0,0.0,0.0,1.0,0.0,0.0,1.0,0.0,0.0,1.0,0.0,0.0,1.0,0.0,0.0,1.0,0.0,0.0,0.0,0.0,1.0,1.0,0.0,2.0,1.0,0.0,0.0,0.8090564234201207,1.0,0.0,0.0,1.0,0.0,0.0,1.0,0.0,0.0
1247-QBVSH,0,0.43281069256250915,-0.48397153696730727,-0.05025144676883038,1.0,0.0,0.0,1.0,0.0,1.0,0.0,1.0,1.0,0.0,0.0,1.0,0.0,0.0,1.0,0.0,0.0,0.0,0.0,1.0,1.0,0.0,0.0,1.0,0.0,0.0,1.0,0.0,0.0,1.0,0.0,0.0,1.0,0.0,0.0,1.0,0.0,0.0,0.0,0.0,1.0,1.0,0.0,3.0,0.0,0.0,1.0,-0.11610491060493558,0.0,0.0,1.0,0.0,0.0,1.0,0.0,0.0,1.0
6734-GMPVK,0,-1.1145631287986442,1.3473287572157604,-0.7644457152732114,0.0,1.0,1.0,0.0,1.0,0.0,0.0,1.0,0.0,0.0,1.0,0.0,1.0,0.0,1.0,0.0,0.0,0.0,0.0,1.0,0.0,0.0,1.0,1.0,0.0,0.0,0.0,0.0,1.0,0.0,0.0,1.0,1.0,0.0,0.0,1.0,0.0,0.0,0.0,1.0,0.0,1.0,0.0,7.0,1.0,0.0,0.0,0.6858702710695137,1.0,0.0,0.0,1.0,0.0,0.0,1.0,0.0,0.0
9822-OAOVB,0,-1.2774445836787656,-0.3094828519498643,-0.9828996886176297,1.0,0.0,1.0,0.0,1.0,0.0,0.0,1.0,1.0,0.0,0.0,1.0,0.0,0.0,1.0,0.0,0.0,1.0,0.0,0.0,1.0,0.0,0.0,1.0,0.0,0.0,1.0,0.0,0.0,0.0,0.0,1.0,1.0,0.0,0.0,0.0,1.0,0.0,0.0,1.0,0.0,1.0,0.0,3.0,1.0,0.0,0.0,0.7694264793757941,1.0,0.0,0.0,1.0,0.0,0.0,1.0,0.0,0.0
6161-ERDGD,0,1.5729808767233588,0.6875953481498096,1.772492505919843,0.0,1.0,0.0,1.0,0.0,1.0,0.0,1.0,0.0,0.0,1.0,1.0,0.0,0.0,0.0,0.0,1.0,1.0,0.0,0.0,0.0,0.0,1.0,0.0,0.0,1.0,0.0,0.0,1.0,0.0,0.0,1.0,0.0,1.0,0.0,1.0,0.0,0.0,0.0,1.0,0.0,1.0,0.0,8.0,0.0,1.0,0.0,1.126836652720205,0.0,1.0,0.0,0.0,1.0,0.0,0.0,1.0,0.0
1226-JZNKR,0,-0.9924020376385531,-1.4943441130683104,-0.9367514797681371,1.0,0.0,0.0,1.0,0.0,1.0,0.0,1.0,1.0,0.0,0.0,0.0,0.0,1.0,0.0,1.0,0.0,0.0,1.0,0.0,0.0,1.0,0.0,0.0,1.0,0.0,0.0,1.0,0.0,0.0,1.0,0.0,0.0,1.0,0.0,1.0,0.0,0.0,0.0,1.0,0.0,1.0,0.0,1.0,1.0,0.0,0.0,0.9439233740361538,1.0,0.0,0.0,1.0,0.0,0.0,1.0,0.0,0.0
7318-EIVKO,0,-0.9924020376385531,-0.18318627993723904,-0.8147410862946466,0.0,1.0,1.0,0.0,1.0,0.0,0.0,1.0,0.0,0.0,1.0,1.0,0.0,0.0,1.0,0.0,0.0,1.0,0.0,0.0,1.0,0.0,0.0,1.0,0.0,0.0,0.0,0.0,1.0,1.0,0.0,0.0,1.0,0.0,0.0,0.0,1.0,0.0,0.0,1.0,0.0,1.0,0.0,4.0,1.0,0.0,0.0,0.8209788527171352,1.0,0.0,0.0,1.0,0.0,0.0,1.0,0.0,0.0
3771-PZOBW,0,-0.5037576729981889,0.8620840331672525,-0.22145424260100555,0.0,1.0,1.0,0.0,1.0,0.0,0.0,1.0,0.0,0.0,1.0,0.0,1.0,0.0,1.0,0.0,0.0,1.0,0.0,0.0,0.0,0.0,1.0,1.0,0.0,0.0,0.0,0.0,1.0,1.0,0.0,0.0,1.0,0.0,0.0,0.0,1.0,0.0,1.0,0.0,0.0,1.0,0.0,5.0,1.0,0.0,0.0,0.4396047037516821,1.0,0.0,0.0,1.0,0.0,0.0,1.0,0.0,0.0
5136-KCKGI,0,0.025607055362205634,1.2941512532104444,0.5222334079453311,1.0,0.0,0.0,1.0,0.0,1.0,0.0,1.0,0.0,0.0,1.0,0.0,1.0,0.0,0.0,0.0,1.0,1.0,0.0,0.0,0.0,0.0,1.0,1.0,0.0,0.0,0.0,0.0,1.0,0.0,0.0,1.0,0.0,1.0,0.0,0.0,1.0,0.0,0.0,0.0,1.0,0.0,1.0,7.0,0.0,0.0,1.0,20.39412187611833,0.0,0.0,1.0,0.0,0.0,1.0,0.0,0.0,1.0
8231-BSWXX,0,1.5729808767233588,0.4748853321285456,1.4423298664120263,0.0,1.0,1.0,0.0,1.0,0.0,0.0,1.0,0.0,0.0,1.0,0.0,1.0,0.0,1.0,0.0,0.0,0.0,0.0,1.0,1.0,0.0,0.0,1.0,0.0,0.0,1.0,0.0,0.0,1.0,0.0,0.0,0.0,1.0,0.0,0.0,1.0,0.0,1.0,0.0,0.0,1.0,0.0,4.0,0.0,1.0,0.0,0.9169404967061718,0.0,1.0,0.0,0.0,1.0,0.0,0.0,1.0,0.0
6486-LHTMA,1,-0.055833672077855064,0.8620840331672525,0.24362352373448568,1.0,0.0,0.0,1.0,1.0,0.0,0.0,1.0,0.0,0.0,1.0,0.0,1.0,0.0,1.0,0.0,0.0,1.0,0.0,0.0,0.0,0.0,1.0,1.0,0.0,0.0,0.0,0.0,1.0,1.0,0.0,0.0,0.0,1.0,0.0,0.0,1.0,0.0,0.0,1.0,0.0,1.0,0.0,5.0,0.0,0.0,1.0,-4.3633799223302825,0.0,0.0,1.0,0.0,0.0,1.0,0.0,0.0,1.0
4083-BFNYK,1,0.22920887396235737,1.0049985751815391,0.5770509504840445,1.0,0.0,0.0,1.0,1.0,0.0,0.0,1.0,0.0,0.0,1.0,0.0,1.0,0.0,0.0,0.0,1.0,0.0,0.0,1.0,1.0,0.0,0.0,1.0,0.0,0.0,1.0,0.0,0.0,0.0,0.0,1.0,0.0,1.0,0.0,1.0,0.0,0.0,1.0,0.0,0.0,1.0,0.0,6.0,0.0,0.0,1.0,2.517576830724332,0.0,0.0,1.0,0.0,0.0,1.0,0.0,0.0,1.0
3722-WPXTK,0,-1.2774445836787656,0.7839795741594444,-0.9683846210158294,0.0,1.0,1.0,0.0,1.0,0.0,0.0,1.0,1.0,0.0,0.0,0.0,1.0,0.0,1.0,0.0,0.0,1.0,0.0,0.0,1.0,0.0,0.0,1.0,0.0,0.0,0.0,0.0,1.0,0.0,0.0,1.0,1.0,0.0,0.0,0.0,1.0,0.0,0.0,1.0,0.0,0.0,1.0,4.0,1.0,0.0,0.0,0.7580638983392063,1.0,0.0,0.0,1.0,0.0,0.0,1.0,0.0,0.0
7389-KBFIT,0,-1.2367242199587352,-1.1470285400335904,-0.979237832657297,1.0,0.0,0.0,1.0,0.0,1.0,1.0,0.0,0.0,1.0,0.0,1.0,0.0,0.0,1.0,0.0,0.0,0.0,0.0,1.0,1.0,0.0,0.0,1.0,0.0,0.0,1.0,0.0,0.0,1.0,0.0,0.0,1.0,0.0,0.0,0.0,1.0,0.0,0.0,0.0,1.0,1.0,0.0,2.0,1.0,0.0,0.0,0.79179967275968,1.0,0.0,0.0,1.0,0.0,0.0,1.0,0.0,0.0
7176-WIONM,0,-0.8295205827584317,-0.49560411596847015,-0.7350846894707856,1.0,0.0,0.0,1.0,1.0,0.0,1.0,0.0,0.0,1.0,0.0,1.0,0.0,0.0,1.0,0.0,0.0,1.0,0.0,0.0,0.0,0.0,1.0,1.0,0.0,0.0,0.0,0.0,1.0,0.0,0.0,1.0,1.0,0.0,0.0,0.0,1.0,1.0,0.0,0.0,0.0,1.0,0.0,4.0,1.0,0.0,0.0,0.886156057787481,1.0,0.0,0.0,1.0,0.0,0.0,1.0,0.0,0.0
5141-ZUVBH,0,-0.9516816739185228,0.9385266951748941,-0.6234201420538974,1.0,0.0,1.0,0.0,0.0,1.0,0.0,1.0,1.0,0.0,0.0,0.0,1.0,0.0,0.0,0.0,1.0,1.0,0.0,0.0,0.0,0.0,1.0,0.0,0.0,1.0,1.0,0.0,0.0,0.0,0.0,1.0,1.0,0.0,0.0,1.0,0.0,1.0,0.0,0.0,0.0,1.0,0.0,6.0,1.0,0.0,0.0,0.6550721308806782,1.0,0.0,0.0,1.0,0.0,0.0,1.0,0.0,0.0
1089-HDMKP,1,-0.8702409464784621,-0.3393951979528547,-0.7420995701658807,0.0,1.0,1.0,0.0,0.0,1.0,0.0,1.0,1.0,0.0,0.0,1.0,0.0,0.0,1.0,0.0,0.0,0.0,0.0,1.0,1.0,0.0,0.0,0.0,0.0,1.0,1.0,0.0,0.0,1.0,0.0,0.0,1.0,0.0,0.0,0.0,1.0,0.0,0.0,1.0,0.0,1.0,0.0,4.0,1.0,0.0,0.0,0.8527518420833663,1.0,0.0,0.0,1.0,0.0,0.0,1.0,0.0,0.0
7623-HKYRK,0,-1.0738427650786138,-1.4976677070686424,-0.9581049530789921,0.0,1.0,1.0,0.0,0.0,1.0,0.0,1.0,1.0,0.0,0.0,0.0,0.0,1.0,0.0,1.0,0.0,0.0,1.0,0.0,0.0,1.0,0.0,0.0,1.0,0.0,0.0,1.0,0.0,0.0,1.0,0.0,1.0,0.0,0.0,1.0,0.0,0.0,0.0,0.0,1.0,1.0,0.0,1.0,1.0,0.0,0.0,0.8922208951222493,1.0,0.0,0.0,1.0,0.0,0.0,1.0,0.0,0.0
0310-SUCIN,0,1.5729808767233588,0.6659919871476498,1.6600999991855394,1.0,0.0,0.0,1.0,1.0,0.0,0.0,1.0,1.0,0.0,0.0,1.0,0.0,0.0,0.0,0.0,1.0,0.0,0.0,1.0,0.0,0.0,1.0,0.0,0.0,1.0,0.0,0.0,1.0,0.0,0.0,1.0,0.0,1.0,0.0,0.0,1.0,1.0,0.0,0.0,0.0,1.0,0.0,8.0,0.0,1.0,0.0,1.0553847308326192,0.0,1.0,0.0,0.0,1.0,0.0,0.0,1.0,0.0
5197-PYEPU,0,0.3920903288424788,0.9867188081797118,0.7237678420031525,1.0,0.0,0.0,1.0,0.0,1.0,0.0,1.0,0.0,0.0,1.0,0.0,1.0,0.0,0.0,0.0,1.0,0.0,0.0,1.0,1.0,0.0,0.0,1.0,0.0,0.0,0.0,0.0,1.0,1.0,0.0,0.0,0.0,1.0,0.0,0.0,1.0,0.0,1.0,0.0,0.0,1.0,0.0,6.0,0.0,0.0,1.0,1.8459211787749148,0.0,0.0,1.0,0.0,0.0,1.0,0.0,0.0,1.0
2929-ERCFZ,0,-0.9924020376385531,0.9784098231788811,-0.6644285169349712,1.0,0.0,0.0,1.0,0.0,1.0,0.0,1.0,1.0,0.0,0.0,0.0,1.0,0.0,1.0,0.0,0.0,1.0,0.0,0.0,0.0,0.0,1.0,1.0,0.0,0.0,0.0,0.0,1.0,0.0,0.0,1.0,1.0,0.0,0.0,0.0,1.0,0.0,0.0,1.0,0.0,0.0,1.0,5.0,1.0,0.0,0.0,0.6695154702785541,1.0,0.0,0.0,1.0,0.0,0.0,1.0,0.0,0.0
7548-SEPYI,0,-1.1145631287986442,1.0465435001856922,-0.7812770170667881,1.0,0.0,1.0,0.0,1.0,0.0,0.0,1.0,1.0,0.0,0.0,0.0,1.0,0.0,1.0,0.0,0.0,0.0,0.0,1.0,1.0,0.0,0.0,1.0,0.0,0.0,0.0,0.0,1.0,0.0,0.0,1.0,1.0,0.0,0.0,0.0,1.0,0.0,0.0,1.0,0.0,0.0,1.0,5.0,1.0,0.0,0.0,0.7009715258649407,1.0,0.0,0.0,1.0,0.0,0.0,1.0,0.0,0.0
8835-VSDSE,0,-1.2367242199587352,0.19736523310080326,-0.944957566619003,1.0,0.0,0.0,1.0,1.0,0.0,0.0,1.0,1.0,0.0,0.0,0.0,1.0,0.0,1.0,0.0,0.0,1.0,0.0,0.0,1.0,0.0,0.0,1.0,0.0,0.0,1.0,0.0,0.0,1.0,0.0,0.0,1.0,0.0,0.0,0.0,1.0,0.0,0.0,1.0,0.0,0.0,1.0,2.0,1.0,0.0,0.0,0.7640810710819043,1.0,0.0,0.0,1.0,0.0,0.0,1.0,0.0,0.0
6619-RPLQZ,0,0.5142514200025698,-1.4594463760648215,-0.6137581365682006,1.0,0.0,0.0,1.0,0.0,1.0,0.0,1.0,1.0,0.0,0.0,0.0,0.0,1.0,0.0,1.0,0.0,0.0,1.0,0.0,0.0,1.0,0.0,0.0,1.0,0.0,0.0,1.0,0.0,0.0,1.0,0.0,0.0,0.0,1.0,1.0,0.0,0.0,0.0,0.0,1.0,1.0,0.0,1.0,0.0,1.0,0.0,-1.1934981853139723,0.0,1.0,0.0,0.0,1.0,0.0,0.0,1.0,0.0
3275-RHRNE,0,-0.1779947632379461,-0.1582593249347472,-0.26526415788546626,0.0,1.0,0.0,1.0,0.0,1.0,1.0,0.0,0.0,1.0,0.0,1.0,0.0,0.0,1.0,0.0,0.0,0.0,0.0,1.0,0.0,0.0,1.0,0.0,0.0,1.0,0.0,0.0,1.0,0.0,0.0,1.0,0.0,1.0,0.0,0.0,1.0,0.0,1.0,0.0,0.0,1.0,0.0,6.0,0.0,0.0,1.0,1.490291922413791,0.0,0.0,1.0,0.0,0.0,1.0,0.0,0.0,1.0
3503-TYDAY,0,0.43281069256250915,0.5214156481331973,0.49218854157200004,1.0,0.0,0.0,1.0,1.0,0.0,0.0,1.0,0.0,0.0,1.0,0.0,1.0,0.0,1.0,0.0,0.0,0.0,0.0,1.0,1.0,0.0,0.0,1.0,0.0,0.0,1.0,0.0,0.0,1.0,0.0,0.0,1.0,0.0,0.0,1.0,0.0,0.0,0.0,1.0,0.0,1.0,0.0,4.0,0.0,0.0,1.0,1.137191270987177,0.0,0.0,1.0,0.0,0.0,1.0,0.0,0.0,1.0
6901-GOGZG,0,1.125056875803025,0.6709773781481484,1.1918898018478359,0.0,1.0,1.0,0.0,0.0,1.0,0.0,1.0,0.0,0.0,1.0,1.0,0.0,0.0,0.0,0.0,1.0,1.0,0.0,0.0,0.0,0.0,1.0,0.0,0.0,1.0,0.0,0.0,1.0,0.0,0.0,1.0,0.0,0.0,1.0,0.0,1.0,0.0,0.0,1.0,0.0,1.0,0.0,8.0,0.0,1.0,0.0,1.0594040421264106,0.0,1.0,0.0,0.0,1.0,0.0,0.0,1.0,0.0
1623-NLDOT,0,0.3920903288424788,-1.0373499380226265,-0.3697152902479645,1.0,0.0,0.0,1.0,1.0,0.0,1.0,0.0,0.0,1.0,0.0,1.0,0.0,0.0,1.0,0.0,0.0,0.0,0.0,1.0,1.0,0.0,0.0,0.0,0.0,1.0,1.0,0.0,0.0,1.0,0.0,0.0,0.0,1.0,0.0,1.0,0.0,0.0,0.0,0.0,1.0,0.0,1.0,3.0,0.0,0.0,1.0,-0.9429339696784427,0.0,0.0,1.0,0.0,0.0,1.0,0.0,0.0,1.0
7021-XSNYE,0,-1.0331224013585834,-0.5022513039691348,-0.8725587035960422,0.0,1.0,0.0,1.0,0.0,1.0,1.0,0.0,0.0,1.0,0.0,1.0,0.0,0.0,0.0,0.0,1.0,1.0,0.0,0.0,0.0,0.0,1.0,0.0,0.0,1.0,1.0,0.0,0.0,0.0,0.0,1.0,0.0,0.0,1.0,1.0,0.0,0.0,1.0,0.0,0.0,1.0,0.0,5.0,1.0,0.0,0.0,0.8445840516560326,1.0,0.0,0.0,1.0,0.0,0.0,1.0,0.0,0.0
9621-OUPYD,0,-0.30015585439803716,-1.481049737066981,-0.7832844200329945,1.0,0.0,0.0,1.0,1.0,0.0,0.0,1.0,1.0,0.0,0.0,0.0,0.0,1.0,0.0,1.0,0.0,0.0,1.0,0.0,0.0,1.0,0.0,0.0,1.0,0.0,0.0,1.0,0.0,0.0,1.0,0.0,0.0,1.0,0.0,0.0,1.0,1.0,0.0,0.0,0.0,1.0,0.0,1.0,0.0,0.0,1.0,2.6095923452963197,0.0,0.0,1.0,0.0,0.0,1.0,0.0,0.0,1.0
9898-KZQDZ,1,0.3106496014024181,0.9900424021800438,0.5987573737669797,1.0,0.0,0.0,1.0,0.0,1.0,0.0,1.0,0.0,0.0,1.0,0.0,1.0,0.0,1.0,0.0,0.0,1.0,0.0,0.0,1.0,0.0,0.0,1.0,0.0,0.0,0.0,0.0,1.0,0.0,0.0,1.0,1.0,0.0,0.0,0.0,1.0,0.0,1.0,0.0,0.0,0.0,1.0,5.0,0.0,0.0,1.0,1.9274364784757743,0.0,0.0,1.0,0.0,0.0,1.0,0.0,0.0,1.0
8982-NHAVY,0,-0.21871512695797646,1.1877962451998125,0.17212909501498047,0.0,1.0,1.0,0.0,1.0,0.0,0.0,1.0,0.0,0.0,1.0,0.0,1.0,0.0,1.0,0.0,0.0,1.0,0.0,0.0,0.0,0.0,1.0,1.0,0.0,0.0,0.0,0.0,1.0,0.0,0.0,1.0,0.0,1.0,0.0,0.0,1.0,1.0,0.0,0.0,0.0,1.0,0.0,6.0,0.0,0.0,1.0,-0.7870013263785501,0.0,0.0,1.0,0.0,0.0,1.0,0.0,0.0,1.0
4307-KWMXE,0,-0.9109613101984924,-0.9642308700153169,-0.8353886596613411,0.0,1.0,1.0,0.0,1.0,0.0,1.0,0.0,0.0,1.0,0.0,1.0,0.0,0.0,1.0,0.0,0.0,0.0,0.0,1.0,1.0,0.0,0.0,0.0,0.0,1.0,1.0,0.0,0.0,1.0,0.0,0.0,1.0,0.0,0.0,1.0,0.0,0.0,0.0,1.0,0.0,1.0,0.0,3.0,1.0,0.0,0.0,0.9170407681521793,1.0,0.0,0.0,1.0,0.0,0.0,1.0,0.0,0.0
0141-YEAYS,1,-0.21871512695797646,0.720831288153132,0.05194962952165633,1.0,0.0,1.0,0.0,1.0,0.0,0.0,1.0,0.0,0.0,1.0,0.0,1.0,0.0,1.0,0.0,0.0,0.0,0.0,1.0,0.0,0.0,1.0,1.0,0.0,0.0,1.0,0.0,0.0,1.0,0.0,0.0,1.0,0.0,0.0,0.0,1.0,1.0,0.0,0.0,0.0,1.0,0.0,5.0,0.0,0.0,1.0,-0.23752188631944898,0.0,0.0,1.0,0.0,0.0,1.0,0.0,0.0,1.0
2450-ZKEED,0,-0.8702409464784621,-0.3643221529553466,-0.7199078406713351,1.0,0.0,1.0,0.0,1.0,0.0,0.0,1.0,1.0,0.0,0.0,1.0,0.0,0.0,1.0,0.0,0.0,1.0,0.0,0.0,0.0,0.0,1.0,0.0,0.0,1.0,1.0,0.0,0.0,1.0,0.0,0.0,0.0,1.0,0.0,1.0,0.0,1.0,0.0,0.0,0.0,1.0,0.0,4.0,1.0,0.0,0.0,0.827251169442821,1.0,0.0,0.0,1.0,0.0,0.0,1.0,0.0,0.0
3694-DELSO,0,-1.1552834925186746,-0.8711702380060141,-0.9384941702552835,0.0,1.0,0.0,1.0,0.0,1.0,1.0,0.0,0.0,1.0,0.0,1.0,0.0,0.0,0.0,0.0,1.0,1.0,0.0,0.0,1.0,0.0,0.0,1.0,0.0,0.0,0.0,0.0,1.0,1.0,0.0,0.0,1.0,0.0,0.0,1.0,0.0,0.0,1.0,0.0,0.0,1.0,0.0,3.0,1.0,0.0,0.0,0.8123496754976036,1.0,0.0,0.0,1.0,0.0,0.0,1.0,0.0,0.0
3893-JRNFS,0,1.4508197855632678,-0.8263017190015288,0.22635103447580854,0.0,1.0,1.0,0.0,1.0,0.0,1.0,0.0,0.0,1.0,0.0,1.0,0.0,0.0,1.0,0.0,0.0,1.0,0.0,0.0,0.0,0.0,1.0,1.0,0.0,0.0,1.0,0.0,0.0,0.0,0.0,1.0,1.0,0.0,0.0,0.0,1.0,1.0,0.0,0.0,0.0,1.0,0.0,3.0,0.0,1.0,0.0,0.15601595506772728,0.0,1.0,0.0,0.0,1.0,0.0,0.0,1.0,0.0
9603-OAIHC,1,-1.2774445836787656,0.17576187209864347,-0.976458351627165,0.0,1.0,1.0,0.0,1.0,0.0,0.0,1.0,1.0,0.0,0.0,0.0,1.0,0.0,1.0,0.0,0.0,1.0,0.0,0.0,1.0,0.0,0.0,1.0,0.0,0.0,1.0,0.0,0.0,1.0,0.0,0.0,1.0,0.0,0.0,0.0,1.0,0.0,0.0,1.0,0.0,1.0,0.0,2.0,1.0,0.0,0.0,0.7643841181863053,1.0,0.0,0.0,1.0,0.0,0.0,1.0,0.0,0.0
1133-KXCGE,0,-0.5851984004382496,-1.4843733310673135,-0.8277781758883608,1.0,0.0,1.0,0.0,1.0,0.0,0.0,1.0,1.0,0.0,0.0,0.0,0.0,1.0,0.0,1.0,0.0,0.0,1.0,0.0,0.0,1.0,0.0,0.0,1.0,0.0,0.0,1.0,0.0,0.0,1.0,0.0,0.0,1.0,0.0,1.0,0.0,0.0,0.0,0.0,1.0,1.0,0.0,1.0,1.0,0.0,0.0,1.4145256980682885,1.0,0.0,0.0,1.0,0.0,0.0,1.0,0.0,0.0
5236-PERKL,0,1.002895784642934,1.6015836982411773,1.8449134283160589,1.0,0.0,1.0,0.0,1.0,0.0,0.0,1.0,0.0,0.0,1.0,0.0,1.0,0.0,0.0,0.0,1.0,0.0,0.0,1.0,0.0,0.0,1.0,1.0,0.0,0.0,0.0,0.0,1.0,0.0,0.0,1.0,0.0,0.0,1.0,0.0,1.0,1.0,0.0,0.0,0.0,0.0,1.0,8.0,0.0,1.0,0.0,1.8395863823207836,0.0,1.0,0.0,0.0,1.0,0.0,0.0,1.0,0.0
0142-GVYSN,0,-0.2594354906780068,-1.477726143066649,-0.7818064420249085,0.0,1.0,1.0,0.0,1.0,0.0,0.0,1.0,1.0,0.0,0.0,0.0,0.0,1.0,0.0,1.0,0.0,0.0,1.0,0.0,0.0,1.0,0.0,0.0,1.0,0.0,0.0,1.0,0.0,0.0,1.0,0.0,1.0,0.0,0.0,0.0,1.0,0.0,0.0,1.0,0.0,1.0,0.0,1.0,0.0,0.0,1.0,3.013490713941031,0.0,0.0,1.0,0.0,0.0,1.0,0.0,0.0,1.0
1049-FYSYG,0,-0.62591876415828,-0.9675544640156493,-0.7223343717293869,1.0,0.0,0.0,1.0,1.0,0.0,1.0,0.0,0.0,1.0,0.0,1.0,0.0,0.0,1.0,0.0,0.0,0.0,0.0,1.0,0.0,0.0,1.0,1.0,0.0,0.0,1.0,0.0,0.0,1.0,0.0,0.0,1.0,0.0,0.0,0.0,1.0,0.0,1.0,0.0,0.0,1.0,0.0,3.0,1.0,0.0,0.0,1.1540385319822841,1.0,0.0,0.0,1.0,0.0,0.0,1.0,0.0,0.0
7854-FOKSF,0,-1.2774445836787656,-0.9592454790148186,-0.9915249035603405,0.0,1.0,1.0,0.0,1.0,0.0,1.0,0.0,0.0,1.0,0.0,1.0,0.0,0.0,1.0,0.0,0.0,1.0,0.0,0.0,1.0,0.0,0.0,1.0,0.0,0.0,1.0,0.0,0.0,0.0,0.0,1.0,1.0,0.0,0.0,1.0,0.0,0.0,0.0,1.0,0.0,0.0,1.0,2.0,1.0,0.0,0.0,0.7761784082288424,1.0,0.0,0.0,1.0,0.0,0.0,1.0,0.0,0.0
2519-FAKOD,0,0.22920887396235737,1.1462513201956595,0.6590677002461921,0.0,1.0,1.0,0.0,0.0,1.0,0.0,1.0,0.0,0.0,1.0,0.0,1.0,0.0,1.0,0.0,0.0,1.0,0.0,0.0,0.0,0.0,1.0,1.0,0.0,0.0,0.0,0.0,1.0,0.0,0.0,1.0,1.0,0.0,0.0,0.0,1.0,1.0,0.0,0.0,0.0,0.0,1.0,6.0,0.0,0.0,1.0,2.8754021991069587,0.0,0.0,1.0,0.0,0.0,1.0,0.0,0.0,1.0
8406-LNMHF,1,1.0843365120829946,0.6045054981415035,1.1558447859491403,0.0,1.0,0.0,1.0,1.0,0.0,0.0,1.0,1.0,0.0,0.0,0.0,1.0,0.0,0.0,0.0,1.0,0.0,0.0,1.0,0.0,0.0,1.0,1.0,0.0,0.0,1.0,0.0,0.0,1.0,0.0,0.0,0.0,1.0,0.0,0.0,1.0,0.0,1.0,0.0,0.0,1.0,0.0,5.0,0.0,1.0,0.0,1.0659465701554025,0.0,1.0,0.0,0.0,1.0,0.0,0.0,1.0,0.0
1821-BUCWY,0,-0.0965540357978854,-0.3028356639492,-0.27770564440129497,0.0,1.0,1.0,0.0,1.0,0.0,0.0,1.0,1.0,0.0,0.0,1.0,0.0,0.0,0.0,0.0,1.0,1.0,0.0,0.0,0.0,0.0,1.0,1.0,0.0,0.0,1.0,0.0,0.0,1.0,0.0,0.0,0.0,0.0,1.0,0.0,1.0,0.0,0.0,0.0,1.0,1.0,0.0,4.0,0.0,0.0,1.0,2.8761681695274812,0.0,0.0,1.0,0.0,0.0,1.0,0.0,0.0,1.0
8263-JQAIK,1,-1.2367242199587352,-1.3397969920528607,-0.986407128965177,0.0,1.0,1.0,0.0,1.0,0.0,1.0,0.0,0.0,1.0,0.0,1.0,0.0,0.0,1.0,0.0,0.0,1.0,0.0,0.0,1.0,0.0,0.0,1.0,0.0,0.0,1.0,0.0,0.0,1.0,0.0,0.0,1.0,0.0,0.0,0.0,1.0,0.0,0.0,0.0,1.0,0.0,1.0,1.0,1.0,0.0,0.0,0.7975966776150707,1.0,0.0,0.0,1.0,0.0,0.0,1.0,0.0,0.0
0023-UYUPN,1,0.7178532386027215,-1.3148700370503688,-0.43104034789690754,1.0,0.0,0.0,1.0,1.0,0.0,0.0,1.0,0.0,0.0,1.0,0.0,0.0,1.0,0.0,1.0,0.0,0.0,1.0,0.0,0.0,1.0,0.0,0.0,1.0,0.0,0.0,1.0,0.0,0.0,1.0,0.0,0.0,1.0,0.0,1.0,0.0,0.0,0.0,1.0,0.0,1.0,0.0,2.0,0.0,1.0,0.0,-0.6004574817213527,0.0,1.0,0.0,0.0,1.0,0.0,0.0,1.0,0.0
8314-DPQHL,0,-0.9516816739185228,-0.46402997296531395,-0.8028290247369383,0.0,1.0,1.0,0.0,1.0,0.0,1.0,0.0,0.0,1.0,0.0,1.0,0.0,0.0,0.0,0.0,1.0,1.0,0.0,0.0,0.0,0.0,1.0,0.0,0.0,1.0,1.0,0.0,0.0,0.0,0.0,1.0,0.0,1.0,0.0,1.0,0.0,0.0,0.0,0.0,1.0,1.0,0.0,5.0,1.0,0.0,0.0,0.8435898754163377,1.0,0.0,0.0,1.0,0.0,0.0,1.0,0.0,0.0
1465-WCZVT,0,-1.1960038562387048,-1.4993295040688086,-0.9806055137991079,1.0,0.0,0.0,1.0,0.0,1.0,0.0,1.0,1.0,0.0,0.0,0.0,0.0,1.0,0.0,1.0,0.0,0.0,1.0,0.0,0.0,1.0,0.0,0.0,1.0,0.0,0.0,1.0,0.0,0.0,1.0,0.0,1.0,0.0,0.0,1.0,0.0,0.0,0.0,0.0,1.0,1.0,0.0,1.0,1.0,0.0,0.0,0.819901632159448,1.0,0.0,0.0,1.0,0.0,0.0,1.0,0.0,0.0
9481-SFCQY,0,-0.748079855318371,-0.16490651293541178,-0.6434500529694515,1.0,0.0,1.0,0.0,0.0,1.0,0.0,1.0,1.0,0.0,0.0,1.0,0.0,0.0,1.0,0.0,0.0,1.0,0.0,0.0,0.0,0.0,1.0,1.0,0.0,0.0,0.0,0.0,1.0,1.0,0.0,0.0,1.0,0.0,0.0,0.0,1.0,0.0,1.0,0.0,0.0,1.0,0.0,4.0,1.0,0.0,0.0,0.8601355168100461,1.0,0.0,0.0,1.0,0.0,0.0,1.0,0.0,0.0
6360-SVNWV,1,-0.055833672077855064,0.2920876621102721,-0.08323020978507852,1.0,0.0,1.0,0.0,1.0,0.0,0.0,1.0,1.0,0.0,0.0,0.0,1.0,0.0,0.0,0.0,1.0,1.0,0.0,0.0,1.0,0.0,0.0,1.0,0.0,0.0,1.0,0.0,0.0,1.0,0.0,0.0,1.0,0.0,0.0,0.0,1.0,0.0,1.0,0.0,0.0,1.0,0.0,3.0,0.0,0.0,1.0,1.4906812804470648,0.0,0.0,1.0,0.0,0.0,1.0,0.0,0.0,1.0
0567-GGCAC,0,-1.0331224013585834,-0.11172900893009581,-0.8137263551249159,1.0,0.0,1.0,0.0,1.0,0.0,0.0,1.0,1.0,0.0,0.0,1.0,0.0,0.0,0.0,0.0,1.0,0.0,0.0,1.0,0.0,0.0,1.0,1.0,0.0,0.0,1.0,0.0,0.0,1.0,0.0,0.0,1.0,0.0,0.0,1.0,0.0,0.0,0.0,1.0,0.0,1.0,0.0,5.0,1.0,0.0,0.0,0.787637896588869,1.0,0.0,0.0,1.0,0.0,0.0,1.0,0.0,0.0
7089-IVVAZ,0,-0.9924020376385531,1.2825186742092813,-0.6335453943779495,1.0,0.0,1.0,0.0,1.0,0.0,0.0,1.0,0.0,0.0,1.0,0.0,1.0,0.0,0.0,0.0,1.0,1.0,0.0,0.0,1.0,0.0,0.0,0.0,0.0,1.0,0.0,0.0,1.0,0.0,0.0,1.0,1.0,0.0,0.0,0.0,1.0,1.0,0.0,0.0,0.0,0.0,1.0,7.0,1.0,0.0,0.0,0.6383959024162099,1.0,0.0,0.0,1.0,0.0,0.0,1.0,0.0,0.0
8884-MRNSU,0,-0.62591876415828,-1.491020519067978,-0.8618819669406147,0.0,1.0,0.0,1.0,0.0,1.0,0.0,1.0,1.0,0.0,0.0,0.0,0.0,1.0,0.0,1.0,0.0,0.0,1.0,0.0,0.0,1.0,0.0,0.0,1.0,0.0,0.0,1.0,0.0,0.0,1.0,0.0,0.0,1.0,0.0,1.0,0.0,1.0,0.0,0.0,0.0,1.0,0.0,1.0,1.0,0.0,0.0,1.3769869451024563,1.0,0.0,0.0,1.0,0.0,0.0,1.0,0.0,0.0
2171-UDMFD,0,-0.015113308357824713,-1.505976692069473,-0.709760528974028,0.0,1.0,0.0,1.0,0.0,1.0,0.0,1.0,1.0,0.0,0.0,0.0,0.0,1.0,0.0,1.0,0.0,0.0,1.0,0.0,0.0,1.0,0.0,0.0,1.0,0.0,0.0,1.0,0.0,0.0,1.0,0.0,1.0,0.0,0.0,0.0,1.0,0.0,1.0,0.0,0.0,1.0,0.0,1.0,0.0,0.0,1.0,46.962618122362265,0.0,0.0,1.0,0.0,0.0,1.0,0.0,0.0,1.0
9050-IKDZA,1,-1.2367242199587352,0.5563133851366857,-0.9356485111053863,1.0,0.0,1.0,0.0,1.0,0.0,0.0,1.0,1.0,0.0,0.0,0.0,1.0,0.0,1.0,0.0,0.0,1.0,0.0,0.0,1.0,0.0,0.0,1.0,0.0,0.0,0.0,0.0,1.0,1.0,0.0,0.0,1.0,0.0,0.0,1.0,0.0,0.0,0.0,0.0,1.0,1.0,0.0,3.0,1.0,0.0,0.0,0.7565538832389046,1.0,0.0,0.0,1.0,0.0,0.0,1.0,0.0,0.0
2205-YMZZJ,1,-1.0331224013585834,0.6659919871476498,-0.7660560495208274,0.0,1.0,1.0,0.0,1.0,0.0,0.0,1.0,0.0,0.0,1.0,0.0,1.0,0.0,1.0,0.0,0.0,1.0,0.0,0.0,1.0,0.0,0.0,1.0,0.0,0.0,0.0,0.0,1.0,1.0,0.0,0.0,1.0,0.0,0.0,0.0,1.0,0.0,0.0,1.0,0.0,0.0,1.0,4.0,1.0,0.0,0.0,0.7414959239228995,1.0,0.0,0.0,1.0,0.0,0.0,1.0,0.0,0.0
9802-CAQUT,0,1.6137012404433893,1.4885815022298807,2.472392300554974,1.0,0.0,0.0,1.0,0.0,1.0,0.0,1.0,0.0,0.0,1.0,0.0,1.0,0.0,0.0,0.0,1.0,0.0,0.0,1.0,0.0,0.0,1.0,1.0,0.0,0.0,0.0,0.0,1.0,0.0,0.0,1.0,0.0,0.0,1.0,1.0,0.0,0.0,1.0,0.0,0.0,1.0,0.0,8.0,0.0,1.0,0.0,1.5321251781870393,0.0,1.0,0.0,0.0,1.0,0.0,0.0,1.0,0.0
1254-IZEYF,1,-0.055833672077855064,1.1695164781979852,0.3985465021044594,1.0,0.0,1.0,0.0,1.0,0.0,0.0,1.0,0.0,0.0,1.0,0.0,1.0,0.0,1.0,0.0,0.0,0.0,0.0,1.0,1.0,0.0,0.0,1.0,0.0,0.0,0.0,0.0,1.0,0.0,0.0,1.0,1.0,0.0,0.0,0.0,1.0,0.0,0.0,1.0,0.0,0.0,1.0,6.0,0.0,0.0,1.0,-7.138102999006083,0.0,0.0,1.0,0.0,0.0,1.0,0.0,0.0,1.0
0187-WZNAB,0,-0.21871512695797646,0.32033821111309646,-0.13718743676684644,1.0,0.0,0.0,1.0,0.0,1.0,0.0,1.0,1.0,0.0,0.0,0.0,1.0,0.0,0.0,0.0,1.0,1.0,0.0,0.0,1.0,0.0,0.0,1.0,0.0,0.0,1.0,0.0,0.0,1.0,0.0,0.0,1.0,0.0,0.0,1.0,0.0,0.0,0.0,0.0,1.0,1.0,0.0,3.0,0.0,0.0,1.0,0.6272425628484554,0.0,0.0,1.0,0.0,0.0,1.0,0.0,0.0,1.0
9492-TOKRI,0,-0.5851984004382496,0.8388188751649267,-0.33351585873648415,1.0,0.0,1.0,0.0,1.0,0.0,0.0,1.0,0.0,0.0,1.0,0.0,1.0,0.0,1.0,0.0,0.0,0.0,0.0,1.0,1.0,0.0,0.0,1.0,0.0,0.0,0.0,0.0,1.0,1.0,0.0,0.0,1.0,0.0,0.0,0.0,1.0,0.0,1.0,0.0,0.0,0.0,1.0,5.0,1.0,0.0,0.0,0.5699192931606055,1.0,0.0,0.0,1.0,0.0,0.0,1.0,0.0,0.0
1475-VWVDO,0,-1.0331224013585834,0.33695618111475767,-0.7909390225524849,0.0,1.0,1.0,0.0,1.0,0.0,0.0,1.0,1.0,0.0,0.0,0.0,1.0,0.0,1.0,0.0,0.0,1.0,0.0,0.0,0.0,0.0,1.0,1.0,0.0,0.0,1.0,0.0,0.0,1.0,0.0,0.0,1.0,0.0,0.0,0.0,1.0,0.0,0.0,1.0,0.0,1.0,0.0,3.0,1.0,0.0,0.0,0.7655811368646921,1.0,0.0,0.0,1.0,0.0,0.0,1.0,0.0,0.0
9221-OTIVJ,1,-0.748079855318371,1.332372584214265,-0.3317290495028278,1.0,0.0,1.0,0.0,1.0,0.0,0.0,1.0,0.0,0.0,1.0,0.0,1.0,0.0,1.0,0.0,0.0,0.0,0.0,1.0,0.0,0.0,1.0,1.0,0.0,0.0,0.0,0.0,1.0,0.0,0.0,1.0,1.0,0.0,0.0,0.0,1.0,0.0,0.0,1.0,0.0,0.0,1.0,7.0,1.0,0.0,0.0,0.44344069305495354,1.0,0.0,0.0,1.0,0.0,0.0,1.0,0.0,0.0
1357-MVDOZ,0,-0.8702409464784621,-0.1698919039359101,-0.7059221980276553,0.0,1.0,0.0,1.0,0.0,1.0,0.0,1.0,1.0,0.0,0.0,1.0,0.0,0.0,1.0,0.0,0.0,1.0,0.0,0.0,0.0,0.0,1.0,1.0,0.0,0.0,0.0,0.0,1.0,1.0,0.0,0.0,1.0,0.0,0.0,0.0,1.0,1.0,0.0,0.0,0.0,1.0,0.0,4.0,1.0,0.0,0.0,0.8111801689914236,1.0,0.0,0.0,1.0,0.0,0.0,1.0,0.0,0.0
7602-MVRMB,0,1.6137012404433893,1.5184938482328711,2.5481000695661873,1.0,0.0,0.0,1.0,0.0,1.0,0.0,1.0,0.0,0.0,1.0,0.0,1.0,0.0,0.0,0.0,1.0,1.0,0.0,0.0,0.0,0.0,1.0,0.0,0.0,1.0,0.0,0.0,1.0,0.0,0.0,1.0,0.0,0.0,1.0,0.0,1.0,1.0,0.0,0.0,0.0,1.0,0.0,8.0,0.0,1.0,0.0,1.5790407825838058,0.0,1.0,0.0,0.0,1.0,0.0,0.0,1.0,0.0
3325-FUYCG,0,-0.1779947632379461,1.3739175092184182,0.2488736545691794,0.0,1.0,0.0,1.0,0.0,1.0,0.0,1.0,0.0,0.0,1.0,0.0,1.0,0.0,0.0,0.0,1.0,0.0,0.0,1.0,1.0,0.0,0.0,1.0,0.0,0.0,0.0,0.0,1.0,0.0,0.0,1.0,0.0,1.0,0.0,1.0,0.0,0.0,0.0,1.0,0.0,0.0,1.0,7.0,0.0,0.0,1.0,-1.3982077339909227,0.0,0.0,1.0,0.0,0.0,1.0,0.0,0.0,1.0
5908-QMGOE,1,-0.7073594915983407,0.31369102311243185,-0.5071010668802008,0.0,1.0,1.0,0.0,1.0,0.0,0.0,1.0,0.0,0.0,1.0,0.0,1.0,0.0,1.0,0.0,0.0,1.0,0.0,0.0,1.0,0.0,0.0,1.0,0.0,0.0,1.0,0.0,0.0,1.0,0.0,0.0,1.0,0.0,0.0,0.0,1.0,0.0,1.0,0.0,0.0,0.0,1.0,3.0,1.0,0.0,0.0,0.716892998402215,1.0,0.0,0.0,1.0,0.0,0.0,1.0,0.0,0.0
1197-BVMVG,1,-1.1552834925186746,0.32200000811326246,-0.8774558844586555,1.0,0.0,1.0,0.0,1.0,0.0,0.0,1.0,0.0,0.0,1.0,0.0,1.0,0.0,1.0,0.0,0.0,1.0,0.0,0.0,1.0,0.0,0.0,1.0,0.0,0.0,1.0,0.0,0.0,1.0,0.0,0.0,1.0,0.0,0.0,0.0,1.0,0.0,0.0,1.0,0.0,1.0,0.0,3.0,1.0,0.0,0.0,0.7595156428191342,1.0,0.0,0.0,1.0,0.0,0.0,1.0,0.0,0.0
5406-KGRMX,0,1.5729808767233588,-1.3364733980525287,-0.2488961029302447,1.0,0.0,1.0,0.0,1.0,0.0,0.0,1.0,0.0,0.0,1.0,0.0,0.0,1.0,0.0,1.0,0.0,0.0,1.0,0.0,0.0,1.0,0.0,0.0,1.0,0.0,0.0,1.0,0.0,0.0,1.0,0.0,0.0,0.0,1.0,1.0,0.0,0.0,0.0,1.0,0.0,1.0,0.0,2.0,0.0,1.0,0.0,-0.15823212259815553,0.0,1.0,0.0,0.0,1.0,0.0,0.0,1.0,0.0
8481-YYXWG,0,-1.1145631287986442,0.8172155141627669,-0.8036672809206288,1.0,0.0,1.0,0.0,1.0,0.0,0.0,1.0,1.0,0.0,0.0,0.0,1.0,0.0,1.0,0.0,0.0,0.0,0.0,1.0,1.0,0.0,0.0,0.0,0.0,1.0,1.0,0.0,0.0,0.0,0.0,1.0,1.0,0.0,0.0,0.0,1.0,0.0,0.0,1.0,0.0,0.0,1.0,5.0,1.0,0.0,0.0,0.7210603510515181,1.0,0.0,0.0,1.0,0.0,0.0,1.0,0.0,0.0
5968-HYJRZ,0,0.5956921474426305,-1.3364733980525287,-0.4953875396817876,0.0,1.0,0.0,1.0,0.0,1.0,0.0,1.0,0.0,0.0,1.0,0.0,0.0,1.0,0.0,1.0,0.0,0.0,1.0,0.0,0.0,1.0,0.0,0.0,1.0,0.0,0.0,1.0,0.0,0.0,1.0,0.0,0.0,0.0,1.0,1.0,0.0,0.0,0.0,0.0,1.0,1.0,0.0,2.0,0.0,1.0,0.0,-0.8316167030378674,0.0,1.0,0.0,0.0,1.0,0.0,0.0,1.0,0.0
5198-EFNBM,1,1.002895784642934,0.8604222361670865,1.2867230474711473,0.0,1.0,0.0,1.0,1.0,0.0,0.0,1.0,1.0,0.0,0.0,0.0,1.0,0.0,1.0,0.0,0.0,0.0,0.0,1.0,0.0,0.0,1.0,1.0,0.0,0.0,0.0,0.0,1.0,1.0,0.0,0.0,0.0,1.0,0.0,0.0,1.0,0.0,0.0,1.0,0.0,1.0,0.0,5.0,0.0,1.0,0.0,1.2830077333800598,0.0,1.0,0.0,0.0,1.0,0.0,0.0,1.0,0.0
7516-GMHUV,1,0.7178532386027215,1.3390197722149297,1.270619704994986,0.0,1.0,0.0,1.0,1.0,0.0,0.0,1.0,0.0,0.0,1.0,0.0,1.0,0.0,0.0,0.0,1.0,1.0,0.0,0.0,0.0,0.0,1.0,1.0,0.0,0.0,0.0,0.0,1.0,0.0,0.0,1.0,0.0,0.0,1.0,0.0,1.0,0.0,1.0,0.0,0.0,1.0,0.0,7.0,0.0,1.0,0.0,1.7700271262524452,0.0,1.0,0.0,0.0,1.0,0.0,0.0,1.0,0.0
7140-ADSMJ,0,-0.9924020376385531,-1.4727407520661506,-0.9357588079716614,0.0,1.0,1.0,0.0,1.0,0.0,0.0,1.0,1.0,0.0,0.0,0.0,0.0,1.0,0.0,1.0,0.0,0.0,1.0,0.0,0.0,1.0,0.0,0.0,1.0,0.0,0.0,1.0,0.0,0.0,1.0,0.0,1.0,0.0,0.0,0.0,1.0,0.0,1.0,0.0,0.0,1.0,0.0,1.0,1.0,0.0,0.0,0.942923102212007,1.0,0.0,0.0,1.0,0.0,0.0,1.0,0.0,0.0
2230-XTUWL,0,0.6364125111626608,-1.502653098069141,-0.6176405862610834,1.0,0.0,0.0,1.0,0.0,1.0,0.0,1.0,1.0,0.0,0.0,0.0,0.0,1.0,0.0,1.0,0.0,0.0,1.0,0.0,0.0,1.0,0.0,0.0,1.0,0.0,0.0,1.0,0.0,0.0,1.0,0.0,0.0,0.0,1.0,1.0,0.0,0.0,0.0,0.0,1.0,1.0,0.0,1.0,0.0,1.0,0.0,-0.9705035262941594,0.0,1.0,0.0,0.0,1.0,0.0,0.0,1.0,0.0
7706-YLMQA,0,1.5322605130033284,-1.4976677070686424,-0.4155105491253766,1.0,0.0,1.0,0.0,1.0,0.0,0.0,1.0,1.0,0.0,0.0,0.0,0.0,1.0,0.0,1.0,0.0,0.0,1.0,0.0,0.0,1.0,0.0,0.0,1.0,0.0,0.0,1.0,0.0,0.0,1.0,0.0,0.0,1.0,0.0,1.0,0.0,1.0,0.0,0.0,0.0,1.0,0.0,1.0,0.0,1.0,0.0,-0.27117487241836535,0.0,1.0,0.0,0.0,1.0,0.0,0.0,1.0,0.0
2585-KTFRE,0,-1.2774445836787656,0.18905624809997262,-0.976281876641125,0.0,1.0,1.0,0.0,0.0,1.0,0.0,1.0,1.0,0.0,0.0,1.0,0.0,0.0,0.0,0.0,1.0,0.0,0.0,1.0,1.0,0.0,0.0,0.0,0.0,1.0,1.0,0.0,0.0,0.0,0.0,1.0,1.0,0.0,0.0,0.0,1.0,1.0,0.0,0.0,0.0,1.0,0.0,6.0,1.0,0.0,0.0,0.7642459713044015,1.0,0.0,0.0,1.0,0.0,0.0,1.0,0.0,0.0
7994-UYIVZ,0,-0.9924020376385531,0.6942425361504742,-0.7164224596970427,0.0,1.0,0.0,1.0,1.0,0.0,0.0,1.0,0.0,0.0,1.0,0.0,1.0,0.0,1.0,0.0,0.0,1.0,0.0,0.0,1.0,0.0,0.0,1.0,0.0,0.0,1.0,0.0,0.0,0.0,0.0,1.0,1.0,0.0,0.0,0.0,1.0,1.0,0.0,0.0,0.0,1.0,0.0,4.0,1.0,0.0,0.0,0.7219074856010865,1.0,0.0,0.0,1.0,0.0,0.0,1.0,0.0,0.0
2609-IAICY,0,-1.2774445836787656,0.4117370461222332,-0.9733259206249528,1.0,0.0,1.0,0.0,1.0,0.0,0.0,1.0,0.0,0.0,1.0,0.0,1.0,0.0,1.0,0.0,0.0,1.0,0.0,0.0,1.0,0.0,0.0,1.0,0.0,0.0,1.0,0.0,0.0,1.0,0.0,0.0,1.0,0.0,0.0,0.0,1.0,0.0,0.0,1.0,0.0,0.0,1.0,3.0,1.0,0.0,0.0,0.7619320110325127,1.0,0.0,0.0,1.0,0.0,0.0,1.0,0.0,0.0
1740-CSDJP,0,-1.2774445836787656,-0.9808488400169781,-0.9918116754126558,0.0,1.0,1.0,0.0,1.0,0.0,1.0,0.0,0.0,1.0,0.0,1.0,0.0,0.0,1.0,0.0,0.0,1.0,0.0,0.0,1.0,0.0,0.0,1.0,0.0,0.0,1.0,0.0,0.0,0.0,0.0,1.0,1.0,0.0,0.0,0.0,1.0,1.0,0.0,0.0,0.0,0.0,1.0,2.0,1.0,0.0,0.0,0.7764028969119361,1.0,0.0,0.0,1.0,0.0,0.0,1.0,0.0,0.0
7717-BICXI,0,1.125056875803025,-1.4694171580658184,-0.47571057873831385,0.0,1.0,0.0,1.0,0.0,1.0,0.0,1.0,1.0,0.0,0.0,0.0,0.0,1.0,0.0,1.0,0.0,0.0,1.0,0.0,0.0,1.0,0.0,0.0,1.0,0.0,0.0,1.0,0.0,0.0,1.0,0.0,0.0,0.0,1.0,1.0,0.0,0.0,0.0,0.0,1.0,1.0,0.0,1.0,0.0,1.0,0.0,-0.4228324709350972,0.0,1.0,0.0,0.0,1.0,0.0,0.0,1.0,0.0
6559-RAKOZ,0,0.6771328748826912,1.1030445981913404,1.16235230105937,0.0,1.0,0.0,1.0,0.0,1.0,0.0,1.0,0.0,0.0,1.0,0.0,1.0,0.0,1.0,0.0,0.0,1.0,0.0,0.0,1.0,0.0,0.0,0.0,0.0,1.0,0.0,0.0,1.0,0.0,0.0,1.0,0.0,1.0,0.0,0.0,1.0,0.0,0.0,1.0,0.0,1.0,0.0,6.0,0.0,1.0,0.0,1.716579336457028,0.0,1.0,0.0,0.0,1.0,0.0,0.0,1.0,0.0
2636-OHFMN,0,-1.1552834925186746,-0.5388108379727895,-0.9186848530722795,0.0,1.0,0.0,1.0,1.0,0.0,1.0,0.0,0.0,1.0,0.0,1.0,0.0,0.0,1.0,0.0,0.0,0.0,0.0,1.0,1.0,0.0,0.0,1.0,0.0,0.0,0.0,0.0,1.0,0.0,0.0,1.0,1.0,0.0,0.0,0.0,1.0,0.0,0.0,1.0,0.0,0.0,1.0,4.0,1.0,0.0,0.0,0.7952029601577896,1.0,0.0,0.0,1.0,0.0,0.0,1.0,0.0,0.0
4716-MRVEN,0,-0.13727439951791576,-1.4876969250676457,-0.7429598857228262,1.0,0.0,1.0,0.0,1.0,0.0,0.0,1.0,1.0,0.0,0.0,0.0,0.0,1.0,0.0,1.0,0.0,0.0,1.0,0.0,0.0,1.0,0.0,0.0,1.0,0.0,0.0,1.0,0.0,0.0,1.0,0.0,0.0,1.0,0.0,1.0,0.0,0.0,0.0,0.0,1.0,1.0,0.0,1.0,0.0,0.0,1.0,5.412224626965949,0.0,0.0,1.0,0.0,0.0,1.0,0.0,0.0,1.0
2143-LJULT,0,1.4100994218432374,-1.3132082400502028,-0.24271947841884037,1.0,0.0,0.0,1.0,1.0,0.0,0.0,1.0,0.0,0.0,1.0,0.0,0.0,1.0,0.0,1.0,0.0,0.0,1.0,0.0,0.0,1.0,0.0,0.0,1.0,0.0,0.0,1.0,0.0,0.0,1.0,0.0,0.0,0.0,1.0,0.0,1.0,0.0,1.0,0.0,0.0,1.0,0.0,2.0,0.0,1.0,0.0,-0.17212933688148396,0.0,1.0,0.0,0.0,1.0,0.0,0.0,1.0,0.0
1323-OOEPC,0,0.8400143297628127,1.1180007711928355,1.2645313179766018,1.0,0.0,0.0,1.0,1.0,0.0,0.0,1.0,0.0,0.0,1.0,0.0,1.0,0.0,1.0,0.0,0.0,0.0,0.0,1.0,1.0,0.0,0.0,1.0,0.0,0.0,0.0,0.0,1.0,0.0,0.0,1.0,1.0,0.0,0.0,0.0,1.0,0.0,1.0,0.0,0.0,0.0,1.0,6.0,0.0,1.0,0.0,1.5053687457137264,0.0,1.0,0.0,0.0,1.0,0.0,0.0,1.0,0.0
3200-MNQTF,0,1.4100994218432374,0.20401242110146783,1.0561143594632156,0.0,1.0,0.0,1.0,1.0,0.0,0.0,1.0,0.0,0.0,1.0,1.0,0.0,0.0,0.0,0.0,1.0,0.0,0.0,1.0,0.0,0.0,1.0,0.0,0.0,1.0,1.0,0.0,0.0,1.0,0.0,0.0,0.0,0.0,1.0,1.0,0.0,0.0,1.0,0.0,0.0,1.0,0.0,7.0,0.0,1.0,0.0,0.748964465273446,0.0,1.0,0.0,0.0,1.0,0.0,0.0,1.0,0.0
6164-HXUGH,0,-1.0738427650786138,-1.4926823160681442,-0.9547298689709747,1.0,0.0,0.0,1.0,0.0,1.0,0.0,1.0,1.0,0.0,0.0,0.0,0.0,1.0,0.0,1.0,0.0,0.0,1.0,0.0,0.0,1.0,0.0,0.0,1.0,0.0,0.0,1.0,0.0,0.0,1.0,0.0,1.0,0.0,0.0,1.0,0.0,0.0,0.0,0.0,1.0,1.0,0.0,1.0,1.0,0.0,0.0,0.8890778985702631,1.0,0.0,0.0,1.0,0.0,0.0,1.0,0.0,0.0
5630-IXDXV,0,0.5956921474426305,1.3822264942192488,1.131998603460469,1.0,0.0,1.0,0.0,1.0,0.0,0.0,1.0,0.0,0.0,1.0,0.0,1.0,0.0,1.0,0.0,0.0,0.0,0.0,1.0,0.0,0.0,1.0,1.0,0.0,0.0,0.0,0.0,1.0,0.0,0.0,1.0,1.0,0.0,0.0,0.0,1.0,0.0,0.0,1.0,0.0,1.0,0.0,7.0,0.0,1.0,0.0,1.9003080841677347,0.0,1.0,0.0,0.0,1.0,0.0,0.0,1.0,0.0
0320-DWVTU,0,0.8400143297628127,1.15456030519649,1.3857475740129117,1.0,0.0,1.0,0.0,1.0,0.0,0.0,1.0,1.0,0.0,0.0,0.0,1.0,0.0,0.0,0.0,1.0,0.0,0.0,1.0,0.0,0.0,1.0,0.0,0.0,1.0,1.0,0.0,0.0,0.0,0.0,1.0,0.0,0.0,1.0,1.0,0.0,0.0,0.0,0.0,1.0,1.0,0.0,7.0,0.0,1.0,0.0,1.649671350730639,0.0,1.0,0.0,0.0,1.0,0.0,0.0,1.0,0.0
9135-MGVPY,0,1.4915401492832983,0.6626683931473177,1.5863334550207673,0.0,1.0,0.0,1.0,1.0,0.0,0.0,1.0,1.0,0.0,0.0,1.0,0.0,0.0,0.0,0.0,1.0,0.0,0.0,1.0,0.0,0.0,1.0,0.0,0.0,1.0,0.0,0.0,1.0,0.0,0.0,1.0,0.0,0.0,1.0,0.0,1.0,0.0,0.0,0.0,1.0,1.0,0.0,8.0,0.0,1.0,0.0,1.0635539752537122,0.0,1.0,0.0,0.0,1.0,0.0,0.0,1.0,0.0
1212-GLHMD,0,-1.1960038562387048,0.7075369121518029,-0.899338782727631,0.0,1.0,1.0,0.0,1.0,0.0,0.0,1.0,1.0,0.0,0.0,0.0,1.0,0.0,0.0,0.0,1.0,1.0,0.0,0.0,1.0,0.0,0.0,1.0,0.0,0.0,1.0,0.0,0.0,0.0,0.0,1.0,1.0,0.0,0.0,0.0,1.0,0.0,0.0,0.0,1.0,1.0,0.0,4.0,1.0,0.0,0.0,0.7519530794457039,1.0,0.0,0.0,1.0,0.0,0.0,1.0,0.0,0.0
7878-JGDKK,0,-1.1552834925186746,-0.6717545979860794,-0.9099714006365484,0.0,1.0,1.0,0.0,1.0,0.0,0.0,1.0,1.0,0.0,0.0,1.0,0.0,0.0,1.0,0.0,0.0,1.0,0.0,0.0,1.0,0.0,0.0,1.0,0.0,0.0,1.0,0.0,0.0,1.0,0.0,0.0,1.0,0.0,0.0,1.0,0.0,0.0,0.0,0.0,1.0,1.0,0.0,2.0,1.0,0.0,0.0,0.7876606967288067,1.0,0.0,0.0,1.0,0.0,0.0,1.0,0.0,0.0
1088-AUUZZ,0,0.9621754209229036,0.36853032411791364,0.8726244927279968,0.0,1.0,0.0,1.0,0.0,1.0,0.0,1.0,0.0,0.0,1.0,1.0,0.0,0.0,0.0,0.0,1.0,0.0,0.0,1.0,1.0,0.0,0.0,0.0,0.0,1.0,1.0,0.0,0.0,0.0,0.0,1.0,0.0,0.0,1.0,0.0,1.0,0.0,1.0,0.0,0.0,1.0,0.0,7.0,0.0,1.0,0.0,0.9069286886283054,0.0,1.0,0.0,0.0,1.0,0.0,0.0,1.0,0.0
0397-GZBBC,1,1.0843365120829946,0.966777244177718,1.4521462875105082,0.0,1.0,0.0,1.0,1.0,0.0,0.0,1.0,0.0,0.0,1.0,0.0,1.0,0.0,1.0,0.0,0.0,1.0,0.0,0.0,1.0,0.0,0.0,1.0,0.0,0.0,0.0,0.0,1.0,0.0,0.0,1.0,1.0,0.0,0.0,0.0,1.0,1.0,0.0,0.0,0.0,0.0,1.0,5.0,0.0,1.0,0.0,1.339202610378725,0.0,1.0,0.0,0.0,1.0,0.0,0.0,1.0,0.0
6614-YWYSC,1,1.1657772395230555,-1.3215172250510334,-0.344810257843052,0.0,1.0,0.0,1.0,1.0,0.0,0.0,1.0,0.0,0.0,1.0,0.0,0.0,1.0,0.0,1.0,0.0,0.0,1.0,0.0,0.0,1.0,0.0,0.0,1.0,0.0,0.0,1.0,0.0,0.0,1.0,0.0,0.0,0.0,1.0,1.0,0.0,1.0,0.0,0.0,0.0,1.0,0.0,2.0,0.0,1.0,0.0,-0.29577714005132005,0.0,1.0,0.0,0.0,1.0,0.0,0.0,1.0,0.0
9588-OZDMQ,0,-1.2367242199587352,-0.6567984249845842,-0.967766958564689,1.0,0.0,0.0,1.0,1.0,0.0,0.0,1.0,1.0,0.0,0.0,1.0,0.0,0.0,1.0,0.0,0.0,1.0,0.0,0.0,1.0,0.0,0.0,1.0,0.0,0.0,1.0,0.0,0.0,1.0,0.0,0.0,1.0,0.0,0.0,0.0,1.0,0.0,0.0,1.0,0.0,1.0,0.0,2.0,1.0,0.0,0.0,0.7825244649910549,1.0,0.0,0.0,1.0,0.0,0.0,1.0,0.0,0.0
7641-EUYET,1,0.5549717837226001,1.1944434332004772,0.9961569829560833,0.0,1.0,0.0,1.0,0.0,1.0,0.0,1.0,0.0,0.0,1.0,0.0,1.0,0.0,0.0,0.0,1.0,0.0,0.0,1.0,0.0,0.0,1.0,1.0,0.0,0.0,0.0,0.0,1.0,1.0,0.0,0.0,1.0,0.0,0.0,0.0,1.0,0.0,0.0,1.0,0.0,0.0,1.0,7.0,0.0,1.0,0.0,1.7949687032269146,0.0,1.0,0.0,0.0,1.0,0.0,0.0,1.0,0.0
6476-EPYZR,0,-0.8295205827584317,-1.4710789550659844,-0.8946401362243126,0.0,1.0,0.0,1.0,0.0,1.0,0.0,1.0,1.0,0.0,0.0,0.0,0.0,1.0,0.0,1.0,0.0,0.0,1.0,0.0,0.0,1.0,0.0,0.0,1.0,0.0,0.0,1.0,0.0,0.0,1.0,0.0,1.0,0.0,0.0,1.0,0.0,0.0,0.0,0.0,1.0,1.0,0.0,1.0,1.0,0.0,0.0,1.0785026373297897,1.0,0.0,0.0,1.0,0.0,0.0,1.0,0.0,0.0
9921-ZVRHG,0,-0.748079855318371,0.5214156481331973,-0.53441057096991,1.0,0.0,1.0,0.0,1.0,0.0,0.0,1.0,0.0,0.0,1.0,0.0,1.0,0.0,1.0,0.0,0.0,1.0,0.0,0.0,0.0,0.0,1.0,1.0,0.0,0.0,1.0,0.0,0.0,1.0,0.0,0.0,1.0,0.0,0.0,0.0,1.0,0.0,0.0,1.0,0.0,0.0,1.0,4.0,1.0,0.0,0.0,0.7143763692747391,1.0,0.0,0.0,1.0,0.0,0.0,1.0,0.0,0.0
1174-FGIFN,0,-0.1779947632379461,0.8537750481664219,0.09968611324550973,1.0,0.0,0.0,1.0,0.0,1.0,0.0,1.0,0.0,0.0,1.0,0.0,1.0,0.0,1.0,0.0,0.0,1.0,0.0,0.0,1.0,0.0,0.0,0.0,0.0,1.0,1.0,0.0,0.0,0.0,0.0,1.0,0.0,1.0,0.0,0.0,1.0,0.0,0.0,1.0,0.0,1.0,0.0,5.0,0.0,0.0,1.0,-0.5600508207775069,0.0,0.0,1.0,0.0,0.0,1.0,0.0,0.0,1.0
6620-HVDUJ,0,-0.3408762181180675,-0.143303151933252,-0.3717226932141709,0.0,1.0,1.0,0.0,1.0,0.0,0.0,1.0,1.0,0.0,0.0,1.0,0.0,0.0,0.0,0.0,1.0,0.0,0.0,1.0,1.0,0.0,0.0,0.0,0.0,1.0,1.0,0.0,0.0,1.0,0.0,0.0,1.0,0.0,0.0,1.0,0.0,1.0,0.0,0.0,0.0,1.0,0.0,5.0,0.0,0.0,1.0,1.090491719447026,0.0,0.0,1.0,0.0,0.0,1.0,0.0,0.0,1.0
4701-MLJPN,0,-0.055833672077855064,-0.3161300399505289,-0.2504402590580958,0.0,1.0,1.0,0.0,1.0,0.0,0.0,1.0,1.0,0.0,0.0,1.0,0.0,0.0,1.0,0.0,0.0,1.0,0.0,0.0,0.0,0.0,1.0,0.0,0.0,1.0,1.0,0.0,0.0,1.0,0.0,0.0,1.0,0.0,0.0,0.0,1.0,0.0,0.0,1.0,0.0,0.0,1.0,4.0,0.0,0.0,1.0,4.4854699635173425,0.0,0.0,1.0,0.0,0.0,1.0,0.0,0.0,1.0
1032-MAELW,0,1.4508197855632678,0.45494376812655235,1.3456436334352937,1.0,0.0,0.0,1.0,0.0,1.0,0.0,1.0,0.0,0.0,1.0,1.0,0.0,0.0,0.0,0.0,1.0,0.0,0.0,1.0,0.0,0.0,1.0,0.0,0.0,1.0,1.0,0.0,0.0,0.0,0.0,1.0,0.0,1.0,0.0,0.0,1.0,0.0,0.0,1.0,0.0,1.0,0.0,8.0,0.0,1.0,0.0,0.9275057087209901,0.0,1.0,0.0,0.0,1.0,0.0,0.0,1.0,0.0
7641-TQFHN,0,0.26992923768238775,1.1894580421999785,0.7112160586210486,0.0,1.0,1.0,0.0,0.0,1.0,0.0,1.0,0.0,0.0,1.0,0.0,1.0,0.0,1.0,0.0,0.0,1.0,0.0,0.0,1.0,0.0,0.0,0.0,0.0,1.0,0.0,0.0,1.0,0.0,0.0,1.0,0.0,0.0,1.0,1.0,0.0,0.0,0.0,0.0,1.0,1.0,0.0,6.0,0.0,0.0,1.0,2.6348240921492954,0.0,0.0,1.0,0.0,0.0,1.0,0.0,0.0,1.0
1552-TKMXS,0,0.3920903288424788,-1.4760643460664828,-0.6235745576666825,1.0,0.0,0.0,1.0,1.0,0.0,0.0,1.0,1.0,0.0,0.0,0.0,0.0,1.0,0.0,1.0,0.0,0.0,1.0,0.0,0.0,1.0,0.0,0.0,1.0,0.0,0.0,1.0,0.0,0.0,1.0,0.0,1.0,0.0,0.0,1.0,0.0,0.0,1.0,0.0,0.0,1.0,0.0,1.0,0.0,0.0,1.0,-1.590384949069228,0.0,0.0,1.0,0.0,0.0,1.0,0.0,0.0,1.0
9206-GVPEQ,0,-0.7888002190384014,-0.3427187919531868,-0.695510173851288,0.0,1.0,0.0,1.0,1.0,0.0,1.0,0.0,0.0,1.0,0.0,1.0,0.0,0.0,0.0,0.0,1.0,1.0,0.0,0.0,1.0,0.0,0.0,0.0,0.0,1.0,0.0,0.0,1.0,0.0,0.0,1.0,1.0,0.0,0.0,0.0,1.0,0.0,0.0,1.0,0.0,0.0,1.0,5.0,1.0,0.0,0.0,0.8817317199774107,1.0,0.0,0.0,1.0,0.0,0.0,1.0,0.0,0.0
8622-ZLFKO,0,-1.0738427650786138,0.8637458301674186,-0.7813652545598082,1.0,0.0,0.0,1.0,1.0,0.0,0.0,1.0,0.0,0.0,1.0,0.0,1.0,0.0,1.0,0.0,0.0,0.0,0.0,1.0,1.0,0.0,0.0,1.0,0.0,0.0,1.0,0.0,0.0,0.0,0.0,1.0,1.0,0.0,0.0,0.0,1.0,0.0,0.0,1.0,0.0,1.0,0.0,5.0,1.0,0.0,0.0,0.7276346965960199,1.0,0.0,0.0,1.0,0.0,0.0,1.0,0.0,0.0
1596-BBVTG,0,0.10704778280226633,0.35191235411625243,0.15562868382022904,0.0,1.0,1.0,0.0,1.0,0.0,0.0,1.0,0.0,0.0,1.0,0.0,1.0,0.0,1.0,0.0,0.0,1.0,0.0,0.0,1.0,0.0,0.0,1.0,0.0,0.0,1.0,0.0,0.0,1.0,0.0,0.0,1.0,0.0,0.0,1.0,0.0,0.0,1.0,0.0,0.0,0.0,1.0,3.0,0.0,0.0,1.0,1.4538244487295835,0.0,0.0,1.0,0.0,0.0,1.0,0.0,0.0,1.0
6188-UXBBR,0,0.22920887396235737,-1.479387940066815,-0.6479060463669646,1.0,0.0,0.0,1.0,1.0,0.0,0.0,1.0,1.0,0.0,0.0,0.0,0.0,1.0,0.0,1.0,0.0,0.0,1.0,0.0,0.0,1.0,0.0,0.0,1.0,0.0,0.0,1.0,0.0,0.0,1.0,0.0,0.0,1.0,0.0,0.0,1.0,0.0,1.0,0.0,0.0,1.0,0.0,1.0,0.0,0.0,1.0,-2.826705769137757,0.0,0.0,1.0,0.0,0.0,1.0,0.0,0.0,1.0
2333-KWEWW,0,-0.5851984004382496,-1.4860351280674797,-0.8359180846194615,0.0,1.0,1.0,0.0,1.0,0.0,0.0,1.0,1.0,0.0,0.0,0.0,0.0,1.0,0.0,1.0,0.0,0.0,1.0,0.0,0.0,1.0,0.0,0.0,1.0,0.0,0.0,1.0,0.0,0.0,1.0,0.0,0.0,0.0,1.0,1.0,0.0,0.0,1.0,0.0,0.0,1.0,0.0,1.0,1.0,0.0,0.0,1.4284353545625728,1.0,0.0,0.0,1.0,0.0,0.0,1.0,0.0,0.0
5702-SKUOB,0,-1.1552834925186746,-1.5009913010689746,-0.9661345649438179,1.0,0.0,0.0,1.0,1.0,0.0,0.0,1.0,1.0,0.0,0.0,0.0,0.0,1.0,0.0,1.0,0.0,0.0,1.0,0.0,0.0,1.0,0.0,0.0,1.0,0.0,0.0,1.0,0.0,0.0,1.0,0.0,1.0,0.0,0.0,1.0,0.0,0.0,0.0,0.0,1.0,1.0,0.0,1.0,1.0,0.0,0.0,0.8362748807546048,1.0,0.0,0.0,1.0,0.0,0.0,1.0,0.0,0.0
1134-YWTYF,0,-0.21871512695797646,-0.3643221529553466,-0.3941791351877767,0.0,1.0,0.0,1.0,1.0,0.0,0.0,1.0,1.0,0.0,0.0,1.0,0.0,0.0,1.0,0.0,0.0,0.0,0.0,1.0,1.0,0.0,0.0,0.0,0.0,1.0,1.0,0.0,0.0,1.0,0.0,0.0,1.0,0.0,0.0,0.0,1.0,0.0,0.0,1.0,0.0,1.0,0.0,4.0,0.0,0.0,1.0,1.8022490747222693,0.0,0.0,1.0,0.0,0.0,1.0,0.0,0.0,1.0
6061-GWWAV,0,0.35136996512244845,0.18074726309914202,0.269675643548659,0.0,1.0,1.0,0.0,0.0,1.0,0.0,1.0,1.0,0.0,0.0,1.0,0.0,0.0,0.0,0.0,1.0,0.0,0.0,1.0,0.0,0.0,1.0,1.0,0.0,0.0,0.0,0.0,1.0,1.0,0.0,0.0,0.0,1.0,0.0,1.0,0.0,0.0,0.0,0.0,1.0,1.0,0.0,6.0,0.0,0.0,1.0,0.7674977098702221,0.0,0.0,1.0,0.0,0.0,1.0,0.0,0.0,1.0
0679-TDGAK,0,0.7178532386027215,0.356897745116751,0.7686807259503639,0.0,1.0,0.0,1.0,0.0,1.0,0.0,1.0,1.0,0.0,0.0,1.0,0.0,0.0,0.0,0.0,1.0,1.0,0.0,0.0,1.0,0.0,0.0,0.0,0.0,1.0,0.0,0.0,1.0,0.0,0.0,1.0,0.0,1.0,0.0,1.0,0.0,0.0,0.0,1.0,0.0,1.0,0.0,6.0,0.0,1.0,0.0,1.070804845077493,0.0,1.0,0.0,0.0,1.0,0.0,0.0,1.0,0.0
6585-WCEWR,0,1.6137012404433893,-1.4760643460664828,-0.4098192308255826,0.0,1.0,0.0,1.0,0.0,1.0,0.0,1.0,1.0,0.0,0.0,0.0,0.0,1.0,0.0,1.0,0.0,0.0,1.0,0.0,0.0,1.0,0.0,0.0,1.0,0.0,0.0,1.0,0.0,0.0,1.0,0.0,0.0,0.0,1.0,1.0,0.0,0.0,0.0,1.0,0.0,1.0,0.0,1.0,0.0,1.0,0.0,-0.2539622704342586,0.0,1.0,0.0,0.0,1.0,0.0,0.0,1.0,0.0
9067-YGSCA,0,1.5322605130033284,-1.286619488047545,-0.18834312334522724,1.0,0.0,1.0,0.0,1.0,0.0,0.0,1.0,0.0,0.0,1.0,0.0,0.0,1.0,0.0,1.0,0.0,0.0,1.0,0.0,0.0,1.0,0.0,0.0,1.0,0.0,0.0,1.0,0.0,0.0,1.0,0.0,0.0,1.0,0.0,1.0,0.0,0.0,1.0,0.0,0.0,1.0,0.0,2.0,0.0,1.0,0.0,-0.12291847355386239,0.0,1.0,0.0,0.0,1.0,0.0,0.0,1.0,0.0
9067-SQTNS,0,0.47353105628253944,-1.4677553610656522,-0.5988239408745551,0.0,1.0,0.0,1.0,0.0,1.0,0.0,1.0,1.0,0.0,0.0,0.0,0.0,1.0,0.0,1.0,0.0,0.0,1.0,0.0,0.0,1.0,0.0,0.0,1.0,0.0,0.0,1.0,0.0,0.0,1.0,0.0,0.0,1.0,0.0,1.0,0.0,1.0,0.0,0.0,0.0,1.0,0.0,1.0,0.0,0.0,1.0,-1.2645927504219656,0.0,0.0,1.0,0.0,0.0,1.0,0.0,0.0,1.0
8433-WXGNA,0,-1.2367242199587352,0.36354493311741554,-0.9238908651604633,0.0,1.0,1.0,0.0,1.0,0.0,0.0,1.0,1.0,0.0,0.0,0.0,1.0,0.0,0.0,0.0,1.0,1.0,0.0,0.0,1.0,0.0,0.0,1.0,0.0,0.0,1.0,0.0,0.0,1.0,0.0,0.0,1.0,0.0,0.0,0.0,1.0,0.0,0.0,1.0,0.0,0.0,1.0,3.0,1.0,0.0,0.0,0.7470467952760641,1.0,0.0,0.0,1.0,0.0,0.0,1.0,0.0,0.0
1776-SPBWV,0,0.06632741908223598,-1.4843733310673135,-0.7064295636125206,1.0,0.0,0.0,1.0,0.0,1.0,0.0,1.0,1.0,0.0,0.0,0.0,0.0,1.0,0.0,1.0,0.0,0.0,1.0,0.0,0.0,1.0,0.0,0.0,1.0,0.0,0.0,1.0,0.0,0.0,1.0,0.0,0.0,1.0,0.0,0.0,1.0,1.0,0.0,0.0,0.0,1.0,0.0,1.0,0.0,0.0,1.0,-10.650641520313863,0.0,0.0,1.0,0.0,0.0,1.0,0.0,0.0,1.0
8735-SDUFN,1,1.6137012404433893,-1.3447823830533592,-0.2226233893835213,1.0,0.0,0.0,1.0,1.0,0.0,0.0,1.0,0.0,0.0,1.0,0.0,0.0,1.0,0.0,1.0,0.0,0.0,1.0,0.0,0.0,1.0,0.0,0.0,1.0,0.0,0.0,1.0,0.0,0.0,1.0,0.0,0.0,0.0,1.0,1.0,0.0,1.0,0.0,0.0,0.0,1.0,0.0,2.0,0.0,1.0,0.0,-0.1379582439450515,0.0,1.0,0.0,0.0,1.0,0.0,0.0,1.0,0.0
9668-PUGNU,0,1.5729808767233588,-1.3381351950526947,-0.2060788594422597,0.0,1.0,0.0,1.0,1.0,0.0,0.0,1.0,0.0,0.0,1.0,0.0,0.0,1.0,0.0,1.0,0.0,0.0,1.0,0.0,0.0,1.0,0.0,0.0,1.0,0.0,0.0,1.0,0.0,0.0,1.0,0.0,0.0,0.0,1.0,0.0,1.0,0.0,0.0,1.0,0.0,1.0,0.0,2.0,0.0,1.0,0.0,-0.13101167502527936,0.0,1.0,0.0,0.0,1.0,0.0,0.0,1.0,0.0
9405-GPBBG,0,1.2879383306831464,1.5201556452330371,2.1115009541029206,1.0,0.0,1.0,0.0,1.0,0.0,0.0,1.0,0.0,0.0,1.0,0.0,1.0,0.0,1.0,0.0,0.0,0.0,0.0,1.0,0.0,0.0,1.0,0.0,0.0,1.0,0.0,0.0,1.0,0.0,0.0,1.0,0.0,0.0,1.0,0.0,1.0,0.0,1.0,0.0,0.0,1.0,0.0,8.0,0.0,1.0,0.0,1.6394425911549206,0.0,1.0,0.0,0.0,1.0,0.0,0.0,1.0,0.0
1926-QUZNN,0,1.6137012404433893,-1.3132082400502028,-0.19504917281475195,1.0,0.0,0.0,1.0,1.0,0.0,0.0,1.0,0.0,0.0,1.0,0.0,0.0,1.0,0.0,1.0,0.0,0.0,1.0,0.0,0.0,1.0,0.0,0.0,1.0,0.0,0.0,1.0,0.0,0.0,1.0,0.0,0.0,0.0,1.0,0.0,1.0,1.0,0.0,0.0,0.0,1.0,0.0,2.0,0.0,1.0,0.0,-0.12087068406860689,0.0,1.0,0.0,0.0,1.0,0.0,0.0,1.0,0.0
3707-GNWHM,0,-1.2774445836787656,0.3153528201125979,-0.9746053642737438,0.0,1.0,1.0,0.0,1.0,0.0,0.0,1.0,0.0,0.0,1.0,0.0,1.0,0.0,1.0,0.0,0.0,1.0,0.0,0.0,1.0,0.0,0.0,1.0,0.0,0.0,1.0,0.0,0.0,1.0,0.0,0.0,1.0,0.0,0.0,0.0,1.0,0.0,0.0,0.0,1.0,0.0,1.0,3.0,1.0,0.0,0.0,0.7629335759263154,1.0,0.0,0.0,1.0,0.0,0.0,1.0,0.0,0.0
7016-NVRIC,1,-0.13727439951791576,0.8421424691652587,0.16473920497455027,0.0,1.0,0.0,1.0,1.0,0.0,0.0,1.0,1.0,0.0,0.0,0.0,1.0,0.0,0.0,0.0,1.0,1.0,0.0,0.0,0.0,0.0,1.0,1.0,0.0,0.0,1.0,0.0,0.0,0.0,0.0,1.0,0.0,1.0,0.0,1.0,0.0,1.0,0.0,0.0,0.0,1.0,0.0,5.0,0.0,0.0,1.0,-1.2000723044725472,0.0,0.0,1.0,0.0,0.0,1.0,0.0,0.0,1.0
5829-NVSQN,0,-0.38159658183809786,0.13255515009432434,-0.2619993706437239,1.0,0.0,0.0,1.0,1.0,0.0,0.0,1.0,1.0,0.0,0.0,1.0,0.0,0.0,0.0,0.0,1.0,1.0,0.0,0.0,0.0,0.0,1.0,0.0,0.0,1.0,1.0,0.0,0.0,0.0,0.0,1.0,0.0,1.0,0.0,0.0,1.0,1.0,0.0,0.0,0.0,1.0,0.0,6.0,0.0,0.0,1.0,0.686587310037499,0.0,0.0,1.0,0.0,0.0,1.0,0.0,0.0,1.0
9565-AXSMR,0,0.7992939660427822,-1.5142856770703037,-0.5420210547428903,0.0,1.0,0.0,1.0,0.0,1.0,0.0,1.0,1.0,0.0,0.0,0.0,0.0,1.0,0.0,1.0,0.0,0.0,1.0,0.0,0.0,1.0,0.0,0.0,1.0,0.0,0.0,1.0,0.0,0.0,1.0,0.0,0.0,0.0,1.0,1.0,0.0,0.0,0.0,0.0,1.0,1.0,0.0,1.0,0.0,1.0,0.0,-0.6781247923418936,0.0,1.0,0.0,0.0,1.0,0.0,0.0,1.0,0.0
8922-LIEGH,1,-0.30015585439803716,0.82884809316393,-0.042243894277259726,1.0,0.0,1.0,0.0,1.0,0.0,0.0,1.0,0.0,0.0,1.0,0.0,1.0,0.0,1.0,0.0,0.0,0.0,0.0,1.0,1.0,0.0,0.0,1.0,0.0,0.0,1.0,0.0,0.0,0.0,0.0,1.0,1.0,0.0,0.0,0.0,1.0,0.0,0.0,1.0,0.0,0.0,1.0,5.0,0.0,0.0,1.0,0.1407398645013268,0.0,0.0,1.0,0.0,0.0,1.0,0.0,0.0,1.0
8869-LIHMK,0,1.2879383306831464,1.6730409692483204,2.228327394861483,1.0,0.0,1.0,0.0,1.0,0.0,0.0,1.0,0.0,0.0,1.0,0.0,1.0,0.0,0.0,0.0,1.0,0.0,0.0,1.0,0.0,0.0,1.0,0.0,0.0,1.0,0.0,0.0,1.0,0.0,0.0,1.0,0.0,0.0,1.0,0.0,1.0,1.0,0.0,0.0,0.0,1.0,0.0,9.0,0.0,1.0,0.0,1.7301506926030663,0.0,1.0,0.0,0.0,1.0,0.0,0.0,1.0,0.0
8245-UMPYT,1,-0.6666391278783103,1.0515288911861906,-0.3097579137408324,1.0,0.0,1.0,0.0,1.0,0.0,0.0,1.0,0.0,0.0,1.0,0.0,1.0,0.0,1.0,0.0,0.0,1.0,0.0,0.0,1.0,0.0,0.0,1.0,0.0,0.0,0.0,0.0,1.0,0.0,0.0,1.0,1.0,0.0,0.0,0.0,1.0,0.0,0.0,1.0,0.0,0.0,1.0,5.0,1.0,0.0,0.0,0.4646560647087854,1.0,0.0,0.0,1.0,0.0,0.0,1.0,0.0,0.0
5186-SAMNZ,1,-1.2774445836787656,0.1574821050968162,-0.9767010047329702,0.0,1.0,1.0,0.0,1.0,0.0,0.0,1.0,1.0,0.0,0.0,0.0,1.0,0.0,1.0,0.0,0.0,1.0,0.0,0.0,1.0,0.0,0.0,1.0,0.0,0.0,1.0,0.0,0.0,1.0,0.0,0.0,1.0,0.0,0.0,0.0,1.0,1.0,0.0,0.0,0.0,0.0,1.0,2.0,1.0,0.0,0.0,0.764574070148923,1.0,0.0,0.0,1.0,0.0,0.0,1.0,0.0,0.0
0447-RXSGD,0,-0.3408762181180675,1.1595456961969886,0.053626141889037394,0.0,1.0,1.0,0.0,1.0,0.0,0.0,1.0,0.0,0.0,1.0,0.0,1.0,0.0,1.0,0.0,0.0,0.0,0.0,1.0,1.0,0.0,0.0,1.0,0.0,0.0,0.0,0.0,1.0,0.0,0.0,1.0,1.0,0.0,0.0,0.0,1.0,1.0,0.0,0.0,0.0,1.0,0.0,6.0,0.0,0.0,1.0,-0.15731851927101348,0.0,0.0,1.0,0.0,0.0,1.0,0.0,0.0,1.0
4927-WWOOZ,0,-1.2367242199587352,0.8870109881697443,-0.9317219426659937,0.0,1.0,0.0,1.0,1.0,0.0,0.0,1.0,0.0,0.0,1.0,0.0,1.0,0.0,1.0,0.0,0.0,1.0,0.0,0.0,0.0,0.0,1.0,1.0,0.0,0.0,0.0,0.0,1.0,1.0,0.0,0.0,1.0,0.0,0.0,0.0,1.0,0.0,0.0,1.0,0.0,1.0,0.0,5.0,1.0,0.0,0.0,0.7533789082719523,1.0,0.0,0.0,1.0,0.0,0.0,1.0,0.0,0.0
5788-YPOEG,0,0.06632741908223598,0.6643301901474837,0.24536621422163182,1.0,0.0,0.0,1.0,0.0,1.0,0.0,1.0,1.0,0.0,0.0,1.0,0.0,0.0,0.0,0.0,1.0,0.0,0.0,1.0,0.0,0.0,1.0,0.0,0.0,1.0,0.0,0.0,1.0,0.0,0.0,1.0,0.0,0.0,1.0,1.0,0.0,0.0,0.0,0.0,1.0,1.0,0.0,8.0,0.0,0.0,1.0,3.699317983674516,0.0,0.0,1.0,0.0,0.0,1.0,0.0,0.0,1.0
5373-SFODM,1,0.14776814652229667,0.6809481601491449,0.37476649773555265,0.0,1.0,0.0,1.0,1.0,0.0,0.0,1.0,0.0,0.0,1.0,0.0,1.0,0.0,1.0,0.0,0.0,1.0,0.0,0.0,1.0,0.0,0.0,1.0,0.0,0.0,1.0,0.0,0.0,0.0,0.0,1.0,1.0,0.0,0.0,0.0,1.0,0.0,1.0,0.0,0.0,0.0,1.0,4.0,0.0,0.0,1.0,2.5361791871633463,0.0,0.0,1.0,0.0,0.0,1.0,0.0,0.0,1.0
0661-KBKPA,0,0.8400143297628127,0.464914550127549,0.7319959882272732,0.0,1.0,0.0,1.0,0.0,1.0,0.0,1.0,0.0,0.0,1.0,1.0,0.0,0.0,1.0,0.0,0.0,1.0,0.0,0.0,0.0,0.0,1.0,0.0,0.0,1.0,0.0,0.0,1.0,0.0,0.0,1.0,0.0,1.0,0.0,0.0,1.0,0.0,0.0,0.0,1.0,1.0,0.0,7.0,0.0,1.0,0.0,0.8714089299333266,0.0,1.0,0.0,0.0,1.0,0.0,0.0,1.0,0.0
9081-WWXKP,0,0.5956921474426305,-1.479387940066815,-0.6220304015388314,1.0,0.0,0.0,1.0,0.0,1.0,0.0,1.0,1.0,0.0,0.0,0.0,0.0,1.0,0.0,1.0,0.0,0.0,1.0,0.0,0.0,1.0,0.0,0.0,1.0,0.0,0.0,1.0,0.0,0.0,1.0,0.0,0.0,0.0,1.0,1.0,0.0,0.0,1.0,0.0,0.0,1.0,0.0,1.0,0.0,1.0,0.0,-1.0442145396901297,0.0,1.0,0.0,0.0,1.0,0.0,0.0,1.0,0.0
0784-ZQJZX,0,1.6137012404433893,-1.491020519067978,-0.3325011275667533,0.0,1.0,1.0,0.0,0.0,1.0,0.0,1.0,1.0,0.0,0.0,0.0,0.0,1.0,0.0,1.0,0.0,0.0,1.0,0.0,0.0,1.0,0.0,0.0,1.0,0.0,0.0,1.0,0.0,0.0,1.0,0.0,0.0,0.0,1.0,1.0,0.0,0.0,1.0,0.0,0.0,1.0,0.0,1.0,0.0,1.0,0.0,-0.20604875254070792,0.0,1.0,0.0,0.0,1.0,0.0,0.0,1.0,0.0
3133-PZNSR,0,1.6137012404433893,1.0963974101906757,2.077242747437882,0.0,1.0,0.0,1.0,0.0,1.0,0.0,1.0,0.0,0.0,1.0,0.0,1.0,0.0,0.0,0.0,1.0,0.0,0.0,1.0,1.0,0.0,0.0,0.0,0.0,1.0,1.0,0.0,0.0,0.0,0.0,1.0,0.0,0.0,1.0,0.0,1.0,0.0,1.0,0.0,0.0,1.0,0.0,7.0,0.0,1.0,0.0,1.2872536101336376,0.0,1.0,0.0,0.0,1.0,0.0,0.0,1.0,0.0
5766-ZJYBB,0,-1.2774445836787656,-1.5076384890696393,-0.9988044967344957,0.0,1.0,1.0,0.0,1.0,0.0,0.0,1.0,1.0,0.0,0.0,0.0,0.0,1.0,0.0,1.0,0.0,0.0,1.0,0.0,0.0,1.0,0.0,0.0,1.0,0.0,0.0,1.0,0.0,0.0,1.0,0.0,1.0,0.0,0.0,1.0,0.0,0.0,0.0,0.0,1.0,0.0,1.0,1.0,1.0,0.0,0.0,0.7818769671073743,1.0,0.0,0.0,1.0,0.0,0.0,1.0,0.0,0.0
8931-GJJIQ,0,-0.9516816739185228,0.6161380771426661,-0.6529576428423631,1.0,0.0,1.0,0.0,1.0,0.0,0.0,1.0,0.0,0.0,1.0,0.0,1.0,0.0,1.0,0.0,0.0,1.0,0.0,0.0,1.0,0.0,0.0,1.0,0.0,0.0,1.0,0.0,0.0,0.0,0.0,1.0,1.0,0.0,0.0,0.0,1.0,0.0,0.0,1.0,0.0,0.0,1.0,4.0,1.0,0.0,0.0,0.6861092955103656,1.0,0.0,0.0,1.0,0.0,0.0,1.0,0.0,0.0
4277-PVRAN,0,-0.9924020376385531,0.5097830691320341,-0.7076648885148015,1.0,0.0,1.0,0.0,1.0,0.0,0.0,1.0,1.0,0.0,0.0,0.0,1.0,0.0,1.0,0.0,0.0,1.0,0.0,0.0,1.0,0.0,0.0,1.0,0.0,0.0,0.0,0.0,1.0,1.0,0.0,0.0,1.0,0.0,0.0,0.0,1.0,1.0,0.0,0.0,0.0,0.0,1.0,3.0,1.0,0.0,0.0,0.713082865285836,1.0,0.0,0.0,1.0,0.0,0.0,1.0,0.0,0.0
0022-TCJCI,1,0.5142514200025698,-0.06852228692577646,0.22421127527007206,0.0,1.0,1.0,0.0,1.0,0.0,0.0,1.0,1.0,0.0,0.0,1.0,0.0,0.0,0.0,0.0,1.0,1.0,0.0,0.0,0.0,0.0,1.0,1.0,0.0,0.0,1.0,0.0,0.0,0.0,0.0,1.0,0.0,1.0,0.0,1.0,0.0,0.0,1.0,0.0,0.0,0.0,1.0,5.0,0.0,1.0,0.0,0.4359954422079216,0.0,1.0,0.0,0.0,1.0,0.0,0.0,1.0,0.0
0722-SVSFK,0,-1.0331224013585834,1.1844726511994805,-0.6919144960107204,1.0,0.0,1.0,0.0,1.0,0.0,0.0,1.0,1.0,0.0,0.0,0.0,1.0,0.0,1.0,0.0,0.0,1.0,0.0,0.0,0.0,0.0,1.0,0.0,0.0,1.0,0.0,0.0,1.0,0.0,0.0,1.0,1.0,0.0,0.0,0.0,1.0,0.0,0.0,1.0,0.0,1.0,0.0,6.0,1.0,0.0,0.0,0.6697313842975765,1.0,0.0,0.0,1.0,0.0,0.0,1.0,0.0,0.0
3612-YVGSJ,0,1.5729808767233588,-1.3397969920528607,-0.2654626922447614,1.0,0.0,0.0,1.0,1.0,0.0,0.0,1.0,0.0,0.0,1.0,0.0,0.0,1.0,0.0,1.0,0.0,0.0,1.0,0.0,0.0,1.0,0.0,0.0,1.0,0.0,0.0,1.0,0.0,0.0,1.0,0.0,0.0,0.0,1.0,0.0,1.0,0.0,1.0,0.0,0.0,1.0,0.0,2.0,0.0,1.0,0.0,-0.1687640938125966,0.0,1.0,0.0,0.0,1.0,0.0,0.0,1.0,0.0
9825-YCXWZ,1,0.35136996512244845,1.2077378092018058,0.764533563778421,1.0,0.0,1.0,0.0,1.0,0.0,0.0,1.0,1.0,0.0,0.0,0.0,1.0,0.0,1.0,0.0,0.0,1.0,0.0,0.0,0.0,0.0,1.0,0.0,0.0,1.0,0.0,0.0,1.0,0.0,0.0,1.0,0.0,1.0,0.0,0.0,1.0,1.0,0.0,0.0,0.0,1.0,0.0,6.0,0.0,0.0,1.0,2.175864870840596,0.0,0.0,1.0,0.0,0.0,1.0,0.0,0.0,1.0
5397-NSKQG,0,1.4100994218432374,-0.4607063789649817,0.4404593112889888,0.0,1.0,0.0,1.0,0.0,1.0,1.0,0.0,0.0,1.0,0.0,1.0,0.0,0.0,0.0,0.0,1.0,1.0,0.0,0.0,1.0,0.0,0.0,1.0,0.0,0.0,0.0,0.0,1.0,0.0,0.0,1.0,0.0,0.0,1.0,1.0,0.0,0.0,1.0,0.0,0.0,1.0,0.0,4.0,0.0,1.0,0.0,0.3123604651317666,0.0,1.0,0.0,0.0,1.0,0.0,0.0,1.0,0.0
8565-HBFNN,0,1.4915401492832983,1.4104770432220732,2.2208492673280325,0.0,1.0,0.0,1.0,1.0,0.0,0.0,1.0,0.0,0.0,1.0,0.0,1.0,0.0,0.0,0.0,1.0,0.0,0.0,1.0,0.0,0.0,1.0,0.0,0.0,1.0,1.0,0.0,0.0,0.0,0.0,1.0,0.0,1.0,0.0,0.0,1.0,0.0,1.0,0.0,0.0,1.0,0.0,8.0,0.0,1.0,0.0,1.4889637857855689,0.0,1.0,0.0,0.0,1.0,0.0,0.0,1.0,0.0
2000-DHJUY,1,1.5322605130033284,0.9119379431722362,1.8490826498612567,1.0,0.0,0.0,1.0,1.0,0.0,0.0,1.0,0.0,0.0,1.0,1.0,0.0,0.0,0.0,0.0,1.0,0.0,0.0,1.0,0.0,0.0,1.0,0.0,0.0,1.0,0.0,0.0,1.0,0.0,0.0,1.0,0.0,0.0,1.0,0.0,1.0,1.0,0.0,0.0,0.0,1.0,0.0,9.0,0.0,1.0,0.0,1.2067678010163798,0.0,1.0,0.0,0.0,1.0,0.0,0.0,1.0,0.0
0203-HHYIJ,0,-0.30015585439803716,-1.3115464430500368,-0.7089663915368475,0.0,1.0,1.0,0.0,1.0,0.0,0.0,1.0,0.0,0.0,1.0,0.0,0.0,1.0,0.0,1.0,0.0,0.0,1.0,0.0,0.0,1.0,0.0,0.0,1.0,0.0,0.0,1.0,0.0,0.0,1.0,0.0,0.0,1.0,0.0,1.0,0.0,1.0,0.0,0.0,0.0,0.0,1.0,2.0,0.0,0.0,1.0,2.361994214501264,0.0,0.0,1.0,0.0,0.0,1.0,0.0,0.0,1.0
8670-ERCJH,0,1.6137012404433893,1.6165398712426726,2.5945350502679947,0.0,1.0,1.0,0.0,1.0,0.0,0.0,1.0,0.0,0.0,1.0,0.0,1.0,0.0,0.0,0.0,1.0,0.0,0.0,1.0,0.0,0.0,1.0,0.0,0.0,1.0,0.0,0.0,1.0,0.0,0.0,1.0,0.0,0.0,1.0,1.0,0.0,1.0,0.0,0.0,0.0,1.0,0.0,9.0,0.0,1.0,0.0,1.6078162334157382,0.0,1.0,0.0,0.0,1.0,0.0,0.0,1.0,0.0
7758-UJWYS,0,0.06632741908223598,-0.8046983579993692,-0.42241513295419647,0.0,1.0,0.0,1.0,0.0,1.0,1.0,0.0,0.0,1.0,0.0,1.0,0.0,0.0,1.0,0.0,0.0,1.0,0.0,0.0,1.0,0.0,0.0,0.0,0.0,1.0,0.0,0.0,1.0,1.0,0.0,0.0,0.0,0.0,1.0,0.0,1.0,0.0,0.0,1.0,0.0,1.0,0.0,3.0,0.0,0.0,1.0,-6.368635155703338,0.0,0.0,1.0,0.0,0.0,1.0,0.0,0.0,1.0
2050-ONYDQ,0,1.3286586944031769,-1.288281285047711,-0.27726445693619467,1.0,0.0,0.0,1.0,0.0,1.0,0.0,1.0,0.0,0.0,1.0,0.0,0.0,1.0,0.0,1.0,0.0,0.0,1.0,0.0,0.0,1.0,0.0,0.0,1.0,0.0,0.0,1.0,0.0,0.0,1.0,0.0,0.0,0.0,1.0,1.0,0.0,0.0,1.0,0.0,0.0,1.0,0.0,2.0,0.0,1.0,0.0,-0.2086799703371073,0.0,1.0,0.0,0.0,1.0,0.0,0.0,1.0,0.0
7055-JCGNI,0,1.5322605130033284,1.5683477582378549,2.4321118849913157,1.0,0.0,1.0,0.0,1.0,0.0,0.0,1.0,0.0,0.0,1.0,0.0,1.0,0.0,0.0,0.0,1.0,0.0,0.0,1.0,0.0,0.0,1.0,0.0,0.0,1.0,0.0,0.0,1.0,0.0,0.0,1.0,0.0,0.0,1.0,0.0,1.0,0.0,1.0,0.0,0.0,1.0,0.0,9.0,0.0,1.0,0.0,1.587270483283695,0.0,1.0,0.0,0.0,1.0,0.0,0.0,1.0,0.0
0739-UUAJR,0,1.6137012404433893,-0.3643221529553466,0.7364078628782762,1.0,0.0,0.0,1.0,0.0,1.0,1.0,0.0,0.0,1.0,0.0,1.0,0.0,0.0,0.0,0.0,1.0,1.0,0.0,0.0,0.0,0.0,1.0,1.0,0.0,0.0,0.0,0.0,1.0,0.0,0.0,1.0,0.0,0.0,1.0,0.0,1.0,0.0,1.0,0.0,0.0,1.0,0.0,5.0,0.0,1.0,0.0,0.4563470885576916,0.0,1.0,0.0,0.0,1.0,0.0,0.0,1.0,0.0
4826-DXMUP,0,0.10704778280226633,0.2438955491054544,0.09346536998759541,0.0,1.0,1.0,0.0,0.0,1.0,0.0,1.0,1.0,0.0,0.0,1.0,0.0,0.0,1.0,0.0,0.0,1.0,0.0,0.0,1.0,0.0,0.0,0.0,0.0,1.0,0.0,0.0,1.0,0.0,0.0,1.0,0.0,1.0,0.0,0.0,1.0,0.0,0.0,0.0,1.0,1.0,0.0,5.0,0.0,0.0,1.0,0.8731182238518689,0.0,0.0,1.0,0.0,0.0,1.0,0.0,0.0,1.0
0952-KMEEH,0,-0.7888002190384014,1.109691786192005,-0.46459265461778604,0.0,1.0,1.0,0.0,1.0,0.0,0.0,1.0,0.0,0.0,1.0,0.0,1.0,0.0,0.0,0.0,1.0,1.0,0.0,0.0,1.0,0.0,0.0,1.0,0.0,0.0,0.0,0.0,1.0,0.0,0.0,1.0,1.0,0.0,0.0,1.0,0.0,0.0,0.0,0.0,1.0,0.0,1.0,6.0,1.0,0.0,0.0,0.5889864675546802,1.0,0.0,0.0,1.0,0.0,0.0,1.0,0.0,0.0
7285-KLOTR,0,-0.8295205827584317,0.46823814412788106,-0.6205524235307454,1.0,0.0,0.0,1.0,1.0,0.0,0.0,1.0,0.0,0.0,1.0,1.0,0.0,0.0,0.0,0.0,1.0,1.0,0.0,0.0,0.0,0.0,1.0,1.0,0.0,0.0,0.0,0.0,1.0,0.0,0.0,1.0,0.0,1.0,0.0,1.0,0.0,0.0,0.0,1.0,0.0,1.0,0.0,7.0,1.0,0.0,0.0,0.7480856249126481,1.0,0.0,0.0,1.0,0.0,0.0,1.0,0.0,0.0
0654-PQKDW,0,1.2064976032430856,0.19902703010096928,0.8736171645244725,1.0,0.0,0.0,1.0,0.0,1.0,0.0,1.0,1.0,0.0,0.0,1.0,0.0,0.0,0.0,0.0,1.0,1.0,0.0,0.0,0.0,0.0,1.0,0.0,0.0,1.0,0.0,0.0,1.0,1.0,0.0,0.0,0.0,1.0,0.0,0.0,1.0,1.0,0.0,0.0,0.0,1.0,0.0,6.0,0.0,1.0,0.0,0.7240935764614658,0.0,1.0,0.0,0.0,1.0,0.0,0.0,1.0,0.0
7175-NTIXE,0,-0.30015585439803716,0.37850110611891075,-0.12809897498578,1.0,0.0,1.0,0.0,1.0,0.0,0.0,1.0,1.0,0.0,0.0,1.0,0.0,0.0,0.0,0.0,1.0,1.0,0.0,0.0,1.0,0.0,0.0,0.0,0.0,1.0,0.0,0.0,1.0,0.0,0.0,1.0,1.0,0.0,0.0,0.0,1.0,0.0,1.0,0.0,0.0,1.0,0.0,6.0,0.0,0.0,1.0,0.42677486748570204,0.0,0.0,1.0,0.0,0.0,1.0,0.0,0.0,1.0
7963-SHNDT,0,0.7992939660427822,-0.8528904710041867,-0.1328858589821184,1.0,0.0,1.0,0.0,1.0,0.0,1.0,0.0,0.0,1.0,0.0,1.0,0.0,0.0,0.0,0.0,1.0,0.0,0.0,1.0,1.0,0.0,0.0,0.0,0.0,1.0,1.0,0.0,0.0,1.0,0.0,0.0,0.0,0.0,1.0,1.0,0.0,0.0,0.0,0.0,1.0,1.0,0.0,4.0,0.0,1.0,0.0,-0.16625404998366483,0.0,1.0,0.0,0.0,1.0,0.0,0.0,1.0,0.0
9796-BPKIW,1,-0.9924020376385531,0.1724382780983114,-0.7591073469454975,0.0,1.0,1.0,0.0,1.0,0.0,0.0,1.0,1.0,0.0,0.0,0.0,1.0,0.0,1.0,0.0,0.0,1.0,0.0,0.0,1.0,0.0,0.0,1.0,0.0,0.0,1.0,0.0,0.0,1.0,0.0,0.0,1.0,0.0,0.0,0.0,1.0,0.0,1.0,0.0,0.0,1.0,0.0,2.0,1.0,0.0,0.0,0.7649191740393979,1.0,0.0,0.0,1.0,0.0,0.0,1.0,0.0,0.0
0188-GWFLE,0,-1.2367242199587352,-1.4860351280674797,-0.9924955159835613,0.0,1.0,1.0,0.0,1.0,0.0,0.0,1.0,1.0,0.0,0.0,0.0,0.0,1.0,0.0,1.0,0.0,0.0,1.0,0.0,0.0,1.0,0.0,0.0,1.0,0.0,0.0,1.0,0.0,0.0,1.0,0.0,1.0,0.0,0.0,1.0,0.0,0.0,0.0,0.0,1.0,1.0,0.0,1.0,1.0,0.0,0.0,0.8025196725076487,1.0,0.0,0.0,1.0,0.0,0.0,1.0,0.0,0.0
8129-GMVGI,0,0.9621754209229036,-1.4860351280674797,-0.5264250778515944,1.0,0.0,0.0,1.0,0.0,1.0,0.0,1.0,1.0,0.0,0.0,0.0,0.0,1.0,0.0,1.0,0.0,0.0,1.0,0.0,0.0,1.0,0.0,0.0,1.0,0.0,0.0,1.0,0.0,0.0,1.0,0.0,0.0,0.0,1.0,1.0,0.0,0.0,0.0,0.0,1.0,1.0,0.0,1.0,0.0,1.0,0.0,-0.547119648251517,0.0,1.0,0.0,0.0,1.0,0.0,0.0,1.0,0.0
2882-DDZPG,0,-0.8295205827584317,-1.505976692069473,-0.9070154446203764,1.0,0.0,1.0,0.0,1.0,0.0,0.0,1.0,1.0,0.0,0.0,0.0,0.0,1.0,0.0,1.0,0.0,0.0,1.0,0.0,0.0,1.0,0.0,0.0,1.0,0.0,0.0,1.0,0.0,0.0,1.0,0.0,1.0,0.0,0.0,1.0,0.0,1.0,0.0,0.0,0.0,1.0,0.0,1.0,1.0,0.0,0.0,1.093421264610757,1.0,0.0,0.0,1.0,0.0,0.0,1.0,0.0,0.0
3547-LQRIK,0,0.5956921474426305,-1.2583689390447208,-0.45550419283671967,1.0,0.0,0.0,1.0,1.0,0.0,0.0,1.0,0.0,0.0,1.0,0.0,0.0,1.0,0.0,1.0,0.0,0.0,1.0,0.0,0.0,1.0,0.0,0.0,1.0,0.0,0.0,1.0,0.0,0.0,1.0,0.0,0.0,1.0,0.0,1.0,0.0,0.0,0.0,1.0,0.0,1.0,0.0,2.0,0.0,1.0,0.0,-0.7646637525645543,0.0,1.0,0.0,0.0,1.0,0.0,0.0,1.0,0.0
9137-NOQKA,1,-1.2367242199587352,-1.5142856770703037,-0.9909513598557103,0.0,1.0,1.0,0.0,1.0,0.0,0.0,1.0,1.0,0.0,0.0,0.0,0.0,1.0,0.0,1.0,0.0,0.0,1.0,0.0,0.0,1.0,0.0,0.0,1.0,0.0,0.0,1.0,0.0,0.0,1.0,0.0,1.0,0.0,0.0,1.0,0.0,0.0,0.0,1.0,0.0,1.0,0.0,1.0,1.0,0.0,0.0,0.8012710868464875,1.0,0.0,0.0,1.0,0.0,0.0,1.0,0.0,0.0
5843-TTHGI,0,-0.5851984004382496,-0.4906187249679718,-0.6135154834623955,1.0,0.0,1.0,0.0,1.0,0.0,0.0,1.0,1.0,0.0,0.0,1.0,0.0,0.0,1.0,0.0,0.0,1.0,0.0,0.0,0.0,0.0,1.0,1.0,0.0,0.0,1.0,0.0,0.0,1.0,0.0,0.0,1.0,0.0,0.0,0.0,1.0,0.0,0.0,0.0,1.0,1.0,0.0,3.0,1.0,0.0,0.0,1.048388859236354,1.0,0.0,0.0,1.0,0.0,0.0,1.0,0.0,0.0
1849-RJYIG,0,-0.9924020376385531,-0.1582593249347472,-0.7921743474547658,1.0,0.0,1.0,0.0,1.0,0.0,0.0,1.0,1.0,0.0,0.0,1.0,0.0,0.0,0.0,0.0,1.0,1.0,0.0,0.0,1.0,0.0,0.0,1.0,0.0,0.0,0.0,0.0,1.0,1.0,0.0,0.0,1.0,0.0,0.0,0.0,1.0,0.0,0.0,1.0,0.0,1.0,0.0,4.0,1.0,0.0,0.0,0.7982393399148652,1.0,0.0,0.0,1.0,0.0,0.0,1.0,0.0,0.0
8868-GAGIO,0,0.5142514200025698,0.6576830021468192,0.6311846524518524,0.0,1.0,0.0,1.0,1.0,0.0,0.0,1.0,0.0,0.0,1.0,0.0,1.0,0.0,0.0,0.0,1.0,1.0,0.0,0.0,0.0,0.0,1.0,1.0,0.0,0.0,1.0,0.0,0.0,1.0,0.0,0.0,1.0,0.0,0.0,0.0,1.0,0.0,0.0,0.0,1.0,1.0,0.0,5.0,0.0,1.0,0.0,1.2273853370180257,0.0,1.0,0.0,0.0,1.0,0.0,0.0,1.0,0.0
4061-UKJWL,0,-1.1960038562387048,-0.641842251983089,-0.9448472697527279,0.0,1.0,1.0,0.0,1.0,0.0,0.0,1.0,1.0,0.0,0.0,1.0,0.0,0.0,1.0,0.0,0.0,1.0,0.0,0.0,1.0,0.0,0.0,1.0,0.0,0.0,1.0,0.0,0.0,1.0,0.0,0.0,1.0,0.0,0.0,1.0,0.0,0.0,0.0,0.0,1.0,1.0,0.0,2.0,1.0,0.0,0.0,0.7900035311960987,1.0,0.0,0.0,1.0,0.0,0.0,1.0,0.0,0.0
5380-XPJNZ,0,0.22920887396235737,-1.4860351280674797,-0.7081501947264118,1.0,0.0,1.0,0.0,1.0,0.0,0.0,1.0,1.0,0.0,0.0,0.0,0.0,1.0,0.0,1.0,0.0,0.0,1.0,0.0,0.0,1.0,0.0,0.0,1.0,0.0,0.0,1.0,0.0,0.0,1.0,0.0,0.0,1.0,0.0,1.0,0.0,0.0,0.0,0.0,1.0,1.0,0.0,1.0,0.0,0.0,1.0,-3.089540917349955,0.0,0.0,1.0,0.0,0.0,1.0,0.0,0.0,1.0
8263-QMNTJ,0,1.6137012404433893,1.6879971422498155,2.709773216152195,0.0,1.0,0.0,1.0,1.0,0.0,0.0,1.0,0.0,0.0,1.0,0.0,1.0,0.0,0.0,0.0,1.0,0.0,0.0,1.0,0.0,0.0,1.0,0.0,0.0,1.0,0.0,0.0,1.0,0.0,0.0,1.0,0.0,0.0,1.0,0.0,1.0,0.0,0.0,1.0,0.0,1.0,0.0,9.0,0.0,1.0,0.0,1.6792285636513753,0.0,1.0,0.0,0.0,1.0,0.0,0.0,1.0,0.0
8178-EYZUO,0,0.5549717837226001,0.9617918531772199,0.825682146441324,0.0,1.0,1.0,0.0,1.0,0.0,0.0,1.0,0.0,0.0,1.0,0.0,1.0,0.0,0.0,0.0,1.0,0.0,0.0,1.0,1.0,0.0,0.0,1.0,0.0,0.0,1.0,0.0,0.0,0.0,0.0,1.0,1.0,0.0,0.0,0.0,1.0,0.0,0.0,1.0,0.0,0.0,1.0,6.0,0.0,1.0,0.0,1.487791218686601,0.0,1.0,0.0,0.0,1.0,0.0,0.0,1.0,0.0
3230-JCNZS,0,1.5729808767233588,1.1379423351948288,2.108147929368158,1.0,0.0,0.0,1.0,0.0,1.0,0.0,1.0,0.0,0.0,1.0,0.0,1.0,0.0,0.0,0.0,1.0,0.0,0.0,1.0,0.0,0.0,1.0,1.0,0.0,0.0,0.0,0.0,1.0,1.0,0.0,0.0,0.0,0.0,1.0,0.0,1.0,0.0,1.0,0.0,0.0,1.0,0.0,7.0,0.0,1.0,0.0,1.3402247672327676,0.0,1.0,0.0,0.0,1.0,0.0,0.0,1.0,0.0
0277-ORXQS,0,1.369379058123207,-0.47233895796614456,0.47703375214580446,0.0,1.0,0.0,1.0,0.0,1.0,1.0,0.0,0.0,1.0,0.0,1.0,0.0,0.0,1.0,0.0,0.0,1.0,0.0,0.0,1.0,0.0,0.0,0.0,0.0,1.0,0.0,0.0,1.0,0.0,0.0,1.0,0.0,0.0,1.0,1.0,0.0,1.0,0.0,0.0,0.0,1.0,0.0,4.0,0.0,1.0,0.0,0.3483577095151431,0.0,1.0,0.0,0.0,1.0,0.0,0.0,1.0,0.0
5130-IEKQT,1,-0.30015585439803716,1.3689321182179202,0.1640994831501549,0.0,1.0,1.0,0.0,1.0,0.0,0.0,1.0,0.0,0.0,1.0,0.0,1.0,0.0,1.0,0.0,0.0,0.0,0.0,1.0,0.0,0.0,1.0,1.0,0.0,0.0,0.0,0.0,1.0,0.0,0.0,1.0,1.0,0.0,0.0,1.0,0.0,0.0,0.0,0.0,1.0,0.0,1.0,7.0,0.0,0.0,1.0,-0.5467142510988385,0.0,0.0,1.0,0.0,0.0,1.0,0.0,0.0,1.0
3230-WYKIR,0,-0.5851984004382496,0.572931355138347,-0.3784728614302056,0.0,1.0,1.0,0.0,1.0,0.0,0.0,1.0,0.0,0.0,1.0,1.0,0.0,0.0,1.0,0.0,0.0,1.0,0.0,0.0,0.0,0.0,1.0,0.0,0.0,1.0,0.0,0.0,1.0,0.0,0.0,1.0,0.0,1.0,0.0,0.0,1.0,0.0,1.0,0.0,0.0,0.0,1.0,7.0,1.0,0.0,0.0,0.6467428160206364,1.0,0.0,0.0,1.0,0.0,0.0,1.0,0.0,0.0
7996-BPXHY,0,-0.7888002190384014,-1.3215172250510334,-0.8606687014115888,1.0,0.0,0.0,1.0,0.0,1.0,0.0,1.0,0.0,0.0,1.0,0.0,0.0,1.0,0.0,1.0,0.0,0.0,1.0,0.0,0.0,1.0,0.0,0.0,1.0,0.0,0.0,1.0,0.0,0.0,1.0,0.0,0.0,0.0,1.0,0.0,1.0,1.0,0.0,0.0,0.0,1.0,0.0,2.0,1.0,0.0,0.0,1.0911111338949675,1.0,0.0,0.0,1.0,0.0,0.0,1.0,0.0,0.0
3227-WLKLI,0,1.3286586944031769,0.8903345821700764,1.6238564489275487,1.0,0.0,0.0,1.0,0.0,1.0,0.0,1.0,0.0,0.0,1.0,1.0,0.0,0.0,0.0,0.0,1.0,0.0,0.0,1.0,0.0,0.0,1.0,0.0,0.0,1.0,0.0,0.0,1.0,0.0,0.0,1.0,0.0,0.0,1.0,1.0,0.0,1.0,0.0,0.0,0.0,1.0,0.0,9.0,0.0,1.0,0.0,1.222177264761717,0.0,1.0,0.0,0.0,1.0,0.0,0.0,1.0,0.0
0407-BDJKB,0,1.125056875803025,1.0299255301840309,1.5263319597671252,0.0,1.0,0.0,1.0,1.0,0.0,0.0,1.0,0.0,0.0,1.0,0.0,1.0,0.0,1.0,0.0,0.0,0.0,0.0,1.0,0.0,0.0,1.0,1.0,0.0,0.0,0.0,0.0,1.0,1.0,0.0,0.0,1.0,0.0,0.0,0.0,1.0,0.0,0.0,1.0,0.0,0.0,1.0,6.0,0.0,1.0,0.0,1.3566709315719567,0.0,1.0,0.0,0.0,1.0,0.0,0.0,1.0,0.0
2266-FUBDZ,0,-0.7073594915983407,-1.5093002860698053,-0.8843384089142204,0.0,1.0,0.0,1.0,0.0,1.0,0.0,1.0,1.0,0.0,0.0,0.0,0.0,1.0,0.0,1.0,0.0,0.0,1.0,0.0,0.0,1.0,0.0,0.0,1.0,0.0,0.0,1.0,0.0,0.0,1.0,0.0,0.0,0.0,1.0,1.0,0.0,0.0,0.0,0.0,1.0,1.0,0.0,1.0,1.0,0.0,0.0,1.2501965682484595,1.0,0.0,0.0,1.0,0.0,0.0,1.0,0.0,0.0
8237-ULIXL,0,1.6137012404433893,-1.3265026160515319,-0.18152677700942754,1.0,0.0,0.0,1.0,1.0,0.0,0.0,1.0,0.0,0.0,1.0,0.0,0.0,1.0,0.0,1.0,0.0,0.0,1.0,0.0,0.0,1.0,0.0,0.0,1.0,0.0,0.0,1.0,0.0,0.0,1.0,0.0,0.0,0.0,1.0,1.0,0.0,0.0,1.0,0.0,0.0,1.0,0.0,2.0,0.0,1.0,0.0,-0.1124909447051985,0.0,1.0,0.0,0.0,1.0,0.0,0.0,1.0,0.0
9600-UDOPK,0,-0.0965540357978854,0.9734244321783826,0.2572782757793402,0.0,1.0,0.0,1.0,1.0,0.0,0.0,1.0,0.0,0.0,1.0,0.0,1.0,0.0,1.0,0.0,0.0,1.0,0.0,0.0,1.0,0.0,0.0,1.0,0.0,0.0,0.0,0.0,1.0,0.0,0.0,1.0,1.0,0.0,0.0,0.0,1.0,0.0,1.0,0.0,0.0,0.0,1.0,5.0,0.0,0.0,1.0,-2.6646040598229948,0.0,0.0,1.0,0.0,0.0,1.0,0.0,0.0,1.0
8216-AZUUZ,0,0.3920903288424788,1.1844726511994805,0.8913529006215049,1.0,0.0,0.0,1.0,0.0,1.0,0.0,1.0,1.0,0.0,0.0,0.0,1.0,0.0,1.0,0.0,0.0,1.0,0.0,0.0,0.0,0.0,1.0,0.0,0.0,1.0,0.0,0.0,1.0,0.0,0.0,1.0,0.0,0.0,1.0,0.0,1.0,0.0,0.0,1.0,0.0,1.0,0.0,6.0,0.0,0.0,1.0,2.2733355940018694,0.0,0.0,1.0,0.0,0.0,1.0,0.0,0.0,1.0
9153-BTBVV,0,1.5729808767233588,-1.3215172250510334,-0.23396190723659926,1.0,0.0,0.0,1.0,1.0,0.0,0.0,1.0,0.0,0.0,1.0,0.0,0.0,1.0,0.0,1.0,0.0,0.0,1.0,0.0,0.0,1.0,0.0,0.0,1.0,0.0,0.0,1.0,0.0,0.0,1.0,0.0,0.0,0.0,1.0,1.0,0.0,1.0,0.0,0.0,0.0,1.0,0.0,2.0,0.0,1.0,0.0,-0.14873792218247436,0.0,1.0,0.0,0.0,1.0,0.0,0.0,1.0,0.0
4074-SJFFA,0,-1.2774445836787656,-0.3327480099521901,-0.9832085198431998,1.0,0.0,1.0,0.0,1.0,0.0,0.0,1.0,1.0,0.0,0.0,1.0,0.0,0.0,1.0,0.0,0.0,1.0,0.0,0.0,1.0,0.0,0.0,1.0,0.0,0.0,1.0,0.0,0.0,0.0,0.0,1.0,1.0,0.0,0.0,0.0,1.0,0.0,0.0,0.0,1.0,0.0,1.0,3.0,1.0,0.0,0.0,0.7696682364191257,1.0,0.0,0.0,1.0,0.0,0.0,1.0,0.0,0.0
3269-ATYWD,1,0.26992923768238775,1.0266019361836989,0.6510822071278766,0.0,1.0,1.0,0.0,1.0,0.0,0.0,1.0,0.0,0.0,1.0,0.0,1.0,0.0,1.0,0.0,0.0,1.0,0.0,0.0,1.0,0.0,0.0,1.0,0.0,0.0,0.0,0.0,1.0,0.0,0.0,1.0,1.0,0.0,0.0,0.0,1.0,1.0,0.0,0.0,0.0,0.0,1.0,5.0,0.0,0.0,1.0,2.412047737837027,0.0,0.0,1.0,0.0,0.0,1.0,0.0,0.0,1.0
5186-PEIZU,0,0.10704778280226633,-1.5126238800701375,-0.7348640957382355,1.0,0.0,1.0,0.0,1.0,0.0,0.0,1.0,1.0,0.0,0.0,0.0,0.0,1.0,0.0,1.0,0.0,0.0,1.0,0.0,0.0,1.0,0.0,0.0,1.0,0.0,0.0,1.0,0.0,0.0,1.0,0.0,1.0,0.0,0.0,1.0,0.0,1.0,0.0,0.0,0.0,1.0,0.0,1.0,0.0,0.0,1.0,-6.864823133195035,0.0,0.0,1.0,0.0,0.0,1.0,0.0,0.0,1.0
1074-AMIOH,0,0.8400143297628127,1.4453747802255617,1.611128190559405,1.0,0.0,0.0,1.0,0.0,1.0,0.0,1.0,1.0,0.0,0.0,0.0,1.0,0.0,1.0,0.0,0.0,0.0,0.0,1.0,0.0,0.0,1.0,0.0,0.0,1.0,0.0,0.0,1.0,0.0,0.0,1.0,1.0,0.0,0.0,0.0,1.0,1.0,0.0,0.0,0.0,1.0,0.0,7.0,0.0,1.0,0.0,1.9179770314326958,0.0,1.0,0.0,0.0,1.0,0.0,0.0,1.0,0.0
4910-GMJOT,0,-1.2774445836787656,0.9917041991802098,-0.9656271993589525,1.0,0.0,1.0,0.0,1.0,0.0,0.0,1.0,0.0,0.0,1.0,0.0,1.0,0.0,1.0,0.0,0.0,1.0,0.0,0.0,1.0,0.0,0.0,1.0,0.0,0.0,0.0,0.0,1.0,0.0,0.0,1.0,1.0,0.0,0.0,0.0,1.0,0.0,0.0,1.0,0.0,0.0,1.0,5.0,1.0,0.0,0.0,0.7559053533094593,1.0,0.0,0.0,1.0,0.0,0.0,1.0,0.0,0.0
0354-WYROK,1,-0.055833672077855064,1.1346187411944968,0.2770655335890892,1.0,0.0,0.0,1.0,0.0,1.0,0.0,1.0,1.0,0.0,0.0,0.0,1.0,0.0,1.0,0.0,0.0,1.0,0.0,0.0,0.0,0.0,1.0,0.0,0.0,1.0,0.0,0.0,1.0,0.0,0.0,1.0,1.0,0.0,0.0,0.0,1.0,0.0,0.0,1.0,0.0,0.0,1.0,6.0,0.0,0.0,1.0,-4.962337658944339,0.0,0.0,1.0,0.0,0.0,1.0,0.0,0.0,1.0
4361-FEBGN,0,0.6364125111626608,-1.4827115340671475,-0.5736983147370925,0.0,1.0,1.0,0.0,1.0,0.0,0.0,1.0,1.0,0.0,0.0,0.0,0.0,1.0,0.0,1.0,0.0,0.0,1.0,0.0,0.0,1.0,0.0,0.0,1.0,0.0,0.0,1.0,0.0,0.0,1.0,0.0,0.0,0.0,1.0,1.0,0.0,0.0,1.0,0.0,0.0,1.0,0.0,1.0,0.0,1.0,0.0,-0.9014566883498317,0.0,1.0,0.0,0.0,1.0,0.0,0.0,1.0,0.0
7748-UMTRK,1,-0.0965540357978854,1.2143849972024705,0.3049485813834287,1.0,0.0,1.0,0.0,0.0,1.0,0.0,1.0,0.0,0.0,1.0,0.0,1.0,0.0,1.0,0.0,0.0,1.0,0.0,0.0,1.0,0.0,0.0,0.0,0.0,1.0,0.0,0.0,1.0,0.0,0.0,1.0,1.0,0.0,0.0,0.0,1.0,0.0,0.0,1.0,0.0,1.0,0.0,6.0,0.0,0.0,1.0,-3.1583204043564925,0.0,0.0,1.0,0.0,0.0,1.0,0.0,0.0,1.0
0380-ZCSBI,0,-0.9109613101984924,-1.4876969250676457,-0.9196995842420103,0.0,1.0,1.0,0.0,1.0,0.0,0.0,1.0,1.0,0.0,0.0,0.0,0.0,1.0,0.0,1.0,0.0,0.0,1.0,0.0,0.0,1.0,0.0,0.0,1.0,0.0,0.0,1.0,0.0,0.0,1.0,0.0,1.0,0.0,0.0,1.0,0.0,0.0,1.0,0.0,0.0,1.0,0.0,1.0,1.0,0.0,0.0,1.0095923657192576,1.0,0.0,0.0,1.0,0.0,0.0,1.0,0.0,0.0
7145-FEJWU,0,-0.8295205827584317,1.3473287572157604,-0.4445627437022319,1.0,0.0,1.0,0.0,0.0,1.0,0.0,1.0,0.0,0.0,1.0,0.0,1.0,0.0,1.0,0.0,0.0,0.0,0.0,1.0,0.0,0.0,1.0,1.0,0.0,0.0,0.0,0.0,1.0,0.0,0.0,1.0,1.0,0.0,0.0,0.0,1.0,0.0,0.0,1.0,0.0,1.0,0.0,7.0,1.0,0.0,0.0,0.5359273210845631,1.0,0.0,0.0,1.0,0.0,0.0,1.0,0.0,0.0
6463-MVYRY,1,1.002895784642934,0.16911468409797886,0.758709889239097,1.0,0.0,1.0,0.0,1.0,0.0,0.0,1.0,1.0,0.0,0.0,1.0,0.0,0.0,0.0,0.0,1.0,1.0,0.0,0.0,0.0,0.0,1.0,0.0,0.0,1.0,0.0,0.0,1.0,1.0,0.0,0.0,0.0,0.0,1.0,1.0,0.0,1.0,0.0,0.0,0.0,1.0,0.0,6.0,0.0,1.0,0.0,0.75651917263689,0.0,1.0,0.0,0.0,1.0,0.0,0.0,1.0,0.0
3969-JQABI,0,1.0436161483629645,0.016229360082695727,0.6654428591168915,1.0,0.0,0.0,1.0,1.0,0.0,0.0,1.0,1.0,0.0,0.0,1.0,0.0,0.0,0.0,0.0,1.0,0.0,0.0,1.0,1.0,0.0,0.0,1.0,0.0,0.0,0.0,0.0,1.0,1.0,0.0,0.0,1.0,0.0,0.0,0.0,1.0,0.0,1.0,0.0,0.0,1.0,0.0,5.0,0.0,1.0,0.0,0.6376318152614996,0.0,1.0,0.0,0.0,1.0,0.0,0.0,1.0,0.0
9624-EGDEQ,0,0.18848851024232702,-1.4943441130683104,-0.64854576819136,1.0,0.0,1.0,0.0,1.0,0.0,0.0,1.0,1.0,0.0,0.0,0.0,0.0,1.0,0.0,1.0,0.0,0.0,1.0,0.0,0.0,1.0,0.0,0.0,1.0,0.0,0.0,1.0,0.0,0.0,1.0,0.0,0.0,0.0,1.0,1.0,0.0,0.0,0.0,0.0,1.0,1.0,0.0,1.0,0.0,0.0,1.0,-3.440770831906774,0.0,0.0,1.0,0.0,0.0,1.0,0.0,0.0,1.0
1051-EQPZR,0,0.47353105628253944,-1.5009913010689746,-0.6631270139129253,1.0,0.0,0.0,1.0,0.0,1.0,0.0,1.0,1.0,0.0,0.0,0.0,0.0,1.0,0.0,1.0,0.0,0.0,1.0,0.0,0.0,1.0,0.0,0.0,1.0,0.0,0.0,1.0,0.0,0.0,1.0,0.0,1.0,0.0,0.0,1.0,0.0,0.0,0.0,0.0,1.0,1.0,0.0,1.0,0.0,0.0,1.0,-1.4003875883428025,0.0,0.0,1.0,0.0,0.0,1.0,0.0,0.0,1.0
5849-ASHZJ,0,-0.21871512695797646,-1.4860351280674797,-0.7634309841034805,0.0,1.0,1.0,0.0,0.0,1.0,0.0,1.0,1.0,0.0,0.0,0.0,0.0,1.0,0.0,1.0,0.0,0.0,1.0,0.0,0.0,1.0,0.0,0.0,1.0,0.0,0.0,1.0,0.0,0.0,1.0,0.0,0.0,1.0,0.0,1.0,0.0,0.0,1.0,0.0,0.0,1.0,0.0,1.0,0.0,0.0,1.0,3.4905266714824204,0.0,0.0,1.0,0.0,0.0,1.0,0.0,0.0,1.0
5780-INQIK,0,-0.9924020376385531,-0.5105602889699654,-0.8272487509302404,1.0,0.0,1.0,0.0,1.0,0.0,0.0,1.0,1.0,0.0,0.0,1.0,0.0,0.0,1.0,0.0,0.0,1.0,0.0,0.0,1.0,0.0,0.0,0.0,0.0,1.0,1.0,0.0,0.0,1.0,0.0,0.0,1.0,0.0,0.0,1.0,0.0,0.0,0.0,1.0,0.0,1.0,0.0,3.0,1.0,0.0,0.0,0.8335822777013847,1.0,0.0,0.0,1.0,0.0,0.0,1.0,0.0,0.0
7576-OYWBN,1,-1.1960038562387048,0.37517751211857825,-0.9050962791471899,0.0,1.0,1.0,0.0,1.0,0.0,0.0,1.0,0.0,0.0,1.0,0.0,1.0,0.0,1.0,0.0,0.0,1.0,0.0,0.0,1.0,0.0,0.0,1.0,0.0,0.0,1.0,0.0,0.0,1.0,0.0,0.0,1.0,0.0,0.0,0.0,1.0,0.0,0.0,1.0,0.0,0.0,1.0,3.0,1.0,0.0,0.0,0.7567670241412215,1.0,0.0,0.0,1.0,0.0,0.0,1.0,0.0,0.0
4526-ZJJTM,1,-0.30015585439803716,0.785641371159611,-0.040655619402898656,1.0,0.0,0.0,1.0,1.0,0.0,0.0,1.0,1.0,0.0,0.0,0.0,1.0,0.0,1.0,0.0,0.0,0.0,0.0,1.0,0.0,0.0,1.0,1.0,0.0,0.0,1.0,0.0,0.0,0.0,0.0,1.0,1.0,0.0,0.0,1.0,0.0,1.0,0.0,0.0,0.0,1.0,0.0,5.0,0.0,0.0,1.0,0.13544836393224294,0.0,0.0,1.0,0.0,0.0,1.0,0.0,0.0,1.0
8384-FZBJK,0,1.002895784642934,1.1911198392001445,1.4684481643459646,1.0,0.0,0.0,1.0,0.0,1.0,0.0,1.0,0.0,0.0,1.0,0.0,1.0,0.0,1.0,0.0,0.0,0.0,0.0,1.0,1.0,0.0,0.0,1.0,0.0,0.0,0.0,0.0,1.0,0.0,0.0,1.0,1.0,0.0,0.0,0.0,1.0,0.0,0.0,1.0,0.0,1.0,0.0,6.0,0.0,1.0,0.0,1.464208132920594,0.0,1.0,0.0,0.0,1.0,0.0,0.0,1.0,0.0
3750-RNQKR,0,-0.8295205827584317,-1.505976692069473,-0.8987211202764905,1.0,0.0,1.0,0.0,1.0,0.0,0.0,1.0,1.0,0.0,0.0,0.0,0.0,1.0,0.0,1.0,0.0,0.0,1.0,0.0,0.0,1.0,0.0,0.0,1.0,0.0,0.0,1.0,0.0,0.0,1.0,0.0,1.0,0.0,0.0,1.0,0.0,0.0,0.0,0.0,1.0,1.0,0.0,1.0,1.0,0.0,0.0,1.0834223272531034,1.0,0.0,0.0,1.0,0.0,0.0,1.0,0.0,0.0
0962-CQPWQ,0,1.2064976032430856,-1.477726143066649,-0.4355184006676756,1.0,0.0,0.0,1.0,0.0,1.0,0.0,1.0,1.0,0.0,0.0,0.0,0.0,1.0,0.0,1.0,0.0,0.0,1.0,0.0,0.0,1.0,0.0,0.0,1.0,0.0,0.0,1.0,0.0,0.0,1.0,0.0,0.0,0.0,1.0,1.0,0.0,1.0,0.0,0.0,0.0,1.0,0.0,1.0,0.0,1.0,0.0,-0.36097742713868214,0.0,1.0,0.0,0.0,1.0,0.0,0.0,1.0,0.0
3096-YXENJ,0,1.3286586944031769,1.4254332162235683,2.117501103628285,1.0,0.0,0.0,1.0,1.0,0.0,0.0,1.0,0.0,0.0,1.0,0.0,1.0,0.0,1.0,0.0,0.0,0.0,0.0,1.0,0.0,0.0,1.0,0.0,0.0,1.0,0.0,0.0,1.0,0.0,0.0,1.0,0.0,0.0,1.0,0.0,1.0,1.0,0.0,0.0,0.0,1.0,0.0,8.0,0.0,1.0,0.0,1.5937133535858508,0.0,1.0,0.0,0.0,1.0,0.0,0.0,1.0,0.0
1265-BCFEO,0,1.5729808767233588,0.5214156481331973,1.4907501907067853,1.0,0.0,0.0,1.0,1.0,0.0,0.0,1.0,0.0,0.0,1.0,1.0,0.0,0.0,1.0,0.0,0.0,1.0,0.0,0.0,0.0,0.0,1.0,0.0,0.0,1.0,0.0,0.0,1.0,0.0,0.0,1.0,0.0,0.0,1.0,0.0,1.0,1.0,0.0,0.0,0.0,1.0,0.0,7.0,0.0,1.0,0.0,0.9477230224261426,0.0,1.0,0.0,0.0,1.0,0.0,0.0,1.0,0.0
5837-LXSDN,0,-0.46303730927815856,-0.196480655938568,-0.4711222291012706,1.0,0.0,0.0,1.0,0.0,1.0,0.0,1.0,1.0,0.0,0.0,1.0,0.0,0.0,1.0,0.0,0.0,0.0,0.0,1.0,1.0,0.0,0.0,1.0,0.0,0.0,0.0,0.0,1.0,1.0,0.0,0.0,0.0,1.0,0.0,0.0,1.0,0.0,1.0,0.0,0.0,1.0,0.0,4.0,0.0,0.0,1.0,1.0174606228507068,0.0,0.0,1.0,0.0,0.0,1.0,0.0,0.0,1.0
5945-AZYHT,0,1.5729808767233588,1.4902432992300467,2.4577889954601533,0.0,1.0,0.0,1.0,1.0,0.0,0.0,1.0,0.0,0.0,1.0,0.0,1.0,0.0,0.0,0.0,1.0,0.0,0.0,1.0,0.0,0.0,1.0,1.0,0.0,0.0,0.0,0.0,1.0,0.0,0.0,1.0,0.0,1.0,0.0,0.0,1.0,0.0,0.0,1.0,0.0,1.0,0.0,8.0,0.0,1.0,0.0,1.5625040531833536,0.0,1.0,0.0,0.0,1.0,0.0,0.0,1.0,0.0
8325-QRPZR,0,-1.0331224013585834,0.34526516611558833,-0.7757401143797793,1.0,0.0,1.0,0.0,1.0,0.0,0.0,1.0,1.0,0.0,0.0,0.0,1.0,0.0,1.0,0.0,0.0,1.0,0.0,0.0,0.0,0.0,1.0,1.0,0.0,0.0,1.0,0.0,0.0,1.0,0.0,0.0,1.0,0.0,0.0,0.0,1.0,0.0,0.0,1.0,0.0,1.0,0.0,3.0,1.0,0.0,0.0,0.7508695130021965,1.0,0.0,0.0,1.0,0.0,0.0,1.0,0.0,0.0
6384-VMJHP,0,1.6137012404433893,0.27380789510844483,1.3155767076887075,1.0,0.0,1.0,0.0,1.0,0.0,0.0,1.0,1.0,0.0,0.0,1.0,0.0,0.0,0.0,0.0,1.0,0.0,0.0,1.0,0.0,0.0,1.0,0.0,0.0,1.0,1.0,0.0,0.0,0.0,0.0,1.0,0.0,0.0,1.0,0.0,1.0,0.0,1.0,0.0,0.0,1.0,0.0,7.0,0.0,1.0,0.0,0.815254196202534,0.0,1.0,0.0,0.0,1.0,0.0,0.0,1.0,0.0
2262-SLNVK,0,-1.2774445836787656,0.1774236690988095,-0.97643629225391,1.0,0.0,1.0,0.0,1.0,0.0,0.0,1.0,1.0,0.0,0.0,0.0,1.0,0.0,1.0,0.0,0.0,1.0,0.0,0.0,1.0,0.0,0.0,1.0,0.0,0.0,1.0,0.0,0.0,1.0,0.0,0.0,1.0,0.0,0.0,1.0,0.0,0.0,0.0,1.0,0.0,1.0,0.0,2.0,1.0,0.0,0.0,0.7643668498260673,1.0,0.0,0.0,1.0,0.0,0.0,1.0,0.0,0.0
7730-CLDSV,0,1.6137012404433893,1.1263097561936661,2.138060439501959,1.0,0.0,0.0,1.0,0.0,1.0,0.0,1.0,0.0,0.0,1.0,0.0,1.0,0.0,1.0,0.0,0.0,0.0,0.0,1.0,0.0,0.0,1.0,0.0,0.0,1.0,1.0,0.0,0.0,0.0,0.0,1.0,0.0,0.0,1.0,0.0,1.0,1.0,0.0,0.0,0.0,1.0,0.0,7.0,0.0,1.0,0.0,1.3249419321971234,0.0,1.0,0.0,0.0,1.0,0.0,0.0,1.0,0.0
1135-HIORI,0,1.2879383306831464,1.5517297882361936,2.198723715953252,1.0,0.0,0.0,1.0,0.0,1.0,0.0,1.0,0.0,0.0,1.0,0.0,1.0,0.0,1.0,0.0,0.0,0.0,0.0,1.0,0.0,0.0,1.0,0.0,0.0,1.0,0.0,0.0,1.0,0.0,0.0,1.0,0.0,1.0,0.0,0.0,1.0,0.0,0.0,1.0,0.0,1.0,0.0,8.0,0.0,1.0,0.0,1.7071653693131472,0.0,1.0,0.0,0.0,1.0,0.0,0.0,1.0,0.0
0164-APGRB,0,1.6137012404433893,1.6663937812476561,2.741274001160358,1.0,0.0,1.0,0.0,1.0,0.0,0.0,1.0,0.0,0.0,1.0,0.0,1.0,0.0,0.0,0.0,1.0,0.0,0.0,1.0,0.0,0.0,1.0,0.0,0.0,1.0,0.0,0.0,1.0,0.0,0.0,1.0,0.0,0.0,1.0,0.0,1.0,0.0,0.0,1.0,0.0,1.0,0.0,9.0,0.0,1.0,0.0,1.698749392054226,0.0,1.0,0.0,0.0,1.0,0.0,0.0,1.0,0.0
6481-ESCNL,0,-0.13727439951791576,1.1894580421999785,0.26270488160007405,1.0,0.0,1.0,0.0,1.0,0.0,0.0,1.0,0.0,0.0,1.0,0.0,1.0,0.0,1.0,0.0,0.0,1.0,0.0,0.0,0.0,0.0,1.0,1.0,0.0,0.0,0.0,0.0,1.0,0.0,0.0,1.0,1.0,0.0,0.0,1.0,0.0,1.0,0.0,0.0,0.0,1.0,0.0,6.0,0.0,0.0,1.0,-1.913720857804869,0.0,0.0,1.0,0.0,0.0,1.0,0.0,0.0,1.0
1790-NESIO,0,-0.7888002190384014,-1.4744025490663168,-0.8920812489267309,1.0,0.0,1.0,0.0,1.0,0.0,0.0,1.0,1.0,0.0,0.0,0.0,0.0,1.0,0.0,1.0,0.0,0.0,1.0,0.0,0.0,1.0,0.0,0.0,1.0,0.0,0.0,1.0,0.0,0.0,1.0,0.0,0.0,0.0,1.0,0.0,1.0,0.0,0.0,0.0,1.0,1.0,0.0,1.0,1.0,0.0,0.0,1.130934332161109,1.0,0.0,0.0,1.0,0.0,0.0,1.0,0.0,0.0
1550-EENBN,0,-0.055833672077855064,1.3157546142126038,0.4069070045681102,1.0,0.0,1.0,0.0,1.0,0.0,0.0,1.0,0.0,0.0,1.0,0.0,1.0,0.0,0.0,0.0,1.0,0.0,0.0,1.0,1.0,0.0,0.0,1.0,0.0,0.0,0.0,0.0,1.0,0.0,0.0,1.0,1.0,0.0,0.0,1.0,0.0,0.0,0.0,1.0,0.0,1.0,0.0,7.0,0.0,0.0,1.0,-7.287842433159595,0.0,0.0,1.0,0.0,0.0,1.0,0.0,0.0,1.0
5539-TMZLF,1,-1.2774445836787656,0.1657910900976468,-0.9765907078666951,0.0,1.0,1.0,0.0,1.0,0.0,0.0,1.0,1.0,0.0,0.0,0.0,1.0,0.0,1.0,0.0,0.0,1.0,0.0,0.0,1.0,0.0,0.0,1.0,0.0,0.0,1.0,0.0,0.0,1.0,0.0,0.0,1.0,0.0,0.0,0.0,1.0,0.0,0.0,1.0,0.0,0.0,1.0,2.0,1.0,0.0,0.0,0.764487728347733,1.0,0.0,0.0,1.0,0.0,0.0,1.0,0.0,0.0
4323-SADQS,0,-1.0331224013585834,-1.0057757950194701,-0.8841619339281803,0.0,1.0,0.0,1.0,0.0,1.0,1.0,0.0,0.0,1.0,0.0,1.0,0.0,0.0,0.0,0.0,1.0,1.0,0.0,0.0,1.0,0.0,0.0,0.0,0.0,1.0,1.0,0.0,0.0,1.0,0.0,0.0,1.0,0.0,0.0,0.0,1.0,0.0,0.0,1.0,0.0,0.0,1.0,3.0,1.0,0.0,0.0,0.8558152768398826,1.0,0.0,0.0,1.0,0.0,0.0,1.0,0.0,0.0
4446-BZKHU,0,1.1657772395230555,1.3556377422165908,1.7639334690968969,0.0,1.0,0.0,1.0,1.0,0.0,0.0,1.0,0.0,0.0,1.0,0.0,1.0,0.0,1.0,0.0,0.0,0.0,0.0,1.0,0.0,0.0,1.0,1.0,0.0,0.0,0.0,0.0,1.0,0.0,0.0,1.0,1.0,0.0,0.0,0.0,1.0,0.0,0.0,1.0,0.0,0.0,1.0,7.0,0.0,1.0,0.0,1.513096507029559,0.0,1.0,0.0,0.0,1.0,0.0,0.0,1.0,0.0
5202-IVJNU,0,0.26992923768238775,-1.152013931034089,-0.5082481542894617,1.0,0.0,1.0,0.0,0.0,1.0,1.0,0.0,0.0,1.0,0.0,1.0,0.0,0.0,1.0,0.0,0.0,1.0,0.0,0.0,0.0,0.0,1.0,1.0,0.0,0.0,1.0,0.0,0.0,1.0,0.0,0.0,1.0,0.0,0.0,1.0,0.0,0.0,1.0,0.0,0.0,0.0,1.0,2.0,0.0,0.0,1.0,-1.882894045318247,0.0,0.0,1.0,0.0,0.0,1.0,0.0,0.0,1.0
5976-JCJRH,0,-0.9109613101984924,0.18407085709947407,-0.6816789468203932,0.0,1.0,0.0,1.0,1.0,0.0,0.0,1.0,1.0,0.0,0.0,0.0,1.0,0.0,1.0,0.0,0.0,1.0,0.0,0.0,1.0,0.0,0.0,1.0,0.0,0.0,1.0,0.0,0.0,1.0,0.0,0.0,1.0,0.0,0.0,0.0,1.0,0.0,0.0,1.0,0.0,0.0,1.0,2.0,1.0,0.0,0.0,0.7483072433360094,1.0,0.0,0.0,1.0,0.0,0.0,1.0,0.0,0.0
8198-RKSZG,0,-0.748079855318371,0.5214156481331973,-0.5057113263651348,1.0,0.0,0.0,1.0,0.0,1.0,0.0,1.0,0.0,0.0,1.0,1.0,0.0,0.0,1.0,0.0,0.0,0.0,0.0,1.0,1.0,0.0,0.0,0.0,0.0,1.0,0.0,0.0,1.0,0.0,0.0,1.0,1.0,0.0,0.0,1.0,0.0,0.0,1.0,0.0,0.0,1.0,0.0,7.0,1.0,0.0,0.0,0.676012490872264,1.0,0.0,0.0,1.0,0.0,0.0,1.0,0.0,0.0
0137-OCGAB,0,-1.2774445836787656,0.5131066631323666,-0.9719802988563969,1.0,0.0,1.0,0.0,1.0,0.0,0.0,1.0,0.0,0.0,1.0,0.0,1.0,0.0,1.0,0.0,0.0,0.0,0.0,1.0,1.0,0.0,0.0,1.0,0.0,0.0,1.0,0.0,0.0,1.0,0.0,0.0,1.0,0.0,0.0,0.0,1.0,0.0,0.0,0.0,1.0,0.0,1.0,4.0,1.0,0.0,0.0,0.7608786410579963,1.0,0.0,0.0,1.0,0.0,0.0,1.0,0.0,0.0
3351-NQLDI,0,1.4100994218432374,0.9833952141793793,1.7904047170029154,1.0,0.0,0.0,1.0,0.0,1.0,0.0,1.0,0.0,0.0,1.0,0.0,1.0,0.0,0.0,0.0,1.0,1.0,0.0,0.0,1.0,0.0,0.0,0.0,0.0,1.0,1.0,0.0,0.0,0.0,0.0,1.0,0.0,1.0,0.0,0.0,1.0,0.0,1.0,0.0,0.0,0.0,1.0,6.0,0.0,1.0,0.0,1.2697010503433543,0.0,1.0,0.0,0.0,1.0,0.0,0.0,1.0,0.0
9297-EONCV,0,1.6137012404433893,0.8836873941694119,1.9473571577123505,1.0,0.0,1.0,0.0,1.0,0.0,0.0,1.0,0.0,0.0,1.0,1.0,0.0,0.0,0.0,0.0,1.0,0.0,0.0,1.0,0.0,0.0,1.0,0.0,0.0,1.0,0.0,0.0,1.0,0.0,0.0,1.0,0.0,0.0,1.0,0.0,1.0,1.0,0.0,0.0,0.0,1.0,0.0,9.0,0.0,1.0,0.0,1.2067643680916327,0.0,1.0,0.0,0.0,1.0,0.0,0.0,1.0,0.0
7593-JNWRU,0,-1.0738427650786138,-0.6700928009859131,-0.892301842659281,0.0,1.0,0.0,1.0,0.0,1.0,0.0,1.0,1.0,0.0,0.0,1.0,0.0,0.0,1.0,0.0,0.0,1.0,0.0,0.0,1.0,0.0,0.0,1.0,0.0,0.0,1.0,0.0,0.0,1.0,0.0,0.0,1.0,0.0,0.0,0.0,1.0,1.0,0.0,0.0,0.0,0.0,1.0,2.0,1.0,0.0,0.0,0.8309427335890813,1.0,0.0,0.0,1.0,0.0,0.0,1.0,0.0,0.0
4588-YBNIB,0,-1.2774445836787656,-1.5009913010689746,-0.9987162592414757,1.0,0.0,1.0,0.0,1.0,0.0,0.0,1.0,1.0,0.0,0.0,0.0,0.0,1.0,0.0,1.0,0.0,0.0,1.0,0.0,0.0,1.0,0.0,0.0,1.0,0.0,0.0,1.0,0.0,0.0,1.0,0.0,1.0,0.0,0.0,0.0,1.0,0.0,0.0,0.0,1.0,0.0,1.0,1.0,1.0,0.0,0.0,0.7818078936664224,1.0,0.0,0.0,1.0,0.0,0.0,1.0,0.0,0.0
1069-QJOEE,0,-0.30015585439803716,-1.491020519067978,-0.7843653293224903,0.0,1.0,0.0,1.0,0.0,1.0,0.0,1.0,1.0,0.0,0.0,0.0,0.0,1.0,0.0,1.0,0.0,0.0,1.0,0.0,0.0,1.0,0.0,0.0,1.0,0.0,0.0,1.0,0.0,0.0,1.0,0.0,0.0,1.0,0.0,1.0,0.0,0.0,0.0,1.0,0.0,1.0,0.0,1.0,0.0,0.0,1.0,2.6131935054058353,0.0,0.0,1.0,0.0,0.0,1.0,0.0,0.0,1.0
3336-JORSO,1,0.025607055362205634,1.5184938482328711,0.6053751857434844,1.0,0.0,1.0,0.0,1.0,0.0,0.0,1.0,0.0,0.0,1.0,0.0,1.0,0.0,1.0,0.0,0.0,0.0,0.0,1.0,0.0,0.0,1.0,0.0,0.0,1.0,0.0,0.0,1.0,0.0,0.0,1.0,1.0,0.0,0.0,0.0,1.0,0.0,0.0,1.0,0.0,0.0,1.0,8.0,0.0,0.0,1.0,23.640952744491628,0.0,0.0,1.0,0.0,0.0,1.0,0.0,0.0,1.0
7799-DSEWS,0,-0.5851984004382496,0.11926077409299518,-0.4339080664200595,0.0,1.0,1.0,0.0,1.0,0.0,0.0,1.0,1.0,0.0,0.0,1.0,0.0,0.0,0.0,0.0,1.0,1.0,0.0,0.0,0.0,0.0,1.0,0.0,0.0,1.0,0.0,0.0,1.0,1.0,0.0,0.0,1.0,0.0,0.0,0.0,1.0,0.0,0.0,1.0,0.0,1.0,0.0,6.0,1.0,0.0,0.0,0.741471723256779,1.0,0.0,0.0,1.0,0.0,0.0,1.0,0.0,0.0
8766-PAFNE,0,1.5729808767233588,0.47654712912871167,1.4477785316060154,0.0,1.0,0.0,1.0,1.0,0.0,0.0,1.0,1.0,0.0,0.0,1.0,0.0,0.0,1.0,0.0,0.0,0.0,0.0,1.0,0.0,0.0,1.0,0.0,0.0,1.0,0.0,0.0,1.0,0.0,0.0,1.0,0.0,0.0,1.0,0.0,1.0,0.0,1.0,0.0,0.0,1.0,0.0,7.0,0.0,1.0,0.0,0.9204044073452758,0.0,1.0,0.0,0.0,1.0,0.0,0.0,1.0,0.0
5315-CKEQK,1,-0.1779947632379461,-0.4573827849646494,-0.39773069428183416,0.0,1.0,0.0,1.0,0.0,1.0,0.0,1.0,0.0,0.0,1.0,1.0,0.0,0.0,1.0,0.0,0.0,1.0,0.0,0.0,1.0,0.0,0.0,1.0,0.0,0.0,1.0,0.0,0.0,1.0,0.0,0.0,0.0,1.0,0.0,0.0,1.0,0.0,0.0,1.0,0.0,1.0,0.0,3.0,0.0,0.0,1.0,2.234507841953427,0.0,0.0,1.0,0.0,0.0,1.0,0.0,0.0,1.0
3130-ICDUP,0,-1.2367242199587352,0.5247392421335293,-0.9243761713720735,1.0,0.0,1.0,0.0,0.0,1.0,0.0,1.0,0.0,0.0,1.0,0.0,1.0,0.0,0.0,0.0,1.0,1.0,0.0,0.0,1.0,0.0,0.0,1.0,0.0,0.0,1.0,0.0,0.0,1.0,0.0,0.0,1.0,0.0,0.0,1.0,0.0,0.0,1.0,0.0,0.0,1.0,0.0,4.0,1.0,0.0,0.0,0.7474392079124289,1.0,0.0,0.0,1.0,0.0,0.0,1.0,0.0,0.0
0820-FNRNX,0,-0.62591876415828,0.06442147308751339,-0.5321825742711535,0.0,1.0,0.0,1.0,0.0,1.0,0.0,1.0,0.0,0.0,1.0,1.0,0.0,0.0,1.0,0.0,0.0,0.0,0.0,1.0,0.0,0.0,1.0,0.0,0.0,1.0,1.0,0.0,0.0,1.0,0.0,0.0,1.0,0.0,0.0,0.0,1.0,0.0,0.0,0.0,1.0,1.0,0.0,6.0,1.0,0.0,0.0,0.8502422434751886,1.0,0.0,0.0,1.0,0.0,0.0,1.0,0.0,0.0
0880-FVFWF,0,0.9621754209229036,0.719169491152966,1.1643376446523213,0.0,1.0,1.0,0.0,1.0,0.0,0.0,1.0,0.0,0.0,1.0,0.0,1.0,0.0,0.0,0.0,1.0,0.0,0.0,1.0,1.0,0.0,0.0,1.0,0.0,0.0,1.0,0.0,0.0,1.0,0.0,0.0,1.0,0.0,0.0,0.0,1.0,0.0,0.0,1.0,0.0,1.0,0.0,5.0,0.0,1.0,0.0,1.210109528193421,0.0,1.0,0.0,0.0,1.0,0.0,0.0,1.0,0.0
4611-ANLQC,0,1.125056875803025,-0.4889569279678058,0.2771537710821092,1.0,0.0,0.0,1.0,1.0,0.0,1.0,0.0,0.0,1.0,0.0,1.0,0.0,0.0,0.0,0.0,1.0,0.0,0.0,1.0,0.0,0.0,1.0,1.0,0.0,0.0,1.0,0.0,0.0,0.0,0.0,1.0,0.0,1.0,0.0,1.0,0.0,0.0,0.0,1.0,0.0,1.0,0.0,5.0,0.0,1.0,0.0,0.24634645327089516,0.0,1.0,0.0,0.0,1.0,0.0,0.0,1.0,0.0
4213-HKBJO,0,0.025607055362205634,-1.2982520670487077,-0.6428985686380762,1.0,0.0,1.0,0.0,1.0,0.0,0.0,1.0,0.0,0.0,1.0,0.0,0.0,1.0,0.0,1.0,0.0,0.0,1.0,0.0,0.0,1.0,0.0,0.0,1.0,0.0,0.0,1.0,0.0,0.0,1.0,0.0,0.0,0.0,1.0,1.0,0.0,0.0,1.0,0.0,0.0,1.0,0.0,2.0,0.0,0.0,1.0,-25.106306037317868,0.0,0.0,1.0,0.0,0.0,1.0,0.0,0.0,1.0
2792-LSHWX,0,-1.2774445836787656,0.6194616711429987,-0.9705684989680758,1.0,0.0,1.0,0.0,1.0,0.0,0.0,1.0,1.0,0.0,0.0,0.0,1.0,0.0,0.0,0.0,1.0,0.0,0.0,1.0,1.0,0.0,0.0,0.0,0.0,1.0,1.0,0.0,0.0,1.0,0.0,0.0,1.0,0.0,0.0,0.0,1.0,0.0,0.0,0.0,1.0,1.0,0.0,5.0,1.0,0.0,0.0,0.7597734660027657,1.0,0.0,0.0,1.0,0.0,0.0,1.0,0.0,0.0
5028-GZLDO,0,-1.2367242199587352,0.19736523310080326,-0.9452884572178283,0.0,1.0,1.0,0.0,1.0,0.0,0.0,1.0,1.0,0.0,0.0,0.0,1.0,0.0,1.0,0.0,0.0,1.0,0.0,0.0,1.0,0.0,0.0,1.0,0.0,0.0,1.0,0.0,0.0,1.0,0.0,0.0,1.0,0.0,0.0,1.0,0.0,0.0,1.0,0.0,0.0,0.0,1.0,2.0,1.0,0.0,0.0,0.7643486251521532,1.0,0.0,0.0,1.0,0.0,0.0,1.0,0.0,0.0
0014-BMAQU,0,1.247217966963116,0.6610065961471517,1.3652544162590023,0.0,1.0,0.0,1.0,1.0,0.0,0.0,1.0,0.0,0.0,1.0,0.0,1.0,0.0,0.0,0.0,1.0,1.0,0.0,0.0,1.0,0.0,0.0,0.0,0.0,1.0,1.0,0.0,0.0,1.0,0.0,0.0,0.0,0.0,1.0,0.0,1.0,0.0,1.0,0.0,0.0,1.0,0.0,5.0,0.0,1.0,0.0,1.0946397922596451,0.0,1.0,0.0,0.0,1.0,0.0,0.0,1.0,0.0
6861-XWTWQ,1,-1.0331224013585834,1.1462513201956595,-0.7137753349064407,0.0,1.0,0.0,1.0,1.0,0.0,0.0,1.0,0.0,0.0,1.0,0.0,1.0,0.0,1.0,0.0,0.0,1.0,0.0,0.0,0.0,0.0,1.0,1.0,0.0,0.0,0.0,0.0,1.0,0.0,0.0,1.0,1.0,0.0,0.0,0.0,1.0,0.0,0.0,1.0,0.0,0.0,1.0,6.0,1.0,0.0,0.0,0.690891354178176,1.0,0.0,0.0,1.0,0.0,0.0,1.0,0.0,0.0
9018-PCIOK,0,0.9214550572028734,-0.00038860991896550476,0.5884556464568875,1.0,0.0,1.0,0.0,1.0,0.0,0.0,1.0,1.0,0.0,0.0,1.0,0.0,0.0,1.0,0.0,0.0,0.0,0.0,1.0,0.0,0.0,1.0,1.0,0.0,0.0,1.0,0.0,0.0,0.0,0.0,1.0,0.0,0.0,1.0,0.0,1.0,0.0,0.0,0.0,1.0,1.0,0.0,5.0,0.0,1.0,0.0,0.6386156783849843,0.0,1.0,0.0,0.0,1.0,0.0,0.0,1.0,0.0
4837-QUSFT,0,1.3286586944031769,1.1761636661986499,1.923665390836464,1.0,0.0,0.0,1.0,1.0,0.0,0.0,1.0,0.0,0.0,1.0,0.0,1.0,0.0,0.0,0.0,1.0,0.0,0.0,1.0,1.0,0.0,0.0,0.0,0.0,1.0,0.0,0.0,1.0,1.0,0.0,0.0,0.0,1.0,0.0,0.0,1.0,1.0,0.0,0.0,0.0,1.0,0.0,7.0,0.0,1.0,0.0,1.447825087766847,0.0,1.0,0.0,0.0,1.0,0.0,0.0,1.0,0.0
6877-TJMBR,0,-1.2774445836787656,0.6659919871476498,-0.9699508365169354,0.0,1.0,0.0,1.0,1.0,0.0,0.0,1.0,1.0,0.0,0.0,0.0,1.0,0.0,1.0,0.0,0.0,1.0,0.0,0.0,1.0,0.0,0.0,0.0,0.0,1.0,0.0,0.0,1.0,1.0,0.0,0.0,1.0,0.0,0.0,0.0,1.0,0.0,0.0,1.0,0.0,0.0,1.0,4.0,1.0,0.0,0.0,0.7592899519161024,1.0,0.0,0.0,1.0,0.0,0.0,1.0,0.0,0.0
9953-ZMKSM,0,1.247217966963116,-1.3132082400502028,-0.31941991922652924,0.0,1.0,1.0,0.0,1.0,0.0,0.0,1.0,0.0,0.0,1.0,0.0,0.0,1.0,0.0,1.0,0.0,0.0,1.0,0.0,0.0,1.0,0.0,0.0,1.0,0.0,0.0,1.0,0.0,0.0,1.0,0.0,0.0,0.0,1.0,1.0,0.0,0.0,0.0,0.0,1.0,1.0,0.0,2.0,0.0,1.0,0.0,-0.25610593151114813,0.0,1.0,0.0,0.0,1.0,0.0,0.0,1.0,0.0
0907-HQNTS,1,1.5322605130033284,1.6032454952413433,2.51666546267779,1.0,0.0,0.0,1.0,1.0,0.0,0.0,1.0,0.0,0.0,1.0,0.0,1.0,0.0,0.0,0.0,1.0,0.0,0.0,1.0,0.0,0.0,1.0,0.0,0.0,1.0,0.0,0.0,1.0,0.0,0.0,1.0,0.0,0.0,1.0,0.0,1.0,0.0,1.0,0.0,0.0,1.0,0.0,9.0,0.0,1.0,0.0,1.6424527300158411,0.0,1.0,0.0,0.0,1.0,0.0,0.0,1.0,0.0
7665-NKLAV,0,0.14776814652229667,-0.801374763999037,-0.32469210943447796,1.0,0.0,0.0,1.0,0.0,1.0,1.0,0.0,0.0,1.0,0.0,1.0,0.0,0.0,0.0,0.0,1.0,1.0,0.0,0.0,0.0,0.0,1.0,0.0,0.0,1.0,1.0,0.0,0.0,1.0,0.0,0.0,0.0,0.0,1.0,1.0,0.0,0.0,1.0,0.0,0.0,1.0,0.0,4.0,0.0,0.0,1.0,-2.1973078574514386,0.0,0.0,1.0,0.0,0.0,1.0,0.0,0.0,1.0
6769-DCQLI,0,0.7992939660427822,1.3373579752147637,1.3868946614221727,0.0,1.0,1.0,0.0,1.0,0.0,0.0,1.0,1.0,0.0,0.0,0.0,1.0,0.0,1.0,0.0,0.0,0.0,0.0,1.0,0.0,0.0,1.0,0.0,0.0,1.0,0.0,0.0,1.0,0.0,0.0,1.0,0.0,1.0,0.0,0.0,1.0,1.0,0.0,0.0,0.0,0.0,1.0,7.0,0.0,1.0,0.0,1.7351496700125708,0.0,1.0,0.0,0.0,1.0,0.0,0.0,1.0,0.0
2433-KMEAS,0,-0.4223169455581282,-0.3427187919531868,-0.5099908447766079,0.0,1.0,1.0,0.0,1.0,0.0,0.0,1.0,0.0,0.0,1.0,1.0,0.0,0.0,0.0,0.0,1.0,1.0,0.0,0.0,1.0,0.0,0.0,1.0,0.0,0.0,1.0,0.0,0.0,1.0,0.0,0.0,1.0,0.0,0.0,0.0,1.0,0.0,0.0,1.0,0.0,0.0,1.0,4.0,0.0,0.0,1.0,1.2076021342279106,0.0,0.0,1.0,0.0,0.0,1.0,0.0,0.0,1.0
4391-LNRXK,0,-0.4223169455581282,1.003336778181373,-0.06198703334049857,0.0,1.0,1.0,0.0,1.0,0.0,0.0,1.0,1.0,0.0,0.0,0.0,1.0,0.0,1.0,0.0,0.0,0.0,0.0,1.0,0.0,0.0,1.0,0.0,0.0,1.0,1.0,0.0,0.0,0.0,0.0,1.0,1.0,0.0,0.0,0.0,1.0,1.0,0.0,0.0,0.0,1.0,0.0,6.0,0.0,0.0,1.0,0.1467784657766393,0.0,0.0,1.0,0.0,0.0,1.0,0.0,0.0,1.0
8250-ZNGGW,1,-1.1145631287986442,-0.1615829189350795,-0.8803677217283177,1.0,0.0,1.0,0.0,1.0,0.0,0.0,1.0,1.0,0.0,0.0,1.0,0.0,0.0,0.0,0.0,1.0,0.0,0.0,1.0,1.0,0.0,0.0,0.0,0.0,1.0,1.0,0.0,0.0,1.0,0.0,0.0,1.0,0.0,0.0,1.0,0.0,0.0,1.0,0.0,0.0,1.0,0.0,5.0,1.0,0.0,0.0,0.7898769472817937,1.0,0.0,0.0,1.0,0.0,0.0,1.0,0.0,0.0
2195-ZRVAX,0,0.5956921474426305,0.682609957149311,0.7775265346256252,1.0,0.0,0.0,1.0,1.0,0.0,0.0,1.0,1.0,0.0,0.0,0.0,1.0,0.0,1.0,0.0,0.0,1.0,0.0,0.0,0.0,0.0,1.0,1.0,0.0,0.0,1.0,0.0,0.0,0.0,0.0,1.0,1.0,0.0,0.0,0.0,1.0,0.0,0.0,1.0,0.0,0.0,1.0,4.0,0.0,1.0,0.0,1.3052489242365017,0.0,1.0,0.0,0.0,1.0,0.0,0.0,1.0,0.0
3550-SAHFP,0,0.025607055362205634,0.6177998741428321,0.2093653170694466,1.0,0.0,1.0,0.0,1.0,0.0,0.0,1.0,0.0,0.0,1.0,0.0,1.0,0.0,1.0,0.0,0.0,1.0,0.0,0.0,1.0,0.0,0.0,1.0,0.0,0.0,1.0,0.0,0.0,0.0,0.0,1.0,1.0,0.0,0.0,0.0,1.0,0.0,0.0,1.0,0.0,0.0,1.0,4.0,0.0,0.0,1.0,8.176079369846498,0.0,0.0,1.0,0.0,0.0,1.0,0.0,0.0,1.0
2011-TRQYE,0,-0.5851984004382496,-1.0390117350227925,-0.742651054497256,0.0,1.0,1.0,0.0,1.0,0.0,1.0,0.0,0.0,1.0,0.0,1.0,0.0,0.0,1.0,0.0,0.0,0.0,0.0,1.0,0.0,0.0,1.0,1.0,0.0,0.0,1.0,0.0,0.0,1.0,0.0,0.0,1.0,0.0,0.0,0.0,1.0,0.0,1.0,0.0,0.0,0.0,1.0,3.0,1.0,0.0,0.0,1.2690585858421548,1.0,0.0,0.0,1.0,0.0,0.0,1.0,0.0,0.0
8562-GHPPI,0,-1.2774445836787656,-1.4943441130683104,-0.9986280217484554,1.0,0.0,1.0,0.0,1.0,0.0,0.0,1.0,1.0,0.0,0.0,0.0,0.0,1.0,0.0,1.0,0.0,0.0,1.0,0.0,0.0,1.0,0.0,0.0,1.0,0.0,0.0,1.0,0.0,0.0,1.0,0.0,1.0,0.0,0.0,1.0,0.0,0.0,1.0,0.0,0.0,1.0,0.0,1.0,1.0,0.0,0.0,0.7817388202254705,1.0,0.0,0.0,1.0,0.0,0.0,1.0,0.0,0.0
5893-PYOLZ,0,0.9621754209229036,0.5662841671376824,0.9931789675666564,0.0,1.0,1.0,0.0,1.0,0.0,0.0,1.0,1.0,0.0,0.0,1.0,0.0,0.0,1.0,0.0,0.0,0.0,0.0,1.0,0.0,0.0,1.0,0.0,0.0,1.0,0.0,0.0,1.0,0.0,0.0,1.0,0.0,0.0,1.0,0.0,1.0,0.0,1.0,0.0,0.0,1.0,0.0,7.0,0.0,1.0,0.0,1.032222343212649,0.0,1.0,0.0,0.0,1.0,0.0,0.0,1.0,0.0
4986-MXSFP,0,-1.2367242199587352,-1.4876969250676457,-0.9893189662348391,1.0,0.0,1.0,0.0,1.0,0.0,0.0,1.0,1.0,0.0,0.0,0.0,0.0,1.0,0.0,1.0,0.0,0.0,1.0,0.0,0.0,1.0,0.0,0.0,1.0,0.0,0.0,1.0,0.0,0.0,1.0,0.0,1.0,0.0,0.0,0.0,1.0,0.0,0.0,0.0,1.0,1.0,0.0,1.0,1.0,0.0,0.0,0.7999511534332601,1.0,0.0,0.0,1.0,0.0,0.0,1.0,0.0,0.0
6131-FOYAS,0,0.10704778280226633,-0.17155370093607614,-0.08311991291880344,0.0,1.0,1.0,0.0,1.0,0.0,0.0,1.0,0.0,0.0,1.0,1.0,0.0,0.0,0.0,0.0,1.0,1.0,0.0,0.0,0.0,0.0,1.0,1.0,0.0,0.0,1.0,0.0,0.0,1.0,0.0,0.0,1.0,0.0,0.0,0.0,1.0,0.0,0.0,1.0,0.0,1.0,0.0,5.0,0.0,0.0,1.0,-0.7764748670445484,0.0,0.0,1.0,0.0,0.0,1.0,0.0,0.0,1.0
3027-YNWZU,0,1.2879383306831464,-1.3215172250510334,-0.30816963886647136,1.0,0.0,0.0,1.0,1.0,0.0,0.0,1.0,0.0,0.0,1.0,0.0,0.0,1.0,0.0,1.0,0.0,0.0,1.0,0.0,0.0,1.0,0.0,0.0,1.0,0.0,0.0,1.0,0.0,0.0,1.0,0.0,0.0,0.0,1.0,1.0,0.0,0.0,1.0,0.0,0.0,1.0,0.0,2.0,0.0,1.0,0.0,-0.2392735983740871,0.0,1.0,0.0,0.0,1.0,0.0,0.0,1.0,0.0
5609-IMCGG,0,-0.7073594915983407,0.6510358141461546,-0.43265068214452357,1.0,0.0,1.0,0.0,1.0,0.0,0.0,1.0,0.0,0.0,1.0,0.0,1.0,0.0,0.0,0.0,1.0,1.0,0.0,0.0,0.0,0.0,1.0,1.0,0.0,0.0,1.0,0.0,0.0,1.0,0.0,0.0,1.0,0.0,0.0,0.0,1.0,0.0,1.0,0.0,0.0,1.0,0.0,5.0,1.0,0.0,0.0,0.6116418699166833,1.0,0.0,0.0,1.0,0.0,0.0,1.0,0.0,0.0
4873-ILOLJ,0,-0.3408762181180675,0.8504514541660894,-0.019765392930399042,0.0,1.0,1.0,0.0,1.0,0.0,0.0,1.0,1.0,0.0,0.0,0.0,1.0,0.0,1.0,0.0,0.0,1.0,0.0,0.0,1.0,0.0,0.0,1.0,0.0,0.0,0.0,0.0,1.0,0.0,0.0,1.0,1.0,0.0,0.0,0.0,1.0,0.0,0.0,1.0,0.0,0.0,1.0,4.0,0.0,0.0,1.0,0.057984077151293105,0.0,0.0,1.0,0.0,0.0,1.0,0.0,0.0,1.0
4727-MCYZG,0,-1.2774445836787656,-0.30615925794953225,-0.9828555698711194,0.0,1.0,1.0,0.0,1.0,0.0,0.0,1.0,1.0,0.0,0.0,1.0,0.0,0.0,1.0,0.0,0.0,1.0,0.0,0.0,1.0,0.0,0.0,1.0,0.0,0.0,1.0,0.0,0.0,0.0,0.0,1.0,1.0,0.0,0.0,1.0,0.0,0.0,0.0,0.0,1.0,1.0,0.0,3.0,1.0,0.0,0.0,0.7693919426553181,1.0,0.0,0.0,1.0,0.0,0.0,1.0,0.0,0.0
9481-WHGWY,0,1.5322605130033284,0.35191235411625243,1.391703604791766,1.0,0.0,0.0,1.0,0.0,1.0,0.0,1.0,1.0,0.0,0.0,1.0,0.0,0.0,0.0,0.0,1.0,1.0,0.0,0.0,1.0,0.0,0.0,0.0,0.0,1.0,0.0,0.0,1.0,0.0,0.0,1.0,0.0,0.0,1.0,1.0,0.0,0.0,1.0,0.0,0.0,1.0,0.0,6.0,0.0,1.0,0.0,0.9082682696455696,0.0,1.0,0.0,0.0,1.0,0.0,0.0,1.0,0.0
2725-KXXWT,0,-1.2774445836787656,0.8637458301674186,-0.9673257710995886,0.0,1.0,0.0,1.0,1.0,0.0,0.0,1.0,1.0,0.0,0.0,0.0,1.0,0.0,1.0,0.0,0.0,1.0,0.0,0.0,1.0,0.0,0.0,1.0,0.0,0.0,0.0,0.0,1.0,0.0,0.0,1.0,1.0,0.0,0.0,0.0,1.0,0.0,0.0,1.0,0.0,0.0,1.0,4.0,1.0,0.0,0.0,0.7572350170477834,1.0,0.0,0.0,1.0,0.0,0.0,1.0,0.0,0.0
9565-DJPIB,0,-1.1552834925186746,0.8255244991635975,-0.8460433369435135,1.0,0.0,1.0,0.0,0.0,1.0,0.0,1.0,0.0,0.0,1.0,0.0,1.0,0.0,1.0,0.0,0.0,0.0,0.0,1.0,1.0,0.0,0.0,1.0,0.0,0.0,0.0,0.0,1.0,1.0,0.0,0.0,1.0,0.0,0.0,1.0,0.0,0.0,0.0,0.0,1.0,0.0,1.0,5.0,1.0,0.0,0.0,0.7323253057992064,1.0,0.0,0.0,1.0,0.0,0.0,1.0,0.0,0.0
4328-VUFWD,0,0.26992923768238775,-0.18152448293707302,-0.03271424503109308,1.0,0.0,1.0,0.0,1.0,0.0,0.0,1.0,1.0,0.0,0.0,1.0,0.0,0.0,1.0,0.0,0.0,1.0,0.0,0.0,1.0,0.0,0.0,0.0,0.0,1.0,1.0,0.0,0.0,0.0,0.0,1.0,0.0,1.0,0.0,1.0,0.0,0.0,0.0,1.0,0.0,1.0,0.0,4.0,0.0,0.0,1.0,-0.12119563375934214,0.0,0.0,1.0,0.0,0.0,1.0,0.0,0.0,1.0
3301-LSLWQ,0,-0.13727439951791576,0.04447990908551963,-0.163746922165885,1.0,0.0,1.0,0.0,1.0,0.0,0.0,1.0,0.0,0.0,1.0,1.0,0.0,0.0,0.0,0.0,1.0,1.0,0.0,0.0,1.0,0.0,0.0,1.0,0.0,0.0,1.0,0.0,0.0,0.0,0.0,1.0,1.0,0.0,0.0,0.0,1.0,0.0,0.0,1.0,0.0,1.0,0.0,5.0,0.0,0.0,1.0,1.1928438422672851,0.0,0.0,1.0,0.0,0.0,1.0,0.0,0.0,1.0
7473-ZBDSN,0,-0.748079855318371,-1.5275800530716328,-0.8946180768510577,1.0,0.0,0.0,1.0,0.0,1.0,0.0,1.0,1.0,0.0,0.0,0.0,0.0,1.0,0.0,1.0,0.0,0.0,1.0,0.0,0.0,1.0,0.0,0.0,1.0,0.0,0.0,1.0,0.0,0.0,1.0,0.0,0.0,0.0,1.0,1.0,0.0,0.0,0.0,0.0,1.0,1.0,0.0,1.0,1.0,0.0,0.0,1.1958858008151045,1.0,0.0,0.0,1.0,0.0,0.0,1.0,0.0,0.0
3166-PNEOF,0,1.1657772395230555,0.720831288153132,1.2759139545761897,1.0,0.0,1.0,0.0,1.0,0.0,0.0,1.0,0.0,0.0,1.0,1.0,0.0,0.0,0.0,0.0,1.0,1.0,0.0,0.0,0.0,0.0,1.0,0.0,0.0,1.0,0.0,0.0,1.0,0.0,0.0,1.0,0.0,0.0,1.0,1.0,0.0,0.0,1.0,0.0,0.0,1.0,0.0,8.0,0.0,1.0,0.0,1.0944749230978241,0.0,1.0,0.0,0.0,1.0,0.0,0.0,1.0,0.0
5639-NTUPK,0,-0.7888002190384014,-0.4208232509609946,-0.7114811600879192,0.0,1.0,1.0,0.0,0.0,1.0,0.0,1.0,1.0,0.0,0.0,1.0,0.0,0.0,0.0,0.0,1.0,1.0,0.0,0.0,1.0,0.0,0.0,1.0,0.0,0.0,1.0,0.0,0.0,1.0,0.0,0.0,1.0,0.0,0.0,0.0,1.0,0.0,1.0,0.0,0.0,1.0,0.0,3.0,1.0,0.0,0.0,0.9019789078599152,1.0,0.0,0.0,1.0,0.0,0.0,1.0,0.0,0.0
8780-YRMTT,0,1.369379058123207,-0.5770321689766102,0.3943993399325164,1.0,0.0,1.0,0.0,1.0,0.0,1.0,0.0,0.0,1.0,0.0,1.0,0.0,0.0,0.0,0.0,1.0,0.0,0.0,1.0,0.0,0.0,1.0,0.0,0.0,1.0,1.0,0.0,0.0,1.0,0.0,0.0,0.0,0.0,1.0,0.0,1.0,0.0,0.0,0.0,1.0,1.0,0.0,5.0,0.0,1.0,0.0,0.2880132696589195,0.0,1.0,0.0,0.0,1.0,0.0,0.0,1.0,0.0
8348-HFYIV,0,-1.2367242199587352,-0.5155456799704636,-0.9675022460856287,0.0,1.0,1.0,0.0,1.0,0.0,1.0,0.0,0.0,1.0,0.0,1.0,0.0,0.0,1.0,0.0,0.0,1.0,0.0,0.0,0.0,0.0,1.0,1.0,0.0,0.0,0.0,0.0,1.0,0.0,0.0,1.0,1.0,0.0,0.0,0.0,1.0,0.0,0.0,1.0,0.0,0.0,1.0,4.0,1.0,0.0,0.0,0.7823104217348559,1.0,0.0,0.0,1.0,0.0,0.0,1.0,0.0,0.0
5140-FOMCQ,0,1.0843365120829946,1.475287126228552,1.8858335657041125,1.0,0.0,0.0,1.0,1.0,0.0,0.0,1.0,0.0,0.0,1.0,0.0,1.0,0.0,0.0,0.0,1.0,0.0,0.0,1.0,0.0,0.0,1.0,1.0,0.0,0.0,0.0,0.0,1.0,0.0,0.0,1.0,0.0,1.0,0.0,0.0,1.0,0.0,1.0,0.0,0.0,1.0,0.0,8.0,0.0,1.0,0.0,1.739158964666286,0.0,1.0,0.0,0.0,1.0,0.0,0.0,1.0,0.0
6242-SGYTS,0,1.2064976032430856,1.003336778181373,1.5479280861837856,0.0,1.0,0.0,1.0,0.0,1.0,0.0,1.0,0.0,0.0,1.0,0.0,1.0,0.0,0.0,0.0,1.0,0.0,0.0,1.0,1.0,0.0,0.0,1.0,0.0,0.0,0.0,0.0,1.0,1.0,0.0,0.0,0.0,1.0,0.0,0.0,1.0,0.0,1.0,0.0,0.0,1.0,0.0,6.0,0.0,1.0,0.0,1.2829930884428855,0.0,1.0,0.0,0.0,1.0,0.0,0.0,1.0,0.0
8166-ORCHU,1,0.025607055362205634,0.9568064621767214,0.3406847660565538,0.0,1.0,0.0,1.0,1.0,0.0,0.0,1.0,1.0,0.0,0.0,0.0,1.0,0.0,0.0,0.0,1.0,0.0,0.0,1.0,1.0,0.0,0.0,0.0,0.0,1.0,1.0,0.0,0.0,0.0,0.0,1.0,0.0,1.0,0.0,0.0,1.0,0.0,0.0,1.0,0.0,1.0,0.0,6.0,0.0,0.0,1.0,13.30433199903893,0.0,0.0,1.0,0.0,0.0,1.0,0.0,0.0,1.0
8414-OOEEL,0,1.369379058123207,0.4898415051300408,1.2850906538502762,0.0,1.0,1.0,0.0,0.0,1.0,0.0,1.0,1.0,0.0,0.0,1.0,0.0,0.0,1.0,0.0,0.0,0.0,0.0,1.0,0.0,0.0,1.0,0.0,0.0,1.0,0.0,0.0,1.0,0.0,0.0,1.0,0.0,0.0,1.0,0.0,1.0,0.0,1.0,0.0,0.0,1.0,0.0,7.0,0.0,1.0,0.0,0.938447719225054,0.0,1.0,0.0,0.0,1.0,0.0,0.0,1.0,0.0
8454-AATJP,0,1.6137012404433893,1.6713791722481544,2.700817110610659,1.0,0.0,1.0,0.0,1.0,0.0,0.0,1.0,0.0,0.0,1.0,0.0,1.0,0.0,0.0,0.0,1.0,0.0,0.0,1.0,0.0,0.0,1.0,0.0,0.0,1.0,0.0,0.0,1.0,0.0,0.0,1.0,0.0,0.0,1.0,1.0,0.0,0.0,1.0,0.0,0.0,1.0,0.0,9.0,0.0,1.0,0.0,1.6736785242035062,0.0,1.0,0.0,0.0,1.0,0.0,0.0,1.0,0.0
6849-WLEYG,0,-1.2774445836787656,-1.4960059100684764,-0.9986500811217106,0.0,1.0,1.0,0.0,0.0,1.0,0.0,1.0,1.0,0.0,0.0,0.0,0.0,1.0,0.0,1.0,0.0,0.0,1.0,0.0,0.0,1.0,0.0,0.0,1.0,0.0,0.0,1.0,0.0,0.0,1.0,0.0,1.0,0.0,0.0,1.0,0.0,0.0,0.0,0.0,1.0,0.0,1.0,1.0,1.0,0.0,0.0,0.7817560885857086,1.0,0.0,0.0,1.0,0.0,0.0,1.0,0.0,0.0
4659-NZRUF,0,-0.5444780367182193,1.0099839661820376,-0.21796886162671306,1.0,0.0,1.0,0.0,1.0,0.0,0.0,1.0,0.0,0.0,1.0,0.0,1.0,0.0,0.0,0.0,1.0,0.0,0.0,1.0,1.0,0.0,0.0,1.0,0.0,0.0,1.0,0.0,0.0,0.0,0.0,1.0,1.0,0.0,0.0,0.0,1.0,0.0,0.0,1.0,0.0,0.0,1.0,6.0,1.0,0.0,0.0,0.4003262701660036,1.0,0.0,0.0,1.0,0.0,0.0,1.0,0.0,0.0
4531-AUZNK,0,0.758573602322752,1.0099839661820376,1.1985958513173605,1.0,0.0,0.0,1.0,0.0,1.0,0.0,1.0,0.0,0.0,1.0,0.0,1.0,0.0,0.0,0.0,1.0,1.0,0.0,0.0,1.0,0.0,0.0,0.0,0.0,1.0,0.0,0.0,1.0,1.0,0.0,0.0,0.0,1.0,0.0,0.0,1.0,0.0,0.0,0.0,1.0,1.0,0.0,6.0,0.0,1.0,0.0,1.580065332681312,0.0,1.0,0.0,0.0,1.0,0.0,0.0,1.0,0.0
4191-XOVOM,0,1.247217966963116,1.3506523512160928,1.9544161571539556,0.0,1.0,1.0,0.0,1.0,0.0,0.0,1.0,0.0,0.0,1.0,0.0,1.0,0.0,1.0,0.0,0.0,0.0,0.0,1.0,1.0,0.0,0.0,0.0,0.0,1.0,0.0,0.0,1.0,0.0,0.0,1.0,1.0,0.0,0.0,1.0,0.0,0.0,0.0,1.0,0.0,1.0,0.0,7.0,0.0,1.0,0.0,1.5670205280259193,0.0,1.0,0.0,0.0,1.0,0.0,0.0,1.0,0.0
2150-OEGBV,0,-0.21871512695797646,-1.4843733310673135,-0.7591514656920076,0.0,1.0,1.0,0.0,1.0,0.0,0.0,1.0,1.0,0.0,0.0,0.0,0.0,1.0,0.0,1.0,0.0,0.0,1.0,0.0,0.0,1.0,0.0,0.0,1.0,0.0,0.0,1.0,0.0,0.0,1.0,0.0,0.0,1.0,0.0,1.0,0.0,1.0,0.0,0.0,0.0,1.0,0.0,1.0,0.0,0.0,1.0,3.4709600394392,0.0,0.0,1.0,0.0,0.0,1.0,0.0,0.0,1.0
8429-XIBUM,0,-0.4223169455581282,1.2160467942026365,0.01491194182648524,0.0,1.0,1.0,0.0,1.0,0.0,0.0,1.0,0.0,0.0,1.0,0.0,1.0,0.0,0.0,0.0,1.0,1.0,0.0,0.0,1.0,0.0,0.0,1.0,0.0,0.0,0.0,0.0,1.0,0.0,0.0,1.0,1.0,0.0,0.0,0.0,1.0,1.0,0.0,0.0,0.0,0.0,1.0,6.0,0.0,0.0,1.0,-0.03530983538152329,0.0,0.0,1.0,0.0,0.0,1.0,0.0,0.0,1.0
1855-CFULU,1,-1.1552834925186746,-1.4860351280674797,-0.9670169398740185,1.0,0.0,1.0,0.0,1.0,0.0,0.0,1.0,1.0,0.0,0.0,0.0,0.0,1.0,0.0,1.0,0.0,0.0,1.0,0.0,0.0,1.0,0.0,0.0,1.0,0.0,0.0,1.0,0.0,0.0,1.0,0.0,1.0,0.0,0.0,1.0,0.0,0.0,0.0,0.0,1.0,1.0,0.0,1.0,1.0,0.0,0.0,0.8370386542664005,1.0,0.0,0.0,1.0,0.0,0.0,1.0,0.0,0.0
4878-BUNFV,0,0.3920903288424788,-1.46443176706532,-0.6416853031090503,0.0,1.0,0.0,1.0,0.0,1.0,0.0,1.0,1.0,0.0,0.0,0.0,0.0,1.0,0.0,1.0,0.0,0.0,1.0,0.0,0.0,1.0,0.0,0.0,1.0,0.0,0.0,1.0,0.0,0.0,1.0,0.0,0.0,0.0,1.0,1.0,0.0,0.0,0.0,0.0,1.0,1.0,0.0,1.0,0.0,0.0,1.0,-1.636575186650027,0.0,0.0,1.0,0.0,0.0,1.0,0.0,0.0,1.0
1872-EBWSC,0,-0.13727439951791576,-1.4760643460664828,-0.7349964519777658,1.0,0.0,1.0,0.0,1.0,0.0,0.0,1.0,1.0,0.0,0.0,0.0,0.0,1.0,0.0,1.0,0.0,0.0,1.0,0.0,0.0,1.0,0.0,0.0,1.0,0.0,0.0,1.0,0.0,0.0,1.0,0.0,0.0,1.0,0.0,1.0,0.0,0.0,0.0,0.0,1.0,1.0,0.0,1.0,0.0,0.0,1.0,5.354213564648235,0.0,0.0,1.0,0.0,0.0,1.0,0.0,0.0,1.0
2608-BHKFN,0,-1.1552834925186746,0.17576187209864347,-0.8896105991221691,1.0,0.0,1.0,0.0,1.0,0.0,0.0,1.0,1.0,0.0,0.0,0.0,1.0,0.0,1.0,0.0,0.0,1.0,0.0,0.0,1.0,0.0,0.0,1.0,0.0,0.0,1.0,0.0,0.0,1.0,0.0,0.0,1.0,0.0,0.0,0.0,1.0,0.0,1.0,0.0,0.0,0.0,1.0,2.0,1.0,0.0,0.0,0.7700366229441203,1.0,0.0,0.0,1.0,0.0,0.0,1.0,0.0,0.0
7026-YMSBE,0,-0.0965540357978854,-1.4976677070686424,-0.7315993084964934,0.0,1.0,1.0,0.0,1.0,0.0,0.0,1.0,1.0,0.0,0.0,0.0,0.0,1.0,0.0,1.0,0.0,0.0,1.0,0.0,0.0,1.0,0.0,0.0,1.0,0.0,0.0,1.0,0.0,0.0,1.0,0.0,0.0,1.0,0.0,1.0,0.0,0.0,0.0,0.0,1.0,1.0,0.0,1.0,0.0,0.0,1.0,7.577097139967668,0.0,0.0,1.0,0.0,0.0,1.0,0.0,0.0,1.0
7341-LXCAF,0,-1.1552834925186746,0.32864719611392706,-0.8743896315762084,0.0,1.0,0.0,1.0,1.0,0.0,0.0,1.0,0.0,0.0,1.0,0.0,1.0,0.0,1.0,0.0,0.0,1.0,0.0,0.0,1.0,0.0,0.0,1.0,0.0,0.0,1.0,0.0,0.0,1.0,0.0,0.0,1.0,0.0,0.0,0.0,1.0,0.0,0.0,1.0,0.0,0.0,1.0,3.0,1.0,0.0,0.0,0.756861529865644,1.0,0.0,0.0,1.0,0.0,0.0,1.0,0.0,0.0
6997-UVGOX,0,1.5729808767233588,0.6875953481498096,1.652952762250914,0.0,1.0,0.0,1.0,0.0,1.0,0.0,1.0,1.0,0.0,0.0,1.0,0.0,0.0,0.0,0.0,1.0,0.0,0.0,1.0,0.0,0.0,1.0,0.0,0.0,1.0,0.0,0.0,1.0,0.0,0.0,1.0,0.0,0.0,1.0,1.0,0.0,1.0,0.0,0.0,0.0,1.0,0.0,8.0,0.0,1.0,0.0,1.0508409776056165,0.0,1.0,0.0,0.0,1.0,0.0,0.0,1.0,0.0
9674-EHPPG,0,0.5549717837226001,-0.8096837489998675,-0.1943873916171015,0.0,1.0,0.0,1.0,1.0,0.0,1.0,0.0,0.0,1.0,0.0,1.0,0.0,0.0,0.0,0.0,1.0,1.0,0.0,0.0,0.0,0.0,1.0,0.0,0.0,1.0,1.0,0.0,0.0,1.0,0.0,0.0,0.0,0.0,1.0,1.0,0.0,0.0,1.0,0.0,0.0,1.0,0.0,4.0,0.0,1.0,0.0,-0.35026536000299624,0.0,1.0,0.0,0.0,1.0,0.0,0.0,1.0,0.0
9462-MJUAW,0,-1.1552834925186746,-0.4773243489666429,-0.9162142032677179,0.0,1.0,1.0,0.0,1.0,0.0,0.0,1.0,0.0,0.0,1.0,1.0,0.0,0.0,1.0,0.0,0.0,1.0,0.0,0.0,1.0,0.0,0.0,1.0,0.0,0.0,1.0,0.0,0.0,1.0,0.0,0.0,1.0,0.0,0.0,1.0,0.0,0.0,0.0,0.0,1.0,0.0,1.0,3.0,1.0,0.0,0.0,0.7930643943247616,1.0,0.0,0.0,1.0,0.0,0.0,1.0,0.0,0.0
8128-YVJRG,0,-1.0331224013585834,0.4948268961305394,-0.7405774734112845,1.0,0.0,1.0,0.0,1.0,0.0,0.0,1.0,0.0,0.0,1.0,0.0,1.0,0.0,0.0,0.0,1.0,1.0,0.0,0.0,1.0,0.0,0.0,1.0,0.0,0.0,1.0,0.0,0.0,1.0,0.0,0.0,1.0,0.0,0.0,0.0,1.0,0.0,0.0,0.0,1.0,0.0,1.0,4.0,1.0,0.0,0.0,0.7168342032245216,1.0,0.0,0.0,1.0,0.0,0.0,1.0,0.0,0.0
5440-VHLUL,0,1.4915401492832983,1.3440051632154282,2.2512691430466987,0.0,1.0,1.0,0.0,1.0,0.0,0.0,1.0,0.0,0.0,1.0,0.0,1.0,0.0,1.0,0.0,0.0,0.0,0.0,1.0,1.0,0.0,0.0,0.0,0.0,1.0,0.0,0.0,1.0,0.0,0.0,1.0,0.0,1.0,0.0,0.0,1.0,1.0,0.0,0.0,0.0,1.0,0.0,7.0,0.0,1.0,0.0,1.5093587283778171,0.0,1.0,0.0,0.0,1.0,0.0,0.0,1.0,0.0
5781-BKHOP,0,1.6137012404433893,1.1927816362003112,2.228327394861483,1.0,0.0,0.0,1.0,1.0,0.0,0.0,1.0,0.0,0.0,1.0,0.0,1.0,0.0,0.0,0.0,1.0,0.0,0.0,1.0,0.0,0.0,1.0,1.0,0.0,0.0,0.0,0.0,1.0,1.0,0.0,0.0,0.0,0.0,1.0,1.0,0.0,1.0,0.0,0.0,0.0,1.0,0.0,7.0,0.0,1.0,0.0,1.3808797682086527,0.0,1.0,0.0,0.0,1.0,0.0,0.0,1.0,0.0
4283-FUTGF,1,-0.5444780367182193,0.5014740841312035,-0.3580458817960613,0.0,1.0,1.0,0.0,1.0,0.0,0.0,1.0,0.0,0.0,1.0,0.0,1.0,0.0,1.0,0.0,0.0,1.0,0.0,0.0,0.0,0.0,1.0,1.0,0.0,0.0,1.0,0.0,0.0,1.0,0.0,0.0,1.0,0.0,0.0,0.0,1.0,0.0,0.0,1.0,0.0,0.0,1.0,4.0,1.0,0.0,0.0,0.6575947194383505,1.0,0.0,0.0,1.0,0.0,0.0,1.0,0.0,0.0
5213-TWWJU,0,-0.1779947632379461,0.8720548151682491,0.15126092791573595,0.0,1.0,1.0,0.0,1.0,0.0,0.0,1.0,1.0,0.0,0.0,0.0,1.0,0.0,1.0,0.0,0.0,1.0,0.0,0.0,0.0,0.0,1.0,0.0,0.0,1.0,1.0,0.0,0.0,0.0,0.0,1.0,1.0,0.0,0.0,1.0,0.0,0.0,0.0,1.0,0.0,1.0,0.0,5.0,0.0,0.0,1.0,-0.8498054951961033,0.0,0.0,1.0,0.0,0.0,1.0,0.0,0.0,1.0
1569-TTNYJ,0,-1.1145631287986442,0.464914550127549,-0.8255501791896043,0.0,1.0,0.0,1.0,1.0,0.0,0.0,1.0,0.0,0.0,1.0,0.0,1.0,0.0,1.0,0.0,0.0,0.0,0.0,1.0,1.0,0.0,0.0,1.0,0.0,0.0,1.0,0.0,0.0,1.0,0.0,0.0,1.0,0.0,0.0,0.0,1.0,0.0,0.0,1.0,0.0,0.0,1.0,4.0,1.0,0.0,0.0,0.7406939614801732,1.0,0.0,0.0,1.0,0.0,0.0,1.0,0.0,0.0
8628-MFKAX,1,1.6137012404433893,1.7278802702538025,2.644367174451074,1.0,0.0,0.0,1.0,1.0,0.0,0.0,1.0,0.0,0.0,1.0,0.0,1.0,0.0,0.0,0.0,1.0,0.0,0.0,1.0,0.0,0.0,1.0,0.0,0.0,1.0,0.0,0.0,1.0,0.0,0.0,1.0,0.0,0.0,1.0,0.0,1.0,0.0,1.0,0.0,0.0,1.0,0.0,9.0,0.0,1.0,0.0,1.6386968716244485,0.0,1.0,0.0,0.0,1.0,0.0,0.0,1.0,0.0
2397-BRLOM,1,-0.9924020376385531,0.5214156481331973,-0.7499527070446661,0.0,1.0,0.0,1.0,0.0,1.0,0.0,1.0,1.0,0.0,0.0,0.0,1.0,0.0,1.0,0.0,0.0,1.0,0.0,0.0,1.0,0.0,0.0,1.0,0.0,0.0,0.0,0.0,1.0,1.0,0.0,0.0,1.0,0.0,0.0,0.0,1.0,0.0,1.0,0.0,0.0,0.0,1.0,3.0,1.0,0.0,0.0,0.7556944449944888,1.0,0.0,0.0,1.0,0.0,0.0,1.0,0.0,0.0
7629-WIXZF,0,-1.0331224013585834,-0.18817167093773737,-0.8444550620691524,1.0,0.0,1.0,0.0,1.0,0.0,0.0,1.0,1.0,0.0,0.0,1.0,0.0,0.0,0.0,0.0,1.0,1.0,0.0,0.0,1.0,0.0,0.0,1.0,0.0,0.0,1.0,0.0,0.0,0.0,0.0,1.0,0.0,1.0,0.0,0.0,1.0,0.0,0.0,1.0,0.0,1.0,0.0,4.0,1.0,0.0,0.0,0.8173814264008521,1.0,0.0,0.0,1.0,0.0,0.0,1.0,0.0,0.0
5445-GLVOT,0,-0.4223169455581282,-0.4972659129686364,-0.5445358232939621,1.0,0.0,1.0,0.0,1.0,0.0,0.0,1.0,1.0,0.0,0.0,1.0,0.0,0.0,0.0,0.0,1.0,1.0,0.0,0.0,1.0,0.0,0.0,1.0,0.0,0.0,1.0,0.0,0.0,1.0,0.0,0.0,1.0,0.0,0.0,0.0,1.0,0.0,0.0,1.0,0.0,1.0,0.0,3.0,0.0,0.0,1.0,1.2894008375020594,0.0,0.0,1.0,0.0,0.0,1.0,0.0,0.0,1.0
3976-HXHCE,0,1.6137012404433893,-1.5109620830699715,-0.38317150793352395,0.0,1.0,1.0,0.0,1.0,0.0,0.0,1.0,1.0,0.0,0.0,0.0,0.0,1.0,0.0,1.0,0.0,0.0,1.0,0.0,0.0,1.0,0.0,0.0,1.0,0.0,0.0,1.0,0.0,0.0,1.0,0.0,0.0,0.0,1.0,1.0,0.0,1.0,0.0,0.0,0.0,1.0,0.0,1.0,0.0,1.0,0.0,-0.23744885256966258,0.0,1.0,0.0,0.0,1.0,0.0,0.0,1.0,0.0
2466-NEJOJ,0,-0.9924020376385531,-1.4993295040688086,-0.9324719613566642,0.0,1.0,0.0,1.0,0.0,1.0,0.0,1.0,1.0,0.0,0.0,0.0,0.0,1.0,0.0,1.0,0.0,0.0,1.0,0.0,0.0,1.0,0.0,0.0,1.0,0.0,0.0,1.0,0.0,0.0,1.0,0.0,1.0,0.0,0.0,1.0,0.0,0.0,1.0,0.0,0.0,1.0,0.0,1.0,1.0,0.0,0.0,0.9396110910609433,1.0,0.0,0.0,1.0,0.0,0.0,1.0,0.0,0.0
0254-KCJGT,0,0.7992939660427822,0.5529897911363537,0.9137652238486006,0.0,1.0,0.0,1.0,1.0,0.0,0.0,1.0,0.0,0.0,1.0,1.0,0.0,0.0,0.0,0.0,1.0,0.0,0.0,1.0,0.0,0.0,1.0,0.0,0.0,1.0,1.0,0.0,0.0,0.0,0.0,1.0,0.0,1.0,0.0,0.0,1.0,0.0,1.0,0.0,0.0,1.0,0.0,8.0,0.0,1.0,0.0,1.1432154659850031,0.0,1.0,0.0,0.0,1.0,0.0,0.0,1.0,0.0
5472-CVMDX,0,1.4508197855632678,-0.8595376590048512,0.19231342154331962,1.0,0.0,1.0,0.0,1.0,0.0,1.0,0.0,0.0,1.0,0.0,1.0,0.0,0.0,0.0,0.0,1.0,1.0,0.0,0.0,0.0,0.0,1.0,0.0,0.0,1.0,1.0,0.0,0.0,1.0,0.0,0.0,0.0,0.0,1.0,1.0,0.0,0.0,0.0,0.0,1.0,1.0,0.0,4.0,0.0,1.0,0.0,0.13255500335533105,0.0,1.0,0.0,0.0,1.0,0.0,0.0,1.0,0.0
6461-SZMCV,0,1.5729808767233588,0.7706851981581158,1.8009490974188131,1.0,0.0,0.0,1.0,1.0,0.0,0.0,1.0,0.0,0.0,1.0,1.0,0.0,0.0,0.0,0.0,1.0,0.0,0.0,1.0,0.0,0.0,1.0,0.0,0.0,1.0,0.0,0.0,1.0,0.0,0.0,1.0,0.0,0.0,1.0,1.0,0.0,1.0,0.0,0.0,0.0,1.0,0.0,9.0,0.0,1.0,0.0,1.1449275220499373,0.0,1.0,0.0,0.0,1.0,0.0,0.0,1.0,0.0
8150-QUDFX,0,-1.2367242199587352,-1.4926823160681442,-0.9845982603582658,0.0,1.0,1.0,0.0,1.0,0.0,0.0,1.0,1.0,0.0,0.0,0.0,0.0,1.0,0.0,1.0,0.0,0.0,1.0,0.0,0.0,1.0,0.0,0.0,1.0,0.0,0.0,1.0,0.0,0.0,1.0,0.0,1.0,0.0,0.0,1.0,0.0,0.0,0.0,0.0,1.0,1.0,0.0,1.0,1.0,0.0,0.0,0.7961340486977107,1.0,0.0,0.0,1.0,0.0,0.0,1.0,0.0,0.0
9508-ILZDG,1,0.06632741908223598,1.0498670941860242,0.40013477697882044,1.0,0.0,1.0,0.0,1.0,0.0,0.0,1.0,0.0,0.0,1.0,0.0,1.0,0.0,1.0,0.0,0.0,0.0,0.0,1.0,1.0,0.0,0.0,0.0,0.0,1.0,0.0,0.0,1.0,1.0,0.0,0.0,1.0,0.0,0.0,0.0,1.0,0.0,0.0,1.0,0.0,1.0,0.0,6.0,0.0,0.0,1.0,6.03272044224597,0.0,0.0,1.0,0.0,0.0,1.0,0.0,0.0,1.0
2346-DJQTB,0,0.10704778280226633,-1.3497677740538576,-0.6488987181634402,1.0,0.0,1.0,0.0,1.0,0.0,1.0,0.0,0.0,1.0,0.0,1.0,0.0,0.0,1.0,0.0,0.0,1.0,0.0,0.0,1.0,0.0,0.0,1.0,0.0,0.0,1.0,0.0,0.0,1.0,0.0,0.0,1.0,0.0,0.0,1.0,0.0,0.0,0.0,1.0,0.0,1.0,0.0,1.0,0.0,0.0,1.0,-6.061767008869821,0.0,0.0,1.0,0.0,0.0,1.0,0.0,0.0,1.0
1697-LYYYX,0,1.1657772395230555,-1.517609271070636,-0.5027333109757078,1.0,0.0,0.0,1.0,0.0,1.0,0.0,1.0,1.0,0.0,0.0,0.0,0.0,1.0,0.0,1.0,0.0,0.0,1.0,0.0,0.0,1.0,0.0,0.0,1.0,0.0,0.0,1.0,0.0,0.0,1.0,0.0,0.0,1.0,0.0,1.0,0.0,0.0,1.0,0.0,0.0,1.0,0.0,1.0,0.0,1.0,0.0,-0.4312430316287414,0.0,1.0,0.0,0.0,1.0,0.0,0.0,1.0,0.0
1942-OQFRW,0,-1.2774445836787656,-0.6900343649879066,-0.9879512850930281,0.0,1.0,1.0,0.0,1.0,0.0,0.0,1.0,1.0,0.0,0.0,1.0,0.0,0.0,1.0,0.0,0.0,1.0,0.0,0.0,1.0,0.0,0.0,1.0,0.0,0.0,1.0,0.0,0.0,1.0,0.0,0.0,1.0,0.0,0.0,1.0,0.0,0.0,0.0,1.0,0.0,1.0,0.0,2.0,1.0,0.0,0.0,0.7733809338702904,1.0,0.0,0.0,1.0,0.0,0.0,1.0,0.0,0.0
4749-VFKVB,0,-1.2774445836787656,-0.48729513096763954,-0.9852600415559163,1.0,0.0,1.0,0.0,1.0,0.0,0.0,1.0,0.0,0.0,1.0,1.0,0.0,0.0,1.0,0.0,0.0,1.0,0.0,0.0,1.0,0.0,0.0,1.0,0.0,0.0,1.0,0.0,0.0,1.0,0.0,0.0,1.0,0.0,0.0,0.0,1.0,0.0,0.0,0.0,1.0,0.0,1.0,3.0,1.0,0.0,0.0,0.7712741939212575,1.0,0.0,0.0,1.0,0.0,0.0,1.0,0.0,0.0
9640-ZSLDC,0,0.8400143297628127,-0.1383177609327537,0.4472315388782785,1.0,0.0,0.0,1.0,0.0,1.0,0.0,1.0,1.0,0.0,0.0,1.0,0.0,0.0,1.0,0.0,0.0,1.0,0.0,0.0,0.0,0.0,1.0,1.0,0.0,0.0,1.0,0.0,0.0,0.0,0.0,1.0,0.0,1.0,0.0,1.0,0.0,0.0,1.0,0.0,0.0,1.0,0.0,4.0,0.0,1.0,0.0,0.5324094161638401,0.0,1.0,0.0,0.0,1.0,0.0,0.0,1.0,0.0
4231-LZUYM,0,1.6137012404433893,-1.2999138640488739,-0.1748427869131578,1.0,0.0,0.0,1.0,1.0,0.0,0.0,1.0,0.0,0.0,1.0,0.0,0.0,1.0,0.0,1.0,0.0,0.0,1.0,0.0,0.0,1.0,0.0,0.0,1.0,0.0,0.0,1.0,0.0,0.0,1.0,0.0,0.0,0.0,1.0,1.0,0.0,1.0,0.0,0.0,0.0,1.0,0.0,2.0,0.0,1.0,0.0,-0.1083489201911483,0.0,1.0,0.0,0.0,1.0,0.0,0.0,1.0,0.0
7598-UAASY,0,-1.2367242199587352,0.3868100911197414,-0.9403912763552147,0.0,1.0,0.0,1.0,1.0,0.0,0.0,1.0,1.0,0.0,0.0,0.0,1.0,0.0,1.0,0.0,0.0,1.0,0.0,0.0,0.0,0.0,1.0,1.0,0.0,0.0,1.0,0.0,0.0,1.0,0.0,0.0,1.0,0.0,0.0,1.0,0.0,0.0,0.0,1.0,0.0,0.0,1.0,3.0,1.0,0.0,0.0,0.7603888249124708,1.0,0.0,0.0,1.0,0.0,0.0,1.0,0.0,0.0
7938-OUHIO,0,-1.1960038562387048,1.1279715531938321,-0.8778088344307358,0.0,1.0,1.0,0.0,1.0,0.0,0.0,1.0,1.0,0.0,0.0,0.0,1.0,0.0,1.0,0.0,0.0,1.0,0.0,0.0,0.0,0.0,1.0,0.0,0.0,1.0,0.0,0.0,1.0,0.0,0.0,1.0,1.0,0.0,0.0,0.0,1.0,0.0,0.0,1.0,0.0,0.0,1.0,6.0,1.0,0.0,0.0,0.7339515084770245,1.0,0.0,0.0,1.0,0.0,0.0,1.0,0.0,0.0
8510-AWCXC,1,-0.7888002190384014,1.1977670272008092,-0.430246210459727,1.0,0.0,1.0,0.0,1.0,0.0,0.0,1.0,0.0,0.0,1.0,0.0,1.0,0.0,0.0,0.0,1.0,1.0,0.0,0.0,1.0,0.0,0.0,1.0,0.0,0.0,0.0,0.0,1.0,0.0,0.0,1.0,1.0,0.0,0.0,0.0,1.0,0.0,0.0,1.0,0.0,0.0,1.0,6.0,1.0,0.0,0.0,0.5454438273156479,1.0,0.0,0.0,1.0,0.0,0.0,1.0,0.0,0.0
6128-AQBMT,1,0.35136996512244845,-0.35933676195484804,-0.029956823374216148,0.0,1.0,0.0,1.0,1.0,0.0,1.0,0.0,0.0,1.0,0.0,1.0,0.0,0.0,1.0,0.0,0.0,0.0,0.0,1.0,0.0,0.0,1.0,1.0,0.0,0.0,0.0,0.0,1.0,0.0,0.0,1.0,1.0,0.0,0.0,0.0,1.0,0.0,0.0,1.0,0.0,1.0,0.0,5.0,0.0,0.0,1.0,-0.08525721133784595,0.0,0.0,1.0,0.0,0.0,1.0,0.0,0.0,1.0
3594-BDSOA,0,-0.3408762181180675,-1.4744025490663168,-0.7943582254070123,1.0,0.0,0.0,1.0,1.0,0.0,0.0,1.0,1.0,0.0,0.0,0.0,0.0,1.0,0.0,1.0,0.0,0.0,1.0,0.0,0.0,1.0,0.0,0.0,1.0,0.0,0.0,1.0,0.0,0.0,1.0,0.0,0.0,1.0,0.0,1.0,0.0,0.0,1.0,0.0,0.0,1.0,0.0,1.0,0.0,0.0,1.0,2.3303421687572072,0.0,0.0,1.0,0.0,0.0,1.0,0.0,0.0,1.0
0431-APWVY,0,-0.1779947632379461,0.8421424691652587,0.13926062886500742,1.0,0.0,0.0,1.0,0.0,1.0,0.0,1.0,1.0,0.0,0.0,0.0,1.0,0.0,1.0,0.0,0.0,1.0,0.0,0.0,1.0,0.0,0.0,1.0,0.0,0.0,0.0,0.0,1.0,0.0,0.0,1.0,0.0,1.0,0.0,0.0,1.0,1.0,0.0,0.0,0.0,0.0,1.0,4.0,0.0,0.0,1.0,-0.7823861013194062,0.0,0.0,1.0,0.0,0.0,1.0,0.0,0.0,1.0
5133-VRSAB,0,-0.9924020376385531,-1.1769408860365806,-0.9118685067364798,0.0,1.0,1.0,0.0,1.0,0.0,1.0,0.0,0.0,1.0,0.0,1.0,0.0,0.0,0.0,0.0,1.0,1.0,0.0,0.0,1.0,0.0,0.0,1.0,0.0,0.0,1.0,0.0,0.0,1.0,0.0,0.0,1.0,0.0,0.0,1.0,0.0,0.0,0.0,0.0,1.0,1.0,0.0,2.0,1.0,0.0,0.0,0.918849893644208,1.0,0.0,0.0,1.0,0.0,0.0,1.0,0.0,0.0
5996-DAOQL,0,-1.2774445836787656,-1.4727407520661506,-0.9983412498961405,0.0,1.0,1.0,0.0,1.0,0.0,0.0,1.0,1.0,0.0,0.0,0.0,0.0,1.0,0.0,1.0,0.0,0.0,1.0,0.0,0.0,1.0,0.0,0.0,1.0,0.0,0.0,1.0,0.0,0.0,1.0,0.0,1.0,0.0,0.0,0.0,1.0,0.0,0.0,0.0,1.0,1.0,0.0,1.0,1.0,0.0,0.0,0.7815143315423769,1.0,0.0,0.0,1.0,0.0,0.0,1.0,0.0,0.0
6838-YAUVY,0,0.880734693482843,1.0083221691818711,1.2271847990558606,1.0,0.0,1.0,0.0,1.0,0.0,0.0,1.0,0.0,0.0,1.0,0.0,1.0,0.0,1.0,0.0,0.0,1.0,0.0,0.0,0.0,0.0,1.0,0.0,0.0,1.0,1.0,0.0,0.0,0.0,0.0,1.0,0.0,0.0,1.0,0.0,1.0,1.0,0.0,0.0,0.0,1.0,0.0,6.0,0.0,1.0,0.0,1.3933648897183664,0.0,1.0,0.0,0.0,1.0,0.0,0.0,1.0,0.0
0484-JPBRU,0,0.35136996512244845,-1.3132082400502028,-0.5677422839582383,0.0,1.0,1.0,0.0,1.0,0.0,0.0,1.0,0.0,0.0,1.0,0.0,0.0,1.0,0.0,1.0,0.0,0.0,1.0,0.0,0.0,1.0,0.0,0.0,1.0,0.0,0.0,1.0,0.0,0.0,1.0,0.0,1.0,0.0,0.0,0.0,1.0,1.0,0.0,0.0,0.0,1.0,0.0,2.0,0.0,0.0,1.0,-1.6157962840118865,0.0,0.0,1.0,0.0,0.0,1.0,0.0,0.0,1.0
7883-ROJOC,0,-0.5444780367182193,-0.6601220189849164,-0.6369204784859669,1.0,0.0,0.0,1.0,1.0,0.0,0.0,1.0,1.0,0.0,0.0,1.0,0.0,0.0,1.0,0.0,0.0,1.0,0.0,0.0,1.0,0.0,0.0,1.0,0.0,0.0,1.0,0.0,0.0,1.0,0.0,0.0,1.0,0.0,0.0,1.0,0.0,0.0,0.0,0.0,1.0,1.0,0.0,2.0,1.0,0.0,0.0,1.1697817644306356,1.0,0.0,0.0,1.0,0.0,0.0,1.0,0.0,0.0
0244-LGNFY,0,1.6137012404433893,0.9268941161737314,1.9631516689629418,1.0,0.0,0.0,1.0,0.0,1.0,0.0,1.0,0.0,0.0,1.0,1.0,0.0,0.0,0.0,0.0,1.0,0.0,0.0,1.0,0.0,0.0,1.0,0.0,0.0,1.0,0.0,0.0,1.0,0.0,0.0,1.0,0.0,0.0,1.0,1.0,0.0,1.0,0.0,0.0,0.0,1.0,0.0,9.0,0.0,1.0,0.0,1.2165521223888602,0.0,1.0,0.0,0.0,1.0,0.0,0.0,1.0,0.0
7274-CGTOD,0,1.2064976032430856,-0.7000051469889033,0.14779760631469857,0.0,1.0,1.0,0.0,1.0,0.0,1.0,0.0,0.0,1.0,0.0,1.0,0.0,0.0,0.0,0.0,1.0,0.0,0.0,1.0,0.0,0.0,1.0,0.0,0.0,1.0,1.0,0.0,0.0,1.0,0.0,0.0,0.0,0.0,1.0,0.0,1.0,1.0,0.0,0.0,0.0,1.0,0.0,5.0,0.0,1.0,0.0,0.12250136752648007,0.0,1.0,0.0,0.0,1.0,0.0,0.0,1.0,0.0
4295-YURET,1,0.9621754209229036,0.2605135191071156,0.7946004895250071,1.0,0.0,0.0,1.0,0.0,1.0,0.0,1.0,1.0,0.0,0.0,1.0,0.0,0.0,0.0,0.0,1.0,1.0,0.0,0.0,1.0,0.0,0.0,0.0,0.0,1.0,0.0,0.0,1.0,0.0,0.0,1.0,0.0,0.0,1.0,0.0,1.0,0.0,1.0,0.0,0.0,1.0,0.0,6.0,0.0,1.0,0.0,0.8258374432001585,0.0,1.0,0.0,0.0,1.0,0.0,0.0,1.0,0.0
3426-NIYYL,0,-0.7073594915983407,-0.43910301796282214,-0.6696345290231548,0.0,1.0,1.0,0.0,1.0,0.0,0.0,1.0,0.0,0.0,1.0,1.0,0.0,0.0,1.0,0.0,0.0,1.0,0.0,0.0,1.0,0.0,0.0,1.0,0.0,0.0,1.0,0.0,0.0,1.0,0.0,0.0,1.0,0.0,0.0,1.0,0.0,0.0,0.0,1.0,0.0,0.0,1.0,3.0,1.0,0.0,0.0,0.946667906455962,1.0,0.0,0.0,1.0,0.0,0.0,1.0,0.0,0.0
8225-BTJAU,1,-0.9109613101984924,0.4815325201292102,-0.6572592206270912,0.0,1.0,1.0,0.0,1.0,0.0,0.0,1.0,1.0,0.0,0.0,0.0,1.0,0.0,1.0,0.0,0.0,1.0,0.0,0.0,1.0,0.0,0.0,1.0,0.0,0.0,1.0,0.0,0.0,0.0,0.0,1.0,1.0,0.0,0.0,0.0,1.0,0.0,0.0,1.0,0.0,0.0,1.0,3.0,1.0,0.0,0.0,0.7215006974158746,1.0,0.0,0.0,1.0,0.0,0.0,1.0,0.0,0.0
4635-EJYPD,0,-0.015113308357824713,-1.5225946620711341,-0.7364964893591067,0.0,1.0,0.0,1.0,0.0,1.0,0.0,1.0,1.0,0.0,0.0,0.0,0.0,1.0,0.0,1.0,0.0,0.0,1.0,0.0,0.0,1.0,0.0,0.0,1.0,0.0,0.0,1.0,0.0,0.0,1.0,0.0,0.0,0.0,1.0,1.0,0.0,0.0,0.0,0.0,1.0,1.0,0.0,1.0,0.0,0.0,1.0,48.731652390179384,0.0,0.0,1.0,0.0,0.0,1.0,0.0,0.0,1.0
1866-ZSLJM,0,-0.46303730927815856,-1.4710789550659844,-0.8296311632417821,0.0,1.0,1.0,0.0,1.0,0.0,0.0,1.0,1.0,0.0,0.0,0.0,0.0,1.0,0.0,1.0,0.0,0.0,1.0,0.0,0.0,1.0,0.0,0.0,1.0,0.0,0.0,1.0,0.0,0.0,1.0,0.0,1.0,0.0,0.0,1.0,0.0,0.0,1.0,0.0,0.0,1.0,0.0,1.0,0.0,0.0,1.0,1.7917155845068222,0.0,0.0,1.0,0.0,0.0,1.0,0.0,0.0,1.0
4636-TVXVG,0,1.2064976032430856,-1.4893587220678117,-0.45817337700057653,0.0,1.0,0.0,1.0,0.0,1.0,0.0,1.0,1.0,0.0,0.0,0.0,0.0,1.0,0.0,1.0,0.0,0.0,1.0,0.0,0.0,1.0,0.0,0.0,1.0,0.0,0.0,1.0,0.0,0.0,1.0,0.0,0.0,1.0,0.0,1.0,0.0,1.0,0.0,0.0,0.0,1.0,0.0,1.0,0.0,1.0,0.0,-0.379754900274148,0.0,1.0,0.0,0.0,1.0,0.0,0.0,1.0,0.0
4236-UJPWO,0,-1.2367242199587352,-1.3381351950526947,-0.9868924351767873,1.0,0.0,1.0,0.0,1.0,0.0,1.0,0.0,0.0,1.0,0.0,1.0,0.0,0.0,1.0,0.0,0.0,1.0,0.0,0.0,1.0,0.0,0.0,1.0,0.0,0.0,1.0,0.0,0.0,1.0,0.0,0.0,1.0,0.0,0.0,1.0,0.0,0.0,0.0,1.0,0.0,1.0,0.0,1.0,1.0,0.0,0.0,0.7979890902514355,1.0,0.0,0.0,1.0,0.0,0.0,1.0,0.0,0.0
9392-XBGTD,0,-0.21871512695797646,-1.4677553610656522,-0.7506586069888267,0.0,1.0,1.0,0.0,0.0,1.0,0.0,1.0,1.0,0.0,0.0,0.0,0.0,1.0,0.0,1.0,0.0,0.0,1.0,0.0,0.0,1.0,0.0,0.0,1.0,0.0,0.0,1.0,0.0,0.0,1.0,0.0,0.0,0.0,1.0,1.0,0.0,0.0,0.0,0.0,1.0,1.0,0.0,1.0,0.0,0.0,1.0,3.4321293521369327,0.0,0.0,1.0,0.0,0.0,1.0,0.0,0.0,1.0
3387-VATUS,0,-1.1145631287986442,1.0000131841810405,-0.8031819747090185,0.0,1.0,1.0,0.0,1.0,0.0,0.0,1.0,0.0,0.0,1.0,0.0,1.0,0.0,1.0,0.0,0.0,1.0,0.0,0.0,1.0,0.0,0.0,1.0,0.0,0.0,0.0,0.0,1.0,0.0,0.0,1.0,1.0,0.0,0.0,0.0,1.0,1.0,0.0,0.0,0.0,0.0,1.0,5.0,1.0,0.0,0.0,0.7206249282395923,1.0,0.0,0.0,1.0,0.0,0.0,1.0,0.0,0.0
6402-SSEJG,0,-0.30015585439803716,-0.12336158793125872,-0.32784659980994507,1.0,0.0,1.0,0.0,1.0,0.0,1.0,0.0,0.0,1.0,0.0,1.0,0.0,0.0,0.0,0.0,1.0,0.0,0.0,1.0,0.0,0.0,1.0,1.0,0.0,0.0,0.0,0.0,1.0,0.0,0.0,1.0,0.0,1.0,0.0,1.0,0.0,0.0,0.0,1.0,0.0,1.0,0.0,6.0,0.0,0.0,1.0,1.092254557111477,0.0,0.0,1.0,0.0,0.0,1.0,0.0,0.0,1.0
1143-NMNQJ,0,-1.2367242199587352,0.6959043331506402,-0.932449901983409,1.0,0.0,1.0,0.0,1.0,0.0,0.0,1.0,0.0,0.0,1.0,0.0,1.0,0.0,1.0,0.0,0.0,1.0,0.0,0.0,1.0,0.0,0.0,1.0,0.0,0.0,1.0,0.0,0.0,0.0,0.0,1.0,1.0,0.0,0.0,0.0,1.0,0.0,0.0,1.0,0.0,0.0,1.0,4.0,1.0,0.0,0.0,0.7539675272264995,1.0,0.0,0.0,1.0,0.0,0.0,1.0,0.0,0.0
1169-SAOCL,0,0.6771328748826912,1.392197276220246,1.2727374048274676,0.0,1.0,1.0,0.0,1.0,0.0,0.0,1.0,0.0,0.0,1.0,0.0,1.0,0.0,1.0,0.0,0.0,0.0,0.0,1.0,1.0,0.0,0.0,0.0,0.0,1.0,0.0,0.0,1.0,0.0,0.0,1.0,0.0,1.0,0.0,0.0,1.0,1.0,0.0,0.0,0.0,1.0,0.0,7.0,0.0,1.0,0.0,1.8795977156595163,0.0,1.0,0.0,0.0,1.0,0.0,0.0,1.0,0.0
1110-KYLGQ,0,1.247217966963116,1.4453747802255617,1.9839315985691663,1.0,0.0,1.0,0.0,1.0,0.0,0.0,1.0,0.0,0.0,1.0,0.0,1.0,0.0,0.0,0.0,1.0,0.0,0.0,1.0,0.0,0.0,1.0,1.0,0.0,0.0,0.0,0.0,1.0,0.0,0.0,1.0,1.0,0.0,0.0,1.0,0.0,0.0,1.0,0.0,0.0,1.0,0.0,8.0,0.0,1.0,0.0,1.5906855506579125,0.0,1.0,0.0,0.0,1.0,0.0,0.0,1.0,0.0
9929-PLVPA,0,-1.1552834925186746,-1.4744025490663168,-0.9656713181054625,1.0,0.0,1.0,0.0,0.0,1.0,0.0,1.0,1.0,0.0,0.0,0.0,0.0,1.0,0.0,1.0,0.0,0.0,1.0,0.0,0.0,1.0,0.0,0.0,1.0,0.0,0.0,1.0,0.0,0.0,1.0,0.0,1.0,0.0,0.0,1.0,0.0,0.0,1.0,0.0,0.0,1.0,0.0,1.0,1.0,0.0,0.0,0.835873899660912,1.0,0.0,0.0,1.0,0.0,0.0,1.0,0.0,0.0
3518-PZXZQ,0,-1.2774445836787656,-0.31446824295036285,-0.9829658667373945,1.0,0.0,0.0,1.0,1.0,0.0,0.0,1.0,1.0,0.0,0.0,1.0,0.0,0.0,1.0,0.0,0.0,1.0,0.0,0.0,1.0,0.0,0.0,1.0,0.0,0.0,0.0,0.0,1.0,1.0,0.0,0.0,1.0,0.0,0.0,0.0,1.0,0.0,0.0,0.0,1.0,1.0,0.0,3.0,1.0,0.0,0.0,0.7694782844565079,1.0,0.0,0.0,1.0,0.0,0.0,1.0,0.0,0.0
2371-JUNGC,0,-0.8702409464784621,-1.479387940066815,-0.9155965408165774,0.0,1.0,1.0,0.0,1.0,0.0,0.0,1.0,1.0,0.0,0.0,0.0,0.0,1.0,0.0,1.0,0.0,0.0,1.0,0.0,0.0,1.0,0.0,0.0,1.0,0.0,0.0,1.0,0.0,0.0,1.0,0.0,1.0,0.0,0.0,1.0,0.0,0.0,0.0,0.0,1.0,1.0,0.0,1.0,1.0,0.0,0.0,1.0521184328566155,1.0,0.0,0.0,1.0,0.0,0.0,1.0,0.0,0.0
7693-QPEFS,1,0.7992939660427822,0.2721460981082788,0.6822741609104683,0.0,1.0,1.0,0.0,1.0,0.0,0.0,1.0,0.0,0.0,1.0,0.0,1.0,0.0,1.0,0.0,0.0,1.0,0.0,0.0,1.0,0.0,0.0,1.0,0.0,0.0,1.0,0.0,0.0,1.0,0.0,0.0,1.0,0.0,0.0,0.0,1.0,1.0,0.0,0.0,0.0,1.0,0.0,3.0,0.0,1.0,0.0,0.8535960358719255,0.0,1.0,0.0,0.0,1.0,0.0,0.0,1.0,0.0
0924-BJCRC,1,1.125056875803025,0.8205391081630994,1.3285476191626568,1.0,0.0,0.0,1.0,1.0,0.0,0.0,1.0,0.0,0.0,1.0,0.0,1.0,0.0,1.0,0.0,0.0,0.0,0.0,1.0,1.0,0.0,0.0,1.0,0.0,0.0,1.0,0.0,0.0,0.0,0.0,1.0,1.0,0.0,0.0,1.0,0.0,0.0,0.0,1.0,0.0,1.0,0.0,5.0,0.0,1.0,0.0,1.1808715165750063,0.0,1.0,0.0,0.0,1.0,0.0,0.0,1.0,0.0
5074-FBGHB,0,1.2879383306831464,1.325725396213601,2.0323298634906704,0.0,1.0,1.0,0.0,1.0,0.0,0.0,1.0,0.0,0.0,1.0,0.0,1.0,0.0,1.0,0.0,0.0,1.0,0.0,0.0,0.0,0.0,1.0,0.0,0.0,1.0,0.0,0.0,1.0,0.0,0.0,1.0,0.0,1.0,0.0,0.0,1.0,0.0,1.0,0.0,0.0,1.0,0.0,7.0,0.0,1.0,0.0,1.5779714098676485,0.0,1.0,0.0,0.0,1.0,0.0,0.0,1.0,0.0
2351-BKRZW,0,0.43281069256250915,0.3469269631157543,0.42841489349175027,1.0,0.0,0.0,1.0,0.0,1.0,0.0,1.0,1.0,0.0,0.0,1.0,0.0,0.0,0.0,0.0,1.0,1.0,0.0,0.0,0.0,0.0,1.0,1.0,0.0,0.0,0.0,0.0,1.0,0.0,0.0,1.0,0.0,0.0,1.0,1.0,0.0,1.0,0.0,0.0,0.0,1.0,0.0,6.0,0.0,0.0,1.0,0.989843598722728,0.0,0.0,1.0,0.0,0.0,1.0,0.0,0.0,1.0
4455-BFSPD,0,1.1657772395230555,1.2093996062019723,1.8091331248964235,1.0,0.0,0.0,1.0,1.0,0.0,0.0,1.0,0.0,0.0,1.0,0.0,1.0,0.0,1.0,0.0,0.0,1.0,0.0,0.0,1.0,0.0,0.0,0.0,0.0,1.0,0.0,0.0,1.0,0.0,0.0,1.0,0.0,1.0,0.0,1.0,0.0,1.0,0.0,0.0,0.0,1.0,0.0,6.0,0.0,1.0,0.0,1.5518686276947549,0.0,1.0,0.0,0.0,1.0,0.0,0.0,1.0,0.0
0415-MOSGF,0,-1.2774445836787656,-0.6767399889865777,-0.9877748101069879,1.0,0.0,1.0,0.0,1.0,0.0,0.0,1.0,1.0,0.0,0.0,1.0,0.0,0.0,1.0,0.0,0.0,1.0,0.0,0.0,1.0,0.0,0.0,1.0,0.0,0.0,1.0,0.0,0.0,1.0,0.0,0.0,1.0,0.0,0.0,1.0,0.0,0.0,0.0,0.0,1.0,0.0,1.0,2.0,1.0,0.0,0.0,0.7732427869883866,1.0,0.0,0.0,1.0,0.0,0.0,1.0,0.0,0.0
1724-BQUHA,1,-1.1145631287986442,0.8222009051632655,-0.7966082814790238,0.0,1.0,1.0,0.0,1.0,0.0,0.0,1.0,1.0,0.0,0.0,0.0,1.0,0.0,1.0,0.0,0.0,1.0,0.0,0.0,1.0,0.0,0.0,1.0,0.0,0.0,0.0,0.0,1.0,0.0,0.0,1.0,1.0,0.0,0.0,0.0,1.0,0.0,0.0,1.0,0.0,0.0,1.0,4.0,1.0,0.0,0.0,0.7147269283325972,1.0,0.0,0.0,1.0,0.0,0.0,1.0,0.0,0.0
3948-KXDUF,0,1.369379058123207,0.13255515009432434,0.9548397768494395,0.0,1.0,1.0,0.0,1.0,0.0,0.0,1.0,0.0,0.0,1.0,1.0,0.0,0.0,0.0,0.0,1.0,0.0,0.0,1.0,0.0,0.0,1.0,0.0,0.0,1.0,1.0,0.0,0.0,1.0,0.0,0.0,0.0,0.0,1.0,1.0,0.0,1.0,0.0,0.0,0.0,1.0,0.0,7.0,0.0,1.0,0.0,0.697279377236927,0.0,1.0,0.0,0.0,1.0,0.0,0.0,1.0,0.0
2323-ARSVR,0,1.4100994218432374,1.5384354122348645,2.2225919578151787,0.0,1.0,0.0,1.0,1.0,0.0,0.0,1.0,1.0,0.0,0.0,0.0,1.0,0.0,0.0,0.0,1.0,0.0,0.0,1.0,0.0,0.0,1.0,0.0,0.0,1.0,0.0,0.0,1.0,0.0,0.0,1.0,0.0,0.0,1.0,0.0,1.0,0.0,0.0,1.0,0.0,1.0,0.0,8.0,0.0,1.0,0.0,1.5761952124693992,0.0,1.0,0.0,0.0,1.0,0.0,0.0,1.0,0.0
0815-MFZGM,0,0.3920903288424788,1.1379423351948288,0.8169466346323377,1.0,0.0,0.0,1.0,1.0,0.0,0.0,1.0,1.0,0.0,0.0,0.0,1.0,0.0,1.0,0.0,0.0,1.0,0.0,0.0,0.0,0.0,1.0,0.0,0.0,1.0,0.0,0.0,1.0,0.0,0.0,1.0,0.0,0.0,1.0,0.0,1.0,0.0,1.0,0.0,0.0,1.0,0.0,6.0,0.0,0.0,1.0,2.0835674193855054,0.0,0.0,1.0,0.0,0.0,1.0,0.0,0.0,1.0
4826-XTSOH,1,-1.2774445836787656,0.7075369121518029,-0.96939935218556,0.0,1.0,0.0,1.0,1.0,0.0,0.0,1.0,0.0,0.0,1.0,0.0,1.0,0.0,1.0,0.0,0.0,1.0,0.0,0.0,1.0,0.0,0.0,1.0,0.0,0.0,0.0,0.0,1.0,1.0,0.0,0.0,1.0,0.0,0.0,0.0,1.0,0.0,0.0,1.0,0.0,0.0,1.0,4.0,1.0,0.0,0.0,0.758858242910153,1.0,0.0,0.0,1.0,0.0,0.0,1.0,0.0,0.0
5480-XTFFL,0,-0.055833672077855064,-1.4544609850643233,-0.6995470391569558,1.0,0.0,0.0,1.0,0.0,1.0,0.0,1.0,1.0,0.0,0.0,0.0,0.0,1.0,0.0,1.0,0.0,0.0,1.0,0.0,0.0,1.0,0.0,0.0,1.0,0.0,0.0,1.0,0.0,0.0,1.0,0.0,0.0,0.0,1.0,1.0,0.0,0.0,0.0,0.0,1.0,1.0,0.0,1.0,0.0,0.0,1.0,12.529124686291455,0.0,0.0,1.0,0.0,0.0,1.0,0.0,0.0,1.0
8295-FHIVV,0,-1.0331224013585834,-1.5076384890696393,-0.9329572675682745,0.0,1.0,1.0,0.0,1.0,0.0,0.0,1.0,1.0,0.0,0.0,0.0,0.0,1.0,0.0,1.0,0.0,0.0,1.0,0.0,0.0,1.0,0.0,0.0,1.0,0.0,0.0,1.0,0.0,0.0,1.0,0.0,1.0,0.0,0.0,0.0,1.0,0.0,0.0,0.0,1.0,1.0,0.0,1.0,1.0,0.0,0.0,0.9030462086016244,1.0,0.0,0.0,1.0,0.0,0.0,1.0,0.0,0.0
2495-INZWQ,0,-1.1552834925186746,-0.6717545979860794,-0.9304645583904577,0.0,1.0,1.0,0.0,1.0,0.0,1.0,0.0,0.0,1.0,0.0,1.0,0.0,0.0,1.0,0.0,0.0,1.0,0.0,0.0,1.0,0.0,0.0,1.0,0.0,0.0,0.0,0.0,1.0,0.0,0.0,1.0,1.0,0.0,0.0,0.0,1.0,0.0,0.0,1.0,0.0,0.0,1.0,3.0,1.0,0.0,0.0,0.8053993365402624,1.0,0.0,0.0,1.0,0.0,0.0,1.0,0.0,0.0
9086-YJYXS,0,0.06632741908223598,0.4133988431223993,0.2075785078357905,0.0,1.0,0.0,1.0,0.0,1.0,0.0,1.0,0.0,0.0,1.0,1.0,0.0,0.0,1.0,0.0,0.0,1.0,0.0,0.0,0.0,0.0,1.0,1.0,0.0,0.0,0.0,0.0,1.0,0.0,0.0,1.0,0.0,1.0,0.0,1.0,0.0,1.0,0.0,0.0,0.0,1.0,0.0,6.0,0.0,0.0,1.0,3.1296032727946868,0.0,0.0,1.0,0.0,0.0,1.0,0.0,0.0,1.0
1179-INLAT,0,-1.1960038562387048,-1.505976692069473,-0.9768113015992452,0.0,1.0,1.0,0.0,1.0,0.0,0.0,1.0,1.0,0.0,0.0,0.0,0.0,1.0,0.0,1.0,0.0,0.0,1.0,0.0,0.0,1.0,0.0,0.0,1.0,0.0,0.0,1.0,0.0,0.0,1.0,0.0,0.0,1.0,0.0,0.0,1.0,0.0,0.0,0.0,1.0,1.0,0.0,1.0,1.0,0.0,0.0,0.8167292241608693,1.0,0.0,0.0,1.0,0.0,0.0,1.0,0.0,0.0
7909-FIOIY,0,-0.5444780367182193,-1.3265026160515319,-0.8155352237318272,1.0,0.0,0.0,1.0,0.0,1.0,1.0,0.0,0.0,1.0,0.0,1.0,0.0,0.0,1.0,0.0,0.0,1.0,0.0,0.0,1.0,0.0,0.0,1.0,0.0,0.0,1.0,0.0,0.0,1.0,0.0,0.0,1.0,0.0,0.0,0.0,1.0,0.0,0.0,0.0,1.0,1.0,0.0,1.0,1.0,0.0,0.0,1.4978294232901936,1.0,0.0,0.0,1.0,0.0,0.0,1.0,0.0,0.0
4139-SUGLD,0,-0.055833672077855064,-0.9758634490164798,-0.5319840399118583,0.0,1.0,0.0,1.0,0.0,1.0,1.0,0.0,0.0,1.0,0.0,1.0,0.0,0.0,0.0,0.0,1.0,1.0,0.0,0.0,1.0,0.0,0.0,0.0,0.0,1.0,1.0,0.0,0.0,1.0,0.0,0.0,1.0,0.0,0.0,1.0,0.0,1.0,0.0,0.0,0.0,0.0,1.0,3.0,0.0,0.0,1.0,9.528014549536596,0.0,0.0,1.0,0.0,0.0,1.0,0.0,0.0,1.0
6857-VWJDT,0,-1.2774445836787656,1.0266019361836989,-0.9651639525205971,1.0,0.0,1.0,0.0,1.0,0.0,0.0,1.0,0.0,0.0,1.0,0.0,1.0,0.0,1.0,0.0,0.0,1.0,0.0,0.0,1.0,0.0,0.0,1.0,0.0,0.0,0.0,0.0,1.0,0.0,0.0,1.0,1.0,0.0,0.0,1.0,0.0,0.0,0.0,0.0,1.0,0.0,1.0,5.0,1.0,0.0,0.0,0.7555427177444618,1.0,0.0,0.0,1.0,0.0,0.0,1.0,0.0,0.0
6351-SCJKT,0,-1.1960038562387048,-0.7781096059967111,-0.9600461779254336,0.0,1.0,1.0,0.0,1.0,0.0,1.0,0.0,0.0,1.0,0.0,1.0,0.0,0.0,0.0,0.0,1.0,1.0,0.0,0.0,0.0,0.0,1.0,0.0,0.0,1.0,1.0,0.0,0.0,1.0,0.0,0.0,1.0,0.0,0.0,1.0,0.0,0.0,0.0,0.0,1.0,1.0,0.0,4.0,1.0,0.0,0.0,0.8027116074229634,1.0,0.0,0.0,1.0,0.0,0.0,1.0,0.0,0.0
5468-BPMMO,0,0.5549717837226001,-1.5009913010689746,-0.6318247632640583,0.0,1.0,0.0,1.0,1.0,0.0,0.0,1.0,1.0,0.0,0.0,0.0,0.0,1.0,0.0,1.0,0.0,0.0,1.0,0.0,0.0,1.0,0.0,0.0,1.0,0.0,0.0,1.0,0.0,0.0,1.0,0.0,1.0,0.0,0.0,1.0,0.0,0.0,0.0,1.0,0.0,1.0,0.0,1.0,0.0,1.0,0.0,-1.1384808773987558,0.0,1.0,0.0,0.0,1.0,0.0,0.0,1.0,0.0
5624-BQSSA,0,-1.2774445836787656,-1.4561227820644893,-0.9981206561635902,1.0,0.0,1.0,0.0,1.0,0.0,0.0,1.0,1.0,0.0,0.0,0.0,0.0,1.0,0.0,1.0,0.0,0.0,1.0,0.0,0.0,1.0,0.0,0.0,1.0,0.0,0.0,1.0,0.0,0.0,1.0,0.0,1.0,0.0,0.0,1.0,0.0,0.0,0.0,0.0,1.0,0.0,1.0,1.0,1.0,0.0,0.0,0.7813416479399972,1.0,0.0,0.0,1.0,0.0,0.0,1.0,0.0,0.0
0197-PNKNK,0,1.4915401492832983,0.6543594081464871,1.5729654748282282,1.0,0.0,0.0,1.0,0.0,1.0,0.0,1.0,0.0,0.0,1.0,0.0,1.0,0.0,0.0,0.0,1.0,1.0,0.0,0.0,0.0,0.0,1.0,1.0,0.0,0.0,1.0,0.0,0.0,1.0,0.0,0.0,0.0,1.0,0.0,1.0,0.0,1.0,0.0,0.0,0.0,1.0,0.0,5.0,0.0,1.0,0.0,1.0545914406555237,0.0,1.0,0.0,0.0,1.0,0.0,0.0,1.0,0.0
2439-QKJUL,0,-1.1145631287986442,-1.479387940066815,-0.9589211498894277,0.0,1.0,1.0,0.0,1.0,0.0,0.0,1.0,1.0,0.0,0.0,0.0,0.0,1.0,0.0,1.0,0.0,0.0,1.0,0.0,0.0,1.0,0.0,0.0,1.0,0.0,0.0,1.0,0.0,0.0,1.0,0.0,1.0,0.0,0.0,1.0,0.0,0.0,0.0,0.0,1.0,1.0,0.0,1.0,1.0,0.0,0.0,0.8603560669757858,1.0,0.0,0.0,1.0,0.0,0.0,1.0,0.0,0.0
1194-SPVSP,0,-1.2774445836787656,-1.4993295040688086,-0.9986941998682206,0.0,1.0,1.0,0.0,1.0,0.0,0.0,1.0,1.0,0.0,0.0,0.0,0.0,1.0,0.0,1.0,0.0,0.0,1.0,0.0,0.0,1.0,0.0,0.0,1.0,0.0,0.0,1.0,0.0,0.0,1.0,0.0,1.0,0.0,0.0,1.0,0.0,1.0,0.0,0.0,0.0,1.0,0.0,1.0,1.0,0.0,0.0,0.7817906253061845,1.0,0.0,0.0,1.0,0.0,0.0,1.0,0.0,0.0
9534-NSXEM,0,-0.2594354906780068,-1.4660935640654862,-0.7446363980902074,0.0,1.0,1.0,0.0,1.0,0.0,0.0,1.0,1.0,0.0,0.0,0.0,0.0,1.0,0.0,1.0,0.0,0.0,1.0,0.0,0.0,1.0,0.0,0.0,1.0,0.0,0.0,1.0,0.0,0.0,1.0,0.0,0.0,1.0,0.0,0.0,1.0,0.0,1.0,0.0,0.0,1.0,0.0,1.0,0.0,0.0,1.0,2.8702179341160305,0.0,0.0,1.0,0.0,0.0,1.0,0.0,0.0,1.0
2408-WITXK,1,-0.9109613101984924,-0.9991286070188055,-0.8618599075673596,1.0,0.0,1.0,0.0,1.0,0.0,1.0,0.0,0.0,1.0,0.0,1.0,0.0,0.0,1.0,0.0,0.0,1.0,0.0,0.0,1.0,0.0,0.0,1.0,0.0,0.0,1.0,0.0,0.0,0.0,0.0,1.0,1.0,0.0,0.0,0.0,1.0,0.0,0.0,1.0,0.0,0.0,1.0,2.0,1.0,0.0,0.0,0.9460993545154691,1.0,0.0,0.0,1.0,0.0,0.0,1.0,0.0,0.0
8929-KSWIH,0,-0.30015585439803716,1.1479131171958254,0.10156115997218605,0.0,1.0,1.0,0.0,1.0,0.0,0.0,1.0,1.0,0.0,0.0,0.0,1.0,0.0,1.0,0.0,0.0,1.0,0.0,0.0,0.0,0.0,1.0,0.0,0.0,1.0,0.0,0.0,1.0,0.0,0.0,1.0,0.0,0.0,1.0,1.0,0.0,1.0,0.0,0.0,0.0,1.0,0.0,6.0,0.0,0.0,1.0,-0.3383614161911553,0.0,0.0,1.0,0.0,0.0,1.0,0.0,0.0,1.0
2250-IVBWA,0,1.2879383306831464,0.5413572121351905,1.2582885153454324,0.0,1.0,0.0,1.0,0.0,1.0,0.0,1.0,1.0,0.0,0.0,0.0,1.0,0.0,0.0,0.0,1.0,0.0,0.0,1.0,1.0,0.0,0.0,1.0,0.0,0.0,1.0,0.0,0.0,1.0,0.0,0.0,1.0,0.0,0.0,1.0,0.0,0.0,0.0,1.0,0.0,1.0,0.0,4.0,0.0,1.0,0.0,0.9769788547857045,0.0,1.0,0.0,0.0,1.0,0.0,0.0,1.0,0.0
1810-MVMAI,0,-0.0965540357978854,0.09433381909050333,-0.12490036586380276,0.0,1.0,0.0,1.0,0.0,1.0,0.0,1.0,0.0,0.0,1.0,1.0,0.0,0.0,0.0,0.0,1.0,0.0,0.0,1.0,0.0,0.0,1.0,0.0,0.0,1.0,1.0,0.0,0.0,1.0,0.0,0.0,1.0,0.0,0.0,1.0,0.0,0.0,0.0,1.0,0.0,1.0,0.0,7.0,0.0,0.0,1.0,1.2935799610205228,0.0,0.0,1.0,0.0,0.0,1.0,0.0,0.0,1.0
9506-UXUSK,0,-0.7888002190384014,0.179085466098976,-0.5962871129502284,0.0,1.0,1.0,0.0,1.0,0.0,0.0,1.0,1.0,0.0,0.0,0.0,1.0,0.0,1.0,0.0,0.0,1.0,0.0,0.0,1.0,0.0,0.0,1.0,0.0,0.0,1.0,0.0,0.0,1.0,0.0,0.0,1.0,0.0,0.0,0.0,1.0,0.0,0.0,1.0,0.0,1.0,0.0,2.0,1.0,0.0,0.0,0.7559418703979838,1.0,0.0,0.0,1.0,0.0,0.0,1.0,0.0,0.0
1229-RCALF,0,1.2879383306831464,1.6697173752479884,2.255725136444212,1.0,0.0,0.0,1.0,1.0,0.0,0.0,1.0,0.0,0.0,1.0,0.0,1.0,0.0,0.0,0.0,1.0,0.0,0.0,1.0,0.0,0.0,1.0,0.0,0.0,1.0,0.0,0.0,1.0,0.0,0.0,1.0,0.0,1.0,0.0,0.0,1.0,0.0,0.0,1.0,0.0,1.0,0.0,9.0,0.0,1.0,0.0,1.7514232496269704,0.0,1.0,0.0,0.0,1.0,0.0,0.0,1.0,0.0
3572-UOLYZ,0,0.5549717837226001,0.6659919871476498,0.7392314626549182,1.0,0.0,1.0,0.0,0.0,1.0,0.0,1.0,0.0,0.0,1.0,0.0,1.0,0.0,1.0,0.0,0.0,1.0,0.0,0.0,0.0,0.0,1.0,0.0,0.0,1.0,1.0,0.0,0.0,1.0,0.0,0.0,1.0,0.0,0.0,0.0,1.0,1.0,0.0,0.0,0.0,1.0,0.0,5.0,0.0,1.0,0.0,1.3320163012547308,0.0,1.0,0.0,0.0,1.0,0.0,0.0,1.0,0.0
1429-UYJSV,0,-0.8295205827584317,-1.4976677070686424,-0.8922577239127709,1.0,0.0,1.0,0.0,1.0,0.0,0.0,1.0,1.0,0.0,0.0,0.0,0.0,1.0,0.0,1.0,0.0,0.0,1.0,0.0,0.0,1.0,0.0,0.0,1.0,0.0,0.0,1.0,0.0,0.0,1.0,0.0,0.0,1.0,0.0,1.0,0.0,0.0,0.0,0.0,1.0,1.0,0.0,1.0,1.0,0.0,0.0,1.0756306021313147,1.0,0.0,0.0,1.0,0.0,0.0,1.0,0.0,0.0
5577-OTWWW,0,-0.7073594915983407,-1.4960059100684764,-0.8761985001831197,1.0,0.0,1.0,0.0,1.0,0.0,0.0,1.0,1.0,0.0,0.0,0.0,0.0,1.0,0.0,1.0,0.0,0.0,1.0,0.0,0.0,1.0,0.0,0.0,1.0,0.0,0.0,1.0,0.0,0.0,1.0,0.0,1.0,0.0,0.0,1.0,0.0,1.0,0.0,0.0,0.0,0.0,1.0,1.0,1.0,0.0,0.0,1.2386891115340413,1.0,0.0,0.0,1.0,0.0,0.0,1.0,0.0,0.0
6100-QQHEB,0,-0.62591876415828,0.9235705221733989,-0.33892040518396294,0.0,1.0,0.0,1.0,0.0,1.0,0.0,1.0,0.0,0.0,1.0,0.0,1.0,0.0,1.0,0.0,0.0,1.0,0.0,0.0,1.0,0.0,0.0,1.0,0.0,0.0,0.0,0.0,1.0,0.0,0.0,1.0,1.0,0.0,0.0,0.0,1.0,0.0,0.0,1.0,0.0,0.0,1.0,5.0,1.0,0.0,0.0,0.5414766653301003,1.0,0.0,0.0,1.0,0.0,0.0,1.0,0.0,0.0
6366-XIVKZ,0,-0.7888002190384014,-0.05356611392428149,-0.6470016120635089,1.0,0.0,0.0,1.0,0.0,1.0,0.0,1.0,1.0,0.0,0.0,1.0,0.0,0.0,0.0,0.0,1.0,1.0,0.0,0.0,0.0,0.0,1.0,1.0,0.0,0.0,1.0,0.0,0.0,0.0,0.0,1.0,1.0,0.0,0.0,0.0,1.0,0.0,0.0,0.0,1.0,1.0,0.0,5.0,1.0,0.0,0.0,0.8202350816436713,1.0,0.0,0.0,1.0,0.0,0.0,1.0,0.0,0.0
3470-OBUET,0,1.4100994218432374,0.3070438351117673,1.1405135215369047,1.0,0.0,0.0,1.0,0.0,1.0,0.0,1.0,0.0,0.0,1.0,1.0,0.0,0.0,0.0,0.0,1.0,0.0,0.0,1.0,1.0,0.0,0.0,0.0,0.0,1.0,0.0,0.0,1.0,1.0,0.0,0.0,0.0,0.0,1.0,1.0,0.0,0.0,1.0,0.0,0.0,1.0,0.0,7.0,0.0,1.0,0.0,0.8088178066522865,0.0,1.0,0.0,0.0,1.0,0.0,0.0,1.0,0.0
2770-NSVDG,0,-0.3408762181180675,-1.1852498710374113,-0.7038265575684288,0.0,1.0,0.0,1.0,1.0,0.0,1.0,0.0,0.0,1.0,0.0,1.0,0.0,0.0,1.0,0.0,0.0,1.0,0.0,0.0,0.0,0.0,1.0,1.0,0.0,0.0,1.0,0.0,0.0,1.0,0.0,0.0,1.0,0.0,0.0,1.0,0.0,0.0,0.0,1.0,0.0,1.0,0.0,2.0,0.0,0.0,1.0,2.0647570002218463,0.0,0.0,1.0,0.0,0.0,1.0,0.0,0.0,1.0
9375-MHRRS,0,-1.0738427650786138,-0.4889569279678058,-0.8801471279957676,0.0,1.0,1.0,0.0,1.0,0.0,0.0,1.0,1.0,0.0,0.0,1.0,0.0,0.0,1.0,0.0,0.0,1.0,0.0,0.0,1.0,0.0,0.0,0.0,0.0,1.0,1.0,0.0,0.0,1.0,0.0,0.0,1.0,0.0,0.0,1.0,0.0,0.0,0.0,0.0,1.0,1.0,0.0,3.0,1.0,0.0,0.0,0.8196238375097064,1.0,0.0,0.0,1.0,0.0,0.0,1.0,0.0,0.0
2634-HCZGT,1,0.8400143297628127,-0.15659752793458118,0.4175175631037727,0.0,1.0,0.0,1.0,1.0,0.0,0.0,1.0,0.0,0.0,1.0,1.0,0.0,0.0,0.0,0.0,1.0,1.0,0.0,0.0,1.0,0.0,0.0,0.0,0.0,1.0,1.0,0.0,0.0,1.0,0.0,0.0,0.0,1.0,0.0,0.0,1.0,0.0,0.0,1.0,0.0,0.0,1.0,5.0,0.0,1.0,0.0,0.4970362389194758,0.0,1.0,0.0,0.0,1.0,0.0,0.0,1.0,0.0
7503-QQRVF,1,-0.6666391278783103,0.3170146171127639,-0.4875344028030021,0.0,1.0,0.0,1.0,1.0,0.0,0.0,1.0,1.0,0.0,0.0,0.0,1.0,0.0,1.0,0.0,0.0,0.0,0.0,1.0,1.0,0.0,0.0,1.0,0.0,0.0,1.0,0.0,0.0,1.0,0.0,0.0,1.0,0.0,0.0,0.0,1.0,0.0,1.0,0.0,0.0,0.0,1.0,3.0,1.0,0.0,0.0,0.7313318141925772,1.0,0.0,0.0,1.0,0.0,0.0,1.0,0.0,0.0
4860-YZGZM,0,-0.9109613101984924,-1.4876969250676457,-0.9255673775278442,0.0,1.0,1.0,0.0,1.0,0.0,0.0,1.0,1.0,0.0,0.0,0.0,0.0,1.0,0.0,1.0,0.0,0.0,1.0,0.0,0.0,1.0,0.0,0.0,1.0,0.0,0.0,1.0,0.0,0.0,1.0,0.0,1.0,0.0,0.0,1.0,0.0,0.0,0.0,1.0,0.0,1.0,0.0,1.0,1.0,0.0,0.0,1.0160336856964534,1.0,0.0,0.0,1.0,0.0,0.0,1.0,0.0,0.0
6599-GZWCM,0,-0.7888002190384014,0.32864719611392706,-0.5810661454042677,1.0,0.0,1.0,0.0,1.0,0.0,0.0,1.0,1.0,0.0,0.0,0.0,1.0,0.0,1.0,0.0,0.0,0.0,0.0,1.0,1.0,0.0,0.0,1.0,0.0,0.0,1.0,0.0,0.0,1.0,0.0,0.0,0.0,1.0,0.0,0.0,1.0,0.0,0.0,0.0,1.0,1.0,0.0,3.0,1.0,0.0,0.0,0.7366455173055416,1.0,0.0,0.0,1.0,0.0,0.0,1.0,0.0,0.0
2691-NZETQ,0,-0.9516816739185228,0.684271754149477,-0.6726787225323471,0.0,1.0,1.0,0.0,1.0,0.0,0.0,1.0,0.0,0.0,1.0,0.0,1.0,0.0,1.0,0.0,0.0,1.0,0.0,0.0,1.0,0.0,0.0,1.0,0.0,0.0,0.0,0.0,1.0,1.0,0.0,0.0,1.0,0.0,0.0,0.0,1.0,0.0,0.0,1.0,0.0,0.0,1.0,4.0,1.0,0.0,0.0,0.7068316444117403,1.0,0.0,0.0,1.0,0.0,0.0,1.0,0.0,0.0
4404-HIBDJ,0,-0.30015585439803716,0.3170146171127639,-0.185078336103485,1.0,0.0,1.0,0.0,1.0,0.0,0.0,1.0,1.0,0.0,0.0,1.0,0.0,0.0,0.0,0.0,1.0,0.0,0.0,1.0,0.0,0.0,1.0,0.0,0.0,1.0,0.0,0.0,1.0,1.0,0.0,0.0,0.0,1.0,0.0,1.0,0.0,0.0,0.0,0.0,1.0,0.0,1.0,7.0,0.0,0.0,1.0,0.6166074504015915,0.0,0.0,1.0,0.0,0.0,1.0,0.0,0.0,1.0
5533-NHFRF,1,-1.0331224013585834,-0.6767399889865777,-0.8900959053337795,0.0,1.0,1.0,0.0,1.0,0.0,1.0,0.0,0.0,1.0,0.0,1.0,0.0,0.0,1.0,0.0,0.0,0.0,0.0,1.0,1.0,0.0,0.0,0.0,0.0,1.0,1.0,0.0,0.0,0.0,0.0,1.0,1.0,0.0,0.0,0.0,1.0,0.0,0.0,1.0,0.0,1.0,0.0,4.0,1.0,0.0,0.0,0.8615590022666044,1.0,0.0,0.0,1.0,0.0,0.0,1.0,0.0,0.0
7037-MTYVW,0,0.22920887396235737,0.6859335511496436,0.4472315388782785,0.0,1.0,0.0,1.0,0.0,1.0,0.0,1.0,0.0,0.0,1.0,1.0,0.0,0.0,0.0,0.0,1.0,1.0,0.0,0.0,0.0,0.0,1.0,0.0,0.0,1.0,0.0,0.0,1.0,0.0,0.0,1.0,0.0,0.0,1.0,0.0,1.0,1.0,0.0,0.0,0.0,1.0,0.0,8.0,0.0,0.0,1.0,1.9511964399411807,0.0,0.0,1.0,0.0,0.0,1.0,0.0,0.0,1.0
4760-THGOT,0,0.43281069256250915,0.9750862291785486,0.8047257418490593,1.0,0.0,0.0,1.0,1.0,0.0,0.0,1.0,0.0,0.0,1.0,0.0,1.0,0.0,0.0,0.0,1.0,0.0,0.0,1.0,1.0,0.0,0.0,1.0,0.0,0.0,1.0,0.0,0.0,0.0,0.0,1.0,1.0,0.0,0.0,0.0,1.0,0.0,0.0,1.0,0.0,1.0,0.0,6.0,0.0,0.0,1.0,1.8593018972904325,0.0,0.0,1.0,0.0,0.0,1.0,0.0,0.0,1.0
7295-JOMMD,0,-1.1552834925186746,1.1080299891918384,-0.8325209411381891,1.0,0.0,1.0,0.0,0.0,1.0,0.0,1.0,1.0,0.0,0.0,0.0,1.0,0.0,1.0,0.0,0.0,1.0,0.0,0.0,0.0,0.0,1.0,0.0,0.0,1.0,0.0,0.0,1.0,0.0,0.0,1.0,1.0,0.0,0.0,0.0,1.0,1.0,0.0,0.0,0.0,0.0,1.0,6.0,1.0,0.0,0.0,0.720620476730937,1.0,0.0,0.0,1.0,0.0,0.0,1.0,0.0,0.0
4016-BJKTZ,0,-0.30015585439803716,1.4669781412277214,0.23195411528258258,1.0,0.0,1.0,0.0,1.0,0.0,0.0,1.0,0.0,0.0,1.0,0.0,1.0,0.0,1.0,0.0,0.0,0.0,0.0,1.0,0.0,0.0,1.0,0.0,0.0,1.0,0.0,0.0,1.0,0.0,0.0,1.0,0.0,0.0,1.0,1.0,0.0,0.0,0.0,1.0,0.0,1.0,0.0,8.0,0.0,0.0,1.0,-0.7727789143002617,0.0,0.0,1.0,0.0,0.0,1.0,0.0,0.0,1.0
6584-VQMYT,0,-0.21871512695797646,-0.2845558969473725,-0.31578012263945165,0.0,1.0,1.0,0.0,0.0,1.0,0.0,1.0,1.0,0.0,0.0,1.0,0.0,0.0,0.0,0.0,1.0,0.0,0.0,1.0,1.0,0.0,0.0,1.0,0.0,0.0,1.0,0.0,0.0,1.0,0.0,0.0,0.0,1.0,0.0,1.0,0.0,0.0,0.0,0.0,1.0,1.0,0.0,4.0,0.0,0.0,1.0,1.4437964444047122,0.0,0.0,1.0,0.0,0.0,1.0,0.0,0.0,1.0
9838-BFCQT,0,1.6137012404433893,-1.2849576910473786,-0.1905270012974738,0.0,1.0,0.0,1.0,0.0,1.0,0.0,1.0,0.0,0.0,1.0,0.0,0.0,1.0,0.0,1.0,0.0,0.0,1.0,0.0,0.0,1.0,0.0,0.0,1.0,0.0,0.0,1.0,0.0,0.0,1.0,0.0,0.0,0.0,1.0,1.0,0.0,0.0,0.0,0.0,1.0,1.0,0.0,2.0,0.0,1.0,0.0,-0.11806832424887,0.0,1.0,0.0,0.0,1.0,0.0,0.0,1.0,0.0
2790-XUYMV,0,1.5729808767233588,0.6875953481498096,1.6525336341590688,0.0,1.0,1.0,0.0,0.0,1.0,0.0,1.0,0.0,0.0,1.0,0.0,1.0,0.0,0.0,0.0,1.0,0.0,0.0,1.0,1.0,0.0,0.0,1.0,0.0,0.0,1.0,0.0,0.0,1.0,0.0,0.0,0.0,1.0,0.0,0.0,1.0,0.0,1.0,0.0,0.0,1.0,0.0,5.0,0.0,1.0,0.0,1.0505745229410701,0.0,1.0,0.0,0.0,1.0,0.0,0.0,1.0,0.0
0581-MDMPW,0,-0.3408762181180675,0.8039211381614382,-0.09289221527077533,1.0,0.0,1.0,0.0,1.0,0.0,0.0,1.0,0.0,0.0,1.0,0.0,1.0,0.0,1.0,0.0,0.0,1.0,0.0,0.0,0.0,0.0,1.0,1.0,0.0,0.0,0.0,0.0,1.0,1.0,0.0,0.0,1.0,0.0,0.0,0.0,1.0,0.0,1.0,0.0,0.0,1.0,0.0,5.0,0.0,0.0,1.0,0.27251010875332093,0.0,0.0,1.0,0.0,0.0,1.0,0.0,0.0,1.0
5013-SBUIH,0,0.7178532386027215,1.4919050962302134,1.4417342633341408,1.0,0.0,1.0,0.0,1.0,0.0,0.0,1.0,0.0,0.0,1.0,0.0,1.0,0.0,0.0,0.0,1.0,0.0,0.0,1.0,1.0,0.0,0.0,0.0,0.0,1.0,0.0,0.0,1.0,0.0,0.0,1.0,0.0,0.0,1.0,0.0,1.0,0.0,0.0,1.0,0.0,0.0,1.0,8.0,0.0,1.0,0.0,2.008396961669255,0.0,1.0,0.0,0.0,1.0,0.0,0.0,1.0,0.0
1023-BQXZE,0,1.002895784642934,0.31867641411292996,0.8973971688933794,0.0,1.0,1.0,0.0,1.0,0.0,0.0,1.0,1.0,0.0,0.0,1.0,0.0,0.0,0.0,0.0,1.0,1.0,0.0,0.0,0.0,0.0,1.0,1.0,0.0,0.0,0.0,0.0,1.0,0.0,0.0,1.0,0.0,0.0,1.0,0.0,1.0,1.0,0.0,0.0,0.0,1.0,0.0,6.0,0.0,1.0,0.0,0.8948060034102987,0.0,1.0,0.0,0.0,1.0,0.0,0.0,1.0,0.0
9163-GHAYE,0,-0.7073594915983407,-0.5288400559717926,-0.6822966092715337,1.0,0.0,1.0,0.0,1.0,0.0,0.0,1.0,1.0,0.0,0.0,1.0,0.0,0.0,1.0,0.0,0.0,0.0,0.0,1.0,1.0,0.0,0.0,1.0,0.0,0.0,1.0,0.0,0.0,1.0,0.0,0.0,1.0,0.0,0.0,1.0,0.0,0.0,0.0,1.0,0.0,1.0,0.0,3.0,1.0,0.0,0.0,0.9645683946783902,1.0,0.0,0.0,1.0,0.0,0.0,1.0,0.0,0.0
3904-UKFRE,0,-1.1552834925186746,0.5097830691320341,-0.8590583671639727,0.0,1.0,1.0,0.0,1.0,0.0,0.0,1.0,0.0,0.0,1.0,0.0,1.0,0.0,0.0,0.0,1.0,1.0,0.0,0.0,1.0,0.0,0.0,1.0,0.0,0.0,1.0,0.0,0.0,1.0,0.0,0.0,1.0,0.0,0.0,0.0,1.0,0.0,0.0,1.0,0.0,1.0,0.0,4.0,1.0,0.0,0.0,0.7435909650981933,1.0,0.0,0.0,1.0,0.0,0.0,1.0,0.0,0.0
5353-WILCI,0,-0.1779947632379461,-0.28954128794787104,-0.3355894398224555,1.0,0.0,1.0,0.0,1.0,0.0,0.0,1.0,1.0,0.0,0.0,1.0,0.0,0.0,0.0,0.0,1.0,0.0,0.0,1.0,1.0,0.0,0.0,1.0,0.0,0.0,1.0,0.0,0.0,1.0,0.0,0.0,1.0,0.0,0.0,1.0,0.0,0.0,0.0,1.0,0.0,1.0,0.0,4.0,0.0,0.0,1.0,1.8853893997647246,0.0,0.0,1.0,0.0,0.0,1.0,0.0,0.0,1.0
0709-TVGUR,1,-0.9516816739185228,0.32532360211359457,-0.7325478615464589,1.0,0.0,1.0,0.0,1.0,0.0,0.0,1.0,0.0,0.0,1.0,0.0,1.0,0.0,1.0,0.0,0.0,1.0,0.0,0.0,1.0,0.0,0.0,1.0,0.0,0.0,1.0,0.0,0.0,1.0,0.0,0.0,1.0,0.0,0.0,0.0,1.0,0.0,0.0,1.0,0.0,0.0,1.0,3.0,1.0,0.0,0.0,0.7697404306738549,1.0,0.0,0.0,1.0,0.0,0.0,1.0,0.0,0.0
0058-EVZWM,0,0.9214550572028734,0.8321716871642622,1.180749818354053,1.0,0.0,0.0,1.0,1.0,0.0,0.0,1.0,0.0,0.0,1.0,0.0,1.0,0.0,0.0,0.0,1.0,1.0,0.0,0.0,1.0,0.0,0.0,1.0,0.0,0.0,0.0,0.0,1.0,1.0,0.0,0.0,1.0,0.0,0.0,0.0,1.0,1.0,0.0,0.0,0.0,1.0,0.0,5.0,0.0,1.0,0.0,1.2813970785925066,0.0,1.0,0.0,0.0,1.0,0.0,0.0,1.0,0.0
6023-YEBUP,0,-1.1960038562387048,1.2027524182013078,-0.8617937294475946,0.0,1.0,1.0,0.0,1.0,0.0,0.0,1.0,0.0,0.0,1.0,0.0,1.0,0.0,1.0,0.0,0.0,1.0,0.0,0.0,0.0,0.0,1.0,1.0,0.0,0.0,0.0,0.0,1.0,0.0,0.0,1.0,1.0,0.0,0.0,0.0,1.0,0.0,0.0,1.0,0.0,0.0,1.0,6.0,1.0,0.0,0.0,0.7205609956458144,1.0,0.0,0.0,1.0,0.0,0.0,1.0,0.0,0.0
7209-JCUDS,0,-0.9109613101984924,1.001674981181207,-0.5446240607869822,0.0,1.0,1.0,0.0,1.0,0.0,0.0,1.0,1.0,0.0,0.0,0.0,1.0,0.0,1.0,0.0,0.0,1.0,0.0,0.0,0.0,0.0,1.0,1.0,0.0,0.0,0.0,0.0,1.0,0.0,0.0,1.0,1.0,0.0,0.0,0.0,1.0,0.0,0.0,1.0,0.0,0.0,1.0,5.0,1.0,0.0,0.0,0.5978564124400764,1.0,0.0,0.0,1.0,0.0,0.0,1.0,0.0,0.0
7009-PCARS,0,0.9214550572028734,-1.517609271070636,-0.5655142872594818,0.0,1.0,1.0,0.0,0.0,1.0,0.0,1.0,1.0,0.0,0.0,0.0,0.0,1.0,0.0,1.0,0.0,0.0,1.0,0.0,0.0,1.0,0.0,0.0,1.0,0.0,0.0,1.0,0.0,0.0,1.0,0.0,0.0,1.0,0.0,1.0,0.0,1.0,0.0,0.0,0.0,1.0,0.0,1.0,0.0,1.0,0.0,-0.6137187948982895,0.0,1.0,0.0,0.0,1.0,0.0,0.0,1.0,0.0
0519-DRGTI,0,-0.5037576729981889,-1.4760643460664828,-0.8120939615040448,1.0,0.0,0.0,1.0,0.0,1.0,0.0,1.0,1.0,0.0,0.0,0.0,0.0,1.0,0.0,1.0,0.0,0.0,1.0,0.0,0.0,1.0,0.0,0.0,1.0,0.0,0.0,1.0,0.0,0.0,1.0,0.0,1.0,0.0,0.0,1.0,0.0,0.0,0.0,0.0,1.0,1.0,0.0,1.0,1.0,0.0,0.0,1.612072639352065,1.0,0.0,0.0,1.0,0.0,0.0,1.0,0.0,0.0
1017-FBQMM,0,1.2064976032430856,1.3722557122182522,1.9501366387424826,1.0,0.0,0.0,1.0,0.0,1.0,0.0,1.0,0.0,0.0,1.0,0.0,1.0,0.0,1.0,0.0,0.0,0.0,0.0,1.0,1.0,0.0,0.0,0.0,0.0,1.0,0.0,0.0,1.0,0.0,0.0,1.0,0.0,1.0,0.0,0.0,1.0,0.0,1.0,0.0,0.0,1.0,0.0,7.0,0.0,1.0,0.0,1.6163618008858722,0.0,1.0,0.0,0.0,1.0,0.0,0.0,1.0,0.0
3001-CBHLQ,1,-0.015113308357824713,1.3340343812144315,0.47129831509950043,0.0,1.0,0.0,1.0,1.0,0.0,0.0,1.0,0.0,0.0,1.0,0.0,1.0,0.0,1.0,0.0,0.0,1.0,0.0,0.0,0.0,0.0,1.0,0.0,0.0,1.0,0.0,0.0,1.0,0.0,0.0,1.0,1.0,0.0,0.0,0.0,1.0,0.0,0.0,1.0,0.0,0.0,1.0,7.0,0.0,0.0,1.0,-31.18432469853578,0.0,0.0,1.0,0.0,0.0,1.0,0.0,0.0,1.0
1985-MBRYP,0,0.43281069256250915,-1.4993295040688086,-0.6635682013780255,1.0,0.0,1.0,0.0,1.0,0.0,0.0,1.0,1.0,0.0,0.0,0.0,0.0,1.0,0.0,1.0,0.0,0.0,1.0,0.0,0.0,1.0,0.0,0.0,1.0,0.0,0.0,1.0,0.0,0.0,1.0,0.0,0.0,0.0,1.0,0.0,1.0,1.0,0.0,0.0,0.0,1.0,0.0,1.0,0.0,0.0,1.0,-1.5331603696047527,0.0,0.0,1.0,0.0,0.0,1.0,0.0,0.0,1.0
6158-DWPZT,0,-0.9516816739185228,-1.3514295710540236,-0.8927430301243813,0.0,1.0,0.0,1.0,1.0,0.0,1.0,0.0,0.0,1.0,0.0,1.0,0.0,0.0,1.0,0.0,0.0,1.0,0.0,0.0,1.0,0.0,0.0,1.0,0.0,0.0,1.0,0.0,0.0,1.0,0.0,0.0,0.0,1.0,0.0,1.0,0.0,1.0,0.0,0.0,0.0,0.0,1.0,1.0,1.0,0.0,0.0,0.9380689516154459,1.0,0.0,0.0,1.0,0.0,0.0,1.0,0.0,0.0
9372-TXXPS,0,1.125056875803025,-0.16324471593524553,0.5294909417462311,1.0,0.0,0.0,1.0,1.0,0.0,0.0,1.0,1.0,0.0,0.0,1.0,0.0,0.0,0.0,0.0,1.0,0.0,0.0,1.0,1.0,0.0,0.0,0.0,0.0,1.0,1.0,0.0,0.0,1.0,0.0,0.0,0.0,0.0,1.0,1.0,0.0,1.0,0.0,0.0,0.0,1.0,0.0,5.0,0.0,1.0,0.0,0.47063482134474277,0.0,1.0,0.0,0.0,1.0,0.0,0.0,1.0,0.0
3259-QMXUN,0,1.0436161483629645,0.7091987091519689,1.1502637645156215,0.0,1.0,0.0,1.0,1.0,0.0,0.0,1.0,0.0,0.0,1.0,1.0,0.0,0.0,0.0,0.0,1.0,0.0,0.0,1.0,0.0,0.0,1.0,1.0,0.0,0.0,0.0,0.0,1.0,0.0,0.0,1.0,0.0,0.0,1.0,0.0,1.0,0.0,0.0,1.0,0.0,1.0,0.0,8.0,0.0,1.0,0.0,1.102190461809111,0.0,1.0,0.0,0.0,1.0,0.0,0.0,1.0,0.0
1015-JPFYW,0,-1.0331224013585834,-1.505976692069473,-0.9470311477049744,0.0,1.0,1.0,0.0,0.0,1.0,0.0,1.0,1.0,0.0,0.0,0.0,0.0,1.0,0.0,1.0,0.0,0.0,1.0,0.0,0.0,1.0,0.0,0.0,1.0,0.0,0.0,1.0,0.0,0.0,1.0,0.0,0.0,1.0,0.0,1.0,0.0,0.0,0.0,0.0,1.0,1.0,0.0,1.0,1.0,0.0,0.0,0.9166688733683476,1.0,0.0,0.0,1.0,0.0,0.0,1.0,0.0,0.0
6645-MXQJT,0,-1.2367242199587352,1.074794049188516,-0.9261188618592197,0.0,1.0,0.0,1.0,0.0,1.0,0.0,1.0,1.0,0.0,0.0,0.0,1.0,0.0,0.0,0.0,1.0,1.0,0.0,0.0,1.0,0.0,0.0,1.0,0.0,0.0,0.0,0.0,1.0,0.0,0.0,1.0,1.0,0.0,0.0,1.0,0.0,0.0,0.0,1.0,0.0,1.0,0.0,5.0,1.0,0.0,0.0,0.7488483260157391,1.0,0.0,0.0,1.0,0.0,0.0,1.0,0.0,0.0
4360-QRAVE,1,0.18848851024232702,-0.9343185240123267,-0.4272020169505348,0.0,1.0,1.0,0.0,1.0,0.0,1.0,0.0,0.0,1.0,0.0,1.0,0.0,0.0,1.0,0.0,0.0,0.0,0.0,1.0,0.0,0.0,1.0,1.0,0.0,0.0,1.0,0.0,0.0,1.0,0.0,0.0,1.0,0.0,0.0,1.0,0.0,0.0,0.0,1.0,0.0,1.0,0.0,3.0,0.0,0.0,1.0,-2.2664618464080903,0.0,0.0,1.0,0.0,0.0,1.0,0.0,0.0,1.0
8433-WPJTV,1,1.3286586944031769,1.300798441211109,1.9781961615228625,1.0,0.0,0.0,1.0,0.0,1.0,0.0,1.0,0.0,0.0,1.0,0.0,1.0,0.0,1.0,0.0,0.0,1.0,0.0,0.0,0.0,0.0,1.0,0.0,0.0,1.0,0.0,0.0,1.0,0.0,0.0,1.0,0.0,1.0,0.0,0.0,1.0,1.0,0.0,0.0,0.0,1.0,0.0,7.0,0.0,1.0,0.0,1.4888670580757783,0.0,1.0,0.0,0.0,1.0,0.0,0.0,1.0,0.0
5804-JMYIO,0,0.26992923768238775,-1.4960059100684764,-0.6729654943846621,1.0,0.0,0.0,1.0,0.0,1.0,0.0,1.0,1.0,0.0,0.0,0.0,0.0,1.0,0.0,1.0,0.0,0.0,1.0,0.0,0.0,1.0,0.0,0.0,1.0,0.0,0.0,1.0,0.0,0.0,1.0,0.0,0.0,0.0,1.0,1.0,0.0,0.0,0.0,0.0,1.0,1.0,0.0,1.0,0.0,0.0,1.0,-2.49311819706062,0.0,0.0,1.0,0.0,0.0,1.0,0.0,0.0,1.0
3763-GCZHZ,0,1.369379058123207,1.3057838322116073,2.03241810098369,0.0,1.0,0.0,1.0,1.0,0.0,0.0,1.0,0.0,0.0,1.0,0.0,1.0,0.0,1.0,0.0,0.0,0.0,0.0,1.0,1.0,0.0,0.0,0.0,0.0,1.0,0.0,0.0,1.0,0.0,0.0,1.0,0.0,1.0,0.0,0.0,1.0,0.0,0.0,1.0,0.0,0.0,1.0,7.0,0.0,1.0,0.0,1.4841895594410555,0.0,1.0,0.0,0.0,1.0,0.0,0.0,1.0,0.0
6484-LATFU,0,1.4508197855632678,-1.3364733980525287,-0.27613942890018883,0.0,1.0,1.0,0.0,1.0,0.0,0.0,1.0,0.0,0.0,1.0,0.0,0.0,1.0,0.0,1.0,0.0,0.0,1.0,0.0,0.0,1.0,0.0,0.0,1.0,0.0,0.0,1.0,0.0,0.0,1.0,0.0,0.0,0.0,1.0,1.0,0.0,0.0,0.0,0.0,1.0,1.0,0.0,2.0,0.0,1.0,0.0,-0.19033337679012985,0.0,1.0,0.0,0.0,1.0,0.0,0.0,1.0,0.0
7599-NTMDP,0,1.2064976032430856,-0.533825446972291,0.3199710145700943,1.0,0.0,0.0,1.0,0.0,1.0,1.0,0.0,0.0,1.0,0.0,1.0,0.0,0.0,0.0,0.0,1.0,0.0,0.0,1.0,1.0,0.0,0.0,0.0,0.0,1.0,0.0,0.0,1.0,1.0,0.0,0.0,0.0,0.0,1.0,1.0,0.0,1.0,0.0,0.0,0.0,1.0,0.0,5.0,0.0,1.0,0.0,0.26520650659396827,0.0,1.0,0.0,0.0,1.0,0.0,0.0,1.0,0.0
0772-GYEQQ,0,-1.1960038562387048,0.7839795741594444,-0.8917503583279056,0.0,1.0,1.0,0.0,1.0,0.0,0.0,1.0,1.0,0.0,0.0,0.0,1.0,0.0,1.0,0.0,0.0,1.0,0.0,0.0,0.0,0.0,1.0,0.0,0.0,1.0,0.0,0.0,1.0,1.0,0.0,0.0,1.0,0.0,0.0,0.0,1.0,0.0,0.0,0.0,1.0,0.0,1.0,5.0,1.0,0.0,0.0,0.7456082634485465,1.0,0.0,0.0,1.0,0.0,0.0,1.0,0.0,0.0
0536-ACXIP,0,1.6137012404433893,1.4885815022298807,2.594976237733095,1.0,0.0,0.0,1.0,1.0,0.0,0.0,1.0,0.0,0.0,1.0,0.0,1.0,0.0,0.0,0.0,1.0,0.0,0.0,1.0,0.0,0.0,1.0,1.0,0.0,0.0,0.0,0.0,1.0,0.0,0.0,1.0,0.0,0.0,1.0,0.0,1.0,0.0,0.0,1.0,0.0,1.0,0.0,8.0,0.0,1.0,0.0,1.6080896343737614,0.0,1.0,0.0,0.0,1.0,0.0,0.0,1.0,0.0
0936-NQLJU,0,0.35136996512244845,-1.4660935640654862,-0.6210818484888658,1.0,0.0,0.0,1.0,1.0,0.0,0.0,1.0,1.0,0.0,0.0,0.0,0.0,1.0,0.0,1.0,0.0,0.0,1.0,0.0,0.0,1.0,0.0,0.0,1.0,0.0,0.0,1.0,0.0,0.0,1.0,0.0,0.0,0.0,1.0,1.0,0.0,0.0,1.0,0.0,0.0,1.0,0.0,1.0,0.0,0.0,1.0,-1.767600848502876,0.0,0.0,1.0,0.0,0.0,1.0,0.0,0.0,1.0
4831-EOBFE,0,-0.13727439951791576,0.9933659961803764,0.16140823961304307,0.0,1.0,0.0,1.0,0.0,1.0,0.0,1.0,1.0,0.0,0.0,0.0,1.0,0.0,0.0,0.0,1.0,1.0,0.0,0.0,1.0,0.0,0.0,1.0,0.0,0.0,0.0,0.0,1.0,0.0,0.0,1.0,1.0,0.0,0.0,1.0,0.0,0.0,1.0,0.0,0.0,0.0,1.0,5.0,0.0,0.0,1.0,-1.1758072894864682,0.0,0.0,1.0,0.0,0.0,1.0,0.0,0.0,1.0
1575-KRZZE,0,-1.1552834925186746,-0.31779183695069496,-0.9100155193830584,1.0,0.0,1.0,0.0,1.0,0.0,0.0,1.0,1.0,0.0,0.0,1.0,0.0,0.0,0.0,0.0,1.0,0.0,0.0,1.0,1.0,0.0,0.0,1.0,0.0,0.0,1.0,0.0,0.0,1.0,0.0,0.0,1.0,0.0,0.0,1.0,0.0,0.0,0.0,1.0,0.0,1.0,0.0,4.0,1.0,0.0,0.0,0.7876988854043965,1.0,0.0,0.0,1.0,0.0,0.0,1.0,0.0,0.0
3251-YMVWZ,0,0.8400143297628127,-1.3530913680541898,-0.4329815727433488,0.0,1.0,1.0,0.0,1.0,0.0,0.0,1.0,0.0,0.0,1.0,0.0,0.0,1.0,0.0,1.0,0.0,0.0,1.0,0.0,0.0,1.0,0.0,0.0,1.0,0.0,0.0,1.0,0.0,0.0,1.0,0.0,0.0,1.0,0.0,1.0,0.0,1.0,0.0,0.0,0.0,1.0,0.0,2.0,0.0,1.0,0.0,-0.5154454601573356,0.0,1.0,0.0,0.0,1.0,0.0,0.0,1.0,0.0
4102-OQUPX,1,-1.2774445836787656,0.32033821111309646,-0.9745391861539786,0.0,1.0,0.0,1.0,1.0,0.0,0.0,1.0,0.0,0.0,1.0,0.0,1.0,0.0,1.0,0.0,0.0,1.0,0.0,0.0,1.0,0.0,0.0,1.0,0.0,0.0,1.0,0.0,0.0,1.0,0.0,0.0,1.0,0.0,0.0,0.0,1.0,0.0,0.0,1.0,0.0,0.0,1.0,3.0,1.0,0.0,0.0,0.7628817708456013,1.0,0.0,0.0,1.0,0.0,0.0,1.0,0.0,0.0
9170-GYZJC,0,0.35136996512244845,0.50313588113137,0.46011421285920745,1.0,0.0,0.0,1.0,0.0,1.0,0.0,1.0,0.0,0.0,1.0,1.0,0.0,0.0,0.0,0.0,1.0,0.0,0.0,1.0,0.0,0.0,1.0,0.0,0.0,1.0,1.0,0.0,0.0,0.0,0.0,1.0,1.0,0.0,0.0,1.0,0.0,0.0,1.0,0.0,0.0,0.0,1.0,8.0,0.0,0.0,1.0,1.3094864630756442,0.0,0.0,1.0,0.0,0.0,1.0,0.0,0.0,1.0
4884-LEVMQ,0,0.26992923768238775,-1.4727407520661506,-0.6588254361281972,0.0,1.0,0.0,1.0,1.0,0.0,0.0,1.0,1.0,0.0,0.0,0.0,0.0,1.0,0.0,1.0,0.0,0.0,1.0,0.0,0.0,1.0,0.0,0.0,1.0,0.0,0.0,1.0,0.0,0.0,1.0,0.0,0.0,0.0,1.0,0.0,1.0,1.0,0.0,0.0,0.0,1.0,0.0,1.0,0.0,0.0,1.0,-2.440733881905021,0.0,0.0,1.0,0.0,0.0,1.0,0.0,0.0,1.0
8857-CUPFQ,0,1.247217966963116,-1.5126238800701375,-0.4613278673760437,0.0,1.0,0.0,1.0,1.0,0.0,0.0,1.0,1.0,0.0,0.0,0.0,0.0,1.0,0.0,1.0,0.0,0.0,1.0,0.0,0.0,1.0,0.0,0.0,1.0,0.0,0.0,1.0,0.0,0.0,1.0,0.0,0.0,0.0,1.0,1.0,0.0,0.0,0.0,0.0,1.0,1.0,0.0,1.0,0.0,1.0,0.0,-0.36988552089202426,0.0,1.0,0.0,0.0,1.0,0.0,0.0,1.0,0.0
7610-TVOPG,0,-0.7073594915983407,-1.2766487060465481,-0.8403299592704646,0.0,1.0,1.0,0.0,1.0,0.0,0.0,1.0,0.0,0.0,1.0,0.0,0.0,1.0,0.0,1.0,0.0,0.0,1.0,0.0,0.0,1.0,0.0,0.0,1.0,0.0,0.0,1.0,0.0,0.0,1.0,0.0,1.0,0.0,0.0,0.0,1.0,0.0,0.0,1.0,0.0,1.0,0.0,2.0,1.0,0.0,0.0,1.1879814567436786,1.0,0.0,0.0,1.0,0.0,0.0,1.0,0.0,0.0
3638-DIMPH,0,-0.7888002190384014,-0.6966815529885713,-0.7458937823657433,1.0,0.0,0.0,1.0,1.0,0.0,0.0,1.0,1.0,0.0,0.0,1.0,0.0,0.0,1.0,0.0,0.0,1.0,0.0,0.0,1.0,0.0,0.0,1.0,0.0,0.0,1.0,0.0,0.0,1.0,0.0,0.0,0.0,1.0,0.0,1.0,0.0,0.0,0.0,1.0,0.0,1.0,0.0,2.0,1.0,0.0,0.0,0.9456054452863061,1.0,0.0,0.0,1.0,0.0,0.0,1.0,0.0,0.0
1845-ZLLIG,0,-1.2774445836787656,-0.4856333339674735,-0.9852379821826611,0.0,1.0,1.0,0.0,1.0,0.0,0.0,1.0,1.0,0.0,0.0,1.0,0.0,0.0,1.0,0.0,0.0,0.0,0.0,1.0,1.0,0.0,0.0,1.0,0.0,0.0,1.0,0.0,0.0,1.0,0.0,0.0,1.0,0.0,0.0,0.0,1.0,0.0,0.0,0.0,1.0,1.0,0.0,3.0,1.0,0.0,0.0,0.7712569255610194,1.0,0.0,0.0,1.0,0.0,0.0,1.0,0.0,0.0
8559-WNQZS,0,-1.2774445836787656,-1.4727407520661506,-0.9983412498961405,0.0,1.0,1.0,0.0,1.0,0.0,0.0,1.0,1.0,0.0,0.0,0.0,0.0,1.0,0.0,1.0,0.0,0.0,1.0,0.0,0.0,1.0,0.0,0.0,1.0,0.0,0.0,1.0,0.0,0.0,1.0,0.0,0.0,0.0,1.0,1.0,0.0,0.0,0.0,0.0,1.0,1.0,0.0,1.0,1.0,0.0,0.0,0.7815143315423769,1.0,0.0,0.0,1.0,0.0,0.0,1.0,0.0,0.0
3999-QGRJH,1,-0.9924020376385531,0.16412929309748078,-0.7599235437559332,0.0,1.0,1.0,0.0,1.0,0.0,0.0,1.0,1.0,0.0,0.0,0.0,1.0,0.0,1.0,0.0,0.0,1.0,0.0,0.0,1.0,0.0,0.0,1.0,0.0,0.0,1.0,0.0,0.0,1.0,0.0,0.0,1.0,0.0,0.0,0.0,1.0,0.0,0.0,1.0,0.0,0.0,1.0,2.0,1.0,0.0,0.0,0.7657416197614743,1.0,0.0,0.0,1.0,0.0,0.0,1.0,0.0,0.0
1699-UOTXU,0,1.125056875803025,-0.11172900893009581,0.5977867613437591,0.0,1.0,1.0,0.0,1.0,0.0,0.0,1.0,1.0,0.0,0.0,1.0,0.0,0.0,0.0,0.0,1.0,0.0,0.0,1.0,0.0,0.0,1.0,1.0,0.0,0.0,1.0,0.0,0.0,1.0,0.0,0.0,0.0,0.0,1.0,1.0,0.0,0.0,0.0,1.0,0.0,1.0,0.0,5.0,0.0,1.0,0.0,0.5313391475582783,0.0,1.0,0.0,0.0,1.0,0.0,0.0,1.0,0.0
2454-RPBRZ,1,-0.8295205827584317,1.1080299891918384,-0.5396165830580936,1.0,0.0,0.0,1.0,1.0,0.0,0.0,1.0,0.0,0.0,1.0,0.0,1.0,0.0,1.0,0.0,0.0,0.0,0.0,1.0,0.0,0.0,1.0,1.0,0.0,0.0,0.0,0.0,1.0,1.0,0.0,0.0,1.0,0.0,0.0,0.0,1.0,0.0,0.0,1.0,0.0,0.0,1.0,6.0,1.0,0.0,0.0,0.6505162069200129,1.0,0.0,0.0,1.0,0.0,0.0,1.0,0.0,0.0
0635-WKOLD,0,0.3106496014024181,0.19902703010096928,0.2816759425993874,0.0,1.0,0.0,1.0,1.0,0.0,0.0,1.0,0.0,0.0,1.0,1.0,0.0,0.0,1.0,0.0,0.0,0.0,0.0,1.0,1.0,0.0,0.0,0.0,0.0,1.0,0.0,0.0,1.0,1.0,0.0,0.0,0.0,1.0,0.0,1.0,0.0,0.0,1.0,0.0,0.0,1.0,0.0,6.0,0.0,0.0,1.0,0.9067320264625159,0.0,0.0,1.0,0.0,0.0,1.0,0.0,0.0,1.0
5993-JSUWV,0,1.369379058123207,-0.12003799393092641,0.7650850481097964,1.0,0.0,1.0,0.0,1.0,0.0,0.0,1.0,1.0,0.0,0.0,1.0,0.0,0.0,0.0,0.0,1.0,0.0,0.0,1.0,0.0,0.0,1.0,1.0,0.0,0.0,1.0,0.0,0.0,1.0,0.0,0.0,0.0,0.0,1.0,0.0,1.0,1.0,0.0,0.0,0.0,1.0,0.0,5.0,0.0,1.0,0.0,0.5587094702312583,0.0,1.0,0.0,0.0,1.0,0.0,0.0,1.0,0.0
4518-FZBSX,0,0.3920903288424788,-1.479387940066815,-0.6301923696431871,0.0,1.0,0.0,1.0,0.0,1.0,0.0,1.0,1.0,0.0,0.0,0.0,0.0,1.0,0.0,1.0,0.0,0.0,1.0,0.0,0.0,1.0,0.0,0.0,1.0,0.0,0.0,1.0,0.0,0.0,1.0,0.0,0.0,1.0,0.0,1.0,0.0,0.0,0.0,0.0,1.0,1.0,0.0,1.0,0.0,0.0,1.0,-1.6072632332035028,0.0,0.0,1.0,0.0,0.0,1.0,0.0,0.0,1.0
5387-ASZNZ,1,1.369379058123207,-0.030300955921955676,0.8343073613840352,1.0,0.0,1.0,0.0,1.0,0.0,0.0,1.0,0.0,0.0,1.0,1.0,0.0,0.0,0.0,0.0,1.0,0.0,0.0,1.0,1.0,0.0,0.0,0.0,0.0,1.0,1.0,0.0,0.0,1.0,0.0,0.0,0.0,1.0,0.0,0.0,1.0,0.0,1.0,0.0,0.0,1.0,0.0,6.0,0.0,1.0,0.0,0.6092596176602039,0.0,1.0,0.0,0.0,1.0,0.0,0.0,1.0,0.0
6988-CJEYV,0,0.6771328748826912,1.1279715531938321,1.163521447841886,0.0,1.0,1.0,0.0,1.0,0.0,0.0,1.0,0.0,0.0,1.0,0.0,1.0,0.0,1.0,0.0,0.0,0.0,0.0,1.0,1.0,0.0,0.0,1.0,0.0,0.0,0.0,0.0,1.0,0.0,0.0,1.0,1.0,0.0,0.0,1.0,0.0,0.0,0.0,1.0,0.0,1.0,0.0,6.0,0.0,1.0,0.0,1.7183059499857518,0.0,1.0,0.0,0.0,1.0,0.0,0.0,1.0,0.0
2002-MZHWP,0,-1.2774445836787656,-1.4710789550659844,-0.9983191905228853,1.0,0.0,1.0,0.0,1.0,0.0,0.0,1.0,1.0,0.0,0.0,0.0,0.0,1.0,0.0,1.0,0.0,0.0,1.0,0.0,0.0,1.0,0.0,0.0,1.0,0.0,0.0,1.0,0.0,0.0,1.0,0.0,1.0,0.0,0.0,1.0,0.0,0.0,0.0,0.0,1.0,0.0,1.0,1.0,1.0,0.0,0.0,0.7814970631821389,1.0,0.0,0.0,1.0,0.0,0.0,1.0,0.0,0.0
3097-FQTVJ,0,0.35136996512244845,-1.4876969250676457,-0.649869330586661,1.0,0.0,1.0,0.0,1.0,0.0,0.0,1.0,1.0,0.0,0.0,0.0,0.0,1.0,0.0,1.0,0.0,0.0,1.0,0.0,0.0,1.0,0.0,0.0,1.0,0.0,0.0,1.0,0.0,0.0,1.0,0.0,0.0,0.0,1.0,1.0,0.0,0.0,0.0,0.0,1.0,1.0,0.0,1.0,0.0,0.0,1.0,-1.8495301109763007,0.0,0.0,1.0,0.0,0.0,1.0,0.0,0.0,1.0
5465-BUBFA,0,0.35136996512244845,-1.5109620830699715,-0.6665903355139626,1.0,0.0,0.0,1.0,0.0,1.0,0.0,1.0,1.0,0.0,0.0,0.0,0.0,1.0,0.0,1.0,0.0,0.0,1.0,0.0,0.0,1.0,0.0,0.0,1.0,0.0,0.0,1.0,0.0,0.0,1.0,0.0,0.0,0.0,1.0,1.0,0.0,1.0,0.0,0.0,0.0,1.0,0.0,1.0,0.0,0.0,1.0,-1.897118142359332,0.0,0.0,1.0,0.0,0.0,1.0,0.0,0.0,1.0
7299-GNVPL,0,-0.38159658183809786,0.6526976111463211,-0.1528495917779074,1.0,0.0,0.0,1.0,0.0,1.0,0.0,1.0,1.0,0.0,0.0,0.0,1.0,0.0,0.0,0.0,1.0,0.0,0.0,1.0,1.0,0.0,0.0,0.0,0.0,1.0,1.0,0.0,0.0,1.0,0.0,0.0,1.0,0.0,0.0,1.0,0.0,0.0,0.0,0.0,1.0,1.0,0.0,5.0,0.0,0.0,1.0,0.4005528326319175,0.0,0.0,1.0,0.0,0.0,1.0,0.0,0.0,1.0
9743-DQKQW,0,-1.1960038562387048,-1.3181936310507012,-0.9721567738424369,0.0,1.0,1.0,0.0,1.0,0.0,1.0,0.0,0.0,1.0,0.0,1.0,0.0,0.0,1.0,0.0,0.0,1.0,0.0,0.0,1.0,0.0,0.0,1.0,0.0,0.0,1.0,0.0,0.0,1.0,0.0,0.0,1.0,0.0,0.0,1.0,0.0,0.0,0.0,1.0,0.0,1.0,0.0,1.0,1.0,0.0,0.0,0.8128374910928454,1.0,0.0,0.0,1.0,0.0,0.0,1.0,0.0,0.0
1215-VFYVK,0,-1.1552834925186746,-0.5487816199737862,-0.9181333687409041,1.0,0.0,1.0,0.0,1.0,0.0,1.0,0.0,0.0,1.0,0.0,1.0,0.0,0.0,0.0,0.0,1.0,1.0,0.0,0.0,0.0,0.0,1.0,0.0,0.0,1.0,1.0,0.0,0.0,0.0,0.0,1.0,1.0,0.0,0.0,1.0,0.0,0.0,0.0,0.0,1.0,1.0,0.0,5.0,1.0,0.0,0.0,0.7947256017129172,1.0,0.0,0.0,1.0,0.0,0.0,1.0,0.0,0.0
9371-BITHB,0,0.7992939660427822,-1.4926823160681442,-0.5350723521675604,1.0,0.0,0.0,1.0,0.0,1.0,0.0,1.0,1.0,0.0,0.0,0.0,0.0,1.0,0.0,1.0,0.0,0.0,1.0,0.0,0.0,1.0,0.0,0.0,1.0,0.0,0.0,1.0,0.0,0.0,1.0,0.0,0.0,0.0,1.0,1.0,0.0,0.0,0.0,0.0,1.0,1.0,0.0,1.0,0.0,1.0,0.0,-0.6694312416952747,0.0,1.0,0.0,0.0,1.0,0.0,0.0,1.0,0.0
2265-CYWIV,1,-1.1552834925186746,1.157883899196822,-0.8539847113153191,1.0,0.0,0.0,1.0,1.0,0.0,0.0,1.0,0.0,0.0,1.0,0.0,1.0,0.0,0.0,0.0,1.0,1.0,0.0,0.0,1.0,0.0,0.0,1.0,0.0,0.0,0.0,0.0,1.0,0.0,0.0,1.0,1.0,0.0,0.0,0.0,1.0,0.0,0.0,1.0,0.0,0.0,1.0,6.0,1.0,0.0,0.0,0.7391992674053679,1.0,0.0,0.0,1.0,0.0,0.0,1.0,0.0,0.0
9093-FPDLG,0,-0.8702409464784621,0.9784098231788811,-0.5662201872036423,1.0,0.0,1.0,0.0,1.0,0.0,0.0,1.0,1.0,0.0,0.0,0.0,1.0,0.0,1.0,0.0,0.0,0.0,0.0,1.0,0.0,0.0,1.0,0.0,0.0,1.0,1.0,0.0,0.0,0.0,0.0,1.0,1.0,0.0,0.0,0.0,1.0,0.0,0.0,1.0,0.0,1.0,0.0,6.0,1.0,0.0,0.0,0.6506476045455256,1.0,0.0,0.0,1.0,0.0,0.0,1.0,0.0,0.0
0541-FITGH,0,-1.2367242199587352,-0.08680205392760396,-0.9574652312545967,1.0,0.0,0.0,1.0,1.0,0.0,0.0,1.0,1.0,0.0,0.0,1.0,0.0,0.0,0.0,0.0,1.0,1.0,0.0,0.0,1.0,0.0,0.0,1.0,0.0,0.0,1.0,0.0,0.0,0.0,0.0,1.0,1.0,0.0,0.0,0.0,1.0,0.0,0.0,0.0,1.0,1.0,0.0,4.0,1.0,0.0,0.0,0.7741946149373089,1.0,0.0,0.0,1.0,0.0,0.0,1.0,0.0,0.0
6985-HAYWX,0,-0.2594354906780068,0.4831943171293762,-0.11801784140823797,1.0,0.0,0.0,1.0,1.0,0.0,0.0,1.0,0.0,0.0,1.0,0.0,1.0,0.0,1.0,0.0,0.0,0.0,0.0,1.0,1.0,0.0,0.0,1.0,0.0,0.0,1.0,0.0,0.0,1.0,0.0,0.0,1.0,0.0,0.0,1.0,0.0,1.0,0.0,0.0,0.0,1.0,0.0,4.0,0.0,0.0,1.0,0.4549024541700559,0.0,0.0,1.0,0.0,0.0,1.0,0.0,0.0,1.0
7508-KBIMB,0,-0.3408762181180675,-0.28289409994720643,-0.3657666624353167,0.0,1.0,0.0,1.0,0.0,1.0,0.0,1.0,1.0,0.0,0.0,1.0,0.0,0.0,0.0,0.0,1.0,1.0,0.0,0.0,0.0,0.0,1.0,1.0,0.0,0.0,1.0,0.0,0.0,1.0,0.0,0.0,0.0,1.0,0.0,0.0,1.0,0.0,1.0,0.0,0.0,1.0,0.0,4.0,0.0,0.0,1.0,1.073019010990752,0.0,0.0,1.0,0.0,0.0,1.0,0.0,0.0,1.0
6838-HVLXG,0,-0.8295205827584317,-1.477726143066649,-0.8985225859171954,1.0,0.0,1.0,0.0,1.0,0.0,0.0,1.0,1.0,0.0,0.0,0.0,0.0,1.0,0.0,1.0,0.0,0.0,1.0,0.0,0.0,1.0,0.0,0.0,1.0,0.0,0.0,1.0,0.0,0.0,1.0,0.0,1.0,0.0,0.0,1.0,0.0,0.0,0.0,0.0,1.0,1.0,0.0,1.0,1.0,0.0,0.0,1.0831829909865638,1.0,0.0,0.0,1.0,0.0,0.0,1.0,0.0,0.0
2277-DJJDL,1,1.125056875803025,1.1379423351948288,1.6476585126697103,0.0,1.0,0.0,1.0,1.0,0.0,0.0,1.0,0.0,0.0,1.0,0.0,1.0,0.0,1.0,0.0,0.0,1.0,0.0,0.0,1.0,0.0,0.0,0.0,0.0,1.0,0.0,0.0,1.0,0.0,0.0,1.0,1.0,0.0,0.0,0.0,1.0,0.0,0.0,1.0,0.0,1.0,0.0,6.0,0.0,1.0,0.0,1.4645113043673201,0.0,1.0,0.0,0.0,1.0,0.0,0.0,1.0,0.0
1897-OKVMW,0,1.2879383306831464,0.85876043916692,1.5592224852903533,1.0,0.0,0.0,1.0,0.0,1.0,0.0,1.0,0.0,0.0,1.0,1.0,0.0,0.0,0.0,0.0,1.0,0.0,0.0,1.0,0.0,0.0,1.0,0.0,0.0,1.0,0.0,0.0,1.0,0.0,0.0,1.0,0.0,0.0,1.0,0.0,1.0,0.0,0.0,0.0,1.0,1.0,0.0,9.0,0.0,1.0,0.0,1.2106344287954476,0.0,1.0,0.0,0.0,1.0,0.0,0.0,1.0,0.0
5485-ITNPC,0,1.369379058123207,0.7025515211513048,1.4612126899183198,0.0,1.0,0.0,1.0,1.0,0.0,0.0,1.0,1.0,0.0,0.0,1.0,0.0,0.0,0.0,0.0,1.0,0.0,0.0,1.0,0.0,0.0,1.0,0.0,0.0,1.0,0.0,0.0,1.0,0.0,0.0,1.0,0.0,0.0,1.0,0.0,1.0,1.0,0.0,0.0,0.0,1.0,0.0,8.0,0.0,1.0,0.0,1.0670622434674697,0.0,1.0,0.0,0.0,1.0,0.0,0.0,1.0,0.0
0233-FTHAV,0,1.125056875803025,0.47987072312904416,1.0948947376455327,1.0,0.0,1.0,0.0,1.0,0.0,0.0,1.0,0.0,0.0,1.0,0.0,1.0,0.0,1.0,0.0,0.0,1.0,0.0,0.0,0.0,0.0,1.0,1.0,0.0,0.0,1.0,0.0,0.0,1.0,0.0,0.0,0.0,1.0,0.0,0.0,1.0,1.0,0.0,0.0,0.0,1.0,0.0,4.0,0.0,1.0,0.0,0.9731905659116445,0.0,1.0,0.0,0.0,1.0,0.0,0.0,1.0,0.0
4644-PIZRT,0,-0.62591876415828,0.1857326540996401,-0.4772106161196548,0.0,1.0,0.0,1.0,0.0,1.0,0.0,1.0,0.0,0.0,1.0,1.0,0.0,0.0,0.0,0.0,1.0,1.0,0.0,0.0,0.0,0.0,1.0,1.0,0.0,0.0,0.0,0.0,1.0,1.0,0.0,0.0,0.0,1.0,0.0,0.0,1.0,1.0,0.0,0.0,0.0,1.0,0.0,6.0,1.0,0.0,0.0,0.762416216681722,1.0,0.0,0.0,1.0,0.0,0.0,1.0,0.0,0.0
8922-NPKBJ,0,0.3920903288424788,-1.5093002860698053,-0.6247216450759433,0.0,1.0,0.0,1.0,0.0,1.0,0.0,1.0,1.0,0.0,0.0,0.0,0.0,1.0,0.0,1.0,0.0,0.0,1.0,0.0,0.0,1.0,0.0,0.0,1.0,0.0,0.0,1.0,0.0,0.0,1.0,0.0,0.0,0.0,1.0,1.0,0.0,0.0,0.0,0.0,1.0,1.0,0.0,1.0,0.0,0.0,1.0,-1.593310518319169,0.0,0.0,1.0,0.0,0.0,1.0,0.0,0.0,1.0
2740-TVLFN,0,-1.2774445836787656,-0.4856333339674735,-0.9852379821826611,0.0,1.0,1.0,0.0,1.0,0.0,0.0,1.0,0.0,0.0,1.0,1.0,0.0,0.0,1.0,0.0,0.0,1.0,0.0,0.0,1.0,0.0,0.0,1.0,0.0,0.0,1.0,0.0,0.0,1.0,0.0,0.0,1.0,0.0,0.0,0.0,1.0,0.0,0.0,1.0,0.0,1.0,0.0,3.0,1.0,0.0,0.0,0.7712569255610194,1.0,0.0,0.0,1.0,0.0,0.0,1.0,0.0,0.0
7771-CFQRQ,0,0.5956921474426305,-0.03196275292212194,0.31939747086546383,1.0,0.0,0.0,1.0,0.0,1.0,0.0,1.0,1.0,0.0,0.0,1.0,0.0,0.0,1.0,0.0,0.0,0.0,0.0,1.0,1.0,0.0,0.0,0.0,0.0,1.0,1.0,0.0,0.0,0.0,0.0,1.0,0.0,0.0,1.0,1.0,0.0,1.0,0.0,0.0,0.0,1.0,0.0,5.0,0.0,1.0,0.0,0.5361787497731353,0.0,1.0,0.0,0.0,1.0,0.0,0.0,1.0,0.0
9512-PHSMG,0,-0.9109613101984924,-1.4694171580658184,-0.8958534017533385,1.0,0.0,0.0,1.0,1.0,0.0,0.0,1.0,1.0,0.0,0.0,0.0,0.0,1.0,0.0,1.0,0.0,0.0,1.0,0.0,0.0,1.0,0.0,0.0,1.0,0.0,0.0,1.0,0.0,0.0,1.0,0.0,1.0,0.0,0.0,0.0,1.0,0.0,0.0,0.0,1.0,1.0,0.0,1.0,1.0,0.0,0.0,0.9834154225036605,1.0,0.0,0.0,1.0,0.0,0.0,1.0,0.0,0.0
6963-EZQEE,1,1.5322605130033284,0.7906267621601091,1.7749852150976597,0.0,1.0,0.0,1.0,1.0,0.0,0.0,1.0,0.0,0.0,1.0,1.0,0.0,0.0,0.0,0.0,1.0,0.0,0.0,1.0,0.0,0.0,1.0,0.0,0.0,1.0,0.0,0.0,1.0,0.0,0.0,1.0,0.0,0.0,1.0,0.0,1.0,0.0,1.0,0.0,0.0,1.0,0.0,9.0,0.0,1.0,0.0,1.158409552445214,0.0,1.0,0.0,0.0,1.0,0.0,0.0,1.0,0.0
2452-KDRRH,1,1.4100994218432374,1.217708591202803,2.01082197456703,0.0,1.0,1.0,0.0,1.0,0.0,0.0,1.0,0.0,0.0,1.0,0.0,1.0,0.0,1.0,0.0,0.0,1.0,0.0,0.0,0.0,0.0,1.0,1.0,0.0,0.0,0.0,0.0,1.0,0.0,0.0,1.0,1.0,0.0,0.0,0.0,1.0,0.0,1.0,0.0,0.0,1.0,0.0,6.0,0.0,1.0,0.0,1.4260143245350367,0.0,1.0,0.0,0.0,1.0,0.0,0.0,1.0,0.0
2004-OCQXK,0,-1.2774445836787656,0.5712695581381809,-0.9712082207924714,1.0,0.0,1.0,0.0,1.0,0.0,0.0,1.0,1.0,0.0,0.0,0.0,1.0,0.0,1.0,0.0,0.0,1.0,0.0,0.0,1.0,0.0,0.0,1.0,0.0,0.0,1.0,0.0,0.0,0.0,0.0,1.0,1.0,0.0,0.0,0.0,1.0,0.0,0.0,1.0,0.0,0.0,1.0,3.0,1.0,0.0,0.0,0.7602742484496671,1.0,0.0,0.0,1.0,0.0,0.0,1.0,0.0,0.0
5027-QPKTE,0,-1.0331224013585834,0.15249671409631763,-0.8083438680506921,0.0,1.0,0.0,1.0,1.0,0.0,0.0,1.0,1.0,0.0,0.0,0.0,1.0,0.0,1.0,0.0,0.0,1.0,0.0,0.0,1.0,0.0,0.0,1.0,0.0,0.0,1.0,0.0,0.0,1.0,0.0,0.0,1.0,0.0,0.0,0.0,1.0,0.0,0.0,1.0,0.0,0.0,1.0,2.0,1.0,0.0,0.0,0.7824279746404671,1.0,0.0,0.0,1.0,0.0,0.0,1.0,0.0,0.0
4146-SVFUD,0,-1.2774445836787656,-0.6700928009859131,-0.987686572613968,0.0,1.0,1.0,0.0,1.0,0.0,0.0,1.0,1.0,0.0,0.0,1.0,0.0,0.0,1.0,0.0,0.0,1.0,0.0,0.0,1.0,0.0,0.0,1.0,0.0,0.0,1.0,0.0,0.0,1.0,0.0,0.0,1.0,0.0,0.0,1.0,0.0,0.0,0.0,0.0,1.0,1.0,0.0,2.0,1.0,0.0,0.0,0.7731737135474348,1.0,0.0,0.0,1.0,0.0,0.0,1.0,0.0,0.0
1564-HJUVY,0,-1.1552834925186746,-0.033624549922287965,-0.9075669289517518,0.0,1.0,1.0,0.0,1.0,0.0,0.0,1.0,1.0,0.0,0.0,1.0,0.0,0.0,1.0,0.0,0.0,0.0,0.0,1.0,1.0,0.0,0.0,0.0,0.0,1.0,0.0,0.0,1.0,1.0,0.0,0.0,1.0,0.0,0.0,0.0,1.0,1.0,0.0,0.0,0.0,1.0,0.0,5.0,1.0,0.0,0.0,0.7855794139091635,1.0,0.0,0.0,1.0,0.0,0.0,1.0,0.0,0.0
3617-XLSGQ,0,1.369379058123207,1.478610720228884,2.1173466880154996,1.0,0.0,0.0,1.0,0.0,1.0,0.0,1.0,0.0,0.0,1.0,0.0,1.0,0.0,0.0,0.0,1.0,0.0,0.0,1.0,0.0,0.0,1.0,1.0,0.0,0.0,0.0,0.0,1.0,0.0,0.0,1.0,0.0,0.0,1.0,1.0,0.0,1.0,0.0,0.0,0.0,1.0,0.0,8.0,0.0,1.0,0.0,1.5462093387914186,0.0,1.0,0.0,0.0,1.0,0.0,0.0,1.0,0.0
7517-LDMPS,0,-0.8295205827584317,0.6593447991469852,-0.558521465937642,1.0,0.0,1.0,0.0,1.0,0.0,0.0,1.0,1.0,0.0,0.0,0.0,1.0,0.0,1.0,0.0,0.0,0.0,0.0,1.0,1.0,0.0,0.0,1.0,0.0,0.0,1.0,0.0,0.0,0.0,0.0,1.0,1.0,0.0,0.0,0.0,1.0,0.0,0.0,1.0,0.0,1.0,0.0,4.0,1.0,0.0,0.0,0.6733063380782819,1.0,0.0,0.0,1.0,0.0,0.0,1.0,0.0,0.0
7244-KXYZN,0,-0.3408762181180675,-1.4727407520661506,-0.7747033238367935,1.0,0.0,1.0,0.0,1.0,0.0,0.0,1.0,1.0,0.0,0.0,0.0,0.0,1.0,0.0,1.0,0.0,0.0,1.0,0.0,0.0,1.0,0.0,0.0,1.0,0.0,0.0,1.0,0.0,0.0,1.0,0.0,0.0,1.0,0.0,1.0,0.0,0.0,1.0,0.0,0.0,1.0,0.0,1.0,0.0,0.0,1.0,2.272682230851504,0.0,0.0,1.0,0.0,0.0,1.0,0.0,0.0,1.0
5226-NOZFC,0,-0.2594354906780068,0.6975661301508063,-0.06035463971962751,0.0,1.0,1.0,0.0,1.0,0.0,0.0,1.0,1.0,0.0,0.0,0.0,1.0,0.0,1.0,0.0,0.0,0.0,0.0,1.0,1.0,0.0,0.0,1.0,0.0,0.0,0.0,0.0,1.0,1.0,0.0,0.0,1.0,0.0,0.0,0.0,1.0,0.0,0.0,1.0,0.0,1.0,0.0,4.0,0.0,0.0,1.0,0.23263833164035166,0.0,0.0,1.0,0.0,0.0,1.0,0.0,0.0,1.0
2672-HUYVI,0,-1.0738427650786138,0.8753784091685812,-0.8064908806972708,1.0,0.0,1.0,0.0,1.0,0.0,0.0,1.0,1.0,0.0,0.0,0.0,1.0,0.0,1.0,0.0,0.0,1.0,0.0,0.0,1.0,0.0,0.0,1.0,0.0,0.0,0.0,0.0,1.0,0.0,0.0,1.0,1.0,0.0,0.0,0.0,1.0,0.0,0.0,1.0,0.0,0.0,1.0,4.0,1.0,0.0,0.0,0.7510325598163613,1.0,0.0,0.0,1.0,0.0,0.0,1.0,0.0,0.0
1400-WIVLL,0,1.002895784642934,1.435403998224565,1.6264594549716407,0.0,1.0,0.0,1.0,1.0,0.0,0.0,1.0,0.0,0.0,1.0,0.0,1.0,0.0,1.0,0.0,0.0,1.0,0.0,0.0,0.0,0.0,1.0,0.0,0.0,1.0,0.0,0.0,1.0,0.0,0.0,1.0,0.0,0.0,1.0,1.0,0.0,0.0,0.0,1.0,0.0,1.0,0.0,7.0,0.0,1.0,0.0,1.6217631780661208,0.0,1.0,0.0,0.0,1.0,0.0,0.0,1.0,0.0
7508-MYBOG,0,-0.748079855318371,0.7091987091519689,-0.4622543610527544,0.0,1.0,0.0,1.0,1.0,0.0,0.0,1.0,0.0,0.0,1.0,0.0,1.0,0.0,1.0,0.0,0.0,1.0,0.0,0.0,1.0,0.0,0.0,1.0,0.0,0.0,0.0,0.0,1.0,1.0,0.0,0.0,1.0,0.0,0.0,0.0,1.0,0.0,0.0,1.0,0.0,0.0,1.0,4.0,1.0,0.0,0.0,0.6179211454050266,1.0,0.0,0.0,1.0,0.0,0.0,1.0,0.0,0.0
8148-NLEGT,0,0.3920903288424788,-1.3896509020578445,-0.5598891470794528,1.0,0.0,0.0,1.0,0.0,1.0,0.0,1.0,0.0,0.0,1.0,0.0,0.0,1.0,0.0,1.0,0.0,0.0,1.0,0.0,0.0,1.0,0.0,0.0,1.0,0.0,0.0,1.0,0.0,0.0,1.0,0.0,0.0,0.0,1.0,1.0,0.0,0.0,0.0,1.0,0.0,1.0,0.0,2.0,0.0,0.0,1.0,-1.4279595947503891,0.0,0.0,1.0,0.0,0.0,1.0,0.0,0.0,1.0
0148-DCDOS,0,-0.30015585439803716,0.9950277931805424,0.034765377755999166,0.0,1.0,1.0,0.0,1.0,0.0,0.0,1.0,0.0,0.0,1.0,0.0,1.0,0.0,1.0,0.0,0.0,1.0,0.0,0.0,1.0,0.0,0.0,1.0,0.0,0.0,0.0,0.0,1.0,0.0,0.0,1.0,1.0,0.0,0.0,0.0,1.0,1.0,0.0,0.0,0.0,0.0,1.0,5.0,0.0,0.0,1.0,-0.11582442003578829,0.0,0.0,1.0,0.0,0.0,1.0,0.0,0.0,1.0
8347-GDTMP,0,1.2879383306831464,-1.505976692069473,-0.4666221169572474,1.0,0.0,0.0,1.0,1.0,0.0,0.0,1.0,1.0,0.0,0.0,0.0,0.0,1.0,0.0,1.0,0.0,0.0,1.0,0.0,0.0,1.0,0.0,0.0,1.0,0.0,0.0,1.0,0.0,0.0,1.0,0.0,0.0,0.0,1.0,1.0,0.0,0.0,1.0,0.0,0.0,1.0,0.0,1.0,0.0,1.0,0.0,-0.36230159926193234,0.0,1.0,0.0,0.0,1.0,0.0,0.0,1.0,0.0
9992-RRAMN,0,-0.4223169455581282,0.6759627691486464,-0.1807105801989919,0.0,1.0,0.0,1.0,1.0,0.0,0.0,1.0,0.0,0.0,1.0,0.0,1.0,0.0,1.0,0.0,0.0,1.0,0.0,0.0,1.0,0.0,0.0,1.0,0.0,0.0,1.0,0.0,0.0,0.0,0.0,1.0,1.0,0.0,0.0,0.0,1.0,0.0,0.0,1.0,0.0,0.0,1.0,4.0,0.0,0.0,1.0,0.42790274484526614,0.0,0.0,1.0,0.0,0.0,1.0,0.0,0.0,1.0
6746-WAUWT,0,-0.5444780367182193,-1.4976677070686424,-0.8368445782961721,0.0,1.0,1.0,0.0,1.0,0.0,0.0,1.0,1.0,0.0,0.0,0.0,0.0,1.0,0.0,1.0,0.0,0.0,1.0,0.0,0.0,1.0,0.0,0.0,1.0,0.0,0.0,1.0,0.0,0.0,1.0,0.0,0.0,1.0,0.0,0.0,1.0,0.0,1.0,0.0,0.0,1.0,0.0,1.0,1.0,0.0,0.0,1.5369666393527268,1.0,0.0,0.0,1.0,0.0,0.0,1.0,0.0,0.0
0310-MVLET,0,1.1657772395230555,1.1429277261953275,1.6441951910686732,1.0,0.0,0.0,1.0,0.0,1.0,0.0,1.0,0.0,0.0,1.0,0.0,1.0,0.0,1.0,0.0,0.0,0.0,0.0,1.0,1.0,0.0,0.0,1.0,0.0,0.0,0.0,0.0,1.0,0.0,0.0,1.0,1.0,0.0,0.0,0.0,1.0,0.0,0.0,1.0,0.0,0.0,1.0,6.0,0.0,1.0,0.0,1.4103853938179036,0.0,1.0,0.0,0.0,1.0,0.0,0.0,1.0,0.0
0428-IKYCP,0,-0.4223169455581282,0.7391110551549593,-0.190879951269554,0.0,1.0,0.0,1.0,1.0,0.0,0.0,1.0,1.0,0.0,0.0,0.0,1.0,0.0,1.0,0.0,0.0,1.0,0.0,0.0,0.0,0.0,1.0,1.0,0.0,0.0,0.0,0.0,1.0,1.0,0.0,0.0,1.0,0.0,0.0,0.0,1.0,1.0,0.0,0.0,0.0,1.0,0.0,4.0,0.0,0.0,1.0,0.4519826951705424,0.0,0.0,1.0,0.0,0.0,1.0,0.0,0.0,1.0
4550-VBOFE,1,1.5322605130033284,1.2692242982079527,2.1257292498524056,0.0,1.0,0.0,1.0,1.0,0.0,0.0,1.0,0.0,0.0,1.0,0.0,1.0,0.0,1.0,0.0,0.0,0.0,0.0,1.0,0.0,0.0,1.0,1.0,0.0,0.0,0.0,0.0,1.0,0.0,0.0,1.0,1.0,0.0,0.0,0.0,1.0,0.0,0.0,1.0,0.0,0.0,1.0,7.0,0.0,1.0,0.0,1.3873158198705,0.0,1.0,0.0,0.0,1.0,0.0,0.0,1.0,0.0
2187-PKZAY,0,-0.8295205827584317,0.5047976781315361,-0.5470285324717788,0.0,1.0,1.0,0.0,1.0,0.0,0.0,1.0,1.0,0.0,0.0,0.0,1.0,0.0,1.0,0.0,0.0,1.0,0.0,0.0,1.0,0.0,0.0,1.0,0.0,0.0,1.0,0.0,0.0,0.0,0.0,1.0,1.0,0.0,0.0,0.0,1.0,1.0,0.0,0.0,0.0,1.0,0.0,3.0,1.0,0.0,0.0,0.6594514275374905,1.0,0.0,0.0,1.0,0.0,0.0,1.0,0.0,0.0
4003-OCTMP,0,-0.055833672077855064,-0.025315564921457354,-0.16436458461702547,1.0,0.0,0.0,1.0,1.0,0.0,0.0,1.0,1.0,0.0,0.0,1.0,0.0,0.0,0.0,0.0,1.0,1.0,0.0,0.0,1.0,0.0,0.0,0.0,0.0,1.0,1.0,0.0,0.0,0.0,0.0,1.0,0.0,1.0,0.0,0.0,1.0,0.0,0.0,1.0,0.0,1.0,0.0,5.0,0.0,0.0,1.0,2.9438254461901368,0.0,0.0,1.0,0.0,0.0,1.0,0.0,0.0,1.0
6652-YFFJO,0,-0.8702409464784621,0.004596781081533054,-0.6914291897991102,1.0,0.0,1.0,0.0,1.0,0.0,0.0,1.0,1.0,0.0,0.0,1.0,0.0,0.0,1.0,0.0,0.0,1.0,0.0,0.0,1.0,0.0,0.0,1.0,0.0,0.0,0.0,0.0,1.0,0.0,0.0,1.0,1.0,0.0,0.0,0.0,1.0,0.0,0.0,1.0,0.0,1.0,0.0,4.0,1.0,0.0,0.0,0.794526151173493,1.0,0.0,0.0,1.0,0.0,0.0,1.0,0.0,0.0
7225-IILWY,0,1.4508197855632678,-1.2965902700485417,-0.26345528927855494,0.0,1.0,0.0,1.0,0.0,1.0,0.0,1.0,0.0,0.0,1.0,0.0,0.0,1.0,0.0,1.0,0.0,0.0,1.0,0.0,0.0,1.0,0.0,0.0,1.0,0.0,0.0,1.0,0.0,0.0,1.0,0.0,0.0,0.0,1.0,1.0,0.0,0.0,0.0,0.0,1.0,1.0,0.0,2.0,0.0,1.0,0.0,-0.1815906371695026,0.0,1.0,0.0,0.0,1.0,0.0,0.0,1.0,0.0
5248-RPYWW,1,1.6137012404433893,0.8438042661654253,1.9558500164155315,1.0,0.0,0.0,1.0,0.0,1.0,0.0,1.0,0.0,0.0,1.0,1.0,0.0,0.0,0.0,0.0,1.0,0.0,0.0,1.0,0.0,0.0,1.0,0.0,0.0,1.0,0.0,0.0,1.0,0.0,0.0,1.0,0.0,0.0,1.0,0.0,1.0,1.0,0.0,0.0,0.0,1.0,0.0,9.0,0.0,1.0,0.0,1.2120273365335776,0.0,1.0,0.0,0.0,1.0,0.0,0.0,1.0,0.0
7923-IYJWY,1,1.4100994218432374,1.7062769092516428,2.4514800147092193,0.0,1.0,1.0,0.0,1.0,0.0,0.0,1.0,0.0,0.0,1.0,0.0,1.0,0.0,0.0,0.0,1.0,0.0,0.0,1.0,0.0,0.0,1.0,0.0,0.0,1.0,0.0,0.0,1.0,0.0,0.0,1.0,0.0,0.0,1.0,0.0,1.0,0.0,1.0,0.0,0.0,1.0,0.0,9.0,0.0,1.0,0.0,1.738515722178456,0.0,1.0,0.0,0.0,1.0,0.0,0.0,1.0,0.0
3170-GWYKC,0,1.125056875803025,1.3356961782145975,1.744212389406913,1.0,0.0,1.0,0.0,1.0,0.0,0.0,1.0,1.0,0.0,0.0,0.0,1.0,0.0,0.0,0.0,1.0,1.0,0.0,0.0,0.0,0.0,1.0,0.0,0.0,1.0,0.0,0.0,1.0,0.0,0.0,1.0,1.0,0.0,0.0,0.0,1.0,1.0,0.0,0.0,0.0,1.0,0.0,7.0,0.0,1.0,0.0,1.5503326337719212,0.0,1.0,0.0,0.0,1.0,0.0,0.0,1.0,0.0
5696-QURRL,0,-1.2774445836787656,-0.6551366279844181,-0.9874880382546727,0.0,1.0,1.0,0.0,1.0,0.0,0.0,1.0,1.0,0.0,0.0,1.0,0.0,0.0,1.0,0.0,0.0,1.0,0.0,0.0,1.0,0.0,0.0,1.0,0.0,0.0,1.0,0.0,0.0,1.0,0.0,0.0,1.0,0.0,0.0,0.0,1.0,0.0,0.0,0.0,1.0,0.0,1.0,2.0,1.0,0.0,0.0,0.7730182983052929,1.0,0.0,0.0,1.0,0.0,0.0,1.0,0.0,0.0
7409-KIUTL,1,-1.2774445836787656,0.2073360151017999,-0.9760392235353197,1.0,0.0,1.0,0.0,0.0,1.0,0.0,1.0,1.0,0.0,0.0,0.0,1.0,0.0,1.0,0.0,0.0,1.0,0.0,0.0,1.0,0.0,0.0,1.0,0.0,0.0,1.0,0.0,0.0,1.0,0.0,0.0,1.0,0.0,0.0,0.0,1.0,0.0,0.0,1.0,0.0,0.0,1.0,2.0,1.0,0.0,0.0,0.7640560193417837,1.0,0.0,0.0,1.0,0.0,0.0,1.0,0.0,0.0
9830-ECLEN,0,1.0436161483629645,-0.4906187249679718,0.28083768641569673,0.0,1.0,0.0,1.0,0.0,1.0,1.0,0.0,0.0,1.0,0.0,1.0,0.0,0.0,0.0,0.0,1.0,0.0,0.0,1.0,0.0,0.0,1.0,1.0,0.0,0.0,0.0,0.0,1.0,1.0,0.0,0.0,0.0,1.0,0.0,1.0,0.0,0.0,0.0,0.0,1.0,1.0,0.0,5.0,0.0,1.0,0.0,0.2691005566138699,0.0,1.0,0.0,0.0,1.0,0.0,0.0,1.0,0.0
1732-VHUBQ,1,0.5956921474426305,0.19237984210030468,0.4526360853257573,1.0,0.0,0.0,1.0,0.0,1.0,0.0,1.0,1.0,0.0,0.0,0.0,1.0,0.0,1.0,0.0,0.0,1.0,0.0,0.0,1.0,0.0,0.0,1.0,0.0,0.0,1.0,0.0,0.0,1.0,0.0,0.0,1.0,0.0,0.0,1.0,0.0,1.0,0.0,0.0,0.0,0.0,1.0,2.0,0.0,1.0,0.0,0.7598490046729203,0.0,1.0,0.0,0.0,1.0,0.0,0.0,1.0,0.0
0495-RVCBF,0,-1.2774445836787656,0.4964886931307054,-0.9722008925889472,1.0,0.0,1.0,0.0,1.0,0.0,0.0,1.0,1.0,0.0,0.0,0.0,1.0,0.0,1.0,0.0,0.0,1.0,0.0,0.0,1.0,0.0,0.0,1.0,0.0,0.0,1.0,0.0,0.0,0.0,0.0,1.0,1.0,0.0,0.0,0.0,1.0,0.0,0.0,1.0,0.0,0.0,1.0,3.0,1.0,0.0,0.0,0.7610513246603761,1.0,0.0,0.0,1.0,0.0,0.0,1.0,0.0,0.0
2668-TZSPS,0,-1.2774445836787656,-1.4727407520661506,-0.9983412498961405,0.0,1.0,1.0,0.0,1.0,0.0,0.0,1.0,1.0,0.0,0.0,0.0,0.0,1.0,0.0,1.0,0.0,0.0,1.0,0.0,0.0,1.0,0.0,0.0,1.0,0.0,0.0,1.0,0.0,0.0,1.0,0.0,1.0,0.0,0.0,1.0,0.0,0.0,0.0,0.0,1.0,1.0,0.0,1.0,1.0,0.0,0.0,0.7815143315423769,1.0,0.0,0.0,1.0,0.0,0.0,1.0,0.0,0.0
7854-EDSSA,0,-0.4223169455581282,-0.19149526493806968,-0.4538056210960834,0.0,1.0,1.0,0.0,1.0,0.0,0.0,1.0,0.0,0.0,1.0,1.0,0.0,0.0,0.0,0.0,1.0,0.0,0.0,1.0,1.0,0.0,0.0,1.0,0.0,0.0,1.0,0.0,0.0,1.0,0.0,0.0,1.0,0.0,0.0,1.0,0.0,0.0,0.0,1.0,0.0,0.0,1.0,5.0,0.0,0.0,1.0,1.074561714534898,0.0,0.0,1.0,0.0,0.0,1.0,0.0,0.0,1.0
8869-TORSS,0,0.6364125111626608,-0.1466267459335843,0.27049184035909457,1.0,0.0,1.0,0.0,1.0,0.0,0.0,1.0,1.0,0.0,0.0,1.0,0.0,0.0,0.0,0.0,1.0,1.0,0.0,0.0,0.0,0.0,1.0,0.0,0.0,1.0,1.0,0.0,0.0,1.0,0.0,0.0,0.0,1.0,0.0,0.0,1.0,0.0,1.0,0.0,0.0,0.0,1.0,5.0,0.0,1.0,0.0,0.42502596290090766,0.0,1.0,0.0,0.0,1.0,0.0,0.0,1.0,0.0
7446-SFAOA,0,0.18848851024232702,-1.4926823160681442,-0.6908115273479697,1.0,0.0,0.0,1.0,1.0,0.0,0.0,1.0,1.0,0.0,0.0,0.0,0.0,1.0,0.0,1.0,0.0,0.0,1.0,0.0,0.0,1.0,0.0,0.0,1.0,0.0,0.0,1.0,0.0,0.0,1.0,0.0,0.0,1.0,0.0,0.0,1.0,1.0,0.0,0.0,0.0,1.0,0.0,1.0,0.0,0.0,1.0,-3.665006033841743,0.0,0.0,1.0,0.0,0.0,1.0,0.0,0.0,1.0
9522-ZSINC,0,-0.7888002190384014,-1.4893587220678117,-0.8953901549149832,0.0,1.0,1.0,0.0,1.0,0.0,0.0,1.0,1.0,0.0,0.0,0.0,0.0,1.0,0.0,1.0,0.0,0.0,1.0,0.0,0.0,1.0,0.0,0.0,1.0,0.0,0.0,1.0,0.0,0.0,1.0,0.0,0.0,1.0,0.0,0.0,1.0,0.0,0.0,1.0,0.0,1.0,0.0,1.0,1.0,0.0,0.0,1.1351291915290311,1.0,0.0,0.0,1.0,0.0,0.0,1.0,0.0,0.0
8234-GSZYK,0,0.43281069256250915,-1.2733251120462157,-0.5176233879228432,0.0,1.0,1.0,0.0,1.0,0.0,0.0,1.0,0.0,0.0,1.0,0.0,0.0,1.0,0.0,1.0,0.0,0.0,1.0,0.0,0.0,1.0,0.0,0.0,1.0,0.0,0.0,1.0,0.0,0.0,1.0,0.0,0.0,0.0,1.0,1.0,0.0,1.0,0.0,0.0,0.0,1.0,0.0,2.0,0.0,0.0,1.0,-1.1959579484004659,0.0,0.0,1.0,0.0,0.0,1.0,0.0,0.0,1.0
6505-OZNPG,0,-1.0738427650786138,-0.04525712892345088,-0.8534773457304538,1.0,0.0,1.0,0.0,1.0,0.0,1.0,0.0,0.0,1.0,0.0,1.0,0.0,0.0,0.0,0.0,1.0,0.0,0.0,1.0,0.0,0.0,1.0,0.0,0.0,1.0,0.0,0.0,1.0,0.0,0.0,1.0,0.0,0.0,1.0,0.0,1.0,0.0,0.0,0.0,1.0,1.0,0.0,7.0,1.0,0.0,0.0,0.7947880020106785,1.0,0.0,0.0,1.0,0.0,0.0,1.0,0.0,0.0
6164-HAQTX,0,1.5729808767233588,-0.35933676195484804,0.7082601026048766,0.0,1.0,1.0,0.0,1.0,0.0,1.0,0.0,0.0,1.0,0.0,1.0,0.0,0.0,0.0,0.0,1.0,0.0,0.0,1.0,0.0,0.0,1.0,0.0,0.0,1.0,0.0,0.0,1.0,1.0,0.0,0.0,0.0,0.0,1.0,1.0,0.0,1.0,0.0,0.0,0.0,1.0,0.0,6.0,0.0,1.0,0.0,0.4502661876476447,0.0,1.0,0.0,0.0,1.0,0.0,0.0,1.0,0.0
0679-IDSTG,1,-1.2774445836787656,0.14917312009598557,-0.9768113015992452,1.0,0.0,0.0,1.0,0.0,1.0,0.0,1.0,1.0,0.0,0.0,0.0,1.0,0.0,1.0,0.0,0.0,1.0,0.0,0.0,1.0,0.0,0.0,1.0,0.0,0.0,1.0,0.0,0.0,1.0,0.0,0.0,1.0,0.0,0.0,0.0,1.0,0.0,0.0,1.0,0.0,0.0,1.0,2.0,1.0,0.0,0.0,0.7646604119501128,1.0,0.0,0.0,1.0,0.0,0.0,1.0,0.0,0.0
7765-LWVVH,0,1.6137012404433893,1.0083221691818711,2.0117484682437405,1.0,0.0,0.0,1.0,0.0,1.0,0.0,1.0,0.0,0.0,1.0,0.0,1.0,0.0,0.0,0.0,1.0,0.0,0.0,1.0,1.0,0.0,0.0,1.0,0.0,0.0,0.0,0.0,1.0,1.0,0.0,0.0,0.0,0.0,1.0,0.0,1.0,0.0,0.0,1.0,0.0,1.0,0.0,6.0,0.0,1.0,0.0,1.246667237915106,0.0,1.0,0.0,0.0,1.0,0.0,0.0,1.0,0.0
1658-TJVOA,1,-1.0738427650786138,0.31036742911209936,-0.8084321055437121,1.0,0.0,1.0,0.0,1.0,0.0,0.0,1.0,1.0,0.0,0.0,0.0,1.0,0.0,0.0,0.0,1.0,1.0,0.0,0.0,1.0,0.0,0.0,1.0,0.0,0.0,1.0,0.0,0.0,1.0,0.0,0.0,1.0,0.0,0.0,0.0,1.0,0.0,0.0,1.0,0.0,1.0,0.0,3.0,1.0,0.0,0.0,0.7528402963952814,1.0,0.0,0.0,1.0,0.0,0.0,1.0,0.0,0.0
0953-LGOVU,0,-0.8295205827584317,-0.9725398550161476,-0.816660251767833,0.0,1.0,0.0,1.0,0.0,1.0,1.0,0.0,0.0,1.0,0.0,1.0,0.0,0.0,1.0,0.0,0.0,0.0,0.0,1.0,1.0,0.0,0.0,0.0,0.0,1.0,1.0,0.0,0.0,1.0,0.0,0.0,1.0,0.0,0.0,1.0,0.0,0.0,0.0,0.0,1.0,1.0,0.0,3.0,1.0,0.0,0.0,0.9844966704167438,1.0,0.0,0.0,1.0,0.0,0.0,1.0,0.0,0.0
2115-BFTIW,0,-0.30015585439803716,0.20567421810163386,-0.22763086711240987,0.0,1.0,1.0,0.0,1.0,0.0,0.0,1.0,1.0,0.0,0.0,0.0,1.0,0.0,1.0,0.0,0.0,1.0,0.0,0.0,1.0,0.0,0.0,1.0,0.0,0.0,1.0,0.0,0.0,1.0,0.0,0.0,1.0,0.0,0.0,1.0,0.0,0.0,0.0,0.0,1.0,0.0,1.0,2.0,0.0,0.0,1.0,0.7583755698149676,0.0,0.0,1.0,0.0,0.0,1.0,0.0,0.0,1.0
4692-NNQRU,0,-0.46303730927815856,0.47987072312904416,-0.2386164349934075,1.0,0.0,0.0,1.0,1.0,0.0,0.0,1.0,1.0,0.0,0.0,0.0,1.0,0.0,1.0,0.0,0.0,1.0,0.0,0.0,0.0,0.0,1.0,0.0,0.0,1.0,1.0,0.0,0.0,1.0,0.0,0.0,0.0,1.0,0.0,1.0,0.0,0.0,0.0,1.0,0.0,1.0,0.0,4.0,0.0,0.0,1.0,0.5153287439523894,0.0,0.0,1.0,0.0,0.0,1.0,0.0,0.0,1.0
7742-MYPGI,0,-1.0738427650786138,-0.5305018529719588,-0.8761764408098647,1.0,0.0,0.0,1.0,0.0,1.0,0.0,1.0,1.0,0.0,0.0,1.0,0.0,0.0,1.0,0.0,0.0,1.0,0.0,0.0,1.0,0.0,0.0,0.0,0.0,1.0,1.0,0.0,0.0,1.0,0.0,0.0,1.0,0.0,0.0,0.0,1.0,0.0,0.0,0.0,1.0,1.0,0.0,3.0,1.0,0.0,0.0,0.8159261945073697,1.0,0.0,0.0,1.0,0.0,0.0,1.0,0.0,0.0
0611-DFXKO,0,-0.5037576729981889,0.8055829351616043,-0.20420381271558338,0.0,1.0,0.0,1.0,1.0,0.0,0.0,1.0,1.0,0.0,0.0,0.0,1.0,0.0,1.0,0.0,0.0,1.0,0.0,0.0,1.0,0.0,0.0,1.0,0.0,0.0,0.0,0.0,1.0,0.0,0.0,1.0,1.0,0.0,0.0,0.0,1.0,0.0,0.0,0.0,1.0,0.0,1.0,4.0,1.0,0.0,0.0,0.4053611957912898,1.0,0.0,0.0,1.0,0.0,0.0,1.0,0.0,0.0
7780-OTDSO,0,-0.5851984004382496,1.1512367111961581,-0.23839584126085736,0.0,1.0,0.0,1.0,1.0,0.0,0.0,1.0,0.0,0.0,1.0,0.0,1.0,0.0,0.0,0.0,1.0,1.0,0.0,0.0,1.0,0.0,0.0,1.0,0.0,0.0,0.0,0.0,1.0,0.0,0.0,1.0,1.0,0.0,0.0,0.0,1.0,0.0,0.0,1.0,0.0,0.0,1.0,6.0,1.0,0.0,0.0,0.40737609857156987,1.0,0.0,0.0,1.0,0.0,0.0,1.0,0.0,0.0
9619-GSATL,0,0.43281069256250915,-0.3094828519498643,0.07100892801398963,1.0,0.0,1.0,0.0,1.0,0.0,0.0,1.0,1.0,0.0,0.0,1.0,0.0,0.0,1.0,0.0,0.0,0.0,0.0,1.0,1.0,0.0,0.0,0.0,0.0,1.0,1.0,0.0,0.0,1.0,0.0,0.0,0.0,1.0,0.0,1.0,0.0,0.0,0.0,1.0,0.0,1.0,0.0,4.0,0.0,0.0,1.0,0.16406463434064555,0.0,0.0,1.0,0.0,0.0,1.0,0.0,0.0,1.0
5622-UEJFI,0,0.10704778280226633,-1.3082228490497045,-0.5883236792051678,1.0,0.0,0.0,1.0,0.0,1.0,0.0,1.0,0.0,0.0,1.0,0.0,0.0,1.0,0.0,1.0,0.0,0.0,1.0,0.0,0.0,1.0,0.0,0.0,1.0,0.0,0.0,1.0,0.0,0.0,1.0,0.0,0.0,0.0,1.0,0.0,1.0,0.0,1.0,0.0,0.0,1.0,0.0,2.0,0.0,0.0,1.0,-5.495897848644767,0.0,0.0,1.0,0.0,0.0,1.0,0.0,0.0,1.0
9747-DDZOS,0,-1.2774445836787656,0.29042586511010604,-0.974936254872569,1.0,0.0,1.0,0.0,1.0,0.0,0.0,1.0,1.0,0.0,0.0,0.0,1.0,0.0,1.0,0.0,0.0,1.0,0.0,0.0,0.0,0.0,1.0,1.0,0.0,0.0,1.0,0.0,0.0,1.0,0.0,0.0,1.0,0.0,0.0,1.0,0.0,1.0,0.0,0.0,0.0,0.0,1.0,3.0,1.0,0.0,0.0,0.763192601329885,1.0,0.0,0.0,1.0,0.0,0.0,1.0,0.0,0.0
0674-DGMAQ,1,-0.015113308357824713,0.9551446651765553,0.30331618776255764,0.0,1.0,0.0,1.0,1.0,0.0,0.0,1.0,0.0,0.0,1.0,0.0,1.0,0.0,1.0,0.0,0.0,0.0,0.0,1.0,0.0,0.0,1.0,1.0,0.0,0.0,1.0,0.0,0.0,0.0,0.0,1.0,1.0,0.0,0.0,0.0,1.0,0.0,0.0,1.0,0.0,1.0,0.0,6.0,0.0,0.0,1.0,-20.069476555443913,0.0,0.0,1.0,0.0,0.0,1.0,0.0,0.0,1.0
6203-HBZPA,0,0.7992939660427822,-0.028639158921789646,0.46397460317883515,0.0,1.0,1.0,0.0,1.0,0.0,1.0,0.0,0.0,1.0,0.0,1.0,0.0,0.0,0.0,0.0,1.0,0.0,0.0,1.0,0.0,0.0,1.0,0.0,0.0,1.0,0.0,0.0,1.0,0.0,0.0,1.0,0.0,0.0,1.0,1.0,0.0,0.0,1.0,0.0,0.0,1.0,0.0,7.0,0.0,1.0,0.0,0.580480552700683,0.0,1.0,0.0,0.0,1.0,0.0,0.0,1.0,0.0
0484-FFVBJ,0,-0.015113308357824713,0.0029349840813665527,-0.12015760061397443,0.0,1.0,1.0,0.0,1.0,0.0,0.0,1.0,1.0,0.0,0.0,1.0,0.0,0.0,1.0,0.0,0.0,1.0,0.0,0.0,1.0,0.0,0.0,1.0,0.0,0.0,0.0,0.0,1.0,0.0,0.0,1.0,0.0,1.0,0.0,0.0,1.0,1.0,0.0,0.0,0.0,1.0,0.0,4.0,0.0,0.0,1.0,7.950449879609876,0.0,0.0,1.0,0.0,0.0,1.0,0.0,0.0,1.0
0301-FIDRB,0,1.6137012404433893,-0.03196275292212194,1.0592909092119378,1.0,0.0,0.0,1.0,0.0,1.0,1.0,0.0,0.0,1.0,0.0,1.0,0.0,0.0,0.0,0.0,1.0,0.0,0.0,1.0,0.0,0.0,1.0,0.0,0.0,1.0,0.0,0.0,1.0,0.0,0.0,1.0,0.0,0.0,1.0,0.0,1.0,1.0,0.0,0.0,0.0,1.0,0.0,7.0,0.0,1.0,0.0,0.6564355796869075,0.0,1.0,0.0,0.0,1.0,0.0,0.0,1.0,0.0
4139-JPIAM,0,0.758573602322752,-0.6750781919864114,-0.04489101906786158,0.0,1.0,1.0,0.0,1.0,0.0,1.0,0.0,0.0,1.0,0.0,1.0,0.0,0.0,0.0,0.0,1.0,1.0,0.0,0.0,1.0,0.0,0.0,0.0,0.0,1.0,1.0,0.0,0.0,0.0,0.0,1.0,1.0,0.0,0.0,0.0,1.0,0.0,1.0,0.0,0.0,1.0,0.0,4.0,0.0,1.0,0.0,-0.05917819830588002,0.0,1.0,0.0,0.0,1.0,0.0,0.0,1.0,0.0
2181-TIDSV,0,1.4508197855632678,-1.4893587220678117,-0.43238596966546344,0.0,1.0,0.0,1.0,0.0,1.0,0.0,1.0,1.0,0.0,0.0,0.0,0.0,1.0,0.0,1.0,0.0,0.0,1.0,0.0,0.0,1.0,0.0,0.0,1.0,0.0,0.0,1.0,0.0,0.0,1.0,0.0,0.0,0.0,1.0,0.0,1.0,1.0,0.0,0.0,0.0,1.0,0.0,1.0,0.0,1.0,0.0,-0.29802872415169984,0.0,1.0,0.0,0.0,1.0,0.0,0.0,1.0,0.0
2761-XECQW,1,-0.9924020376385531,-0.7116377259900661,-0.8435065090191868,0.0,1.0,0.0,1.0,1.0,0.0,1.0,0.0,0.0,1.0,0.0,1.0,0.0,0.0,1.0,0.0,0.0,0.0,0.0,1.0,0.0,0.0,1.0,1.0,0.0,0.0,1.0,0.0,0.0,0.0,0.0,1.0,1.0,0.0,0.0,0.0,1.0,0.0,0.0,0.0,1.0,1.0,0.0,4.0,1.0,0.0,0.0,0.849964507354633,1.0,0.0,0.0,1.0,0.0,0.0,1.0,0.0,0.0
1936-CZAKF,0,0.6771328748826912,-0.5022513039691348,0.05585413858779403,0.0,1.0,0.0,1.0,1.0,0.0,1.0,0.0,0.0,1.0,0.0,1.0,0.0,0.0,1.0,0.0,0.0,0.0,0.0,1.0,1.0,0.0,0.0,1.0,0.0,0.0,0.0,0.0,1.0,0.0,0.0,1.0,0.0,0.0,1.0,1.0,0.0,0.0,1.0,0.0,0.0,1.0,0.0,4.0,0.0,1.0,0.0,0.08248623078220857,0.0,1.0,0.0,0.0,1.0,0.0,0.0,1.0,0.0
9453-PATOS,0,1.6137012404433893,0.6759627691486464,1.7083217891210027,1.0,0.0,0.0,1.0,1.0,0.0,0.0,1.0,1.0,0.0,0.0,1.0,0.0,0.0,0.0,0.0,1.0,0.0,0.0,1.0,0.0,0.0,1.0,0.0,0.0,1.0,0.0,0.0,1.0,0.0,0.0,1.0,0.0,0.0,1.0,1.0,0.0,0.0,0.0,0.0,1.0,1.0,0.0,8.0,0.0,1.0,0.0,1.0586357290347097,0.0,1.0,0.0,0.0,1.0,0.0,0.0,1.0,0.0
0564-JJHGS,0,-0.9516816739185228,1.0216165451832002,-0.6415750062427752,0.0,1.0,1.0,0.0,1.0,0.0,0.0,1.0,0.0,0.0,1.0,0.0,1.0,0.0,1.0,0.0,0.0,1.0,0.0,0.0,1.0,0.0,0.0,1.0,0.0,0.0,0.0,0.0,1.0,0.0,0.0,1.0,1.0,0.0,0.0,0.0,1.0,0.0,0.0,1.0,0.0,0.0,1.0,5.0,1.0,0.0,0.0,0.6741487451377601,1.0,0.0,0.0,1.0,0.0,0.0,1.0,0.0,0.0
3348-CFRNX,0,-0.1779947632379461,0.9169233341727343,0.14100331935215377,1.0,0.0,0.0,1.0,1.0,0.0,0.0,1.0,1.0,0.0,0.0,0.0,1.0,0.0,0.0,0.0,1.0,1.0,0.0,0.0,1.0,0.0,0.0,1.0,0.0,0.0,0.0,0.0,1.0,0.0,0.0,1.0,1.0,0.0,0.0,0.0,1.0,0.0,0.0,0.0,1.0,0.0,1.0,5.0,0.0,0.0,1.0,-0.7921767853566477,0.0,0.0,1.0,0.0,0.0,1.0,0.0,0.0,1.0
4402-FTBXC,0,0.880734693482843,0.8321716871642622,1.0516583660657024,0.0,1.0,1.0,0.0,1.0,0.0,0.0,1.0,1.0,0.0,0.0,0.0,1.0,0.0,0.0,0.0,1.0,1.0,0.0,0.0,0.0,0.0,1.0,1.0,0.0,0.0,0.0,0.0,1.0,1.0,0.0,0.0,1.0,0.0,0.0,1.0,0.0,0.0,0.0,0.0,1.0,1.0,0.0,5.0,0.0,1.0,0.0,1.1940694216404104,0.0,1.0,0.0,0.0,1.0,0.0,0.0,1.0,0.0
1428-GTBJJ,0,-0.8702409464784621,0.32532360211359457,-0.6434941717159615,0.0,1.0,1.0,0.0,1.0,0.0,0.0,1.0,1.0,0.0,0.0,0.0,1.0,0.0,1.0,0.0,0.0,0.0,0.0,1.0,1.0,0.0,0.0,1.0,0.0,0.0,1.0,0.0,0.0,1.0,0.0,0.0,1.0,0.0,0.0,0.0,1.0,0.0,0.0,1.0,0.0,0.0,1.0,3.0,1.0,0.0,0.0,0.7394436843266688,1.0,0.0,0.0,1.0,0.0,0.0,1.0,0.0,0.0
2931-XIQBR,0,0.7178532386027215,1.2725478922082847,1.266296067837003,1.0,0.0,0.0,1.0,0.0,1.0,0.0,1.0,1.0,0.0,0.0,0.0,1.0,0.0,1.0,0.0,0.0,1.0,0.0,0.0,0.0,0.0,1.0,0.0,0.0,1.0,0.0,0.0,1.0,0.0,0.0,1.0,0.0,1.0,0.0,1.0,0.0,0.0,0.0,0.0,1.0,1.0,0.0,6.0,0.0,1.0,0.0,1.7640041163592268,0.0,1.0,0.0,0.0,1.0,0.0,0.0,1.0,0.0
0106-UGRDO,0,1.4915401492832983,1.7029533152513108,2.6028073152386253,1.0,0.0,0.0,1.0,1.0,0.0,0.0,1.0,0.0,0.0,1.0,0.0,1.0,0.0,0.0,0.0,1.0,0.0,0.0,1.0,0.0,0.0,1.0,0.0,0.0,1.0,0.0,0.0,1.0,0.0,0.0,1.0,0.0,0.0,1.0,0.0,1.0,0.0,0.0,1.0,0.0,1.0,0.0,9.0,0.0,1.0,0.0,1.7450467669202894,0.0,1.0,0.0,0.0,1.0,0.0,0.0,1.0,0.0
5542-TBBWB,0,-1.2774445836787656,0.17077648109814536,-0.97652452974693,0.0,1.0,1.0,0.0,1.0,0.0,0.0,1.0,1.0,0.0,0.0,0.0,1.0,0.0,1.0,0.0,0.0,1.0,0.0,0.0,1.0,0.0,0.0,1.0,0.0,0.0,1.0,0.0,0.0,1.0,0.0,0.0,1.0,0.0,0.0,0.0,1.0,0.0,0.0,1.0,0.0,1.0,0.0,2.0,1.0,0.0,0.0,0.7644359232670191,1.0,0.0,0.0,1.0,0.0,0.0,1.0,0.0,0.0
1930-QPBVZ,0,1.4508197855632678,1.0083221691818711,1.9412687706939662,0.0,1.0,0.0,1.0,0.0,1.0,0.0,1.0,1.0,0.0,0.0,0.0,1.0,0.0,0.0,0.0,1.0,0.0,0.0,1.0,1.0,0.0,0.0,0.0,0.0,1.0,1.0,0.0,0.0,0.0,0.0,1.0,0.0,0.0,1.0,1.0,0.0,1.0,0.0,0.0,0.0,1.0,0.0,6.0,0.0,1.0,0.0,1.3380495565410875,0.0,1.0,0.0,0.0,1.0,0.0,0.0,1.0,0.0
2606-PKWJB,0,0.3106496014024181,-0.8146691400003658,-0.31732427876730274,0.0,1.0,1.0,0.0,0.0,1.0,1.0,0.0,0.0,1.0,0.0,1.0,0.0,0.0,0.0,0.0,1.0,0.0,0.0,1.0,1.0,0.0,0.0,0.0,0.0,1.0,1.0,0.0,0.0,1.0,0.0,0.0,0.0,1.0,0.0,1.0,0.0,0.0,0.0,0.0,1.0,1.0,0.0,4.0,0.0,0.0,1.0,-1.0214861932375,0.0,0.0,1.0,0.0,0.0,1.0,0.0,0.0,1.0
5322-ZSMZY,0,-0.055833672077855064,-1.2965902700485417,-0.6740022849276479,0.0,1.0,0.0,1.0,0.0,1.0,0.0,1.0,0.0,0.0,1.0,0.0,0.0,1.0,0.0,1.0,0.0,0.0,1.0,0.0,0.0,1.0,0.0,0.0,1.0,0.0,0.0,1.0,0.0,0.0,1.0,0.0,0.0,0.0,1.0,1.0,0.0,0.0,0.0,0.0,1.0,1.0,0.0,2.0,0.0,0.0,1.0,12.071609475869902,0.0,0.0,1.0,0.0,0.0,1.0,0.0,0.0,1.0
8059-UDZFY,1,0.025607055362205634,1.3489905542159264,0.5213730923883856,1.0,0.0,1.0,0.0,0.0,1.0,0.0,1.0,0.0,0.0,1.0,0.0,1.0,0.0,1.0,0.0,0.0,0.0,0.0,1.0,0.0,0.0,1.0,1.0,0.0,0.0,0.0,0.0,1.0,0.0,0.0,1.0,1.0,0.0,0.0,0.0,1.0,1.0,0.0,0.0,0.0,1.0,0.0,7.0,0.0,0.0,1.0,20.36052505896085,0.0,0.0,1.0,0.0,0.0,1.0,0.0,0.0,1.0
7740-BTPUX,1,0.9214550572028734,1.6231870592433366,1.7688968280792754,0.0,1.0,0.0,1.0,1.0,0.0,0.0,1.0,0.0,0.0,1.0,0.0,1.0,0.0,1.0,0.0,0.0,0.0,0.0,1.0,0.0,0.0,1.0,0.0,0.0,1.0,0.0,0.0,1.0,0.0,0.0,1.0,0.0,0.0,1.0,0.0,1.0,0.0,0.0,1.0,0.0,1.0,0.0,8.0,0.0,1.0,0.0,1.9196778120127285,0.0,1.0,0.0,0.0,1.0,0.0,0.0,1.0,0.0
5220-AGAAX,0,1.4508197855632678,-1.3547531650543558,-0.2730952353909967,0.0,1.0,0.0,1.0,0.0,1.0,0.0,1.0,0.0,0.0,1.0,0.0,0.0,1.0,0.0,1.0,0.0,0.0,1.0,0.0,0.0,1.0,0.0,0.0,1.0,0.0,0.0,1.0,0.0,0.0,1.0,0.0,0.0,0.0,1.0,0.0,1.0,1.0,0.0,0.0,0.0,1.0,0.0,2.0,0.0,1.0,0.0,-0.1882351192811793,0.0,1.0,0.0,0.0,1.0,0.0,0.0,1.0,0.0
0208-BPQEJ,0,-0.8295205827584317,-1.5076384890696393,-0.9199642967210705,1.0,0.0,0.0,1.0,0.0,1.0,0.0,1.0,1.0,0.0,0.0,0.0,0.0,1.0,0.0,1.0,0.0,0.0,1.0,0.0,0.0,1.0,0.0,0.0,1.0,0.0,0.0,1.0,0.0,0.0,1.0,0.0,1.0,0.0,0.0,1.0,0.0,1.0,0.0,0.0,0.0,1.0,0.0,1.0,1.0,0.0,0.0,1.1090313077728384,1.0,0.0,0.0,1.0,0.0,0.0,1.0,0.0,0.0
9435-JMLSX,0,1.5729808767233588,0.7091987091519689,1.660011761692519,0.0,1.0,0.0,1.0,1.0,0.0,0.0,1.0,1.0,0.0,0.0,1.0,0.0,0.0,0.0,0.0,1.0,0.0,0.0,1.0,0.0,0.0,1.0,0.0,0.0,1.0,0.0,0.0,1.0,0.0,0.0,1.0,0.0,0.0,1.0,0.0,1.0,1.0,0.0,0.0,0.0,1.0,0.0,8.0,0.0,1.0,0.0,1.055328635113767,0.0,1.0,0.0,0.0,1.0,0.0,0.0,1.0,0.0
3352-ALMCK,0,0.3106496014024181,1.259253516206956,0.8051007511943943,0.0,1.0,1.0,0.0,1.0,0.0,0.0,1.0,0.0,0.0,1.0,0.0,1.0,0.0,1.0,0.0,0.0,0.0,0.0,1.0,0.0,0.0,1.0,1.0,0.0,0.0,0.0,0.0,1.0,0.0,0.0,1.0,1.0,0.0,0.0,0.0,1.0,0.0,0.0,0.0,1.0,1.0,0.0,7.0,0.0,0.0,1.0,2.591668386374203,0.0,0.0,1.0,0.0,0.0,1.0,0.0,0.0,1.0
5312-IRCFR,0,1.2879383306831464,0.9335413041743955,1.631268398341234,1.0,0.0,0.0,1.0,0.0,1.0,0.0,1.0,0.0,0.0,1.0,0.0,1.0,0.0,1.0,0.0,0.0,0.0,0.0,1.0,0.0,0.0,1.0,1.0,0.0,0.0,1.0,0.0,0.0,0.0,0.0,1.0,0.0,1.0,0.0,0.0,1.0,0.0,0.0,1.0,0.0,1.0,0.0,6.0,0.0,1.0,0.0,1.266573375043492,0.0,1.0,0.0,0.0,1.0,0.0,0.0,1.0,0.0
5294-IMHHT,0,0.8400143297628127,1.0963974101906757,1.2176330904364387,0.0,1.0,0.0,1.0,1.0,0.0,0.0,1.0,0.0,0.0,1.0,0.0,1.0,0.0,1.0,0.0,0.0,0.0,0.0,1.0,1.0,0.0,0.0,0.0,0.0,1.0,1.0,0.0,0.0,0.0,0.0,1.0,0.0,1.0,0.0,1.0,0.0,1.0,0.0,0.0,0.0,1.0,0.0,6.0,0.0,1.0,0.0,1.4495384748736977,0.0,1.0,0.0,0.0,1.0,0.0,0.0,1.0,0.0
8802-UNOJF,1,-0.8295205827584317,0.6327560471443273,-0.5530507413703981,0.0,1.0,1.0,0.0,1.0,0.0,0.0,1.0,1.0,0.0,0.0,0.0,1.0,0.0,1.0,0.0,0.0,0.0,0.0,1.0,0.0,0.0,1.0,0.0,0.0,1.0,1.0,0.0,0.0,1.0,0.0,0.0,1.0,0.0,0.0,0.0,1.0,0.0,0.0,0.0,1.0,0.0,1.0,5.0,1.0,0.0,0.0,0.6667112942891912,1.0,0.0,0.0,1.0,0.0,0.0,1.0,0.0,0.0
6313-GIDIT,1,0.8400143297628127,-0.3427187919531868,0.25202814494464665,0.0,1.0,1.0,0.0,1.0,0.0,1.0,0.0,0.0,1.0,0.0,1.0,0.0,0.0,1.0,0.0,0.0,0.0,0.0,1.0,0.0,0.0,1.0,1.0,0.0,0.0,0.0,0.0,1.0,0.0,0.0,1.0,1.0,0.0,0.0,0.0,1.0,0.0,0.0,1.0,0.0,0.0,1.0,5.0,0.0,1.0,0.0,0.30002838762977957,0.0,1.0,0.0,0.0,1.0,0.0,0.0,1.0,0.0
6176-YJWAS,0,1.6137012404433893,1.1030445981913404,2.1313543900324348,0.0,1.0,0.0,1.0,1.0,0.0,0.0,1.0,0.0,0.0,1.0,0.0,1.0,0.0,0.0,0.0,1.0,0.0,0.0,1.0,0.0,0.0,1.0,1.0,0.0,0.0,0.0,0.0,1.0,1.0,0.0,0.0,0.0,0.0,1.0,0.0,1.0,0.0,1.0,0.0,0.0,1.0,0.0,7.0,0.0,1.0,0.0,1.3207862376351724,0.0,1.0,0.0,0.0,1.0,0.0,0.0,1.0,0.0
5310-NOOVA,0,0.5549717837226001,-1.4893587220678117,-0.6071844433382061,0.0,1.0,1.0,0.0,1.0,0.0,0.0,1.0,1.0,0.0,0.0,0.0,0.0,1.0,0.0,1.0,0.0,0.0,1.0,0.0,0.0,1.0,0.0,0.0,1.0,0.0,0.0,1.0,0.0,0.0,1.0,0.0,0.0,0.0,1.0,1.0,0.0,0.0,0.0,1.0,0.0,1.0,0.0,1.0,0.0,1.0,0.0,-1.0940816472963322,0.0,1.0,0.0,0.0,1.0,0.0,0.0,1.0,0.0
4526-EXKKN,0,0.3106496014024181,-1.3348116010523623,-0.5776690019229953,0.0,1.0,1.0,0.0,1.0,0.0,0.0,1.0,0.0,0.0,1.0,0.0,0.0,1.0,0.0,1.0,0.0,0.0,1.0,0.0,0.0,1.0,0.0,0.0,1.0,0.0,0.0,1.0,0.0,0.0,1.0,0.0,0.0,0.0,1.0,0.0,1.0,0.0,0.0,0.0,1.0,1.0,0.0,2.0,0.0,0.0,1.0,-1.8595517242421247,0.0,0.0,1.0,0.0,0.0,1.0,0.0,0.0,1.0
5311-IHLEI,0,-0.8295205827584317,-0.4590445819648154,-0.7401142265729292,0.0,1.0,1.0,0.0,1.0,0.0,1.0,0.0,0.0,1.0,0.0,1.0,0.0,0.0,0.0,0.0,1.0,0.0,0.0,1.0,1.0,0.0,0.0,0.0,0.0,1.0,0.0,0.0,1.0,1.0,0.0,0.0,1.0,0.0,0.0,0.0,1.0,1.0,0.0,0.0,0.0,1.0,0.0,5.0,1.0,0.0,0.0,0.8922192432064837,1.0,0.0,0.0,1.0,0.0,0.0,1.0,0.0,0.0
3987-KQDDU,0,-0.9516816739185228,0.36022133911708304,-0.715495966020332,0.0,1.0,1.0,0.0,1.0,0.0,0.0,1.0,1.0,0.0,0.0,0.0,1.0,0.0,0.0,0.0,1.0,1.0,0.0,0.0,1.0,0.0,0.0,1.0,0.0,0.0,1.0,0.0,0.0,1.0,0.0,0.0,1.0,0.0,0.0,1.0,0.0,0.0,0.0,1.0,0.0,1.0,0.0,3.0,1.0,0.0,0.0,0.751822784476134,1.0,0.0,0.0,1.0,0.0,0.0,1.0,0.0,0.0
3404-JNXAX,0,0.758573602322752,0.531386430134194,0.808961141514022,1.0,0.0,0.0,1.0,0.0,1.0,0.0,1.0,0.0,0.0,1.0,0.0,1.0,0.0,1.0,0.0,0.0,1.0,0.0,0.0,1.0,0.0,0.0,0.0,0.0,1.0,1.0,0.0,0.0,1.0,0.0,0.0,1.0,0.0,0.0,0.0,1.0,0.0,0.0,1.0,0.0,1.0,0.0,4.0,0.0,1.0,0.0,1.0664240609440974,0.0,1.0,0.0,0.0,1.0,0.0,0.0,1.0,0.0
5131-PONJI,0,0.6771328748826912,0.8521132511662559,0.9756197064556639,0.0,1.0,0.0,1.0,0.0,1.0,0.0,1.0,1.0,0.0,0.0,0.0,1.0,0.0,1.0,0.0,0.0,0.0,0.0,1.0,0.0,0.0,1.0,1.0,0.0,0.0,0.0,0.0,1.0,1.0,0.0,0.0,1.0,0.0,0.0,0.0,1.0,0.0,1.0,0.0,0.0,1.0,0.0,5.0,0.0,1.0,0.0,1.4408098360675272,0.0,1.0,0.0,0.0,1.0,0.0,0.0,1.0,0.0
2845-AFFTX,1,0.35136996512244845,1.1645310871974868,0.8717862365443063,0.0,1.0,0.0,1.0,1.0,0.0,0.0,1.0,0.0,0.0,1.0,0.0,1.0,0.0,1.0,0.0,0.0,1.0,0.0,0.0,0.0,0.0,1.0,1.0,0.0,0.0,0.0,0.0,1.0,0.0,0.0,1.0,1.0,0.0,0.0,0.0,1.0,0.0,0.0,1.0,0.0,0.0,1.0,6.0,0.0,0.0,1.0,2.4811063069676393,0.0,0.0,1.0,0.0,0.0,1.0,0.0,0.0,1.0
3489-VSFRD,0,0.9621754209229036,-0.1499503399339166,0.4409446175005991,1.0,0.0,1.0,0.0,1.0,0.0,0.0,1.0,1.0,0.0,0.0,1.0,0.0,0.0,0.0,0.0,1.0,1.0,0.0,0.0,0.0,0.0,1.0,0.0,0.0,1.0,1.0,0.0,0.0,1.0,0.0,0.0,0.0,1.0,0.0,0.0,1.0,0.0,1.0,0.0,0.0,1.0,0.0,5.0,0.0,1.0,0.0,0.4582788210050636,0.0,1.0,0.0,0.0,1.0,0.0,0.0,1.0,0.0
3345-JHUEO,0,-1.1552834925186746,-1.481049737066981,-0.9827893917513545,0.0,1.0,1.0,0.0,1.0,0.0,0.0,1.0,1.0,0.0,0.0,0.0,0.0,1.0,0.0,1.0,0.0,0.0,1.0,0.0,0.0,1.0,0.0,0.0,1.0,0.0,0.0,1.0,0.0,0.0,1.0,0.0,1.0,0.0,0.0,0.0,1.0,0.0,0.0,1.0,0.0,1.0,0.0,1.0,1.0,0.0,0.0,0.850691105789749,1.0,0.0,0.0,1.0,0.0,0.0,1.0,0.0,0.0
5815-HGGHV,0,-0.5037576729981889,-0.020330173920958795,-0.44509216866035234,0.0,1.0,0.0,1.0,1.0,0.0,0.0,1.0,1.0,0.0,0.0,1.0,0.0,0.0,0.0,0.0,1.0,1.0,0.0,0.0,1.0,0.0,0.0,0.0,0.0,1.0,1.0,0.0,0.0,0.0,0.0,1.0,0.0,1.0,0.0,0.0,1.0,0.0,0.0,0.0,1.0,1.0,0.0,5.0,1.0,0.0,0.0,0.8835441969773283,1.0,0.0,0.0,1.0,0.0,0.0,1.0,0.0,0.0
5260-UMPWX,0,-0.2594354906780068,-1.479387940066815,-0.7894389851711439,1.0,0.0,0.0,1.0,0.0,1.0,0.0,1.0,1.0,0.0,0.0,0.0,0.0,1.0,0.0,1.0,0.0,0.0,1.0,0.0,0.0,1.0,0.0,0.0,1.0,0.0,0.0,1.0,0.0,0.0,1.0,0.0,1.0,0.0,0.0,0.0,1.0,0.0,1.0,0.0,0.0,1.0,0.0,1.0,0.0,0.0,1.0,3.0429105251098445,0.0,0.0,1.0,0.0,0.0,1.0,0.0,0.0,1.0
2249-YPRNG,0,-0.5037576729981889,1.3656085242175875,-0.019258027345533644,1.0,0.0,0.0,1.0,0.0,1.0,0.0,1.0,0.0,0.0,1.0,0.0,1.0,0.0,1.0,0.0,0.0,0.0,0.0,1.0,0.0,0.0,1.0,1.0,0.0,0.0,0.0,0.0,1.0,0.0,0.0,1.0,1.0,0.0,0.0,0.0,1.0,1.0,0.0,0.0,0.0,0.0,1.0,7.0,1.0,0.0,0.0,0.03822875238984773,1.0,0.0,0.0,1.0,0.0,0.0,1.0,0.0,0.0
7410-YTJIK,0,-1.0331224013585834,0.35523594811658493,-0.795262659710468,1.0,0.0,1.0,0.0,1.0,0.0,0.0,1.0,0.0,0.0,1.0,0.0,1.0,0.0,1.0,0.0,0.0,1.0,0.0,0.0,1.0,0.0,0.0,1.0,0.0,0.0,1.0,0.0,0.0,1.0,0.0,0.0,1.0,0.0,0.0,1.0,0.0,0.0,0.0,0.0,1.0,0.0,1.0,3.0,1.0,0.0,0.0,0.7697661561347198,1.0,0.0,0.0,1.0,0.0,0.0,1.0,0.0,0.0
4626-GYCZP,0,-1.0331224013585834,0.966777244177718,-0.726944780739685,0.0,1.0,1.0,0.0,1.0,0.0,0.0,1.0,0.0,0.0,1.0,0.0,1.0,0.0,1.0,0.0,0.0,1.0,0.0,0.0,1.0,0.0,0.0,1.0,0.0,0.0,0.0,0.0,1.0,0.0,0.0,1.0,1.0,0.0,0.0,0.0,1.0,0.0,0.0,1.0,0.0,0.0,1.0,5.0,1.0,0.0,0.0,0.7036385812404545,1.0,0.0,0.0,1.0,0.0,0.0,1.0,0.0,0.0
5649-RXQTV,0,0.758573602322752,1.1379423351948288,1.2154050937376821,0.0,1.0,1.0,0.0,1.0,0.0,0.0,1.0,1.0,0.0,0.0,0.0,1.0,0.0,1.0,0.0,0.0,0.0,0.0,1.0,0.0,0.0,1.0,1.0,0.0,0.0,0.0,0.0,1.0,0.0,0.0,1.0,1.0,0.0,0.0,0.0,1.0,0.0,0.0,1.0,0.0,1.0,0.0,6.0,0.0,1.0,0.0,1.6022243458197232,0.0,1.0,0.0,0.0,1.0,0.0,0.0,1.0,0.0
2674-MIAHT,0,-1.1552834925186746,0.5164302571326987,-0.8643305573719213,1.0,0.0,1.0,0.0,1.0,0.0,0.0,1.0,0.0,0.0,1.0,0.0,1.0,0.0,1.0,0.0,0.0,0.0,0.0,1.0,1.0,0.0,0.0,1.0,0.0,0.0,1.0,0.0,0.0,1.0,0.0,0.0,1.0,0.0,0.0,0.0,1.0,0.0,0.0,0.0,1.0,1.0,0.0,4.0,1.0,0.0,0.0,0.7481545118311728,1.0,0.0,0.0,1.0,0.0,0.0,1.0,0.0,0.0
2576-HXMPA,0,-1.2774445836787656,-1.502653098069141,-0.9987383186147306,1.0,0.0,1.0,0.0,1.0,0.0,0.0,1.0,1.0,0.0,0.0,0.0,0.0,1.0,0.0,1.0,0.0,0.0,1.0,0.0,0.0,1.0,0.0,0.0,1.0,0.0,0.0,1.0,0.0,0.0,1.0,0.0,1.0,0.0,0.0,1.0,0.0,0.0,1.0,0.0,0.0,1.0,0.0,1.0,1.0,0.0,0.0,0.7818251620266604,1.0,0.0,0.0,1.0,0.0,0.0,1.0,0.0,0.0
7587-AOVVU,0,-0.21871512695797646,1.1961052302006432,0.22511570957352778,0.0,1.0,0.0,1.0,0.0,1.0,0.0,1.0,0.0,0.0,1.0,0.0,1.0,0.0,0.0,0.0,1.0,0.0,0.0,1.0,1.0,0.0,0.0,0.0,0.0,1.0,0.0,0.0,1.0,1.0,0.0,0.0,1.0,0.0,0.0,1.0,0.0,0.0,0.0,1.0,0.0,1.0,0.0,7.0,0.0,0.0,1.0,-1.029264471573478,0.0,0.0,1.0,0.0,0.0,1.0,0.0,0.0,1.0
5590-BYNII,0,-0.4223169455581282,1.1961052302006432,-0.08307579417229344,0.0,1.0,1.0,0.0,1.0,0.0,0.0,1.0,0.0,0.0,1.0,0.0,1.0,0.0,0.0,0.0,1.0,1.0,0.0,0.0,1.0,0.0,0.0,1.0,0.0,0.0,0.0,0.0,1.0,0.0,0.0,1.0,1.0,0.0,0.0,0.0,1.0,0.0,0.0,1.0,0.0,0.0,1.0,6.0,0.0,0.0,1.0,0.19671432805638814,0.0,0.0,1.0,0.0,0.0,1.0,0.0,0.0,1.0
6898-MDLZW,0,-0.8295205827584317,-0.3659839499555126,-0.7211872843201259,0.0,1.0,1.0,0.0,1.0,0.0,0.0,1.0,1.0,0.0,0.0,1.0,0.0,0.0,1.0,0.0,0.0,0.0,0.0,1.0,1.0,0.0,0.0,0.0,0.0,1.0,1.0,0.0,0.0,1.0,0.0,0.0,1.0,0.0,0.0,0.0,1.0,0.0,0.0,0.0,1.0,1.0,0.0,4.0,1.0,0.0,0.0,0.8694025191297104,1.0,0.0,0.0,1.0,0.0,0.0,1.0,0.0,0.0
3237-AJGEH,0,-1.1960038562387048,-1.1221015850310987,-0.9654286649996572,1.0,0.0,0.0,1.0,0.0,1.0,1.0,0.0,0.0,1.0,0.0,1.0,0.0,0.0,1.0,0.0,0.0,1.0,0.0,0.0,1.0,0.0,0.0,0.0,0.0,1.0,1.0,0.0,0.0,1.0,0.0,0.0,1.0,0.0,0.0,0.0,1.0,0.0,0.0,0.0,1.0,0.0,1.0,2.0,1.0,0.0,0.0,0.8072120001651331,1.0,0.0,0.0,1.0,0.0,0.0,1.0,0.0,0.0
4707-YNOQA,0,0.06632741908223598,-1.3015756610490399,-0.6027284499406929,1.0,0.0,0.0,1.0,0.0,1.0,0.0,1.0,0.0,0.0,1.0,0.0,0.0,1.0,0.0,1.0,0.0,0.0,1.0,0.0,0.0,1.0,0.0,0.0,1.0,0.0,0.0,1.0,0.0,0.0,1.0,0.0,0.0,1.0,0.0,0.0,1.0,0.0,1.0,0.0,0.0,1.0,0.0,2.0,0.0,0.0,1.0,-9.087168749825778,0.0,0.0,1.0,0.0,0.0,1.0,0.0,0.0,1.0
9357-UJRUN,0,-0.3408762181180675,-0.2130986259402292,-0.41312813681383487,0.0,1.0,0.0,1.0,1.0,0.0,0.0,1.0,0.0,0.0,1.0,1.0,0.0,0.0,0.0,0.0,1.0,1.0,0.0,0.0,1.0,0.0,0.0,0.0,0.0,1.0,1.0,0.0,0.0,1.0,0.0,0.0,0.0,1.0,0.0,0.0,1.0,0.0,0.0,1.0,0.0,1.0,0.0,5.0,0.0,0.0,1.0,1.21195940008564,0.0,0.0,1.0,0.0,0.0,1.0,0.0,0.0,1.0
1591-NFNLQ,0,0.758573602322752,0.5064594751317021,0.8643081090108562,0.0,1.0,1.0,0.0,1.0,0.0,0.0,1.0,0.0,0.0,1.0,0.0,1.0,0.0,1.0,0.0,0.0,1.0,0.0,0.0,0.0,0.0,1.0,1.0,0.0,0.0,1.0,0.0,0.0,1.0,0.0,0.0,1.0,0.0,0.0,1.0,0.0,0.0,1.0,0.0,0.0,0.0,1.0,4.0,0.0,1.0,0.0,1.1393859559103365,0.0,1.0,0.0,0.0,1.0,0.0,0.0,1.0,0.0
8648-PFRMP,1,-0.748079855318371,-0.6119299059800988,-0.7105767257844635,1.0,0.0,1.0,0.0,1.0,0.0,1.0,0.0,0.0,1.0,0.0,1.0,0.0,0.0,1.0,0.0,0.0,1.0,0.0,0.0,1.0,0.0,0.0,1.0,0.0,0.0,0.0,0.0,1.0,0.0,0.0,1.0,1.0,0.0,0.0,0.0,1.0,0.0,0.0,1.0,0.0,1.0,0.0,3.0,1.0,0.0,0.0,0.9498674783617229,1.0,0.0,0.0,1.0,0.0,0.0,1.0,0.0,0.0
7663-CUXZB,0,1.0843365120829946,1.6281724502438353,1.8873777218319636,0.0,1.0,0.0,1.0,1.0,0.0,0.0,1.0,0.0,0.0,1.0,0.0,1.0,0.0,0.0,0.0,1.0,0.0,0.0,1.0,0.0,0.0,1.0,0.0,0.0,1.0,0.0,0.0,1.0,0.0,0.0,1.0,0.0,0.0,1.0,1.0,0.0,0.0,0.0,1.0,0.0,1.0,0.0,9.0,0.0,1.0,0.0,1.7405830208616129,0.0,1.0,0.0,0.0,1.0,0.0,0.0,1.0,0.0
0258-NOKBL,0,-1.1960038562387048,0.8521132511662559,-0.8889267585512636,0.0,1.0,1.0,0.0,1.0,0.0,0.0,1.0,1.0,0.0,0.0,0.0,1.0,0.0,1.0,0.0,0.0,0.0,0.0,1.0,0.0,0.0,1.0,1.0,0.0,0.0,1.0,0.0,0.0,0.0,0.0,1.0,1.0,0.0,0.0,1.0,0.0,0.0,0.0,1.0,0.0,1.0,0.0,5.0,1.0,0.0,0.0,0.7432474016821622,1.0,0.0,0.0,1.0,0.0,0.0,1.0,0.0,0.0
1163-VIPRI,0,1.3286586944031769,1.48027251722905,2.229871550989334,1.0,0.0,0.0,1.0,0.0,1.0,0.0,1.0,0.0,0.0,1.0,0.0,1.0,0.0,0.0,0.0,1.0,1.0,0.0,0.0,0.0,0.0,1.0,0.0,0.0,1.0,0.0,0.0,1.0,0.0,0.0,1.0,0.0,0.0,1.0,1.0,0.0,0.0,0.0,1.0,0.0,1.0,0.0,8.0,0.0,1.0,0.0,1.6782877050234295,0.0,1.0,0.0,0.0,1.0,0.0,0.0,1.0,0.0
2815-CPTUL,1,-1.1145631287986442,0.18240906009930805,-0.8609334138906489,0.0,1.0,1.0,0.0,1.0,0.0,0.0,1.0,1.0,0.0,0.0,0.0,1.0,0.0,1.0,0.0,0.0,1.0,0.0,0.0,1.0,0.0,0.0,1.0,0.0,0.0,1.0,0.0,0.0,1.0,0.0,0.0,1.0,0.0,0.0,0.0,1.0,0.0,0.0,0.0,1.0,0.0,1.0,2.0,1.0,0.0,0.0,0.7724402428587643,1.0,0.0,0.0,1.0,0.0,0.0,1.0,0.0,0.0
9348-ROUAI,0,1.0843365120829946,0.8487896571659234,1.2841862195468206,1.0,0.0,0.0,1.0,0.0,1.0,0.0,1.0,0.0,0.0,1.0,1.0,0.0,0.0,0.0,0.0,1.0,0.0,0.0,1.0,0.0,0.0,1.0,0.0,0.0,1.0,0.0,0.0,1.0,0.0,0.0,1.0,0.0,0.0,1.0,1.0,0.0,0.0,1.0,0.0,0.0,1.0,0.0,9.0,0.0,1.0,0.0,1.1843059836470116,0.0,1.0,0.0,0.0,1.0,0.0,0.0,1.0,0.0
9443-JUBUO,0,1.6137012404433893,0.016229360082695727,0.9686489445070794,0.0,1.0,0.0,1.0,0.0,1.0,1.0,0.0,0.0,1.0,0.0,1.0,0.0,0.0,0.0,0.0,1.0,0.0,0.0,1.0,0.0,0.0,1.0,0.0,0.0,1.0,0.0,0.0,1.0,0.0,0.0,1.0,0.0,0.0,1.0,0.0,1.0,0.0,1.0,0.0,0.0,1.0,0.0,7.0,0.0,1.0,0.0,0.6002653528610589,0.0,1.0,0.0,0.0,1.0,0.0,0.0,1.0,0.0
0596-BQCEQ,0,1.2064976032430856,1.1761636661986499,1.7647496659073325,1.0,0.0,0.0,1.0,0.0,1.0,0.0,1.0,1.0,0.0,0.0,0.0,1.0,0.0,1.0,0.0,0.0,0.0,0.0,1.0,0.0,0.0,1.0,1.0,0.0,0.0,0.0,0.0,1.0,0.0,0.0,1.0,1.0,0.0,0.0,0.0,1.0,0.0,0.0,1.0,0.0,0.0,1.0,6.0,0.0,1.0,0.0,1.4627046594735507,0.0,1.0,0.0,0.0,1.0,0.0,0.0,1.0,0.0
1481-ZUWZA,0,-0.1779947632379461,0.9883806051798778,0.16593041113032123,0.0,1.0,1.0,0.0,1.0,0.0,0.0,1.0,0.0,0.0,1.0,0.0,1.0,0.0,0.0,0.0,1.0,0.0,0.0,1.0,1.0,0.0,0.0,1.0,0.0,0.0,1.0,0.0,0.0,0.0,0.0,1.0,1.0,0.0,0.0,0.0,1.0,0.0,1.0,0.0,0.0,0.0,1.0,6.0,0.0,0.0,1.0,-0.9322207469019913,0.0,0.0,1.0,0.0,0.0,1.0,0.0,0.0,1.0
3043-TYBNO,0,-1.1960038562387048,-0.13665596393258767,-0.9204937216791907,0.0,1.0,1.0,0.0,1.0,0.0,0.0,1.0,1.0,0.0,0.0,1.0,0.0,0.0,1.0,0.0,0.0,1.0,0.0,0.0,1.0,0.0,0.0,0.0,0.0,1.0,1.0,0.0,0.0,0.0,0.0,1.0,1.0,0.0,0.0,1.0,0.0,0.0,0.0,0.0,1.0,1.0,0.0,4.0,1.0,0.0,0.0,0.7696410984610352,1.0,0.0,0.0,1.0,0.0,0.0,1.0,0.0,0.0
4830-FAXFM,0,-0.5444780367182193,-1.3514295710540236,-0.8135939988853857,0.0,1.0,1.0,0.0,0.0,1.0,0.0,1.0,0.0,0.0,1.0,0.0,0.0,1.0,0.0,1.0,0.0,0.0,1.0,0.0,0.0,1.0,0.0,0.0,1.0,0.0,0.0,1.0,0.0,0.0,1.0,0.0,1.0,0.0,0.0,0.0,1.0,0.0,1.0,0.0,0.0,1.0,0.0,2.0,1.0,0.0,0.0,1.4942641282451594,1.0,0.0,0.0,1.0,0.0,0.0,1.0,0.0,0.0
5906-BFOZT,0,-1.2774445836787656,-1.504314895069307,-0.9987603779879857,0.0,1.0,1.0,0.0,1.0,0.0,0.0,1.0,1.0,0.0,0.0,0.0,0.0,1.0,0.0,1.0,0.0,0.0,1.0,0.0,0.0,1.0,0.0,0.0,1.0,0.0,0.0,1.0,0.0,0.0,1.0,0.0,1.0,0.0,0.0,0.0,1.0,0.0,0.0,0.0,1.0,1.0,0.0,1.0,1.0,0.0,0.0,0.7818424303868984,1.0,0.0,0.0,1.0,0.0,0.0,1.0,0.0,0.0
2960-NKRSO,0,-0.3408762181180675,0.7042133181514708,-0.07771536647132464,0.0,1.0,1.0,0.0,1.0,0.0,0.0,1.0,1.0,0.0,0.0,0.0,1.0,0.0,1.0,0.0,0.0,0.0,0.0,1.0,0.0,0.0,1.0,0.0,0.0,1.0,1.0,0.0,0.0,1.0,0.0,0.0,1.0,0.0,0.0,0.0,1.0,0.0,0.0,1.0,0.0,1.0,0.0,5.0,0.0,0.0,1.0,0.22798705905733435,0.0,0.0,1.0,0.0,0.0,1.0,0.0,0.0,1.0
8996-ZROXE,1,1.002895784642934,-0.3742929349563432,0.3319933729940778,0.0,1.0,1.0,0.0,1.0,0.0,0.0,1.0,1.0,0.0,0.0,1.0,0.0,0.0,1.0,0.0,0.0,1.0,0.0,0.0,0.0,0.0,1.0,0.0,0.0,1.0,1.0,0.0,0.0,1.0,0.0,0.0,0.0,1.0,0.0,0.0,1.0,0.0,0.0,1.0,0.0,1.0,0.0,4.0,0.0,1.0,0.0,0.3310347675977908,0.0,1.0,0.0,0.0,1.0,0.0,0.0,1.0,0.0
5598-IKHQQ,0,1.6137012404433893,-1.3065610520495383,-0.18390918932096914,1.0,0.0,1.0,0.0,1.0,0.0,0.0,1.0,0.0,0.0,1.0,0.0,0.0,1.0,0.0,1.0,0.0,0.0,1.0,0.0,0.0,1.0,0.0,0.0,1.0,0.0,0.0,1.0,0.0,0.0,1.0,0.0,0.0,0.0,1.0,1.0,0.0,0.0,1.0,0.0,0.0,1.0,0.0,2.0,0.0,1.0,0.0,-0.11396730987852327,0.0,1.0,0.0,0.0,1.0,0.0,0.0,1.0,0.0
0397-ZXWQF,0,1.4100994218432374,-1.4710789550659844,-0.3760463303721539,0.0,1.0,1.0,0.0,1.0,0.0,0.0,1.0,1.0,0.0,0.0,0.0,0.0,1.0,0.0,1.0,0.0,0.0,1.0,0.0,0.0,1.0,0.0,0.0,1.0,0.0,0.0,1.0,0.0,0.0,1.0,0.0,0.0,0.0,1.0,1.0,0.0,1.0,0.0,0.0,0.0,1.0,0.0,1.0,0.0,1.0,0.0,-0.26668072091015965,0.0,1.0,0.0,0.0,1.0,0.0,0.0,1.0,0.0
5266-PFRQK,0,0.7992939660427822,-1.4594463760648215,-0.5345870459559502,0.0,1.0,0.0,1.0,0.0,1.0,0.0,1.0,1.0,0.0,0.0,0.0,0.0,1.0,0.0,1.0,0.0,0.0,1.0,0.0,0.0,1.0,0.0,0.0,1.0,0.0,0.0,1.0,0.0,0.0,1.0,0.0,0.0,1.0,0.0,0.0,1.0,0.0,1.0,0.0,0.0,1.0,0.0,1.0,0.0,1.0,0.0,-0.6688240730786855,0.0,1.0,0.0,0.0,1.0,0.0,0.0,1.0,0.0
4674-HGNUA,0,1.5729808767233588,0.8354952811645946,1.841450106715021,0.0,1.0,0.0,1.0,0.0,1.0,0.0,1.0,0.0,0.0,1.0,1.0,0.0,0.0,0.0,0.0,1.0,0.0,0.0,1.0,0.0,0.0,1.0,0.0,0.0,1.0,0.0,0.0,1.0,0.0,0.0,1.0,0.0,0.0,1.0,1.0,0.0,0.0,1.0,0.0,0.0,1.0,0.0,9.0,0.0,1.0,0.0,1.1706754570029512,0.0,1.0,0.0,0.0,1.0,0.0,0.0,1.0,0.0
6765-MBQNU,0,-0.2594354906780068,-1.288281285047711,-0.7055692480555751,1.0,0.0,0.0,1.0,1.0,0.0,0.0,1.0,0.0,0.0,1.0,0.0,0.0,1.0,0.0,1.0,0.0,0.0,1.0,0.0,0.0,1.0,0.0,0.0,1.0,0.0,0.0,1.0,0.0,0.0,1.0,0.0,0.0,1.0,0.0,1.0,0.0,0.0,0.0,0.0,1.0,1.0,0.0,2.0,0.0,0.0,1.0,2.7196327156768167,0.0,0.0,1.0,0.0,0.0,1.0,0.0,0.0,1.0
9786-IJYDL,0,0.10704778280226633,1.609892683242008,0.7194662642184245,1.0,0.0,1.0,0.0,1.0,0.0,0.0,1.0,0.0,0.0,1.0,0.0,1.0,0.0,0.0,0.0,1.0,0.0,0.0,1.0,0.0,0.0,1.0,0.0,0.0,1.0,0.0,0.0,1.0,0.0,0.0,1.0,0.0,0.0,1.0,0.0,1.0,0.0,0.0,0.0,1.0,1.0,0.0,9.0,0.0,0.0,1.0,6.720982400423828,0.0,0.0,1.0,0.0,0.0,1.0,0.0,0.0,1.0
1303-SRDOK,0,0.9214550572028734,0.142525932095321,0.6879434198370072,1.0,0.0,0.0,1.0,0.0,1.0,0.0,1.0,1.0,0.0,0.0,0.0,1.0,0.0,1.0,0.0,0.0,1.0,0.0,0.0,1.0,0.0,0.0,1.0,0.0,0.0,1.0,0.0,0.0,1.0,0.0,0.0,0.0,0.0,1.0,0.0,1.0,0.0,1.0,0.0,0.0,1.0,0.0,2.0,0.0,1.0,0.0,0.746583801846285,0.0,1.0,0.0,0.0,1.0,0.0,0.0,1.0,0.0
3769-MHZNV,0,0.025607055362205634,-1.4843733310673135,-0.7116135163274493,1.0,0.0,0.0,1.0,0.0,1.0,0.0,1.0,1.0,0.0,0.0,0.0,0.0,1.0,0.0,1.0,0.0,0.0,1.0,0.0,0.0,1.0,0.0,0.0,1.0,0.0,0.0,1.0,0.0,0.0,1.0,0.0,0.0,0.0,1.0,1.0,0.0,0.0,0.0,0.0,1.0,1.0,0.0,1.0,0.0,0.0,1.0,-27.789744125665656,0.0,0.0,1.0,0.0,0.0,1.0,0.0,0.0,1.0
6295-OSINB,0,1.6137012404433893,1.4919050962302134,2.469303988299272,0.0,1.0,0.0,1.0,1.0,0.0,0.0,1.0,0.0,0.0,1.0,0.0,1.0,0.0,0.0,0.0,1.0,0.0,0.0,1.0,0.0,0.0,1.0,1.0,0.0,0.0,0.0,0.0,1.0,0.0,0.0,1.0,0.0,0.0,1.0,0.0,1.0,0.0,0.0,1.0,0.0,1.0,0.0,8.0,0.0,1.0,0.0,1.5302113714808774,0.0,1.0,0.0,0.0,1.0,0.0,0.0,1.0,0.0
3308-MHOOC,0,-1.2774445836787656,-1.5142856770703037,-0.9988927342275158,0.0,1.0,1.0,0.0,0.0,1.0,0.0,1.0,1.0,0.0,0.0,0.0,0.0,1.0,0.0,1.0,0.0,0.0,1.0,0.0,0.0,1.0,0.0,0.0,1.0,0.0,0.0,1.0,0.0,0.0,1.0,0.0,1.0,0.0,0.0,0.0,1.0,0.0,0.0,0.0,1.0,1.0,0.0,1.0,1.0,0.0,0.0,0.7819460405483263,1.0,0.0,0.0,1.0,0.0,0.0,1.0,0.0,0.0
2309-OSFEU,0,-0.9109613101984924,-1.0257173590214634,-0.8756911345982543,0.0,1.0,1.0,0.0,1.0,0.0,1.0,0.0,0.0,1.0,0.0,1.0,0.0,0.0,1.0,0.0,0.0,1.0,0.0,0.0,1.0,0.0,0.0,1.0,0.0,0.0,1.0,0.0,0.0,0.0,0.0,1.0,1.0,0.0,0.0,0.0,1.0,0.0,0.0,0.0,1.0,0.0,1.0,2.0,1.0,0.0,0.0,0.961282465890288,1.0,0.0,0.0,1.0,0.0,0.0,1.0,0.0,0.0
2207-QPJED,1,0.18848851024232702,0.8388188751649267,0.4802103018945266,1.0,0.0,0.0,1.0,1.0,0.0,0.0,1.0,1.0,0.0,0.0,0.0,1.0,0.0,1.0,0.0,0.0,1.0,0.0,0.0,0.0,0.0,1.0,0.0,0.0,1.0,0.0,0.0,1.0,1.0,0.0,0.0,1.0,0.0,0.0,1.0,0.0,0.0,0.0,1.0,0.0,1.0,0.0,5.0,0.0,0.0,1.0,2.5476900489963685,0.0,0.0,1.0,0.0,0.0,1.0,0.0,0.0,1.0
4177-JPDFU,0,-0.8295205827584317,-1.0223937650211312,-0.8121601396238097,0.0,1.0,1.0,0.0,1.0,0.0,1.0,0.0,0.0,1.0,0.0,1.0,0.0,0.0,1.0,0.0,0.0,0.0,0.0,1.0,1.0,0.0,0.0,0.0,0.0,1.0,1.0,0.0,0.0,1.0,0.0,0.0,1.0,0.0,0.0,1.0,0.0,0.0,0.0,0.0,1.0,1.0,0.0,3.0,1.0,0.0,0.0,0.9790717150418466,1.0,0.0,0.0,1.0,0.0,0.0,1.0,0.0,0.0
2239-CFOUJ,0,-1.2774445836787656,-1.4744025490663168,-0.9983633092693953,0.0,1.0,0.0,1.0,0.0,1.0,0.0,1.0,1.0,0.0,0.0,0.0,0.0,1.0,0.0,1.0,0.0,0.0,1.0,0.0,0.0,1.0,0.0,0.0,1.0,0.0,0.0,1.0,0.0,0.0,1.0,0.0,0.0,1.0,0.0,1.0,0.0,0.0,0.0,0.0,1.0,1.0,0.0,1.0,1.0,0.0,0.0,0.7815315999026148,1.0,0.0,0.0,1.0,0.0,0.0,1.0,0.0,0.0
8046-DNVTL,0,1.2064976032430856,-0.8695084410058479,0.027463725208589165,0.0,1.0,0.0,1.0,1.0,0.0,1.0,0.0,0.0,1.0,0.0,1.0,0.0,0.0,0.0,0.0,1.0,0.0,0.0,1.0,1.0,0.0,0.0,0.0,0.0,1.0,1.0,0.0,0.0,1.0,0.0,0.0,0.0,0.0,1.0,0.0,1.0,0.0,1.0,0.0,0.0,1.0,0.0,4.0,0.0,1.0,0.0,0.022763182566435454,0.0,1.0,0.0,0.0,1.0,0.0,0.0,1.0,0.0
2209-XADXF,0,-1.2774445836787656,-1.3132082400502028,-0.9962235500636589,1.0,0.0,1.0,0.0,1.0,0.0,1.0,0.0,0.0,1.0,0.0,1.0,0.0,0.0,1.0,0.0,0.0,1.0,0.0,0.0,1.0,0.0,0.0,1.0,0.0,0.0,1.0,0.0,0.0,1.0,0.0,0.0,1.0,0.0,0.0,1.0,0.0,1.0,0.0,0.0,0.0,1.0,0.0,1.0,1.0,0.0,0.0,0.7798565689595313,1.0,0.0,0.0,1.0,0.0,0.0,1.0,0.0,0.0
6620-JDYNW,0,-0.5851984004382496,-0.1383177609327537,-0.49719640828869893,1.0,0.0,1.0,0.0,1.0,0.0,0.0,1.0,0.0,0.0,1.0,1.0,0.0,0.0,0.0,0.0,1.0,1.0,0.0,0.0,0.0,0.0,1.0,1.0,0.0,0.0,1.0,0.0,0.0,1.0,0.0,0.0,1.0,0.0,0.0,0.0,1.0,0.0,0.0,0.0,1.0,1.0,0.0,5.0,1.0,0.0,0.0,0.8496202448884912,1.0,0.0,0.0,1.0,0.0,0.0,1.0,0.0,0.0
1891-FZYSA,1,1.4915401492832983,0.8371570781647607,1.702917242673524,0.0,1.0,0.0,1.0,1.0,0.0,0.0,1.0,0.0,0.0,1.0,0.0,1.0,0.0,1.0,0.0,0.0,0.0,0.0,1.0,1.0,0.0,0.0,1.0,0.0,0.0,0.0,0.0,1.0,1.0,0.0,0.0,1.0,0.0,0.0,0.0,1.0,0.0,0.0,1.0,0.0,0.0,1.0,5.0,0.0,1.0,0.0,1.1417173339194353,0.0,1.0,0.0,0.0,1.0,0.0,0.0,1.0,0.0
4770-UEZOX,0,-1.2367242199587352,0.3319707901142591,-0.9434795886109169,0.0,1.0,1.0,0.0,1.0,0.0,0.0,1.0,1.0,0.0,0.0,0.0,1.0,0.0,1.0,0.0,0.0,0.0,0.0,1.0,1.0,0.0,0.0,1.0,0.0,0.0,1.0,0.0,0.0,1.0,0.0,0.0,1.0,0.0,0.0,0.0,1.0,0.0,0.0,1.0,0.0,1.0,0.0,3.0,1.0,0.0,0.0,0.7628859962347929,1.0,0.0,0.0,1.0,0.0,0.0,1.0,0.0,0.0
1038-RQOST,0,-0.5444780367182193,-1.4677553610656522,-0.8242927949140683,0.0,1.0,0.0,1.0,0.0,1.0,0.0,1.0,1.0,0.0,0.0,0.0,0.0,1.0,0.0,1.0,0.0,0.0,1.0,0.0,0.0,1.0,0.0,0.0,1.0,0.0,0.0,1.0,0.0,0.0,1.0,0.0,1.0,0.0,0.0,1.0,0.0,0.0,0.0,0.0,1.0,1.0,0.0,1.0,1.0,0.0,0.0,1.5139137657092676,1.0,0.0,0.0,1.0,0.0,0.0,1.0,0.0,0.0
7613-LLQFO,0,-0.8295205827584317,0.6543594081464871,-0.5399033549104089,0.0,1.0,1.0,0.0,1.0,0.0,0.0,1.0,0.0,0.0,1.0,0.0,1.0,0.0,1.0,0.0,0.0,1.0,0.0,0.0,1.0,0.0,0.0,1.0,0.0,0.0,0.0,0.0,1.0,1.0,0.0,0.0,1.0,0.0,0.0,0.0,1.0,0.0,0.0,1.0,0.0,0.0,1.0,4.0,1.0,0.0,0.0,0.6508619148605701,1.0,0.0,0.0,1.0,0.0,0.0,1.0,0.0,0.0
4568-TTZRT,0,-0.9516816739185228,-1.4744025490663168,-0.9271556524022053,0.0,1.0,1.0,0.0,1.0,0.0,0.0,1.0,1.0,0.0,0.0,0.0,0.0,1.0,0.0,1.0,0.0,0.0,1.0,0.0,0.0,1.0,0.0,0.0,1.0,0.0,0.0,1.0,0.0,0.0,1.0,0.0,1.0,0.0,0.0,1.0,0.0,0.0,0.0,0.0,1.0,1.0,0.0,1.0,1.0,0.0,0.0,0.9742287550675088,1.0,0.0,0.0,1.0,0.0,0.0,1.0,0.0,0.0
9513-DXHDA,0,-0.21871512695797646,0.5629605731373504,-0.031214207649751993,0.0,1.0,1.0,0.0,1.0,0.0,0.0,1.0,1.0,0.0,0.0,1.0,0.0,0.0,0.0,0.0,1.0,1.0,0.0,0.0,0.0,0.0,1.0,0.0,0.0,1.0,0.0,0.0,1.0,0.0,0.0,1.0,0.0,1.0,0.0,1.0,0.0,0.0,0.0,1.0,0.0,1.0,0.0,7.0,0.0,0.0,1.0,0.1427162724586006,0.0,0.0,1.0,0.0,0.0,1.0,0.0,0.0,1.0
2640-PMGFL,0,-0.21871512695797646,0.4898415051300408,-0.04533220653296189,0.0,1.0,1.0,0.0,0.0,1.0,0.0,1.0,0.0,0.0,1.0,0.0,1.0,0.0,1.0,0.0,0.0,1.0,0.0,0.0,1.0,0.0,0.0,0.0,0.0,1.0,1.0,0.0,0.0,1.0,0.0,0.0,1.0,0.0,0.0,0.0,1.0,0.0,0.0,1.0,0.0,0.0,1.0,4.0,0.0,0.0,1.0,0.20726598641561697,0.0,0.0,1.0,0.0,0.0,1.0,0.0,0.0,1.0
3801-HMYNL,0,-1.2774445836787656,0.8105683261621028,-0.9680316710437491,0.0,1.0,0.0,1.0,0.0,1.0,0.0,1.0,1.0,0.0,0.0,0.0,1.0,0.0,1.0,0.0,0.0,1.0,0.0,0.0,1.0,0.0,0.0,1.0,0.0,0.0,0.0,0.0,1.0,0.0,0.0,1.0,1.0,0.0,0.0,1.0,0.0,0.0,0.0,0.0,1.0,0.0,1.0,4.0,1.0,0.0,0.0,0.7577876045753986,1.0,0.0,0.0,1.0,0.0,0.0,1.0,0.0,0.0
0516-QREYC,1,-0.3408762181180675,-1.477726143066649,-0.8044393589845543,1.0,0.0,1.0,0.0,1.0,0.0,0.0,1.0,1.0,0.0,0.0,0.0,0.0,1.0,0.0,1.0,0.0,0.0,1.0,0.0,0.0,1.0,0.0,0.0,1.0,0.0,0.0,1.0,0.0,0.0,1.0,0.0,1.0,0.0,0.0,0.0,1.0,0.0,0.0,0.0,1.0,1.0,0.0,1.0,0.0,0.0,1.0,2.359916345662826,0.0,0.0,1.0,0.0,0.0,1.0,0.0,0.0,1.0
9685-WKZGT,1,-0.748079855318371,0.3386179781149237,-0.549962429114696,0.0,1.0,1.0,0.0,1.0,0.0,0.0,1.0,0.0,0.0,1.0,0.0,1.0,0.0,1.0,0.0,0.0,1.0,0.0,0.0,1.0,0.0,0.0,1.0,0.0,0.0,1.0,0.0,0.0,1.0,0.0,0.0,1.0,0.0,0.0,0.0,1.0,0.0,0.0,1.0,0.0,0.0,1.0,3.0,1.0,0.0,0.0,0.7351654040739283,1.0,0.0,0.0,1.0,0.0,0.0,1.0,0.0,0.0
6022-UGGSO,1,-0.015113308357824713,0.32033821111309646,-0.002801734897292224,1.0,0.0,1.0,0.0,1.0,0.0,0.0,1.0,1.0,0.0,0.0,0.0,1.0,0.0,1.0,0.0,0.0,0.0,0.0,1.0,1.0,0.0,0.0,1.0,0.0,0.0,1.0,0.0,0.0,1.0,0.0,0.0,1.0,0.0,0.0,0.0,1.0,0.0,0.0,1.0,0.0,0.0,1.0,3.0,0.0,0.0,1.0,0.1853819713697341,0.0,0.0,1.0,0.0,0.0,1.0,0.0,0.0,1.0
8084-OIVBS,0,-0.8702409464784621,-1.4876969250676457,-0.9138538503294312,1.0,0.0,1.0,0.0,1.0,0.0,0.0,1.0,1.0,0.0,0.0,0.0,0.0,1.0,0.0,1.0,0.0,0.0,1.0,0.0,0.0,1.0,0.0,0.0,1.0,0.0,0.0,1.0,0.0,0.0,1.0,0.0,0.0,1.0,0.0,1.0,0.0,0.0,0.0,0.0,1.0,1.0,0.0,1.0,1.0,0.0,0.0,1.0501158949454794,1.0,0.0,0.0,1.0,0.0,0.0,1.0,0.0,0.0
8896-BQTTI,0,-1.2774445836787656,-1.3215172250510334,-0.996333846929934,0.0,1.0,1.0,0.0,1.0,0.0,0.0,1.0,0.0,0.0,1.0,0.0,0.0,1.0,0.0,1.0,0.0,0.0,1.0,0.0,0.0,1.0,0.0,0.0,1.0,0.0,0.0,1.0,0.0,0.0,1.0,0.0,1.0,0.0,0.0,0.0,1.0,0.0,0.0,0.0,1.0,1.0,0.0,2.0,1.0,0.0,0.0,0.7799429107607211,1.0,0.0,0.0,1.0,0.0,0.0,1.0,0.0,0.0
3865-QBWSJ,1,0.22920887396235737,0.5214156481331973,0.38795800294205196,0.0,1.0,1.0,0.0,0.0,1.0,0.0,1.0,0.0,0.0,1.0,0.0,1.0,0.0,0.0,0.0,1.0,1.0,0.0,0.0,1.0,0.0,0.0,1.0,0.0,0.0,1.0,0.0,0.0,1.0,0.0,0.0,1.0,0.0,0.0,0.0,1.0,0.0,0.0,0.0,1.0,1.0,0.0,4.0,0.0,0.0,1.0,1.692595911473156,0.0,0.0,1.0,0.0,0.0,1.0,0.0,0.0,1.0
3352-RICWQ,0,-0.9516816739185228,-1.4960059100684764,-0.9144273940340615,1.0,0.0,0.0,1.0,0.0,1.0,0.0,1.0,1.0,0.0,0.0,0.0,0.0,1.0,0.0,1.0,0.0,0.0,1.0,0.0,0.0,1.0,0.0,0.0,1.0,0.0,0.0,1.0,0.0,0.0,1.0,0.0,0.0,0.0,1.0,1.0,0.0,0.0,0.0,0.0,1.0,1.0,0.0,1.0,1.0,0.0,0.0,0.960854263662483,1.0,0.0,0.0,1.0,0.0,0.0,1.0,0.0,0.0
2160-GPFXD,0,0.880734693482843,0.0295237360840249,0.5662197982158319,0.0,1.0,0.0,1.0,0.0,1.0,0.0,1.0,0.0,0.0,1.0,1.0,0.0,0.0,0.0,0.0,1.0,0.0,0.0,1.0,1.0,0.0,0.0,0.0,0.0,1.0,1.0,0.0,0.0,1.0,0.0,0.0,0.0,0.0,1.0,0.0,1.0,0.0,1.0,0.0,0.0,1.0,0.0,6.0,0.0,1.0,0.0,0.6428948494997172,0.0,1.0,0.0,0.0,1.0,0.0,0.0,1.0,0.0
2065-MMKGR,0,-0.13727439951791576,0.2073360151017999,-0.08964948740228809,1.0,0.0,1.0,0.0,1.0,0.0,0.0,1.0,0.0,0.0,1.0,1.0,0.0,0.0,1.0,0.0,0.0,1.0,0.0,0.0,1.0,0.0,0.0,1.0,0.0,0.0,0.0,0.0,1.0,0.0,0.0,1.0,0.0,1.0,0.0,0.0,1.0,0.0,1.0,0.0,0.0,1.0,0.0,5.0,0.0,0.0,1.0,0.6530677804246223,0.0,0.0,1.0,0.0,0.0,1.0,0.0,0.0,1.0
5857-TYBCJ,1,0.47353105628253944,0.8122301231622688,0.7751220629408284,0.0,1.0,0.0,1.0,1.0,0.0,0.0,1.0,0.0,0.0,1.0,0.0,1.0,0.0,1.0,0.0,0.0,1.0,0.0,0.0,0.0,0.0,1.0,1.0,0.0,0.0,0.0,0.0,1.0,1.0,0.0,0.0,1.0,0.0,0.0,0.0,1.0,0.0,0.0,1.0,0.0,1.0,0.0,5.0,0.0,0.0,1.0,1.6368980506282573,0.0,0.0,1.0,0.0,0.0,1.0,0.0,0.0,1.0
1498-NHTLT,0,1.0843365120829946,0.7308020701541287,1.280634660452763,0.0,1.0,0.0,1.0,0.0,1.0,0.0,1.0,1.0,0.0,0.0,1.0,0.0,0.0,0.0,0.0,1.0,0.0,0.0,1.0,0.0,0.0,1.0,0.0,0.0,1.0,0.0,0.0,1.0,0.0,0.0,1.0,0.0,0.0,1.0,0.0,1.0,0.0,0.0,1.0,0.0,1.0,0.0,8.0,0.0,1.0,0.0,1.1810306543977593,0.0,1.0,0.0,0.0,1.0,0.0,0.0,1.0,0.0
4484-CGXFK,0,-1.1960038562387048,-0.31446824295036285,-0.9208246122780159,1.0,0.0,1.0,0.0,1.0,0.0,0.0,1.0,1.0,0.0,0.0,1.0,0.0,0.0,1.0,0.0,0.0,1.0,0.0,0.0,1.0,0.0,0.0,1.0,0.0,0.0,1.0,0.0,0.0,0.0,0.0,1.0,1.0,0.0,0.0,0.0,1.0,0.0,0.0,1.0,0.0,0.0,1.0,3.0,1.0,0.0,0.0,0.7699177619492833,1.0,0.0,0.0,1.0,0.0,0.0,1.0,0.0,0.0
1402-PTHGN,0,-0.5851984004382496,-0.10840541492976351,-0.5275942246341102,1.0,0.0,0.0,1.0,0.0,1.0,0.0,1.0,1.0,0.0,0.0,1.0,0.0,0.0,0.0,0.0,1.0,0.0,0.0,1.0,1.0,0.0,0.0,0.0,0.0,1.0,1.0,0.0,0.0,1.0,0.0,0.0,0.0,1.0,0.0,0.0,1.0,0.0,0.0,0.0,1.0,1.0,0.0,5.0,1.0,0.0,0.0,0.9015647073522414,1.0,0.0,0.0,1.0,0.0,0.0,1.0,0.0,0.0
4176-RELJR,1,1.4100994218432374,-1.3181936310507012,-0.26963191378995927,0.0,1.0,1.0,0.0,1.0,0.0,0.0,1.0,0.0,0.0,1.0,0.0,0.0,1.0,0.0,1.0,0.0,0.0,1.0,0.0,0.0,1.0,0.0,0.0,1.0,0.0,0.0,1.0,0.0,0.0,1.0,0.0,0.0,0.0,1.0,1.0,0.0,0.0,1.0,0.0,0.0,1.0,0.0,2.0,0.0,1.0,0.0,-0.19121482472314252,0.0,1.0,0.0,0.0,1.0,0.0,0.0,1.0,0.0
6214-EDAKZ,0,-0.4223169455581282,-0.3194536339508612,-0.47526939127321355,1.0,0.0,0.0,1.0,0.0,1.0,0.0,1.0,1.0,0.0,0.0,1.0,0.0,0.0,1.0,0.0,0.0,0.0,0.0,1.0,1.0,0.0,0.0,0.0,0.0,1.0,1.0,0.0,0.0,1.0,0.0,0.0,1.0,0.0,0.0,1.0,0.0,0.0,0.0,1.0,0.0,0.0,1.0,4.0,0.0,0.0,1.0,1.1253855576292449,0.0,0.0,1.0,0.0,0.0,1.0,0.0,0.0,1.0
5199-FPUSP,0,0.025607055362205634,-1.0207319680209652,-0.515902756808952,0.0,1.0,1.0,0.0,0.0,1.0,1.0,0.0,0.0,1.0,0.0,1.0,0.0,0.0,0.0,0.0,1.0,1.0,0.0,0.0,1.0,0.0,0.0,0.0,0.0,1.0,1.0,0.0,0.0,1.0,0.0,0.0,0.0,1.0,0.0,1.0,0.0,0.0,1.0,0.0,0.0,1.0,0.0,3.0,0.0,0.0,1.0,-20.146898950763052,0.0,0.0,1.0,0.0,0.0,1.0,0.0,0.0,1.0
6377-KSLXC,0,-1.1145631287986442,-1.4893587220678117,-0.9601344154184535,0.0,1.0,1.0,0.0,1.0,0.0,0.0,1.0,1.0,0.0,0.0,0.0,0.0,1.0,0.0,1.0,0.0,0.0,1.0,0.0,0.0,1.0,0.0,0.0,1.0,0.0,0.0,1.0,0.0,0.0,1.0,0.0,1.0,0.0,0.0,1.0,0.0,0.0,0.0,0.0,1.0,1.0,0.0,1.0,1.0,0.0,0.0,0.8614446240056003,1.0,0.0,0.0,1.0,0.0,0.0,1.0,0.0,0.0
1796-JANOW,0,-1.2367242199587352,-1.4893587220678117,-0.9905322317638648,1.0,0.0,1.0,0.0,1.0,0.0,0.0,1.0,1.0,0.0,0.0,0.0,0.0,1.0,0.0,1.0,0.0,0.0,1.0,0.0,0.0,1.0,0.0,0.0,1.0,0.0,0.0,1.0,0.0,0.0,1.0,0.0,1.0,0.0,0.0,1.0,0.0,0.0,0.0,0.0,1.0,1.0,0.0,1.0,1.0,0.0,0.0,0.8009321850241723,1.0,0.0,0.0,1.0,0.0,0.0,1.0,0.0,0.0
0238-WHBIQ,0,1.6137012404433893,0.82884809316393,1.78945616395295,0.0,1.0,0.0,1.0,0.0,1.0,0.0,1.0,0.0,0.0,1.0,1.0,0.0,0.0,0.0,0.0,1.0,0.0,0.0,1.0,0.0,0.0,1.0,0.0,0.0,1.0,0.0,0.0,1.0,0.0,0.0,1.0,0.0,0.0,1.0,1.0,0.0,0.0,1.0,0.0,0.0,1.0,0.0,9.0,0.0,1.0,0.0,1.1089141652151606,0.0,1.0,0.0,0.0,1.0,0.0,0.0,1.0,0.0
8735-NBLWT,0,-0.9516816739185228,-1.4744025490663168,-0.9261409212324748,0.0,1.0,1.0,0.0,0.0,1.0,0.0,1.0,1.0,0.0,0.0,0.0,0.0,1.0,0.0,1.0,0.0,0.0,1.0,0.0,0.0,1.0,0.0,0.0,1.0,0.0,0.0,1.0,0.0,0.0,1.0,0.0,1.0,0.0,0.0,1.0,0.0,0.0,0.0,0.0,1.0,1.0,0.0,1.0,1.0,0.0,0.0,0.973162504452897,1.0,0.0,0.0,1.0,0.0,0.0,1.0,0.0,0.0
6651-RLGGM,0,1.4100994218432374,-1.2783105030467143,-0.26224202374952904,0.0,1.0,0.0,1.0,0.0,1.0,0.0,1.0,0.0,0.0,1.0,0.0,0.0,1.0,0.0,1.0,0.0,0.0,1.0,0.0,0.0,1.0,0.0,0.0,1.0,0.0,0.0,1.0,0.0,0.0,1.0,0.0,0.0,0.0,1.0,1.0,0.0,0.0,0.0,0.0,1.0,1.0,0.0,2.0,0.0,1.0,0.0,-0.18597413748793298,0.0,1.0,0.0,0.0,1.0,0.0,0.0,1.0,0.0
6127-ISGTU,0,-0.6666391278783103,0.6709773781481484,-0.39929690978294025,1.0,0.0,0.0,1.0,1.0,0.0,0.0,1.0,0.0,0.0,1.0,0.0,1.0,0.0,1.0,0.0,0.0,1.0,0.0,0.0,1.0,0.0,0.0,1.0,0.0,0.0,0.0,0.0,1.0,1.0,0.0,0.0,1.0,0.0,0.0,0.0,1.0,0.0,0.0,1.0,0.0,0.0,1.0,4.0,1.0,0.0,0.0,0.5989701070409248,1.0,0.0,0.0,1.0,0.0,0.0,1.0,0.0,0.0
1614-JBEBI,0,-0.9924020376385531,-1.46443176706532,-0.9466561383596391,1.0,0.0,1.0,0.0,1.0,0.0,0.0,1.0,1.0,0.0,0.0,0.0,0.0,1.0,0.0,1.0,0.0,0.0,1.0,0.0,0.0,1.0,0.0,0.0,1.0,0.0,0.0,1.0,0.0,0.0,1.0,0.0,1.0,0.0,0.0,0.0,1.0,0.0,0.0,0.0,1.0,1.0,0.0,1.0,1.0,0.0,0.0,0.9539038640148628,1.0,0.0,0.0,1.0,0.0,0.0,1.0,0.0,0.0
8740-XLHDR,0,-1.1145631287986442,-0.7149613199903985,-0.9107434787004739,0.0,1.0,1.0,0.0,1.0,0.0,1.0,0.0,0.0,1.0,0.0,1.0,0.0,0.0,0.0,0.0,1.0,0.0,0.0,1.0,0.0,0.0,1.0,0.0,0.0,1.0,1.0,0.0,0.0,1.0,0.0,0.0,1.0,0.0,0.0,0.0,1.0,0.0,0.0,0.0,1.0,0.0,1.0,5.0,1.0,0.0,0.0,0.8171304569191503,1.0,0.0,0.0,1.0,0.0,0.0,1.0,0.0,0.0
1208-DNHLN,0,-0.38159658183809786,-0.5454580259734538,-0.5365503301756465,0.0,1.0,0.0,1.0,0.0,1.0,0.0,1.0,0.0,0.0,1.0,1.0,0.0,0.0,1.0,0.0,0.0,1.0,0.0,0.0,1.0,0.0,0.0,1.0,0.0,0.0,1.0,0.0,0.0,1.0,0.0,0.0,0.0,1.0,0.0,0.0,1.0,0.0,1.0,0.0,0.0,0.0,1.0,3.0,0.0,0.0,1.0,1.4060669191300348,0.0,0.0,1.0,0.0,0.0,1.0,0.0,0.0,1.0
1761-AEZZR,0,-1.2774445836787656,0.4915033021302069,-0.972267070708712,0.0,1.0,1.0,0.0,1.0,0.0,0.0,1.0,1.0,0.0,0.0,0.0,1.0,0.0,1.0,0.0,0.0,1.0,0.0,0.0,1.0,0.0,0.0,1.0,0.0,0.0,0.0,0.0,1.0,1.0,0.0,0.0,1.0,0.0,0.0,0.0,1.0,0.0,0.0,1.0,0.0,0.0,1.0,3.0,1.0,0.0,0.0,0.7611031297410898,1.0,0.0,0.0,1.0,0.0,0.0,1.0,0.0,0.0
3923-CSIHK,1,0.7178532386027215,0.2089978121019659,0.5124611055933592,1.0,0.0,0.0,1.0,1.0,0.0,0.0,1.0,1.0,0.0,0.0,0.0,1.0,0.0,1.0,0.0,0.0,1.0,0.0,0.0,1.0,0.0,0.0,1.0,0.0,0.0,1.0,0.0,0.0,1.0,0.0,0.0,1.0,0.0,0.0,0.0,1.0,0.0,0.0,1.0,0.0,0.0,1.0,2.0,0.0,1.0,0.0,0.7138800496196805,0.0,1.0,0.0,0.0,1.0,0.0,0.0,1.0,0.0
5696-EXCYS,0,-0.62591876415828,-1.505976692069473,-0.8445432995621726,0.0,1.0,1.0,0.0,1.0,0.0,0.0,1.0,1.0,0.0,0.0,0.0,0.0,1.0,0.0,1.0,0.0,0.0,1.0,0.0,0.0,1.0,0.0,0.0,1.0,0.0,0.0,1.0,0.0,0.0,1.0,0.0,0.0,0.0,1.0,1.0,0.0,0.0,1.0,0.0,0.0,1.0,0.0,1.0,1.0,0.0,0.0,1.349285798609814,1.0,0.0,0.0,1.0,0.0,0.0,1.0,0.0,0.0
5795-KTGUD,0,1.4508197855632678,1.5301264272340338,2.325190102824256,1.0,0.0,0.0,1.0,1.0,0.0,0.0,1.0,0.0,0.0,1.0,0.0,1.0,0.0,0.0,0.0,1.0,0.0,0.0,1.0,0.0,0.0,1.0,1.0,0.0,0.0,0.0,0.0,1.0,0.0,0.0,1.0,0.0,0.0,1.0,0.0,1.0,1.0,0.0,0.0,0.0,1.0,0.0,8.0,0.0,1.0,0.0,1.6026732789017772,0.0,1.0,0.0,0.0,1.0,0.0,0.0,1.0,0.0
7120-RFMVS,0,-1.2774445836787656,0.6560212051466532,-0.9700831927564656,0.0,1.0,1.0,0.0,1.0,0.0,0.0,1.0,0.0,0.0,1.0,0.0,1.0,0.0,1.0,0.0,0.0,1.0,0.0,0.0,1.0,0.0,0.0,1.0,0.0,0.0,0.0,0.0,1.0,1.0,0.0,0.0,1.0,0.0,0.0,1.0,0.0,0.0,0.0,1.0,0.0,0.0,1.0,4.0,1.0,0.0,0.0,0.7593935620775304,1.0,0.0,0.0,1.0,0.0,0.0,1.0,0.0,0.0
7924-GJZFI,1,-0.30015585439803716,0.1508349170961516,-0.20744654058407072,1.0,0.0,0.0,1.0,1.0,0.0,0.0,1.0,1.0,0.0,0.0,0.0,1.0,0.0,1.0,0.0,0.0,1.0,0.0,0.0,1.0,0.0,0.0,1.0,0.0,0.0,1.0,0.0,0.0,1.0,0.0,0.0,1.0,0.0,0.0,0.0,1.0,0.0,0.0,1.0,0.0,1.0,0.0,2.0,0.0,0.0,1.0,0.6911294167495249,0.0,0.0,1.0,0.0,0.0,1.0,0.0,0.0,1.0
4702-HDRKD,0,1.4100994218432374,-0.5122220859701314,0.457974453653471,0.0,1.0,1.0,0.0,1.0,0.0,1.0,0.0,0.0,1.0,0.0,1.0,0.0,0.0,0.0,0.0,1.0,1.0,0.0,0.0,0.0,0.0,1.0,0.0,0.0,1.0,0.0,0.0,1.0,1.0,0.0,0.0,0.0,1.0,0.0,0.0,1.0,1.0,0.0,0.0,0.0,1.0,0.0,5.0,0.0,1.0,0.0,0.3247816760713378,0.0,1.0,0.0,0.0,1.0,0.0,0.0,1.0,0.0
8512-WIWYV,0,-0.015113308357824713,-1.4760643460664828,-0.6952234019989728,0.0,1.0,1.0,0.0,1.0,0.0,0.0,1.0,1.0,0.0,0.0,0.0,0.0,1.0,0.0,1.0,0.0,0.0,1.0,0.0,0.0,1.0,0.0,0.0,1.0,0.0,0.0,1.0,0.0,0.0,1.0,0.0,0.0,1.0,0.0,1.0,0.0,0.0,1.0,0.0,0.0,1.0,0.0,1.0,0.0,0.0,1.0,46.00074222921748,0.0,0.0,1.0,0.0,0.0,1.0,0.0,0.0,1.0
5897-ZYEKH,1,1.4100994218432374,1.3572995392167568,2.130427896355724,1.0,0.0,0.0,1.0,1.0,0.0,0.0,1.0,0.0,0.0,1.0,0.0,1.0,0.0,0.0,0.0,1.0,0.0,0.0,1.0,1.0,0.0,0.0,1.0,0.0,0.0,0.0,0.0,1.0,0.0,0.0,1.0,0.0,1.0,0.0,0.0,1.0,0.0,0.0,1.0,0.0,1.0,0.0,7.0,0.0,1.0,0.0,1.510835238532965,0.0,1.0,0.0,0.0,1.0,0.0,0.0,1.0,0.0
5456-ITGIC,1,1.6137012404433893,-0.010359391919962149,1.0402316107196046,0.0,1.0,0.0,1.0,1.0,0.0,1.0,0.0,0.0,1.0,0.0,1.0,0.0,0.0,0.0,0.0,1.0,0.0,0.0,1.0,0.0,0.0,1.0,0.0,0.0,1.0,0.0,0.0,1.0,0.0,0.0,1.0,0.0,0.0,1.0,0.0,1.0,0.0,1.0,0.0,0.0,1.0,0.0,7.0,0.0,1.0,0.0,0.644624658300309,0.0,1.0,0.0,0.0,1.0,0.0,0.0,1.0,0.0
7317-GGVPB,0,1.5729808767233588,1.4570073592267243,2.385765141782528,0.0,1.0,0.0,1.0,1.0,0.0,0.0,1.0,0.0,0.0,1.0,0.0,1.0,0.0,1.0,0.0,0.0,0.0,0.0,1.0,0.0,0.0,1.0,0.0,0.0,1.0,0.0,0.0,1.0,0.0,0.0,1.0,0.0,0.0,1.0,0.0,1.0,0.0,1.0,0.0,0.0,0.0,1.0,8.0,0.0,1.0,0.0,1.5167159226705043,0.0,1.0,0.0,0.0,1.0,0.0,0.0,1.0,0.0
1406-PUQVY,0,-1.2774445836787656,-0.49394231896830415,-0.9853482790489362,0.0,1.0,1.0,0.0,0.0,1.0,0.0,1.0,1.0,0.0,0.0,1.0,0.0,0.0,1.0,0.0,0.0,0.0,0.0,1.0,1.0,0.0,0.0,1.0,0.0,0.0,1.0,0.0,0.0,1.0,0.0,0.0,1.0,0.0,0.0,0.0,1.0,0.0,0.0,1.0,0.0,1.0,0.0,3.0,1.0,0.0,0.0,0.7713432673622093,1.0,0.0,0.0,1.0,0.0,0.0,1.0,0.0,0.0
1322-AGOQM,0,0.5549717837226001,-1.1453667430334245,-0.3984807129725047,0.0,1.0,1.0,0.0,1.0,0.0,1.0,0.0,0.0,1.0,0.0,1.0,0.0,0.0,1.0,0.0,0.0,0.0,0.0,1.0,1.0,0.0,0.0,1.0,0.0,0.0,1.0,0.0,0.0,1.0,0.0,0.0,1.0,0.0,0.0,1.0,0.0,1.0,0.0,0.0,0.0,0.0,1.0,2.0,0.0,1.0,0.0,-0.7180197708424096,0.0,1.0,0.0,0.0,1.0,0.0,0.0,1.0,0.0
3677-IYRBF,1,-1.2367242199587352,-1.1420431490330922,-0.9726641394273023,1.0,0.0,1.0,0.0,1.0,0.0,1.0,0.0,0.0,1.0,0.0,1.0,0.0,0.0,1.0,0.0,0.0,1.0,0.0,0.0,0.0,0.0,1.0,1.0,0.0,0.0,1.0,0.0,0.0,1.0,0.0,0.0,1.0,0.0,0.0,0.0,1.0,0.0,0.0,1.0,0.0,0.0,1.0,2.0,1.0,0.0,0.0,0.7864842652307371,1.0,0.0,0.0,1.0,0.0,0.0,1.0,0.0,0.0
5692-FPTAH,0,-1.2774445836787656,-0.6435040489832552,-0.9873336226418876,1.0,0.0,1.0,0.0,1.0,0.0,0.0,1.0,1.0,0.0,0.0,1.0,0.0,0.0,1.0,0.0,0.0,1.0,0.0,0.0,1.0,0.0,0.0,1.0,0.0,0.0,1.0,0.0,0.0,1.0,0.0,0.0,1.0,0.0,0.0,0.0,1.0,0.0,0.0,0.0,1.0,0.0,1.0,2.0,1.0,0.0,0.0,0.7728974197836271,1.0,0.0,0.0,1.0,0.0,0.0,1.0,0.0,0.0
9114-AAFQH,0,0.6364125111626608,0.0295237360840249,0.3579572553152309,1.0,0.0,0.0,1.0,1.0,0.0,0.0,1.0,1.0,0.0,0.0,1.0,0.0,0.0,1.0,0.0,0.0,0.0,0.0,1.0,0.0,0.0,1.0,1.0,0.0,0.0,1.0,0.0,0.0,0.0,0.0,1.0,0.0,1.0,0.0,0.0,1.0,0.0,0.0,1.0,0.0,1.0,0.0,5.0,0.0,1.0,0.0,0.5624610595119814,0.0,1.0,0.0,0.0,1.0,0.0,0.0,1.0,0.0
8715-KKTFG,0,1.1657772395230555,1.2808568772091153,1.8684507795791605,1.0,0.0,0.0,1.0,1.0,0.0,0.0,1.0,0.0,0.0,1.0,0.0,1.0,0.0,1.0,0.0,0.0,1.0,0.0,0.0,0.0,0.0,1.0,0.0,0.0,1.0,0.0,0.0,1.0,0.0,0.0,1.0,0.0,1.0,0.0,0.0,1.0,1.0,0.0,0.0,0.0,1.0,0.0,7.0,0.0,1.0,0.0,1.6027511227990554,0.0,1.0,0.0,0.0,1.0,0.0,0.0,1.0,0.0
1550-LOAHA,0,-0.015113308357824713,0.6443886261454905,0.1335251918187034,1.0,0.0,0.0,1.0,1.0,0.0,0.0,1.0,1.0,0.0,0.0,0.0,1.0,0.0,1.0,0.0,0.0,0.0,0.0,1.0,1.0,0.0,0.0,1.0,0.0,0.0,1.0,0.0,0.0,0.0,0.0,1.0,1.0,0.0,0.0,1.0,0.0,1.0,0.0,0.0,0.0,0.0,1.0,4.0,0.0,0.0,1.0,-8.834941275420515,0.0,0.0,1.0,0.0,0.0,1.0,0.0,0.0,1.0
1728-BQDMA,0,-1.2367242199587352,-0.6750781919864114,-0.9708773301936462,1.0,0.0,1.0,0.0,1.0,0.0,0.0,1.0,1.0,0.0,0.0,1.0,0.0,0.0,1.0,0.0,0.0,1.0,0.0,0.0,1.0,0.0,0.0,1.0,0.0,0.0,1.0,0.0,0.0,1.0,0.0,0.0,1.0,0.0,0.0,1.0,0.0,0.0,0.0,1.0,0.0,1.0,0.0,2.0,1.0,0.0,0.0,0.7850394732513937,1.0,0.0,0.0,1.0,0.0,0.0,1.0,0.0,0.0
0268-QKIWO,0,-1.1960038562387048,-1.4960059100684764,-0.9813996512362886,1.0,0.0,1.0,0.0,1.0,0.0,0.0,1.0,1.0,0.0,0.0,0.0,0.0,1.0,0.0,1.0,0.0,0.0,1.0,0.0,0.0,1.0,0.0,0.0,1.0,0.0,0.0,1.0,0.0,0.0,1.0,0.0,1.0,0.0,0.0,1.0,0.0,0.0,0.0,1.0,0.0,0.0,1.0,1.0,1.0,0.0,0.0,0.8205656245312437,1.0,0.0,0.0,1.0,0.0,0.0,1.0,0.0,0.0
0876-WDUUZ,0,-1.1145631287986442,0.6859335511496436,-0.8194617921712198,1.0,0.0,1.0,0.0,1.0,0.0,0.0,1.0,1.0,0.0,0.0,0.0,1.0,0.0,1.0,0.0,0.0,1.0,0.0,0.0,1.0,0.0,0.0,0.0,0.0,1.0,1.0,0.0,0.0,0.0,0.0,1.0,1.0,0.0,0.0,0.0,1.0,0.0,1.0,0.0,0.0,0.0,1.0,4.0,1.0,0.0,0.0,0.7352313843851037,1.0,0.0,0.0,1.0,0.0,0.0,1.0,0.0,0.0
5117-ZSMHQ,0,1.5729808767233588,0.8354952811645946,1.7909562013342908,1.0,0.0,0.0,1.0,0.0,1.0,0.0,1.0,0.0,0.0,1.0,1.0,0.0,0.0,0.0,0.0,1.0,0.0,0.0,1.0,0.0,0.0,1.0,0.0,0.0,1.0,0.0,0.0,1.0,0.0,0.0,1.0,0.0,0.0,1.0,1.0,0.0,1.0,0.0,0.0,0.0,1.0,0.0,9.0,0.0,1.0,0.0,1.1385746818899614,0.0,1.0,0.0,0.0,1.0,0.0,0.0,1.0,0.0
5151-HQRDG,0,0.18848851024232702,-0.3227772279511935,-0.11142208880498833,0.0,1.0,0.0,1.0,1.0,0.0,0.0,1.0,0.0,0.0,1.0,1.0,0.0,0.0,0.0,0.0,1.0,1.0,0.0,0.0,1.0,0.0,0.0,1.0,0.0,0.0,1.0,0.0,0.0,1.0,0.0,0.0,1.0,0.0,0.0,0.0,1.0,0.0,0.0,0.0,1.0,1.0,0.0,4.0,0.0,0.0,1.0,-0.591134646147611,0.0,0.0,1.0,0.0,0.0,1.0,0.0,0.0,1.0
0960-HUWBM,0,1.3286586944031769,1.3074456292117733,1.9486145419878866,0.0,1.0,0.0,1.0,0.0,1.0,0.0,1.0,0.0,0.0,1.0,0.0,1.0,0.0,1.0,0.0,0.0,1.0,0.0,0.0,0.0,0.0,1.0,0.0,0.0,1.0,0.0,0.0,1.0,0.0,0.0,1.0,0.0,0.0,1.0,0.0,1.0,1.0,0.0,0.0,0.0,1.0,0.0,7.0,0.0,1.0,0.0,1.466602785347511,0.0,1.0,0.0,0.0,1.0,0.0,0.0,1.0,0.0
6465-GSRCL,0,1.4100994218432374,1.3905354792200795,2.18890729485477,1.0,0.0,1.0,0.0,0.0,1.0,0.0,1.0,0.0,0.0,1.0,0.0,1.0,0.0,1.0,0.0,0.0,0.0,0.0,1.0,1.0,0.0,0.0,0.0,0.0,1.0,0.0,0.0,1.0,0.0,0.0,1.0,0.0,1.0,0.0,0.0,1.0,1.0,0.0,0.0,0.0,1.0,0.0,7.0,0.0,1.0,0.0,1.5523070649823396,0.0,1.0,0.0,0.0,1.0,0.0,0.0,1.0,0.0
0617-FHSGK,0,0.6771328748826912,0.3469269631157543,0.6154563193210265,0.0,1.0,1.0,0.0,0.0,1.0,0.0,1.0,0.0,0.0,1.0,0.0,1.0,0.0,1.0,0.0,0.0,1.0,0.0,0.0,1.0,0.0,0.0,1.0,0.0,0.0,1.0,0.0,0.0,1.0,0.0,0.0,1.0,0.0,0.0,1.0,0.0,0.0,1.0,0.0,0.0,0.0,1.0,3.0,0.0,1.0,0.0,0.9089151363794739,0.0,1.0,0.0,0.0,1.0,0.0,0.0,1.0,0.0
0263-FJTQO,0,0.7178532386027215,0.19071804510013865,0.5309027416345522,0.0,1.0,0.0,1.0,0.0,1.0,0.0,1.0,0.0,0.0,1.0,1.0,0.0,0.0,0.0,0.0,1.0,1.0,0.0,0.0,1.0,0.0,0.0,0.0,0.0,1.0,0.0,0.0,1.0,1.0,0.0,0.0,0.0,0.0,1.0,0.0,1.0,0.0,1.0,0.0,0.0,1.0,0.0,6.0,0.0,1.0,0.0,0.7395700305927957,0.0,1.0,0.0,0.0,1.0,0.0,0.0,1.0,0.0
7319-ZNRTR,0,-0.30015585439803716,-1.5009913010689746,-0.8259693072814495,0.0,1.0,0.0,1.0,0.0,1.0,0.0,1.0,1.0,0.0,0.0,0.0,0.0,1.0,0.0,1.0,0.0,0.0,1.0,0.0,0.0,1.0,0.0,0.0,1.0,0.0,0.0,1.0,0.0,0.0,1.0,0.0,0.0,1.0,0.0,1.0,0.0,0.0,0.0,1.0,0.0,1.0,0.0,1.0,0.0,0.0,1.0,2.751801423090453,0.0,0.0,1.0,0.0,0.0,1.0,0.0,0.0,1.0
2858-MOFSQ,0,-0.62591876415828,-0.29618847594853537,-0.5937502850259017,1.0,0.0,1.0,0.0,0.0,1.0,0.0,1.0,0.0,0.0,1.0,1.0,0.0,0.0,1.0,0.0,0.0,1.0,0.0,0.0,0.0,0.0,1.0,1.0,0.0,0.0,1.0,0.0,0.0,1.0,0.0,0.0,0.0,1.0,0.0,0.0,1.0,0.0,0.0,0.0,1.0,0.0,1.0,4.0,1.0,0.0,0.0,0.9486059837563143,1.0,0.0,0.0,1.0,0.0,0.0,1.0,0.0,0.0
7503-EPSZW,0,1.2879383306831464,-1.3530913680541898,-0.31948609734629424,1.0,0.0,0.0,1.0,0.0,1.0,0.0,1.0,0.0,0.0,1.0,0.0,0.0,1.0,0.0,1.0,0.0,0.0,1.0,0.0,0.0,1.0,0.0,0.0,1.0,0.0,0.0,1.0,0.0,0.0,1.0,0.0,0.0,0.0,1.0,0.0,1.0,0.0,0.0,0.0,1.0,1.0,0.0,2.0,0.0,1.0,0.0,-0.24806008931874313,0.0,1.0,0.0,0.0,1.0,0.0,0.0,1.0,0.0
7089-XXAYG,0,-0.30015585439803716,-0.8861264110075091,-0.5792352174241013,0.0,1.0,0.0,1.0,1.0,0.0,1.0,0.0,0.0,1.0,0.0,1.0,0.0,0.0,1.0,0.0,0.0,1.0,0.0,0.0,0.0,0.0,1.0,1.0,0.0,0.0,0.0,0.0,1.0,1.0,0.0,0.0,0.0,1.0,0.0,0.0,1.0,0.0,1.0,0.0,0.0,1.0,0.0,3.0,0.0,0.0,1.0,1.9297815082959422,0.0,0.0,1.0,0.0,0.0,1.0,0.0,0.0,1.0
8118-LSUEL,1,-0.38159658183809786,1.3838882912194153,0.08832553601917677,0.0,1.0,1.0,0.0,1.0,0.0,0.0,1.0,0.0,0.0,1.0,0.0,1.0,0.0,1.0,0.0,0.0,0.0,0.0,1.0,0.0,0.0,1.0,1.0,0.0,0.0,0.0,0.0,1.0,0.0,0.0,1.0,1.0,0.0,0.0,0.0,1.0,0.0,0.0,1.0,0.0,0.0,1.0,7.0,0.0,0.0,1.0,-0.231463121587004,0.0,0.0,1.0,0.0,0.0,1.0,0.0,0.0,1.0
8070-AAWZP,1,-0.3408762181180675,-1.0140847800203006,-0.6419720749613654,0.0,1.0,0.0,1.0,1.0,0.0,1.0,0.0,0.0,1.0,0.0,1.0,0.0,0.0,1.0,0.0,0.0,1.0,0.0,0.0,0.0,0.0,1.0,0.0,0.0,1.0,1.0,0.0,0.0,1.0,0.0,0.0,1.0,0.0,0.0,1.0,0.0,0.0,0.0,0.0,1.0,1.0,0.0,3.0,0.0,0.0,1.0,1.883299687216692,0.0,0.0,1.0,0.0,0.0,1.0,0.0,0.0,1.0
1666-JXLKU,0,0.18848851024232702,1.1728400721983174,0.6738033615805424,1.0,0.0,1.0,0.0,1.0,0.0,0.0,1.0,0.0,0.0,1.0,0.0,1.0,0.0,1.0,0.0,0.0,1.0,0.0,0.0,0.0,0.0,1.0,1.0,0.0,0.0,0.0,0.0,1.0,0.0,0.0,1.0,1.0,0.0,0.0,0.0,1.0,0.0,0.0,1.0,0.0,1.0,0.0,6.0,0.0,0.0,1.0,3.574771537608731,0.0,0.0,1.0,0.0,0.0,1.0,0.0,0.0,1.0
7855-DIWPO,0,-0.46303730927815856,0.12923155609399228,-0.3485824106696596,1.0,0.0,1.0,0.0,1.0,0.0,0.0,1.0,1.0,0.0,0.0,0.0,1.0,0.0,1.0,0.0,0.0,1.0,0.0,0.0,1.0,0.0,0.0,1.0,0.0,0.0,1.0,0.0,0.0,1.0,0.0,0.0,1.0,0.0,0.0,0.0,1.0,0.0,0.0,1.0,0.0,1.0,0.0,2.0,0.0,0.0,1.0,0.7528171136210907,0.0,0.0,1.0,0.0,0.0,1.0,0.0,0.0,1.0
5133-POWUA,0,-1.2774445836787656,-0.6302096729819263,-0.9871571476558475,0.0,1.0,1.0,0.0,1.0,0.0,0.0,1.0,1.0,0.0,0.0,1.0,0.0,0.0,1.0,0.0,0.0,1.0,0.0,0.0,1.0,0.0,0.0,1.0,0.0,0.0,1.0,0.0,0.0,1.0,0.0,0.0,1.0,0.0,0.0,0.0,1.0,0.0,0.0,0.0,1.0,1.0,0.0,2.0,1.0,0.0,0.0,0.7727592729017233,1.0,0.0,0.0,1.0,0.0,0.0,1.0,0.0,0.0
5652-MSDEY,0,-0.9109613101984924,0.3652067301175816,-0.6644285169349712,1.0,0.0,1.0,0.0,1.0,0.0,0.0,1.0,0.0,0.0,1.0,0.0,1.0,0.0,1.0,0.0,0.0,1.0,0.0,0.0,1.0,0.0,0.0,1.0,0.0,0.0,1.0,0.0,0.0,1.0,0.0,0.0,1.0,0.0,0.0,0.0,1.0,0.0,0.0,0.0,1.0,1.0,0.0,3.0,1.0,0.0,0.0,0.729370731222599,1.0,0.0,0.0,1.0,0.0,0.0,1.0,0.0,0.0
7005-CCBKV,0,-1.0738427650786138,0.6526976111463211,-0.7619088873488846,0.0,1.0,1.0,0.0,1.0,0.0,0.0,1.0,1.0,0.0,0.0,0.0,1.0,0.0,1.0,0.0,0.0,0.0,0.0,1.0,1.0,0.0,0.0,1.0,0.0,0.0,1.0,0.0,0.0,0.0,0.0,1.0,1.0,0.0,0.0,0.0,1.0,0.0,0.0,1.0,0.0,0.0,1.0,4.0,1.0,0.0,0.0,0.7095162458845703,1.0,0.0,0.0,1.0,0.0,0.0,1.0,0.0,0.0
1810-BOHSY,0,0.758573602322752,1.0515288911861906,1.159330166923433,0.0,1.0,0.0,1.0,1.0,0.0,0.0,1.0,0.0,0.0,1.0,0.0,1.0,0.0,0.0,0.0,1.0,0.0,0.0,1.0,1.0,0.0,0.0,1.0,0.0,0.0,1.0,0.0,0.0,0.0,0.0,1.0,0.0,1.0,0.0,0.0,1.0,0.0,1.0,0.0,0.0,1.0,0.0,6.0,0.0,1.0,0.0,1.5283028085522152,0.0,1.0,0.0,0.0,1.0,0.0,0.0,1.0,0.0
1784-BXEFA,0,-0.9109613101984924,-1.4694171580658184,-0.9247070619708988,1.0,0.0,1.0,0.0,1.0,0.0,0.0,1.0,1.0,0.0,0.0,0.0,0.0,1.0,0.0,1.0,0.0,0.0,1.0,0.0,0.0,1.0,0.0,0.0,1.0,0.0,0.0,1.0,0.0,0.0,1.0,0.0,1.0,0.0,0.0,0.0,1.0,0.0,0.0,0.0,1.0,1.0,0.0,1.0,1.0,0.0,0.0,1.0150892816396466,1.0,0.0,0.0,1.0,0.0,0.0,1.0,0.0,0.0
7351-MHQVU,0,-1.0738427650786138,-0.4590445819648154,-0.8716542692925866,1.0,0.0,1.0,0.0,1.0,0.0,1.0,0.0,0.0,1.0,0.0,1.0,0.0,0.0,0.0,0.0,1.0,0.0,0.0,1.0,1.0,0.0,0.0,0.0,0.0,1.0,1.0,0.0,0.0,0.0,0.0,1.0,1.0,0.0,0.0,1.0,0.0,0.0,1.0,0.0,0.0,1.0,0.0,5.0,1.0,0.0,0.0,0.8117149899769308,1.0,0.0,0.0,1.0,0.0,0.0,1.0,0.0,0.0
9224-VTYID,0,0.5956921474426305,0.8554368451665879,0.8978383563584796,0.0,1.0,0.0,1.0,0.0,1.0,0.0,1.0,0.0,0.0,1.0,1.0,0.0,0.0,0.0,0.0,1.0,0.0,0.0,1.0,0.0,0.0,1.0,0.0,0.0,1.0,0.0,0.0,1.0,0.0,0.0,1.0,0.0,0.0,1.0,0.0,1.0,0.0,0.0,0.0,1.0,1.0,0.0,9.0,0.0,1.0,0.0,1.5072187206311092,0.0,1.0,0.0,0.0,1.0,0.0,0.0,1.0,0.0
9500-IWPXQ,0,1.1657772395230555,0.48651791112970877,1.119402701331855,1.0,0.0,0.0,1.0,0.0,1.0,0.0,1.0,0.0,0.0,1.0,1.0,0.0,0.0,0.0,0.0,1.0,0.0,0.0,1.0,0.0,0.0,1.0,0.0,0.0,1.0,1.0,0.0,0.0,0.0,0.0,1.0,0.0,1.0,0.0,0.0,1.0,0.0,0.0,1.0,0.0,1.0,0.0,8.0,0.0,1.0,0.0,0.9602200689643132,0.0,1.0,0.0,0.0,1.0,0.0,0.0,1.0,0.0
5762-TJXGK,0,0.7992939660427822,-0.19980424993890028,0.3332066385231036,1.0,0.0,1.0,0.0,1.0,0.0,1.0,0.0,0.0,1.0,0.0,1.0,0.0,0.0,0.0,0.0,1.0,0.0,0.0,1.0,0.0,0.0,1.0,1.0,0.0,0.0,0.0,0.0,1.0,0.0,0.0,1.0,0.0,0.0,1.0,0.0,1.0,1.0,0.0,0.0,0.0,1.0,0.0,6.0,0.0,1.0,0.0,0.4168762091033585,0.0,1.0,0.0,0.0,1.0,0.0,0.0,1.0,0.0
4504-YOULA,0,0.10704778280226633,-0.17653909193657447,-0.06459003938459044,1.0,0.0,0.0,1.0,0.0,1.0,0.0,1.0,0.0,0.0,1.0,1.0,0.0,0.0,0.0,0.0,1.0,0.0,0.0,1.0,1.0,0.0,0.0,1.0,0.0,0.0,1.0,0.0,0.0,1.0,0.0,0.0,1.0,0.0,0.0,0.0,1.0,0.0,1.0,0.0,0.0,1.0,0.0,5.0,0.0,0.0,1.0,-0.6033757794301835,0.0,0.0,1.0,0.0,0.0,1.0,0.0,0.0,1.0
5569-IDSEY,0,1.5729808767233588,1.3606231332170895,2.2892553837918355,0.0,1.0,0.0,1.0,1.0,0.0,0.0,1.0,0.0,0.0,1.0,0.0,1.0,0.0,1.0,0.0,0.0,0.0,0.0,1.0,0.0,0.0,1.0,1.0,0.0,0.0,0.0,0.0,1.0,0.0,0.0,1.0,0.0,1.0,0.0,0.0,1.0,1.0,0.0,0.0,0.0,1.0,0.0,7.0,0.0,1.0,0.0,1.4553612301762575,0.0,1.0,0.0,0.0,1.0,0.0,0.0,1.0,0.0
4250-FDVOU,0,-1.0738427650786138,-0.28289409994720643,-0.8356974908869114,1.0,0.0,1.0,0.0,1.0,0.0,0.0,1.0,1.0,0.0,0.0,1.0,0.0,0.0,0.0,0.0,1.0,0.0,0.0,1.0,1.0,0.0,0.0,1.0,0.0,0.0,1.0,0.0,0.0,1.0,0.0,0.0,1.0,0.0,0.0,1.0,0.0,0.0,0.0,1.0,0.0,0.0,1.0,4.0,1.0,0.0,0.0,0.7782307783446599,1.0,0.0,0.0,1.0,0.0,0.0,1.0,0.0,0.0
7284-ZZLOH,0,0.5142514200025698,-0.3809401229570078,0.005713183179143828,0.0,1.0,0.0,1.0,1.0,0.0,0.0,1.0,1.0,0.0,0.0,1.0,0.0,0.0,0.0,0.0,1.0,1.0,0.0,0.0,0.0,0.0,1.0,1.0,0.0,0.0,1.0,0.0,0.0,1.0,0.0,0.0,0.0,0.0,1.0,1.0,0.0,0.0,1.0,0.0,0.0,1.0,0.0,4.0,0.0,1.0,0.0,0.011109708125094294,0.0,1.0,0.0,0.0,1.0,0.0,0.0,1.0,0.0
5277-ZLOOR,1,-1.2367242199587352,0.6909189421501416,-0.9246629432243888,1.0,0.0,1.0,0.0,1.0,0.0,0.0,1.0,0.0,0.0,1.0,0.0,1.0,0.0,1.0,0.0,0.0,1.0,0.0,0.0,1.0,0.0,0.0,1.0,0.0,0.0,0.0,0.0,1.0,1.0,0.0,0.0,1.0,0.0,0.0,0.0,1.0,0.0,0.0,1.0,0.0,0.0,1.0,4.0,1.0,0.0,0.0,0.7476710881066446,1.0,0.0,0.0,1.0,0.0,0.0,1.0,0.0,0.0
2141-RRYGO,0,-1.1552834925186746,0.12923155609399228,-0.8921033082999859,1.0,0.0,1.0,0.0,1.0,0.0,0.0,1.0,1.0,0.0,0.0,1.0,0.0,0.0,1.0,0.0,0.0,0.0,0.0,1.0,1.0,0.0,0.0,1.0,0.0,0.0,0.0,0.0,1.0,0.0,0.0,1.0,1.0,0.0,0.0,0.0,1.0,1.0,0.0,0.0,0.0,0.0,1.0,5.0,1.0,0.0,0.0,0.7721942831149433,1.0,0.0,0.0,1.0,0.0,0.0,1.0,0.0,0.0
1777-JYQPJ,0,-1.2367242199587352,-1.3447823830533592,-0.9903998755243348,0.0,1.0,1.0,0.0,1.0,0.0,1.0,0.0,0.0,1.0,0.0,1.0,0.0,0.0,1.0,0.0,0.0,1.0,0.0,0.0,1.0,0.0,0.0,1.0,0.0,0.0,1.0,0.0,0.0,1.0,0.0,0.0,1.0,0.0,0.0,1.0,0.0,0.0,0.0,0.0,1.0,1.0,0.0,1.0,1.0,0.0,0.0,0.8008251633960729,1.0,0.0,0.0,1.0,0.0,0.0,1.0,0.0,0.0
6376-GAHQE,0,-1.1552834925186746,0.4350022041245586,-0.8753602439994291,0.0,1.0,1.0,0.0,1.0,0.0,0.0,1.0,1.0,0.0,0.0,0.0,1.0,0.0,1.0,0.0,0.0,1.0,0.0,0.0,1.0,0.0,0.0,1.0,0.0,0.0,0.0,0.0,1.0,1.0,0.0,0.0,1.0,0.0,0.0,1.0,0.0,0.0,0.0,1.0,0.0,0.0,1.0,3.0,1.0,0.0,0.0,0.7577016807286194,1.0,0.0,0.0,1.0,0.0,0.0,1.0,0.0,0.0
3401-URHDA,0,0.758573602322752,-0.1615829189350795,0.33543463522186007,0.0,1.0,1.0,0.0,1.0,0.0,0.0,1.0,0.0,0.0,1.0,1.0,0.0,0.0,0.0,0.0,1.0,1.0,0.0,0.0,1.0,0.0,0.0,0.0,0.0,1.0,1.0,0.0,0.0,1.0,0.0,0.0,0.0,1.0,0.0,1.0,0.0,0.0,1.0,0.0,0.0,1.0,0.0,5.0,0.0,1.0,0.0,0.4421912840029753,0.0,1.0,0.0,0.0,1.0,0.0,0.0,1.0,0.0
1599-EAHXY,0,1.125056875803025,-1.3564149620545218,-0.34275873613033553,0.0,1.0,0.0,1.0,0.0,1.0,0.0,1.0,0.0,0.0,1.0,0.0,0.0,1.0,0.0,1.0,0.0,0.0,1.0,0.0,0.0,1.0,0.0,0.0,1.0,0.0,0.0,1.0,0.0,0.0,1.0,0.0,0.0,1.0,0.0,1.0,0.0,0.0,1.0,0.0,0.0,1.0,0.0,2.0,0.0,1.0,0.0,-0.3046590296918871,0.0,1.0,0.0,0.0,1.0,0.0,0.0,1.0,0.0
8631-XVRZL,0,-0.9516816739185228,-1.4827115340671475,-0.9351411455205211,0.0,1.0,1.0,0.0,1.0,0.0,0.0,1.0,1.0,0.0,0.0,0.0,0.0,1.0,0.0,1.0,0.0,0.0,1.0,0.0,0.0,1.0,0.0,0.0,1.0,0.0,0.0,1.0,0.0,0.0,1.0,0.0,0.0,1.0,0.0,0.0,1.0,0.0,0.0,0.0,1.0,1.0,0.0,1.0,1.0,0.0,0.0,0.9826196838172826,1.0,0.0,0.0,1.0,0.0,0.0,1.0,0.0,0.0
5052-PNLOS,0,-1.1960038562387048,1.3489905542159264,-0.8647496854637666,0.0,1.0,1.0,0.0,1.0,0.0,0.0,1.0,0.0,0.0,1.0,0.0,1.0,0.0,1.0,0.0,0.0,0.0,0.0,1.0,0.0,0.0,1.0,1.0,0.0,0.0,0.0,0.0,1.0,0.0,0.0,1.0,1.0,0.0,0.0,0.0,1.0,1.0,0.0,0.0,0.0,0.0,1.0,7.0,1.0,0.0,0.0,0.7230325228074979,1.0,0.0,0.0,1.0,0.0,0.0,1.0,0.0,0.0
3853-LYGAM,0,-0.62591876415828,1.0266019361836989,-0.28381609079293424,0.0,1.0,1.0,0.0,1.0,0.0,0.0,1.0,0.0,0.0,1.0,0.0,1.0,0.0,1.0,0.0,0.0,1.0,0.0,0.0,0.0,0.0,1.0,0.0,0.0,1.0,1.0,0.0,0.0,0.0,0.0,1.0,1.0,0.0,0.0,0.0,1.0,1.0,0.0,0.0,0.0,1.0,0.0,6.0,1.0,0.0,0.0,0.4534391794031021,1.0,0.0,0.0,1.0,0.0,0.0,1.0,0.0,0.0
6979-ZNSFF,0,-0.9924020376385531,0.7407728521551253,-0.6711345664044959,1.0,0.0,1.0,0.0,1.0,0.0,0.0,1.0,0.0,0.0,1.0,0.0,1.0,0.0,1.0,0.0,0.0,1.0,0.0,0.0,1.0,0.0,0.0,1.0,0.0,0.0,0.0,0.0,1.0,1.0,0.0,0.0,1.0,0.0,0.0,0.0,1.0,0.0,0.0,1.0,0.0,0.0,1.0,4.0,1.0,0.0,0.0,0.6762728621572345,1.0,0.0,0.0,1.0,0.0,0.0,1.0,0.0,0.0
5751-USDBL,0,0.5549717837226001,0.5396954151350245,0.6895978728311334,0.0,1.0,0.0,1.0,0.0,1.0,0.0,1.0,1.0,0.0,0.0,1.0,0.0,0.0,0.0,0.0,1.0,1.0,0.0,0.0,0.0,0.0,1.0,0.0,0.0,1.0,0.0,0.0,1.0,0.0,0.0,1.0,0.0,0.0,1.0,1.0,0.0,0.0,0.0,0.0,1.0,1.0,0.0,7.0,0.0,1.0,0.0,1.2425818628210212,0.0,1.0,0.0,0.0,1.0,0.0,0.0,1.0,0.0
5680-LQOGP,0,1.4508197855632678,0.5878875281398422,1.4838456068779657,1.0,0.0,1.0,0.0,1.0,0.0,0.0,1.0,1.0,0.0,0.0,1.0,0.0,0.0,0.0,0.0,1.0,0.0,0.0,1.0,0.0,0.0,1.0,0.0,0.0,1.0,0.0,0.0,1.0,0.0,0.0,1.0,0.0,0.0,1.0,0.0,1.0,0.0,1.0,0.0,0.0,1.0,0.0,8.0,0.0,1.0,0.0,1.022763558674433,0.0,1.0,0.0,0.0,1.0,0.0,0.0,1.0,0.0
2386-LAHRK,0,-1.2774445836787656,-0.3742929349563432,-0.9837600041745751,0.0,1.0,1.0,0.0,1.0,0.0,0.0,1.0,1.0,0.0,0.0,1.0,0.0,0.0,1.0,0.0,0.0,1.0,0.0,0.0,1.0,0.0,0.0,1.0,0.0,0.0,0.0,0.0,1.0,1.0,0.0,0.0,1.0,0.0,0.0,0.0,1.0,0.0,0.0,0.0,1.0,0.0,1.0,3.0,1.0,0.0,0.0,0.7700999454250751,1.0,0.0,0.0,1.0,0.0,0.0,1.0,0.0,0.0
8189-DUKMV,0,-1.1552834925186746,-1.4710789550659844,-0.9724876644412621,1.0,0.0,0.0,1.0,1.0,0.0,0.0,1.0,1.0,0.0,0.0,0.0,0.0,1.0,0.0,1.0,0.0,0.0,1.0,0.0,0.0,1.0,0.0,0.0,1.0,0.0,0.0,1.0,0.0,0.0,1.0,0.0,0.0,1.0,0.0,1.0,0.0,1.0,0.0,0.0,0.0,1.0,0.0,1.0,1.0,0.0,0.0,0.8417740500395338,1.0,0.0,0.0,1.0,0.0,0.0,1.0,0.0,0.0
6032-IGALN,0,-1.2774445836787656,-1.3181936310507012,-0.996289728183424,1.0,0.0,1.0,0.0,1.0,0.0,1.0,0.0,0.0,1.0,0.0,1.0,0.0,0.0,1.0,0.0,0.0,1.0,0.0,0.0,1.0,0.0,0.0,1.0,0.0,0.0,1.0,0.0,0.0,1.0,0.0,0.0,1.0,0.0,0.0,0.0,1.0,0.0,0.0,0.0,1.0,0.0,1.0,1.0,1.0,0.0,0.0,0.7799083740402452,1.0,0.0,0.0,1.0,0.0,0.0,1.0,0.0,0.0
9931-DCEZH,0,-0.1779947632379461,-0.34438058895335305,-0.33825862398631246,0.0,1.0,1.0,0.0,0.0,1.0,0.0,1.0,1.0,0.0,0.0,1.0,0.0,0.0,1.0,0.0,0.0,0.0,0.0,1.0,1.0,0.0,0.0,0.0,0.0,1.0,1.0,0.0,0.0,1.0,0.0,0.0,0.0,1.0,0.0,0.0,1.0,0.0,1.0,0.0,0.0,1.0,0.0,4.0,0.0,0.0,1.0,1.9003852575939169,0.0,0.0,1.0,0.0,0.0,1.0,0.0,0.0,1.0
1898-JSNDC,0,0.26992923768238775,-0.2047896409393986,-0.025942017441803373,1.0,0.0,1.0,0.0,1.0,0.0,0.0,1.0,1.0,0.0,0.0,1.0,0.0,0.0,1.0,0.0,0.0,0.0,0.0,1.0,1.0,0.0,0.0,1.0,0.0,0.0,0.0,0.0,1.0,1.0,0.0,0.0,0.0,1.0,0.0,0.0,1.0,0.0,1.0,0.0,0.0,1.0,0.0,4.0,0.0,0.0,1.0,-0.09610673398903179,0.0,0.0,1.0,0.0,0.0,1.0,0.0,0.0,1.0
0315-LVCRK,0,-0.8702409464784621,0.6659919871476498,-0.6152581739495417,0.0,1.0,1.0,0.0,1.0,0.0,0.0,1.0,1.0,0.0,0.0,0.0,1.0,0.0,1.0,0.0,0.0,1.0,0.0,0.0,0.0,0.0,1.0,1.0,0.0,0.0,1.0,0.0,0.0,0.0,0.0,1.0,1.0,0.0,0.0,1.0,0.0,0.0,0.0,1.0,0.0,1.0,0.0,4.0,1.0,0.0,0.0,0.7069975004500308,1.0,0.0,0.0,1.0,0.0,0.0,1.0,0.0,0.0
3911-RSNHI,0,1.5729808767233588,-0.11172900893009581,0.8943088566376772,1.0,0.0,0.0,1.0,1.0,0.0,1.0,0.0,0.0,1.0,0.0,1.0,0.0,0.0,1.0,0.0,0.0,0.0,0.0,1.0,0.0,0.0,1.0,0.0,0.0,1.0,0.0,0.0,1.0,0.0,0.0,1.0,0.0,0.0,1.0,0.0,1.0,0.0,1.0,0.0,0.0,1.0,0.0,6.0,0.0,1.0,0.0,0.56854401084684,0.0,1.0,0.0,0.0,1.0,0.0,0.0,1.0,0.0
2410-CIYFZ,0,-1.2367242199587352,-1.4744025490663168,-0.9884365913046383,0.0,1.0,1.0,0.0,0.0,1.0,0.0,1.0,1.0,0.0,0.0,0.0,0.0,1.0,0.0,1.0,0.0,0.0,1.0,0.0,0.0,1.0,0.0,0.0,1.0,0.0,0.0,1.0,0.0,0.0,1.0,0.0,1.0,0.0,0.0,1.0,0.0,0.0,0.0,0.0,1.0,1.0,0.0,1.0,1.0,0.0,0.0,0.7992376759125965,1.0,0.0,0.0,1.0,0.0,0.0,1.0,0.0,0.0
4248-HCETZ,1,-0.0965540357978854,0.4948268961305394,0.03611099952455519,0.0,1.0,0.0,1.0,1.0,0.0,0.0,1.0,1.0,0.0,0.0,0.0,1.0,0.0,1.0,0.0,0.0,0.0,0.0,1.0,0.0,0.0,1.0,1.0,0.0,0.0,1.0,0.0,0.0,1.0,0.0,0.0,1.0,0.0,0.0,0.0,1.0,0.0,0.0,0.0,1.0,0.0,1.0,4.0,0.0,0.0,1.0,-0.3739978264621233,0.0,0.0,1.0,0.0,0.0,1.0,0.0,0.0,1.0
5505-OVWQW,0,-0.62591876415828,-1.4827115340671475,-0.8513375865247172,1.0,0.0,1.0,0.0,1.0,0.0,0.0,1.0,1.0,0.0,0.0,0.0,0.0,1.0,0.0,1.0,0.0,0.0,1.0,0.0,0.0,1.0,0.0,0.0,1.0,0.0,0.0,1.0,0.0,0.0,1.0,0.0,0.0,1.0,0.0,1.0,0.0,0.0,0.0,0.0,1.0,1.0,0.0,1.0,1.0,0.0,0.0,1.3601407007977704,1.0,0.0,0.0,1.0,0.0,0.0,1.0,0.0,0.0
7271-AJDTL,0,0.9214550572028734,0.9867188081797118,1.2308245956429382,1.0,0.0,0.0,1.0,1.0,0.0,0.0,1.0,0.0,0.0,1.0,0.0,1.0,0.0,1.0,0.0,0.0,0.0,0.0,1.0,0.0,0.0,1.0,1.0,0.0,0.0,0.0,0.0,1.0,1.0,0.0,0.0,1.0,0.0,0.0,0.0,1.0,0.0,1.0,0.0,0.0,1.0,0.0,6.0,0.0,1.0,0.0,1.335740236077463,0.0,1.0,0.0,0.0,1.0,0.0,0.0,1.0,0.0
1867-TJHTS,0,1.0436161483629645,0.4998122871310375,0.9898259428318942,1.0,0.0,1.0,0.0,1.0,0.0,0.0,1.0,0.0,0.0,1.0,0.0,1.0,0.0,0.0,0.0,1.0,1.0,0.0,0.0,1.0,0.0,0.0,1.0,0.0,0.0,1.0,0.0,0.0,1.0,0.0,0.0,1.0,0.0,0.0,0.0,1.0,1.0,0.0,0.0,0.0,1.0,0.0,4.0,0.0,1.0,0.0,0.9484578639230079,0.0,1.0,0.0,0.0,1.0,0.0,0.0,1.0,0.0
0516-WJVXC,0,-1.1145631287986442,-0.3510277769540174,-0.8713674974402713,1.0,0.0,1.0,0.0,1.0,0.0,0.0,1.0,1.0,0.0,0.0,1.0,0.0,0.0,0.0,0.0,1.0,1.0,0.0,0.0,1.0,0.0,0.0,0.0,0.0,1.0,1.0,0.0,0.0,1.0,0.0,0.0,1.0,0.0,0.0,1.0,0.0,0.0,0.0,1.0,0.0,0.0,1.0,4.0,1.0,0.0,0.0,0.7818018333151694,1.0,0.0,0.0,1.0,0.0,0.0,1.0,0.0,0.0
9174-FKWZE,1,-1.2774445836787656,-1.505976692069473,-0.9987824373612407,1.0,0.0,1.0,0.0,1.0,0.0,0.0,1.0,1.0,0.0,0.0,0.0,0.0,1.0,0.0,1.0,0.0,0.0,1.0,0.0,0.0,1.0,0.0,0.0,1.0,0.0,0.0,1.0,0.0,0.0,1.0,0.0,1.0,0.0,0.0,0.0,1.0,0.0,0.0,1.0,0.0,0.0,1.0,1.0,1.0,0.0,0.0,0.7818596987471365,1.0,0.0,0.0,1.0,0.0,0.0,1.0,0.0,0.0
6860-YRJZP,1,-0.9516816739185228,0.3087056321119333,-0.7080398978601368,0.0,1.0,1.0,0.0,1.0,0.0,0.0,1.0,0.0,0.0,1.0,0.0,1.0,0.0,1.0,0.0,0.0,1.0,0.0,0.0,1.0,0.0,0.0,1.0,0.0,0.0,1.0,0.0,0.0,1.0,0.0,0.0,1.0,0.0,0.0,0.0,1.0,0.0,0.0,1.0,0.0,1.0,0.0,3.0,1.0,0.0,0.0,0.7439881603948537,1.0,0.0,0.0,1.0,0.0,0.0,1.0,0.0,0.0
4429-WYGFR,0,-0.2594354906780068,-0.518869273970796,-0.4614822829888289,0.0,1.0,1.0,0.0,1.0,0.0,0.0,1.0,1.0,0.0,0.0,1.0,0.0,0.0,1.0,0.0,0.0,1.0,0.0,0.0,1.0,0.0,0.0,0.0,0.0,1.0,1.0,0.0,0.0,1.0,0.0,0.0,1.0,0.0,0.0,1.0,0.0,1.0,0.0,0.0,0.0,1.0,0.0,3.0,0.0,0.0,1.0,1.7787939567666493,0.0,0.0,1.0,0.0,0.0,1.0,0.0,0.0,1.0
2817-LVCPP,0,0.7178532386027215,-1.5076384890696393,-0.5556096286679798,1.0,0.0,1.0,0.0,1.0,0.0,0.0,1.0,1.0,0.0,0.0,0.0,0.0,1.0,0.0,1.0,0.0,0.0,1.0,0.0,0.0,1.0,0.0,0.0,1.0,0.0,0.0,1.0,0.0,0.0,1.0,0.0,0.0,0.0,1.0,1.0,0.0,0.0,1.0,0.0,0.0,1.0,0.0,1.0,0.0,1.0,0.0,-0.7739877718591285,0.0,1.0,0.0,0.0,1.0,0.0,0.0,1.0,0.0
5038-ETMLM,0,1.6137012404433893,1.624848856243503,2.6027631964921154,1.0,0.0,0.0,1.0,1.0,0.0,0.0,1.0,0.0,0.0,1.0,0.0,1.0,0.0,0.0,0.0,1.0,0.0,0.0,1.0,0.0,0.0,1.0,0.0,0.0,1.0,0.0,0.0,1.0,0.0,0.0,1.0,0.0,0.0,1.0,0.0,1.0,1.0,0.0,0.0,0.0,1.0,0.0,9.0,0.0,1.0,0.0,1.6129151612828694,0.0,1.0,0.0,0.0,1.0,0.0,0.0,1.0,0.0
5056-FIMPT,0,0.43281069256250915,1.3705939152180862,0.9922304145166908,1.0,0.0,1.0,0.0,0.0,1.0,0.0,1.0,1.0,0.0,0.0,0.0,1.0,0.0,0.0,0.0,1.0,0.0,0.0,1.0,1.0,0.0,0.0,0.0,0.0,1.0,0.0,0.0,1.0,0.0,0.0,1.0,0.0,1.0,0.0,0.0,1.0,0.0,1.0,0.0,0.0,1.0,0.0,7.0,0.0,0.0,1.0,2.292527498898117,0.0,0.0,1.0,0.0,0.0,1.0,0.0,0.0,1.0
4521-WFJAI,0,0.9621754209229036,-1.289943082047877,-0.3702667745793399,0.0,1.0,1.0,0.0,1.0,0.0,0.0,1.0,0.0,0.0,1.0,0.0,0.0,1.0,0.0,1.0,0.0,0.0,1.0,0.0,0.0,1.0,0.0,0.0,1.0,0.0,0.0,1.0,0.0,0.0,1.0,0.0,0.0,0.0,1.0,0.0,1.0,1.0,0.0,0.0,0.0,1.0,0.0,2.0,0.0,1.0,0.0,-0.38482252459139493,0.0,1.0,0.0,0.0,1.0,0.0,0.0,1.0,0.0
6569-KTMDU,0,-1.2774445836787656,-1.517609271070636,-0.9989368529740258,1.0,0.0,1.0,0.0,1.0,0.0,0.0,1.0,1.0,0.0,0.0,0.0,0.0,1.0,0.0,1.0,0.0,0.0,1.0,0.0,0.0,1.0,0.0,0.0,1.0,0.0,0.0,1.0,0.0,0.0,1.0,0.0,1.0,0.0,0.0,1.0,0.0,0.0,0.0,0.0,1.0,1.0,0.0,1.0,1.0,0.0,0.0,0.7819805772688022,1.0,0.0,0.0,1.0,0.0,0.0,1.0,0.0,0.0
8809-RIHDD,0,1.6137012404433893,1.284180471209448,2.2453572310143546,0.0,1.0,0.0,1.0,0.0,1.0,0.0,1.0,0.0,0.0,1.0,0.0,1.0,0.0,1.0,0.0,0.0,0.0,0.0,1.0,0.0,0.0,1.0,1.0,0.0,0.0,0.0,0.0,1.0,0.0,0.0,1.0,0.0,0.0,1.0,0.0,1.0,0.0,0.0,1.0,0.0,0.0,1.0,7.0,0.0,1.0,0.0,1.3914330451883448,0.0,1.0,0.0,0.0,1.0,0.0,0.0,1.0,0.0
8809-XKHMD,0,1.6137012404433893,1.1894580421999785,2.224378767048835,0.0,1.0,0.0,1.0,1.0,0.0,0.0,1.0,0.0,0.0,1.0,0.0,1.0,0.0,0.0,0.0,1.0,0.0,0.0,1.0,1.0,0.0,0.0,0.0,0.0,1.0,1.0,0.0,0.0,0.0,0.0,1.0,0.0,0.0,1.0,0.0,1.0,1.0,0.0,0.0,0.0,1.0,0.0,7.0,0.0,1.0,0.0,1.3784328296343458,0.0,1.0,0.0,0.0,1.0,0.0,0.0,1.0,0.0
0396-YCHWO,0,0.14776814652229667,1.0182929511828682,0.5254099576940532,0.0,1.0,0.0,1.0,1.0,0.0,0.0,1.0,0.0,0.0,1.0,0.0,1.0,0.0,1.0,0.0,0.0,1.0,0.0,0.0,1.0,0.0,0.0,1.0,0.0,0.0,0.0,0.0,1.0,0.0,0.0,1.0,1.0,0.0,0.0,0.0,1.0,0.0,0.0,1.0,0.0,1.0,0.0,5.0,0.0,0.0,1.0,3.5556374635501995,0.0,0.0,1.0,0.0,0.0,1.0,0.0,0.0,1.0
0867-LDTTC,0,-1.1145631287986442,0.34526516611558833,-0.8341312753858051,0.0,1.0,1.0,0.0,1.0,0.0,0.0,1.0,1.0,0.0,0.0,1.0,0.0,0.0,1.0,0.0,0.0,1.0,0.0,0.0,0.0,0.0,1.0,0.0,0.0,1.0,0.0,0.0,1.0,0.0,0.0,1.0,1.0,0.0,0.0,1.0,0.0,1.0,0.0,0.0,0.0,1.0,0.0,6.0,1.0,0.0,0.0,0.7483930284728614,1.0,0.0,0.0,1.0,0.0,0.0,1.0,0.0,0.0
4822-NGOCH,0,-0.7888002190384014,0.6543594081464871,-0.5403224830022542,1.0,0.0,1.0,0.0,1.0,0.0,0.0,1.0,0.0,0.0,1.0,0.0,1.0,0.0,1.0,0.0,0.0,0.0,0.0,1.0,0.0,0.0,1.0,1.0,0.0,0.0,1.0,0.0,0.0,1.0,0.0,0.0,1.0,0.0,0.0,0.0,1.0,0.0,0.0,1.0,0.0,0.0,1.0,5.0,1.0,0.0,0.0,0.6849928156218597,1.0,0.0,0.0,1.0,0.0,0.0,1.0,0.0,0.0
9391-DXGGG,1,0.47353105628253944,0.8105683261621028,0.7533053427916182,1.0,0.0,1.0,0.0,1.0,0.0,0.0,1.0,1.0,0.0,0.0,0.0,1.0,0.0,1.0,0.0,0.0,0.0,0.0,1.0,0.0,0.0,1.0,1.0,0.0,0.0,1.0,0.0,0.0,0.0,0.0,1.0,0.0,1.0,0.0,1.0,0.0,0.0,1.0,0.0,0.0,1.0,0.0,5.0,0.0,0.0,1.0,1.590825633920296,0.0,0.0,1.0,0.0,0.0,1.0,0.0,0.0,1.0
9844-FELAJ,1,1.5322605130033284,1.433742201224399,2.2908877774127068,1.0,0.0,0.0,1.0,0.0,1.0,0.0,1.0,0.0,0.0,1.0,0.0,1.0,0.0,1.0,0.0,0.0,0.0,0.0,1.0,0.0,0.0,1.0,0.0,0.0,1.0,0.0,0.0,1.0,0.0,0.0,1.0,0.0,1.0,0.0,0.0,1.0,0.0,0.0,1.0,0.0,1.0,0.0,8.0,0.0,1.0,0.0,1.4951033182486837,0.0,1.0,0.0,0.0,1.0,0.0,0.0,1.0,0.0
2122-SZZZD,0,0.47353105628253944,-1.504314895069307,-0.6387514064661332,0.0,1.0,1.0,0.0,1.0,0.0,0.0,1.0,1.0,0.0,0.0,0.0,0.0,1.0,0.0,1.0,0.0,0.0,1.0,0.0,0.0,1.0,0.0,0.0,1.0,0.0,0.0,1.0,0.0,0.0,1.0,0.0,0.0,1.0,0.0,1.0,0.0,0.0,1.0,0.0,0.0,1.0,0.0,1.0,0.0,0.0,1.0,-1.3489113290280426,0.0,0.0,1.0,0.0,0.0,1.0,0.0,0.0,1.0
5307-DZCVC,1,-0.015113308357824713,0.7042133181514708,0.15234183720523162,1.0,0.0,0.0,1.0,1.0,0.0,0.0,1.0,0.0,0.0,1.0,0.0,1.0,0.0,1.0,0.0,0.0,1.0,0.0,0.0,1.0,0.0,0.0,1.0,0.0,0.0,0.0,0.0,1.0,1.0,0.0,0.0,1.0,0.0,0.0,0.0,1.0,0.0,1.0,0.0,0.0,0.0,1.0,4.0,0.0,0.0,1.0,-10.07997941935451,0.0,0.0,1.0,0.0,0.0,1.0,0.0,0.0,1.0
3148-AOIQT,0,1.4915401492832983,-1.3231790220511994,-0.24924905290232502,1.0,0.0,0.0,1.0,1.0,0.0,0.0,1.0,0.0,0.0,1.0,0.0,0.0,1.0,0.0,1.0,0.0,0.0,1.0,0.0,0.0,1.0,0.0,0.0,1.0,0.0,0.0,1.0,0.0,0.0,1.0,0.0,0.0,0.0,1.0,0.0,1.0,0.0,1.0,0.0,0.0,1.0,0.0,2.0,0.0,1.0,0.0,-0.16710851063720408,0.0,1.0,0.0,0.0,1.0,0.0,0.0,1.0,0.0
8679-JOEVF,1,-0.6666391278783103,-0.17820088893674074,-0.5556316880412349,1.0,0.0,1.0,0.0,1.0,0.0,0.0,1.0,1.0,0.0,0.0,1.0,0.0,0.0,1.0,0.0,0.0,1.0,0.0,0.0,1.0,0.0,0.0,0.0,0.0,1.0,0.0,0.0,1.0,1.0,0.0,0.0,1.0,0.0,0.0,1.0,0.0,0.0,0.0,1.0,0.0,0.0,1.0,4.0,1.0,0.0,0.0,0.833481961686865,1.0,0.0,0.0,1.0,0.0,0.0,1.0,0.0,0.0
8395-ETZKQ,1,1.4508197855632678,-1.504314895069307,-0.4807842345869674,0.0,1.0,0.0,1.0,0.0,1.0,0.0,1.0,1.0,0.0,0.0,0.0,0.0,1.0,0.0,1.0,0.0,0.0,1.0,0.0,0.0,1.0,0.0,0.0,1.0,0.0,0.0,1.0,0.0,0.0,1.0,0.0,0.0,1.0,0.0,1.0,0.0,1.0,0.0,0.0,0.0,1.0,0.0,1.0,0.0,1.0,0.0,-0.33138797759110183,0.0,1.0,0.0,0.0,1.0,0.0,0.0,1.0,0.0
6692-YQHXC,0,-0.6666391278783103,0.1724382780983114,-0.4755120443790187,0.0,1.0,1.0,0.0,1.0,0.0,0.0,1.0,1.0,0.0,0.0,0.0,1.0,0.0,1.0,0.0,0.0,1.0,0.0,0.0,1.0,0.0,0.0,1.0,0.0,0.0,1.0,0.0,0.0,1.0,0.0,0.0,1.0,0.0,0.0,0.0,1.0,0.0,1.0,0.0,0.0,1.0,0.0,2.0,1.0,0.0,0.0,0.7132975315931646,1.0,0.0,0.0,1.0,0.0,0.0,1.0,0.0,0.0
3889-VWBID,0,1.4508197855632678,0.6011819041411709,1.5411337992212406,0.0,1.0,0.0,1.0,0.0,1.0,0.0,1.0,1.0,0.0,0.0,1.0,0.0,0.0,0.0,0.0,1.0,0.0,0.0,1.0,1.0,0.0,0.0,0.0,0.0,1.0,0.0,0.0,1.0,0.0,0.0,1.0,0.0,0.0,1.0,1.0,0.0,1.0,0.0,0.0,0.0,1.0,0.0,7.0,0.0,1.0,0.0,1.0622503322305528,0.0,1.0,0.0,0.0,1.0,0.0,0.0,1.0,0.0
5222-JCXZT,0,-1.1552834925186746,-1.5209328650709681,-0.9725538425610273,0.0,1.0,1.0,0.0,1.0,0.0,0.0,1.0,1.0,0.0,0.0,0.0,0.0,1.0,0.0,1.0,0.0,0.0,1.0,0.0,0.0,1.0,0.0,0.0,1.0,0.0,0.0,1.0,0.0,0.0,1.0,0.0,1.0,0.0,0.0,1.0,0.0,0.0,0.0,0.0,1.0,1.0,0.0,1.0,1.0,0.0,0.0,0.8418313330529186,1.0,0.0,0.0,1.0,0.0,0.0,1.0,0.0,0.0
9754-CLVZW,0,-0.2594354906780068,-0.8611994560050172,-0.5550802037098594,1.0,0.0,0.0,1.0,0.0,1.0,1.0,0.0,0.0,1.0,0.0,1.0,0.0,0.0,0.0,0.0,1.0,0.0,0.0,1.0,1.0,0.0,0.0,0.0,0.0,1.0,1.0,0.0,0.0,1.0,0.0,0.0,1.0,0.0,0.0,1.0,0.0,0.0,1.0,0.0,0.0,1.0,0.0,4.0,0.0,0.0,1.0,2.139569271186517,0.0,0.0,1.0,0.0,0.0,1.0,0.0,0.0,1.0
1432-FPAXX,0,-0.13727439951791576,-1.1353959610324276,-0.6295526478187917,1.0,0.0,1.0,0.0,1.0,0.0,1.0,0.0,0.0,1.0,0.0,1.0,0.0,0.0,1.0,0.0,0.0,0.0,0.0,1.0,1.0,0.0,0.0,1.0,0.0,0.0,1.0,0.0,0.0,1.0,0.0,0.0,1.0,0.0,0.0,0.0,1.0,0.0,0.0,1.0,0.0,0.0,1.0,2.0,0.0,0.0,1.0,4.586089249194847,0.0,0.0,1.0,0.0,0.0,1.0,0.0,0.0,1.0
2739-CCZMB,0,-1.1145631287986442,-1.4760643460664828,-0.9535386628152039,0.0,1.0,1.0,0.0,0.0,1.0,0.0,1.0,1.0,0.0,0.0,0.0,0.0,1.0,0.0,1.0,0.0,0.0,1.0,0.0,0.0,1.0,0.0,0.0,1.0,0.0,0.0,1.0,0.0,0.0,1.0,0.0,1.0,0.0,0.0,1.0,0.0,0.0,1.0,0.0,0.0,1.0,0.0,1.0,1.0,0.0,0.0,0.8555268321526086,1.0,0.0,0.0,1.0,0.0,0.0,1.0,0.0,0.0
7080-TNUWP,0,1.5322605130033284,1.0049985751815391,1.9057531797533913,0.0,1.0,0.0,1.0,1.0,0.0,0.0,1.0,0.0,0.0,1.0,0.0,1.0,0.0,1.0,0.0,0.0,0.0,0.0,1.0,0.0,0.0,1.0,1.0,0.0,0.0,0.0,0.0,1.0,1.0,0.0,0.0,0.0,1.0,0.0,0.0,1.0,1.0,0.0,0.0,0.0,1.0,0.0,6.0,0.0,1.0,0.0,1.243752719319245,0.0,1.0,0.0,0.0,1.0,0.0,0.0,1.0,0.0
0496-AHOOK,0,-0.3408762181180675,0.32033821111309646,-0.25165352458712165,0.0,1.0,0.0,1.0,1.0,0.0,0.0,1.0,1.0,0.0,0.0,1.0,0.0,0.0,0.0,0.0,1.0,1.0,0.0,0.0,1.0,0.0,0.0,0.0,0.0,1.0,0.0,0.0,1.0,0.0,0.0,1.0,0.0,1.0,0.0,1.0,0.0,1.0,0.0,0.0,0.0,1.0,0.0,6.0,0.0,0.0,1.0,0.7382548597155515,0.0,0.0,1.0,0.0,0.0,1.0,0.0,0.0,1.0
8336-TAVKX,1,1.6137012404433893,0.45494376812655235,1.4995739400087915,1.0,0.0,0.0,1.0,1.0,0.0,0.0,1.0,0.0,0.0,1.0,1.0,0.0,0.0,0.0,0.0,1.0,0.0,0.0,1.0,0.0,0.0,1.0,0.0,0.0,1.0,1.0,0.0,0.0,0.0,0.0,1.0,0.0,0.0,1.0,1.0,0.0,1.0,0.0,0.0,0.0,1.0,0.0,8.0,0.0,1.0,0.0,0.9292760657460736,0.0,1.0,0.0,0.0,1.0,0.0,0.0,1.0,0.0
2468-SJFLM,0,-1.2774445836787656,0.3170146171127639,-0.9745833049004886,0.0,1.0,1.0,0.0,1.0,0.0,0.0,1.0,1.0,0.0,0.0,0.0,1.0,0.0,1.0,0.0,0.0,1.0,0.0,0.0,1.0,0.0,0.0,0.0,0.0,1.0,1.0,0.0,0.0,1.0,0.0,0.0,1.0,0.0,0.0,0.0,1.0,0.0,0.0,0.0,1.0,1.0,0.0,3.0,1.0,0.0,0.0,0.7629163075660772,1.0,0.0,0.0,1.0,0.0,0.0,1.0,0.0,0.0
3181-VTHOE,0,1.5322605130033284,-0.45572098796448335,0.5964190802019481,0.0,1.0,0.0,1.0,1.0,0.0,1.0,0.0,0.0,1.0,0.0,1.0,0.0,0.0,1.0,0.0,0.0,0.0,0.0,1.0,0.0,0.0,1.0,0.0,0.0,1.0,1.0,0.0,0.0,0.0,0.0,1.0,0.0,1.0,0.0,0.0,1.0,1.0,0.0,0.0,0.0,1.0,0.0,5.0,0.0,1.0,0.0,0.38924130403447427,0.0,1.0,0.0,0.0,1.0,0.0,0.0,1.0,0.0
7168-HDQHG,0,0.14776814652229667,-1.5142856770703037,-0.6972528643384341,1.0,0.0,0.0,1.0,0.0,1.0,0.0,1.0,1.0,0.0,0.0,0.0,0.0,1.0,0.0,1.0,0.0,0.0,1.0,0.0,0.0,1.0,0.0,0.0,1.0,0.0,0.0,1.0,0.0,0.0,1.0,0.0,1.0,0.0,0.0,1.0,0.0,1.0,0.0,0.0,0.0,1.0,0.0,1.0,0.0,0.0,1.0,-4.718559992448887,0.0,0.0,1.0,0.0,0.0,1.0,0.0,0.0,1.0
4803-AXVYP,1,0.22920887396235737,1.156222102196656,0.6401407579933888,1.0,0.0,1.0,0.0,1.0,0.0,0.0,1.0,0.0,0.0,1.0,0.0,1.0,0.0,1.0,0.0,0.0,1.0,0.0,0.0,1.0,0.0,0.0,0.0,0.0,1.0,0.0,0.0,1.0,0.0,0.0,1.0,1.0,0.0,0.0,0.0,1.0,0.0,0.0,1.0,0.0,0.0,1.0,6.0,0.0,0.0,1.0,2.792827114095583,0.0,0.0,1.0,0.0,0.0,1.0,0.0,0.0,1.0
3884-HCSWG,0,-0.62591876415828,0.17410007509847744,-0.5024244797501376,1.0,0.0,1.0,0.0,1.0,0.0,0.0,1.0,1.0,0.0,0.0,0.0,1.0,0.0,1.0,0.0,0.0,1.0,0.0,0.0,1.0,0.0,0.0,1.0,0.0,0.0,1.0,0.0,0.0,1.0,0.0,0.0,1.0,0.0,0.0,0.0,1.0,0.0,0.0,1.0,0.0,0.0,1.0,2.0,1.0,0.0,0.0,0.8026991816194959,1.0,0.0,0.0,1.0,0.0,0.0,1.0,0.0,0.0
4567-AKPIA,0,0.35136996512244845,1.4736253292283856,0.9577957328656116,1.0,0.0,0.0,1.0,0.0,1.0,0.0,1.0,0.0,0.0,1.0,0.0,1.0,0.0,1.0,0.0,0.0,0.0,0.0,1.0,0.0,0.0,1.0,0.0,0.0,1.0,0.0,0.0,1.0,0.0,0.0,1.0,0.0,1.0,0.0,0.0,1.0,1.0,0.0,0.0,0.0,1.0,0.0,8.0,0.0,0.0,1.0,2.7258895976832584,0.0,0.0,1.0,0.0,0.0,1.0,0.0,0.0,1.0
5077-DXTCG,0,-1.2774445836787656,-0.6468276429835875,-0.9873777413883976,1.0,0.0,1.0,0.0,1.0,0.0,0.0,1.0,1.0,0.0,0.0,1.0,0.0,0.0,1.0,0.0,0.0,1.0,0.0,0.0,1.0,0.0,0.0,1.0,0.0,0.0,1.0,0.0,0.0,1.0,0.0,0.0,1.0,0.0,0.0,0.0,1.0,0.0,0.0,1.0,0.0,0.0,1.0,2.0,1.0,0.0,0.0,0.7729319565041031,1.0,0.0,0.0,1.0,0.0,0.0,1.0,0.0,0.0
1142-WACZW,0,-1.2367242199587352,-1.1603229160349193,-0.9740097611958584,0.0,1.0,1.0,0.0,1.0,0.0,1.0,0.0,0.0,1.0,0.0,1.0,0.0,0.0,1.0,0.0,0.0,1.0,0.0,0.0,1.0,0.0,0.0,0.0,0.0,1.0,1.0,0.0,0.0,1.0,0.0,0.0,1.0,0.0,0.0,1.0,0.0,1.0,0.0,0.0,0.0,0.0,1.0,2.0,1.0,0.0,0.0,0.787572318449749,1.0,0.0,0.0,1.0,0.0,0.0,1.0,0.0,0.0
7901-HXJVA,0,-0.748079855318371,0.3884718881199074,-0.514314481934591,0.0,1.0,1.0,0.0,1.0,0.0,0.0,1.0,1.0,0.0,0.0,0.0,1.0,0.0,1.0,0.0,0.0,1.0,0.0,0.0,0.0,0.0,1.0,1.0,0.0,0.0,1.0,0.0,0.0,1.0,0.0,0.0,1.0,0.0,0.0,1.0,0.0,0.0,0.0,1.0,0.0,1.0,0.0,3.0,1.0,0.0,0.0,0.6875128079952197,1.0,0.0,0.0,1.0,0.0,0.0,1.0,0.0,0.0
5649-ANRML,1,-1.2367242199587352,1.0083221691818711,-0.927839492973111,0.0,1.0,1.0,0.0,1.0,0.0,0.0,1.0,1.0,0.0,0.0,0.0,1.0,0.0,1.0,0.0,0.0,0.0,0.0,1.0,0.0,0.0,1.0,0.0,0.0,1.0,1.0,0.0,0.0,0.0,0.0,1.0,1.0,0.0,0.0,0.0,1.0,0.0,1.0,0.0,0.0,0.0,1.0,6.0,1.0,0.0,0.0,0.750239607181033,1.0,0.0,0.0,1.0,0.0,0.0,1.0,0.0,0.0
4892-VLANZ,0,-1.2774445836787656,-1.4943441130683104,-0.9986280217484554,0.0,1.0,1.0,0.0,1.0,0.0,0.0,1.0,1.0,0.0,0.0,0.0,0.0,1.0,0.0,1.0,0.0,0.0,1.0,0.0,0.0,1.0,0.0,0.0,1.0,0.0,0.0,1.0,0.0,0.0,1.0,0.0,1.0,0.0,0.0,1.0,0.0,0.0,0.0,0.0,1.0,0.0,1.0,1.0,1.0,0.0,0.0,0.7817388202254705,1.0,0.0,0.0,1.0,0.0,0.0,1.0,0.0,0.0
5924-IFQTT,0,-0.7888002190384014,0.2671607071077802,-0.5970371316408989,0.0,1.0,0.0,1.0,0.0,1.0,0.0,1.0,0.0,0.0,1.0,1.0,0.0,0.0,1.0,0.0,0.0,0.0,0.0,1.0,0.0,0.0,1.0,0.0,0.0,1.0,0.0,0.0,1.0,1.0,0.0,0.0,1.0,0.0,0.0,0.0,1.0,0.0,0.0,1.0,0.0,1.0,0.0,7.0,1.0,0.0,0.0,0.7568927051880461,1.0,0.0,0.0,1.0,0.0,0.0,1.0,0.0,0.0
7968-QUXNS,0,-1.0738427650786138,-1.5225946620711341,-0.9587667342766426,0.0,1.0,1.0,0.0,1.0,0.0,0.0,1.0,1.0,0.0,0.0,0.0,0.0,1.0,0.0,1.0,0.0,0.0,1.0,0.0,0.0,1.0,0.0,0.0,1.0,0.0,0.0,1.0,0.0,0.0,1.0,0.0,1.0,0.0,0.0,1.0,0.0,0.0,0.0,0.0,1.0,1.0,0.0,1.0,1.0,0.0,0.0,0.8928371689559722,1.0,0.0,0.0,1.0,0.0,0.0,1.0,0.0,0.0
2919-HBCJO,0,-1.1552834925186746,0.395119076120572,-0.8601833951999786,1.0,0.0,1.0,0.0,1.0,0.0,0.0,1.0,1.0,0.0,0.0,0.0,1.0,0.0,1.0,0.0,0.0,0.0,0.0,1.0,1.0,0.0,0.0,1.0,0.0,0.0,1.0,0.0,0.0,1.0,0.0,0.0,1.0,0.0,0.0,0.0,1.0,1.0,0.0,0.0,0.0,0.0,1.0,3.0,1.0,0.0,0.0,0.744564776325733,1.0,0.0,0.0,1.0,0.0,0.0,1.0,0.0,0.0
4236-XPXAV,0,-1.1145631287986442,1.1429277261953275,-0.8021893029125429,1.0,0.0,0.0,1.0,0.0,1.0,0.0,1.0,1.0,0.0,0.0,0.0,1.0,0.0,1.0,0.0,0.0,0.0,0.0,1.0,1.0,0.0,0.0,0.0,0.0,1.0,0.0,0.0,1.0,0.0,0.0,1.0,1.0,0.0,0.0,0.0,1.0,0.0,0.0,0.0,1.0,0.0,1.0,6.0,1.0,0.0,0.0,0.7197342906697441,1.0,0.0,0.0,1.0,0.0,0.0,1.0,0.0,0.0
8903-WMRNW,0,-0.7073594915983407,1.2293411702039656,-0.2708451793189851,1.0,0.0,0.0,1.0,1.0,0.0,0.0,1.0,1.0,0.0,0.0,0.0,1.0,0.0,0.0,0.0,1.0,1.0,0.0,0.0,0.0,0.0,1.0,1.0,0.0,0.0,0.0,0.0,1.0,0.0,0.0,1.0,1.0,0.0,0.0,1.0,0.0,0.0,0.0,1.0,0.0,1.0,0.0,6.0,1.0,0.0,0.0,0.3828960840081282,1.0,0.0,0.0,1.0,0.0,0.0,1.0,0.0,0.0
2452-SNHFZ,0,0.5956921474426305,0.35523594811658493,0.5566901489696652,1.0,0.0,1.0,0.0,1.0,0.0,0.0,1.0,1.0,0.0,0.0,0.0,1.0,0.0,0.0,0.0,1.0,1.0,0.0,0.0,1.0,0.0,0.0,1.0,0.0,0.0,1.0,0.0,0.0,1.0,0.0,0.0,1.0,0.0,0.0,1.0,0.0,0.0,1.0,0.0,0.0,1.0,0.0,3.0,0.0,1.0,0.0,0.9345265861898548,0.0,1.0,0.0,0.0,1.0,0.0,0.0,1.0,0.0
3629-WEAAM,0,-0.9924020376385531,-0.021991970921125294,-0.7849829917736307,1.0,0.0,1.0,0.0,1.0,0.0,0.0,1.0,1.0,0.0,0.0,1.0,0.0,0.0,1.0,0.0,0.0,1.0,0.0,0.0,0.0,0.0,1.0,0.0,0.0,1.0,1.0,0.0,0.0,0.0,0.0,1.0,1.0,0.0,0.0,1.0,0.0,0.0,0.0,0.0,1.0,1.0,0.0,5.0,1.0,0.0,0.0,0.7909929262554908,1.0,0.0,0.0,1.0,0.0,0.0,1.0,0.0,0.0
6029-CSMJE,0,-0.62591876415828,-1.2999138640488739,-0.8131528114202855,0.0,1.0,1.0,0.0,1.0,0.0,1.0,0.0,0.0,1.0,0.0,1.0,0.0,0.0,1.0,0.0,0.0,1.0,0.0,0.0,1.0,0.0,0.0,1.0,0.0,0.0,1.0,0.0,0.0,1.0,0.0,0.0,1.0,0.0,0.0,0.0,1.0,0.0,0.0,0.0,1.0,1.0,0.0,1.0,1.0,0.0,0.0,1.2991347407738978,1.0,0.0,0.0,1.0,0.0,0.0,1.0,0.0,0.0
7993-NQLJE,0,-0.7073594915983407,0.3436033691154218,-0.4993141081211804,0.0,1.0,0.0,1.0,0.0,1.0,0.0,1.0,1.0,0.0,0.0,0.0,1.0,0.0,0.0,0.0,1.0,1.0,0.0,0.0,1.0,0.0,0.0,1.0,0.0,0.0,1.0,0.0,0.0,1.0,0.0,0.0,1.0,0.0,0.0,1.0,0.0,0.0,0.0,0.0,1.0,1.0,0.0,3.0,1.0,0.0,0.0,0.7058845100006171,1.0,0.0,0.0,1.0,0.0,0.0,1.0,0.0,0.0
9909-DFRJA,0,-0.2594354906780068,1.0332491241843629,0.0847298581786092,1.0,0.0,1.0,0.0,1.0,0.0,0.0,1.0,1.0,0.0,0.0,0.0,1.0,0.0,0.0,0.0,1.0,1.0,0.0,0.0,0.0,0.0,1.0,0.0,0.0,1.0,1.0,0.0,0.0,0.0,0.0,1.0,0.0,1.0,0.0,0.0,1.0,1.0,0.0,0.0,0.0,1.0,0.0,6.0,0.0,0.0,1.0,-0.3265931656350363,0.0,0.0,1.0,0.0,0.0,1.0,0.0,0.0,1.0
9099-FTUHS,0,-0.38159658183809786,-0.34438058895335305,-0.45621009278088015,1.0,0.0,1.0,0.0,1.0,0.0,0.0,1.0,0.0,0.0,1.0,1.0,0.0,0.0,0.0,0.0,1.0,1.0,0.0,0.0,1.0,0.0,0.0,1.0,0.0,0.0,1.0,0.0,0.0,1.0,0.0,0.0,1.0,0.0,0.0,1.0,0.0,0.0,0.0,1.0,0.0,1.0,0.0,4.0,0.0,0.0,1.0,1.1955298199564035,0.0,0.0,1.0,0.0,0.0,1.0,0.0,0.0,1.0
0581-BXBUB,1,-1.1552834925186746,0.2654989101076142,-0.8671762165218184,1.0,0.0,1.0,0.0,1.0,0.0,0.0,1.0,1.0,0.0,0.0,0.0,1.0,0.0,1.0,0.0,0.0,0.0,0.0,1.0,1.0,0.0,0.0,1.0,0.0,0.0,1.0,0.0,0.0,1.0,0.0,0.0,1.0,0.0,0.0,1.0,0.0,0.0,0.0,1.0,0.0,1.0,0.0,3.0,1.0,0.0,0.0,0.750617681406714,1.0,0.0,0.0,1.0,0.0,0.0,1.0,0.0,0.0
4962-CHQPW,0,-0.13727439951791576,-1.4926823160681442,-0.7713061803555211,0.0,1.0,1.0,0.0,0.0,1.0,0.0,1.0,1.0,0.0,0.0,0.0,0.0,1.0,0.0,1.0,0.0,0.0,1.0,0.0,0.0,1.0,0.0,0.0,1.0,0.0,0.0,1.0,0.0,0.0,1.0,0.0,0.0,1.0,0.0,1.0,0.0,0.0,0.0,0.0,1.0,1.0,0.0,1.0,0.0,0.0,1.0,5.618718297542854,0.0,0.0,1.0,0.0,0.0,1.0,0.0,0.0,1.0
9467-ROOLM,0,-0.30015585439803716,-1.5192710680708021,-0.803843755906669,1.0,0.0,1.0,0.0,1.0,0.0,0.0,1.0,1.0,0.0,0.0,0.0,0.0,1.0,0.0,1.0,0.0,0.0,1.0,0.0,0.0,1.0,0.0,0.0,1.0,0.0,0.0,1.0,0.0,0.0,1.0,0.0,1.0,0.0,0.0,1.0,0.0,0.0,0.0,0.0,1.0,1.0,0.0,1.0,0.0,0.0,1.0,2.6780878804405743,0.0,0.0,1.0,0.0,0.0,1.0,0.0,0.0,1.0
3030-YZADT,0,-0.9516816739185228,-0.6584602219847502,-0.8172117360992084,0.0,1.0,1.0,0.0,1.0,0.0,0.0,1.0,1.0,0.0,0.0,1.0,0.0,0.0,1.0,0.0,0.0,1.0,0.0,0.0,1.0,0.0,0.0,1.0,0.0,0.0,1.0,0.0,0.0,1.0,0.0,0.0,1.0,0.0,0.0,1.0,0.0,0.0,0.0,0.0,1.0,0.0,1.0,2.0,1.0,0.0,0.0,0.858702818910405,1.0,0.0,0.0,1.0,0.0,0.0,1.0,0.0,0.0
7410-KTVFV,0,-0.5851984004382496,-0.5055748979694671,-0.619846523586585,0.0,1.0,0.0,1.0,1.0,0.0,0.0,1.0,1.0,0.0,0.0,1.0,0.0,0.0,1.0,0.0,0.0,1.0,0.0,0.0,0.0,0.0,1.0,1.0,0.0,0.0,1.0,0.0,0.0,1.0,0.0,0.0,1.0,0.0,0.0,0.0,1.0,0.0,0.0,0.0,1.0,0.0,1.0,3.0,1.0,0.0,0.0,1.0592074809541308,1.0,0.0,0.0,1.0,0.0,0.0,1.0,0.0,0.0
5150-ITWWB,1,-1.1960038562387048,1.0000131841810405,-0.8592348421500128,0.0,1.0,1.0,0.0,1.0,0.0,0.0,1.0,0.0,0.0,1.0,0.0,1.0,0.0,1.0,0.0,0.0,1.0,0.0,0.0,1.0,0.0,0.0,1.0,0.0,0.0,0.0,0.0,1.0,0.0,0.0,1.0,1.0,0.0,0.0,0.0,1.0,0.0,0.0,1.0,0.0,1.0,0.0,5.0,1.0,0.0,0.0,0.7184214646700288,1.0,0.0,0.0,1.0,0.0,0.0,1.0,0.0,0.0
2253-KPMNB,0,1.4915401492832983,-0.6152534999804311,0.3697590200066642,1.0,0.0,0.0,1.0,0.0,1.0,1.0,0.0,0.0,1.0,0.0,1.0,0.0,0.0,0.0,0.0,1.0,0.0,0.0,1.0,0.0,0.0,1.0,0.0,0.0,1.0,1.0,0.0,0.0,1.0,0.0,0.0,0.0,0.0,1.0,1.0,0.0,1.0,0.0,0.0,0.0,1.0,0.0,5.0,0.0,1.0,0.0,0.24790416817431135,0.0,1.0,0.0,0.0,1.0,0.0,0.0,1.0,0.0
1345-ZUKID,0,-0.748079855318371,-1.5093002860698053,-0.8640658448928612,0.0,1.0,1.0,0.0,1.0,0.0,0.0,1.0,1.0,0.0,0.0,0.0,0.0,1.0,0.0,1.0,0.0,0.0,1.0,0.0,0.0,1.0,0.0,0.0,1.0,0.0,0.0,1.0,0.0,0.0,1.0,0.0,0.0,1.0,0.0,1.0,0.0,0.0,0.0,0.0,1.0,1.0,0.0,1.0,1.0,0.0,0.0,1.1550449310323005,1.0,0.0,0.0,1.0,0.0,0.0,1.0,0.0,0.0
6429-SHBCB,0,-0.5444780367182193,0.16080569909714826,-0.3921055541018052,0.0,1.0,1.0,0.0,1.0,0.0,0.0,1.0,0.0,0.0,1.0,1.0,0.0,0.0,1.0,0.0,0.0,1.0,0.0,0.0,1.0,0.0,0.0,1.0,0.0,0.0,0.0,0.0,1.0,0.0,0.0,1.0,1.0,0.0,0.0,1.0,0.0,0.0,0.0,0.0,1.0,1.0,0.0,5.0,1.0,0.0,0.0,0.7201494415921307,1.0,0.0,0.0,1.0,0.0,0.0,1.0,0.0,0.0
9281-OFDMF,1,0.26992923768238775,0.8620840331672525,0.4985195816961895,0.0,1.0,1.0,0.0,1.0,0.0,0.0,1.0,0.0,0.0,1.0,0.0,1.0,0.0,1.0,0.0,0.0,0.0,0.0,1.0,1.0,0.0,0.0,1.0,0.0,0.0,1.0,0.0,0.0,0.0,0.0,1.0,1.0,0.0,0.0,1.0,0.0,0.0,0.0,1.0,0.0,1.0,0.0,5.0,0.0,0.0,1.0,1.8468528492003249,0.0,0.0,1.0,0.0,0.0,1.0,0.0,0.0,1.0
2603-HVKCG,0,-0.055833672077855064,1.217708591202803,0.37957544110514607,0.0,1.0,1.0,0.0,1.0,0.0,0.0,1.0,1.0,0.0,0.0,0.0,1.0,0.0,1.0,0.0,0.0,0.0,0.0,1.0,0.0,0.0,1.0,1.0,0.0,0.0,0.0,0.0,1.0,0.0,0.0,1.0,1.0,0.0,0.0,0.0,1.0,0.0,0.0,1.0,0.0,1.0,0.0,6.0,0.0,0.0,1.0,-6.79832486345985,0.0,0.0,1.0,0.0,0.0,1.0,0.0,0.0,1.0
1834-WULEG,0,-0.3408762181180675,-1.479387940066815,-0.8133513457795807,0.0,1.0,0.0,1.0,0.0,1.0,0.0,1.0,1.0,0.0,0.0,0.0,0.0,1.0,0.0,1.0,0.0,0.0,1.0,0.0,0.0,1.0,0.0,0.0,1.0,0.0,0.0,1.0,0.0,0.0,1.0,0.0,0.0,1.0,0.0,1.0,0.0,0.0,0.0,0.0,1.0,1.0,0.0,1.0,0.0,0.0,1.0,2.386060694612214,0.0,0.0,1.0,0.0,0.0,1.0,0.0,0.0,1.0
9097-ZUBYC,0,-0.748079855318371,-0.5305018529719588,-0.714238581744796,0.0,1.0,0.0,1.0,1.0,0.0,0.0,1.0,1.0,0.0,0.0,1.0,0.0,0.0,1.0,0.0,0.0,1.0,0.0,0.0,1.0,0.0,0.0,0.0,0.0,1.0,1.0,0.0,0.0,1.0,0.0,0.0,1.0,0.0,0.0,1.0,0.0,1.0,0.0,0.0,0.0,1.0,0.0,3.0,1.0,0.0,0.0,0.9547624851371347,1.0,0.0,0.0,1.0,0.0,0.0,1.0,0.0,0.0
5148-ORICT,0,1.2879383306831464,0.31867641411292996,1.092490265960736,1.0,0.0,0.0,1.0,1.0,0.0,0.0,1.0,1.0,0.0,0.0,1.0,0.0,0.0,0.0,0.0,1.0,0.0,0.0,1.0,0.0,0.0,1.0,0.0,0.0,1.0,1.0,0.0,0.0,0.0,0.0,1.0,0.0,0.0,1.0,0.0,1.0,0.0,0.0,0.0,1.0,1.0,0.0,7.0,0.0,1.0,0.0,0.8482473422320298,0.0,1.0,0.0,0.0,1.0,0.0,0.0,1.0,0.0
4893-GYUJU,0,0.7178532386027215,-1.5093002860698053,-0.5516168821088221,1.0,0.0,1.0,0.0,1.0,0.0,0.0,1.0,1.0,0.0,0.0,0.0,0.0,1.0,0.0,1.0,0.0,0.0,1.0,0.0,0.0,1.0,0.0,0.0,1.0,0.0,0.0,1.0,0.0,0.0,1.0,0.0,0.0,1.0,0.0,0.0,1.0,0.0,0.0,0.0,1.0,1.0,0.0,1.0,0.0,1.0,0.0,-0.7684257066005954,0.0,1.0,0.0,0.0,1.0,0.0,0.0,1.0,0.0
4578-PHJYZ,0,0.7992939660427822,0.13255515009432434,0.529226229267171,0.0,1.0,0.0,1.0,0.0,1.0,0.0,1.0,1.0,0.0,0.0,1.0,0.0,0.0,1.0,0.0,0.0,0.0,0.0,1.0,0.0,0.0,1.0,0.0,0.0,1.0,0.0,0.0,1.0,1.0,0.0,0.0,0.0,1.0,0.0,0.0,1.0,0.0,0.0,1.0,0.0,1.0,0.0,6.0,0.0,1.0,0.0,0.6621171330584574,0.0,1.0,0.0,0.0,1.0,0.0,0.0,1.0,0.0
7272-QDCKA,0,-0.1779947632379461,1.1778254631988159,0.1787469069914851,0.0,1.0,1.0,0.0,1.0,0.0,0.0,1.0,0.0,0.0,1.0,0.0,1.0,0.0,1.0,0.0,0.0,0.0,0.0,1.0,1.0,0.0,0.0,1.0,0.0,0.0,0.0,0.0,1.0,0.0,0.0,1.0,0.0,1.0,0.0,1.0,0.0,0.0,0.0,1.0,0.0,1.0,0.0,6.0,0.0,0.0,1.0,-1.004225651023977,0.0,0.0,1.0,0.0,0.0,1.0,0.0,0.0,1.0
8908-SLFCJ,0,-0.46303730927815856,-1.4594463760648215,-0.815336689372532,1.0,0.0,1.0,0.0,1.0,0.0,0.0,1.0,1.0,0.0,0.0,0.0,0.0,1.0,0.0,1.0,0.0,0.0,1.0,0.0,0.0,1.0,0.0,0.0,1.0,0.0,0.0,1.0,0.0,0.0,1.0,0.0,0.0,0.0,1.0,0.0,1.0,0.0,1.0,0.0,0.0,1.0,0.0,1.0,0.0,0.0,1.0,1.760844478479677,0.0,0.0,1.0,0.0,0.0,1.0,0.0,0.0,1.0
8393-DLHGA,0,-0.30015585439803716,1.0349109211845293,0.07299427160694101,0.0,1.0,1.0,0.0,0.0,1.0,0.0,1.0,1.0,0.0,0.0,0.0,1.0,0.0,1.0,0.0,0.0,0.0,0.0,1.0,1.0,0.0,0.0,1.0,0.0,0.0,0.0,0.0,1.0,0.0,0.0,1.0,1.0,0.0,0.0,0.0,1.0,0.0,0.0,1.0,0.0,0.0,1.0,5.0,0.0,0.0,1.0,-0.24318789901110238,0.0,0.0,1.0,0.0,0.0,1.0,0.0,0.0,1.0
9766-HGEDE,0,-0.62591876415828,-1.5093002860698053,-0.8719189817716467,1.0,0.0,0.0,1.0,1.0,0.0,0.0,1.0,1.0,0.0,0.0,0.0,0.0,1.0,0.0,1.0,0.0,0.0,1.0,0.0,0.0,1.0,0.0,0.0,1.0,0.0,0.0,1.0,0.0,0.0,1.0,0.0,0.0,1.0,0.0,1.0,0.0,0.0,0.0,0.0,1.0,1.0,0.0,1.0,1.0,0.0,0.0,1.3930225960619376,1.0,0.0,0.0,1.0,0.0,0.0,1.0,0.0,0.0
6968-MHOMU,0,1.0436161483629645,-0.6567984249845842,0.17914397571007543,0.0,1.0,0.0,1.0,1.0,0.0,1.0,0.0,0.0,1.0,0.0,1.0,0.0,0.0,1.0,0.0,0.0,1.0,0.0,0.0,1.0,0.0,0.0,1.0,0.0,0.0,0.0,0.0,1.0,0.0,0.0,1.0,0.0,1.0,0.0,0.0,1.0,0.0,1.0,0.0,0.0,1.0,0.0,3.0,0.0,1.0,0.0,0.1716569602636793,0.0,1.0,0.0,0.0,1.0,0.0,0.0,1.0,0.0
7395-IGJOS,1,-0.62591876415828,0.5563133851366857,-0.4209371549461104,0.0,1.0,0.0,1.0,1.0,0.0,0.0,1.0,1.0,0.0,0.0,0.0,1.0,0.0,1.0,0.0,0.0,1.0,0.0,0.0,1.0,0.0,0.0,1.0,0.0,0.0,1.0,0.0,0.0,0.0,0.0,1.0,1.0,0.0,0.0,1.0,0.0,1.0,0.0,0.0,0.0,0.0,1.0,3.0,1.0,0.0,0.0,0.6725108417418613,1.0,0.0,0.0,1.0,0.0,0.0,1.0,0.0,0.0
5044-XDPYX,0,0.758573602322752,-1.304899255049372,-0.44209209389767024,1.0,0.0,0.0,1.0,1.0,0.0,0.0,1.0,0.0,0.0,1.0,0.0,0.0,1.0,0.0,1.0,0.0,0.0,1.0,0.0,0.0,1.0,0.0,0.0,1.0,0.0,0.0,1.0,0.0,0.0,1.0,0.0,0.0,0.0,1.0,1.0,0.0,0.0,0.0,0.0,1.0,1.0,0.0,2.0,0.0,1.0,0.0,-0.5827939339623531,0.0,1.0,0.0,0.0,1.0,0.0,0.0,1.0,0.0
1814-WFGVS,0,1.6137012404433893,-0.5271782589716266,0.5487046558513496,0.0,1.0,0.0,1.0,0.0,1.0,1.0,0.0,0.0,1.0,0.0,1.0,0.0,0.0,0.0,0.0,1.0,1.0,0.0,0.0,0.0,0.0,1.0,0.0,0.0,1.0,0.0,0.0,1.0,1.0,0.0,0.0,0.0,0.0,1.0,1.0,0.0,0.0,0.0,0.0,1.0,1.0,0.0,5.0,0.0,1.0,0.0,0.340028650966758,0.0,1.0,0.0,0.0,1.0,0.0,0.0,1.0,0.0
2834-SPCJV,0,0.7992939660427822,0.642726829145324,0.9112063365510188,0.0,1.0,0.0,1.0,1.0,0.0,0.0,1.0,1.0,0.0,0.0,0.0,1.0,0.0,0.0,0.0,1.0,1.0,0.0,0.0,1.0,0.0,0.0,1.0,0.0,0.0,0.0,0.0,1.0,1.0,0.0,0.0,1.0,0.0,0.0,1.0,0.0,0.0,0.0,1.0,0.0,0.0,1.0,4.0,0.0,1.0,0.0,1.1400140314611689,0.0,1.0,0.0,0.0,1.0,0.0,0.0,1.0,0.0
3721-WKIIL,0,-0.21871512695797646,-1.5009913010689746,-0.7597911875164031,1.0,0.0,1.0,0.0,1.0,0.0,0.0,1.0,1.0,0.0,0.0,0.0,0.0,1.0,0.0,1.0,0.0,0.0,1.0,0.0,0.0,1.0,0.0,0.0,1.0,0.0,0.0,1.0,0.0,0.0,1.0,0.0,0.0,0.0,1.0,0.0,1.0,0.0,0.0,0.0,1.0,1.0,0.0,1.0,0.0,0.0,1.0,3.4738849483528775,0.0,0.0,1.0,0.0,0.0,1.0,0.0,0.0,1.0
6734-CKRSM,0,-1.1960038562387048,-1.4876969250676457,-0.9793040107770621,1.0,0.0,1.0,0.0,1.0,0.0,0.0,1.0,1.0,0.0,0.0,0.0,0.0,1.0,0.0,1.0,0.0,0.0,1.0,0.0,0.0,1.0,0.0,0.0,1.0,0.0,0.0,1.0,0.0,0.0,1.0,0.0,1.0,0.0,0.0,1.0,0.0,0.0,0.0,0.0,1.0,1.0,0.0,1.0,1.0,0.0,0.0,0.8188134224390055,1.0,0.0,0.0,1.0,0.0,0.0,1.0,0.0,0.0
1265-ZFOSD,0,1.2879383306831464,0.5496661971360212,1.2556193311815755,1.0,0.0,0.0,1.0,1.0,0.0,0.0,1.0,0.0,0.0,1.0,1.0,0.0,0.0,0.0,0.0,1.0,0.0,0.0,1.0,0.0,0.0,1.0,0.0,0.0,1.0,1.0,0.0,0.0,0.0,0.0,1.0,0.0,0.0,1.0,0.0,1.0,0.0,0.0,0.0,1.0,1.0,0.0,8.0,0.0,1.0,0.0,0.9749064076038265,0.0,1.0,0.0,0.0,1.0,0.0,0.0,1.0,0.0
6568-POCUI,0,0.5142514200025698,1.0116457631822036,0.8834777043694645,1.0,0.0,0.0,1.0,1.0,0.0,0.0,1.0,1.0,0.0,0.0,0.0,1.0,0.0,1.0,0.0,0.0,1.0,0.0,0.0,1.0,0.0,0.0,0.0,0.0,1.0,0.0,0.0,1.0,0.0,0.0,1.0,0.0,0.0,1.0,0.0,1.0,0.0,1.0,0.0,0.0,1.0,0.0,5.0,0.0,1.0,0.0,1.7179878752012965,0.0,1.0,0.0,0.0,1.0,0.0,0.0,1.0,0.0
7890-VYYWG,1,-1.1960038562387048,-0.9409657120129912,-0.9660242680775428,0.0,1.0,0.0,1.0,1.0,0.0,1.0,0.0,0.0,1.0,0.0,1.0,0.0,0.0,1.0,0.0,0.0,1.0,0.0,0.0,1.0,0.0,0.0,1.0,0.0,0.0,0.0,0.0,1.0,1.0,0.0,0.0,1.0,0.0,0.0,0.0,1.0,0.0,0.0,0.0,1.0,0.0,1.0,2.0,1.0,0.0,0.0,0.80770999444398,1.0,0.0,0.0,1.0,0.0,0.0,1.0,0.0,0.0
5197-LQXXH,0,1.5729808767233588,0.6161380771426661,1.5932159794763323,1.0,0.0,0.0,1.0,1.0,0.0,0.0,1.0,0.0,0.0,1.0,1.0,0.0,0.0,1.0,0.0,0.0,0.0,0.0,1.0,0.0,0.0,1.0,0.0,0.0,1.0,0.0,0.0,1.0,0.0,0.0,1.0,0.0,0.0,1.0,0.0,1.0,0.0,1.0,0.0,0.0,1.0,0.0,8.0,0.0,1.0,0.0,1.0128641759428918,0.0,1.0,0.0,0.0,1.0,0.0,0.0,1.0,0.0
9907-SWKKF,1,-1.2774445836787656,-1.3198554280508674,-0.9963117875566788,1.0,0.0,1.0,0.0,1.0,0.0,1.0,0.0,0.0,1.0,0.0,1.0,0.0,0.0,1.0,0.0,0.0,1.0,0.0,0.0,1.0,0.0,0.0,1.0,0.0,0.0,1.0,0.0,0.0,1.0,0.0,0.0,1.0,0.0,0.0,1.0,0.0,0.0,0.0,0.0,1.0,0.0,1.0,1.0,1.0,0.0,0.0,0.779925642400483,1.0,0.0,0.0,1.0,0.0,0.0,1.0,0.0,0.0
3457-PQBYH,0,1.0436161483629645,-1.477726143066649,-0.49525518344225755,1.0,0.0,0.0,1.0,0.0,1.0,0.0,1.0,1.0,0.0,0.0,0.0,0.0,1.0,0.0,1.0,0.0,0.0,1.0,0.0,0.0,1.0,0.0,0.0,1.0,0.0,0.0,1.0,0.0,0.0,1.0,0.0,0.0,0.0,1.0,1.0,0.0,0.0,1.0,0.0,0.0,1.0,0.0,1.0,0.0,1.0,0.0,-0.47455684182266056,0.0,1.0,0.0,0.0,1.0,0.0,0.0,1.0,0.0
7682-AZNDK,0,0.06632741908223598,0.8338334841644282,0.35667781166643997,0.0,1.0,0.0,1.0,0.0,1.0,0.0,1.0,1.0,0.0,0.0,0.0,1.0,0.0,1.0,0.0,0.0,0.0,0.0,1.0,0.0,0.0,1.0,1.0,0.0,0.0,0.0,0.0,1.0,1.0,0.0,0.0,1.0,0.0,0.0,0.0,1.0,0.0,0.0,1.0,0.0,1.0,0.0,5.0,0.0,0.0,1.0,5.377531895583234,0.0,0.0,1.0,0.0,0.0,1.0,0.0,0.0,1.0
0587-DMGBH,0,-0.9924020376385531,-0.49560411596847015,-0.8460874556900236,1.0,0.0,1.0,0.0,1.0,0.0,0.0,1.0,1.0,0.0,0.0,1.0,0.0,0.0,0.0,0.0,1.0,1.0,0.0,0.0,1.0,0.0,0.0,1.0,0.0,0.0,1.0,0.0,0.0,1.0,0.0,0.0,1.0,0.0,0.0,0.0,1.0,0.0,0.0,1.0,0.0,0.0,1.0,3.0,1.0,0.0,0.0,0.8525652140974147,1.0,0.0,0.0,1.0,0.0,0.0,1.0,0.0,0.0
5384-ZTTWP,0,-0.7073594915983407,-1.4943441130683104,-0.8869414149583122,1.0,0.0,0.0,1.0,0.0,1.0,0.0,1.0,1.0,0.0,0.0,0.0,0.0,1.0,0.0,1.0,0.0,0.0,1.0,0.0,0.0,1.0,0.0,0.0,1.0,0.0,0.0,1.0,0.0,0.0,1.0,0.0,1.0,0.0,0.0,1.0,0.0,0.0,0.0,0.0,1.0,1.0,0.0,1.0,1.0,0.0,0.0,1.253876459555509,1.0,0.0,0.0,1.0,0.0,0.0,1.0,0.0,0.0
3745-HRPHI,0,1.369379058123207,-0.33607160395252245,0.5950293396868821,0.0,1.0,0.0,1.0,0.0,1.0,1.0,0.0,0.0,1.0,0.0,1.0,0.0,0.0,1.0,0.0,0.0,1.0,0.0,0.0,0.0,0.0,1.0,0.0,0.0,1.0,0.0,0.0,1.0,0.0,0.0,1.0,0.0,0.0,1.0,1.0,0.0,1.0,0.0,0.0,0.0,1.0,0.0,5.0,0.0,1.0,0.0,0.43452493022815425,0.0,1.0,0.0,0.0,1.0,0.0,0.0,1.0,0.0
7636-OWBPG,1,-0.8295205827584317,-1.1769408860365806,-0.8391828718612038,0.0,1.0,1.0,0.0,1.0,0.0,1.0,0.0,0.0,1.0,0.0,1.0,0.0,0.0,1.0,0.0,0.0,0.0,0.0,1.0,1.0,0.0,0.0,1.0,0.0,0.0,1.0,0.0,0.0,1.0,0.0,0.0,1.0,0.0,0.0,0.0,1.0,0.0,1.0,0.0,0.0,1.0,0.0,2.0,1.0,0.0,0.0,1.0116480402097339,1.0,0.0,0.0,1.0,0.0,0.0,1.0,0.0,0.0
1231-YNDEK,0,1.0436161483629645,-1.51594747407047,-0.5505139134460713,0.0,1.0,1.0,0.0,1.0,0.0,0.0,1.0,1.0,0.0,0.0,0.0,0.0,1.0,0.0,1.0,0.0,0.0,1.0,0.0,0.0,1.0,0.0,0.0,1.0,0.0,0.0,1.0,0.0,0.0,1.0,0.0,0.0,0.0,1.0,0.0,1.0,1.0,0.0,0.0,0.0,1.0,0.0,1.0,0.0,1.0,0.0,-0.527506127908827,0.0,1.0,0.0,0.0,1.0,0.0,0.0,1.0,0.0
1407-DIGZV,0,-1.1960038562387048,-1.517609271070636,-0.9844217853722256,1.0,0.0,0.0,1.0,0.0,1.0,0.0,1.0,1.0,0.0,0.0,0.0,0.0,1.0,0.0,1.0,0.0,0.0,1.0,0.0,0.0,1.0,0.0,0.0,1.0,0.0,0.0,1.0,0.0,0.0,1.0,0.0,0.0,0.0,1.0,1.0,0.0,0.0,0.0,0.0,1.0,1.0,0.0,1.0,1.0,0.0,0.0,0.8230924843905767,1.0,0.0,0.0,1.0,0.0,0.0,1.0,0.0,0.0
6397-JNZZG,1,0.43281069256250915,-0.30615925794953225,0.025985747200502965,1.0,0.0,0.0,1.0,1.0,0.0,1.0,0.0,0.0,1.0,0.0,1.0,0.0,0.0,1.0,0.0,0.0,0.0,0.0,1.0,0.0,0.0,1.0,1.0,0.0,0.0,0.0,0.0,1.0,0.0,0.0,1.0,1.0,0.0,0.0,1.0,0.0,0.0,1.0,0.0,0.0,0.0,1.0,5.0,0.0,0.0,1.0,0.06003952223696494,0.0,0.0,1.0,0.0,0.0,1.0,0.0,0.0,1.0
0570-BFQHT,0,-0.9516816739185228,0.5247392421335293,-0.7188710501283493,1.0,0.0,1.0,0.0,1.0,0.0,0.0,1.0,1.0,0.0,0.0,0.0,1.0,0.0,1.0,0.0,0.0,0.0,0.0,1.0,0.0,0.0,1.0,1.0,0.0,0.0,1.0,0.0,0.0,1.0,0.0,0.0,1.0,0.0,0.0,1.0,0.0,0.0,0.0,1.0,0.0,1.0,0.0,4.0,1.0,0.0,0.0,0.7553692267377786,1.0,0.0,0.0,1.0,0.0,0.0,1.0,0.0,0.0
4393-OBCRR,0,-1.1960038562387048,-1.479387940066815,-0.9759509860422998,1.0,0.0,1.0,0.0,1.0,0.0,0.0,1.0,1.0,0.0,0.0,0.0,0.0,1.0,0.0,1.0,0.0,0.0,1.0,0.0,0.0,1.0,0.0,0.0,1.0,0.0,0.0,1.0,0.0,0.0,1.0,0.0,0.0,1.0,0.0,1.0,0.0,0.0,0.0,0.0,1.0,1.0,0.0,1.0,1.0,0.0,0.0,0.8160098990914243,1.0,0.0,0.0,1.0,0.0,0.0,1.0,0.0,0.0
3523-QRQLL,0,-0.4223169455581282,0.1574821050968162,-0.3463764733441581,1.0,0.0,0.0,1.0,0.0,1.0,0.0,1.0,1.0,0.0,0.0,1.0,0.0,0.0,1.0,0.0,0.0,0.0,0.0,1.0,1.0,0.0,0.0,1.0,0.0,0.0,0.0,0.0,1.0,0.0,0.0,1.0,0.0,1.0,0.0,0.0,1.0,1.0,0.0,0.0,0.0,0.0,1.0,5.0,0.0,0.0,1.0,0.8201813282353417,0.0,0.0,1.0,0.0,0.0,1.0,0.0,0.0,1.0
8564-LDKFL,0,0.3106496014024181,1.3705939152180862,0.8362044674839662,0.0,1.0,0.0,1.0,1.0,0.0,0.0,1.0,0.0,0.0,1.0,0.0,1.0,0.0,1.0,0.0,0.0,0.0,0.0,1.0,0.0,0.0,1.0,1.0,0.0,0.0,0.0,0.0,1.0,0.0,0.0,1.0,0.0,1.0,0.0,0.0,1.0,1.0,0.0,0.0,0.0,1.0,0.0,7.0,0.0,0.0,1.0,2.691793144780958,0.0,0.0,1.0,0.0,0.0,1.0,0.0,0.0,1.0
3696-DFHHB,0,1.4508197855632678,-1.304899255049372,-0.203608209637698,1.0,0.0,1.0,0.0,1.0,0.0,0.0,1.0,0.0,0.0,1.0,0.0,0.0,1.0,0.0,1.0,0.0,0.0,1.0,0.0,0.0,1.0,0.0,0.0,1.0,0.0,0.0,1.0,0.0,0.0,1.0,0.0,0.0,0.0,1.0,1.0,0.0,1.0,0.0,0.0,0.0,1.0,0.0,2.0,0.0,1.0,0.0,-0.14034011092469967,0.0,1.0,0.0,0.0,1.0,0.0,0.0,1.0,0.0
0895-DQHEW,0,0.880734693482843,1.3140928172124378,1.3212900853617564,0.0,1.0,0.0,1.0,1.0,0.0,0.0,1.0,0.0,0.0,1.0,0.0,1.0,0.0,1.0,0.0,0.0,0.0,0.0,1.0,0.0,0.0,1.0,1.0,0.0,0.0,0.0,0.0,1.0,0.0,0.0,1.0,1.0,0.0,0.0,0.0,1.0,0.0,0.0,1.0,0.0,0.0,1.0,7.0,0.0,1.0,0.0,1.5002135094017341,0.0,1.0,0.0,0.0,1.0,0.0,0.0,1.0,0.0
4717-GHADL,0,0.7178532386027215,0.4931650991303729,0.7680630634992234,1.0,0.0,1.0,0.0,1.0,0.0,0.0,1.0,0.0,0.0,1.0,1.0,0.0,0.0,1.0,0.0,0.0,0.0,0.0,1.0,1.0,0.0,0.0,0.0,0.0,1.0,0.0,0.0,1.0,0.0,0.0,1.0,0.0,0.0,1.0,0.0,1.0,0.0,0.0,0.0,1.0,1.0,0.0,7.0,0.0,1.0,0.0,1.0699444150927475,0.0,1.0,0.0,0.0,1.0,0.0,0.0,1.0,0.0
5501-TVMGM,0,-1.2774445836787656,-0.3161300399505289,-0.9829879261106496,0.0,1.0,1.0,0.0,1.0,0.0,0.0,1.0,1.0,0.0,0.0,1.0,0.0,0.0,1.0,0.0,0.0,1.0,0.0,0.0,1.0,0.0,0.0,1.0,0.0,0.0,1.0,0.0,0.0,0.0,0.0,1.0,1.0,0.0,0.0,0.0,1.0,0.0,0.0,1.0,0.0,1.0,0.0,3.0,1.0,0.0,0.0,0.769495552816746,1.0,0.0,0.0,1.0,0.0,0.0,1.0,0.0,0.0
5879-HMFFH,0,1.6137012404433893,0.7740087921584478,1.8695316888686562,1.0,0.0,0.0,1.0,1.0,0.0,0.0,1.0,0.0,0.0,1.0,1.0,0.0,0.0,0.0,0.0,1.0,0.0,0.0,1.0,0.0,0.0,1.0,0.0,0.0,1.0,0.0,0.0,1.0,0.0,0.0,1.0,0.0,0.0,1.0,1.0,0.0,1.0,0.0,0.0,0.0,1.0,0.0,9.0,0.0,1.0,0.0,1.1585364390963557,0.0,1.0,0.0,0.0,1.0,0.0,0.0,1.0,0.0
6772-WFQRD,0,0.3106496014024181,-1.4744025490663168,-0.6301923696431871,0.0,1.0,1.0,0.0,0.0,1.0,0.0,1.0,1.0,0.0,0.0,0.0,0.0,1.0,0.0,1.0,0.0,0.0,1.0,0.0,0.0,1.0,0.0,0.0,1.0,0.0,0.0,1.0,0.0,0.0,1.0,0.0,0.0,1.0,0.0,0.0,1.0,1.0,0.0,0.0,0.0,1.0,0.0,1.0,0.0,0.0,1.0,-2.0286276460623256,0.0,0.0,1.0,0.0,0.0,1.0,0.0,0.0,1.0
3810-DVDQQ,0,1.6137012404433893,1.7561308192566265,2.658418995214519,1.0,0.0,0.0,1.0,0.0,1.0,0.0,1.0,0.0,0.0,1.0,0.0,1.0,0.0,0.0,0.0,1.0,0.0,0.0,1.0,0.0,0.0,1.0,0.0,0.0,1.0,0.0,0.0,1.0,0.0,0.0,1.0,0.0,0.0,1.0,0.0,1.0,1.0,0.0,0.0,0.0,1.0,0.0,9.0,0.0,1.0,0.0,1.6474046921374847,0.0,1.0,0.0,0.0,1.0,0.0,0.0,1.0,0.0
6972-SNKKW,0,-1.0738427650786138,-1.4876969250676457,-0.959185862368488,1.0,0.0,1.0,0.0,1.0,0.0,0.0,1.0,1.0,0.0,0.0,0.0,0.0,1.0,0.0,1.0,0.0,0.0,1.0,0.0,0.0,1.0,0.0,0.0,1.0,0.0,0.0,1.0,0.0,0.0,1.0,0.0,1.0,0.0,0.0,1.0,0.0,0.0,0.0,0.0,1.0,1.0,0.0,1.0,1.0,0.0,0.0,0.8932274757173301,1.0,0.0,0.0,1.0,0.0,0.0,1.0,0.0,0.0
3694-GLTJM,0,-1.1145631287986442,-1.4993295040688086,-0.9667522273949581,1.0,0.0,1.0,0.0,1.0,0.0,0.0,1.0,1.0,0.0,0.0,0.0,0.0,1.0,0.0,1.0,0.0,0.0,1.0,0.0,0.0,1.0,0.0,0.0,1.0,0.0,0.0,1.0,0.0,0.0,1.0,0.0,1.0,0.0,0.0,0.0,1.0,0.0,1.0,0.0,0.0,1.0,0.0,1.0,1.0,0.0,0.0,0.8673822078045887,1.0,0.0,0.0,1.0,0.0,0.0,1.0,0.0,0.0
8550-XSXUQ,0,0.6364125111626608,0.19237984210030468,0.5017181908181667,0.0,1.0,0.0,1.0,1.0,0.0,0.0,1.0,0.0,0.0,1.0,1.0,0.0,0.0,1.0,0.0,0.0,0.0,0.0,1.0,0.0,0.0,1.0,1.0,0.0,0.0,1.0,0.0,0.0,0.0,0.0,1.0,0.0,1.0,0.0,0.0,1.0,0.0,1.0,0.0,0.0,1.0,0.0,6.0,0.0,1.0,0.0,0.7883537517224145,0.0,1.0,0.0,0.0,1.0,0.0,0.0,1.0,0.0
8149-RSOUN,0,-1.2774445836787656,0.966777244177718,-0.9659580899577777,1.0,0.0,1.0,0.0,1.0,0.0,0.0,1.0,0.0,0.0,1.0,0.0,1.0,0.0,1.0,0.0,0.0,1.0,0.0,0.0,1.0,0.0,0.0,1.0,0.0,0.0,0.0,0.0,1.0,0.0,0.0,1.0,1.0,0.0,0.0,0.0,1.0,0.0,0.0,1.0,0.0,0.0,1.0,5.0,1.0,0.0,0.0,0.7561643787130289,1.0,0.0,0.0,1.0,0.0,0.0,1.0,0.0,0.0
9055-MOJJJ,0,1.2879383306831464,0.034509127084522986,0.7873870744706171,1.0,0.0,0.0,1.0,0.0,1.0,0.0,1.0,1.0,0.0,0.0,1.0,0.0,0.0,0.0,0.0,1.0,1.0,0.0,0.0,1.0,0.0,0.0,0.0,0.0,1.0,0.0,0.0,1.0,1.0,0.0,0.0,0.0,1.0,0.0,1.0,0.0,0.0,0.0,0.0,1.0,1.0,0.0,5.0,0.0,1.0,0.0,0.6113546399795186,0.0,1.0,0.0,0.0,1.0,0.0,0.0,1.0,0.0
4359-INNWN,0,-0.62591876415828,-1.4860351280674797,-0.8582862891000471,1.0,0.0,1.0,0.0,1.0,0.0,0.0,1.0,1.0,0.0,0.0,0.0,0.0,1.0,0.0,1.0,0.0,0.0,1.0,0.0,0.0,1.0,0.0,0.0,1.0,0.0,0.0,1.0,0.0,0.0,1.0,0.0,0.0,1.0,0.0,1.0,0.0,0.0,1.0,0.0,0.0,1.0,0.0,1.0,1.0,0.0,0.0,1.3712423053081804,1.0,0.0,0.0,1.0,0.0,0.0,1.0,0.0,0.0
0585-EGDDA,0,0.3106496014024181,0.5064594751317021,0.3906492464791638,0.0,1.0,0.0,1.0,1.0,0.0,0.0,1.0,1.0,0.0,0.0,0.0,1.0,0.0,1.0,0.0,0.0,0.0,0.0,1.0,0.0,0.0,1.0,1.0,0.0,0.0,1.0,0.0,0.0,1.0,0.0,0.0,1.0,0.0,0.0,0.0,1.0,0.0,0.0,1.0,0.0,1.0,0.0,4.0,0.0,0.0,1.0,1.2575237332209337,0.0,0.0,1.0,0.0,0.0,1.0,0.0,0.0,1.0
4032-RMHCI,0,0.35136996512244845,-0.9758634490164798,-0.3842303578497646,1.0,0.0,0.0,1.0,0.0,1.0,1.0,0.0,0.0,1.0,0.0,1.0,0.0,0.0,0.0,0.0,1.0,1.0,0.0,0.0,0.0,0.0,1.0,1.0,0.0,0.0,1.0,0.0,0.0,1.0,0.0,0.0,0.0,1.0,0.0,1.0,0.0,0.0,1.0,0.0,0.0,1.0,0.0,3.0,0.0,0.0,1.0,-1.0935207786353187,0.0,0.0,1.0,0.0,0.0,1.0,0.0,0.0,1.0
0549-CYCQN,1,0.758573602322752,0.4931650991303729,0.7462242839767581,0.0,1.0,1.0,0.0,1.0,0.0,0.0,1.0,0.0,0.0,1.0,0.0,1.0,0.0,1.0,0.0,0.0,0.0,0.0,1.0,1.0,0.0,0.0,1.0,0.0,0.0,1.0,0.0,0.0,1.0,0.0,0.0,0.0,1.0,0.0,0.0,1.0,1.0,0.0,0.0,0.0,1.0,0.0,4.0,0.0,1.0,0.0,0.9837203426164841,0.0,1.0,0.0,0.0,1.0,0.0,0.0,1.0,0.0
3481-JHUZH,0,0.35136996512244845,0.5147684601325326,0.5098801589225225,0.0,1.0,0.0,1.0,1.0,0.0,0.0,1.0,0.0,0.0,1.0,0.0,1.0,0.0,1.0,0.0,0.0,0.0,0.0,1.0,1.0,0.0,0.0,1.0,0.0,0.0,1.0,0.0,0.0,1.0,0.0,0.0,1.0,0.0,0.0,0.0,1.0,0.0,0.0,1.0,0.0,1.0,0.0,4.0,0.0,0.0,1.0,1.4511204984320019,0.0,0.0,1.0,0.0,0.0,1.0,0.0,0.0,1.0
7250-EQKIY,0,-1.2774445836787656,-0.4756625519664766,-0.9851056259431312,1.0,0.0,0.0,1.0,0.0,1.0,0.0,1.0,1.0,0.0,0.0,1.0,0.0,0.0,1.0,0.0,0.0,1.0,0.0,0.0,0.0,0.0,1.0,1.0,0.0,0.0,1.0,0.0,0.0,1.0,0.0,0.0,1.0,0.0,0.0,1.0,0.0,0.0,0.0,0.0,1.0,0.0,1.0,3.0,1.0,0.0,0.0,0.7711533153995918,1.0,0.0,0.0,1.0,0.0,0.0,1.0,0.0,0.0
3594-IVHJZ,0,-1.2367242199587352,-1.4727407520661506,-0.9886351256639336,1.0,0.0,1.0,0.0,1.0,0.0,0.0,1.0,1.0,0.0,0.0,0.0,0.0,1.0,0.0,1.0,0.0,0.0,1.0,0.0,0.0,1.0,0.0,0.0,1.0,0.0,0.0,1.0,0.0,0.0,1.0,0.0,1.0,0.0,0.0,0.0,1.0,0.0,0.0,0.0,1.0,1.0,0.0,1.0,1.0,0.0,0.0,0.799398208354746,1.0,0.0,0.0,1.0,0.0,0.0,1.0,0.0,0.0
6869-FGJJC,0,1.4508197855632678,0.4931650991303729,1.4021597477146432,0.0,1.0,1.0,0.0,1.0,0.0,0.0,1.0,1.0,0.0,0.0,0.0,1.0,0.0,1.0,0.0,0.0,0.0,0.0,1.0,0.0,0.0,1.0,1.0,0.0,0.0,1.0,0.0,0.0,1.0,0.0,0.0,0.0,1.0,0.0,1.0,0.0,0.0,1.0,0.0,0.0,1.0,0.0,4.0,0.0,1.0,0.0,0.9664603155175936,0.0,1.0,0.0,0.0,1.0,0.0,0.0,1.0,0.0
3896-ZVNET,0,-0.3408762181180675,-1.33148800705203,-0.7551146003863398,1.0,0.0,0.0,1.0,0.0,1.0,0.0,1.0,0.0,0.0,1.0,0.0,0.0,1.0,0.0,1.0,0.0,0.0,1.0,0.0,0.0,1.0,0.0,0.0,1.0,0.0,0.0,1.0,0.0,0.0,1.0,0.0,0.0,0.0,1.0,1.0,0.0,0.0,0.0,0.0,1.0,1.0,0.0,2.0,0.0,0.0,1.0,2.21521643415087,0.0,0.0,1.0,0.0,0.0,1.0,0.0,0.0,1.0
8205-VSLRB,0,1.5322605130033284,0.4167224371227313,1.4183733870570796,0.0,1.0,0.0,1.0,1.0,0.0,0.0,1.0,0.0,0.0,1.0,1.0,0.0,0.0,0.0,0.0,1.0,1.0,0.0,0.0,0.0,0.0,1.0,0.0,0.0,1.0,1.0,0.0,0.0,0.0,0.0,1.0,0.0,0.0,1.0,1.0,0.0,0.0,1.0,0.0,0.0,1.0,0.0,7.0,0.0,1.0,0.0,0.925673783942247,0.0,1.0,0.0,0.0,1.0,0.0,0.0,1.0,0.0
5960-MVTUK,0,-1.1960038562387048,-1.1636465100352518,-0.9646345275624768,0.0,1.0,1.0,0.0,1.0,0.0,1.0,0.0,0.0,1.0,0.0,1.0,0.0,0.0,1.0,0.0,0.0,1.0,0.0,0.0,1.0,0.0,0.0,0.0,0.0,1.0,1.0,0.0,0.0,1.0,0.0,0.0,1.0,0.0,0.0,0.0,1.0,0.0,0.0,1.0,0.0,1.0,0.0,2.0,1.0,0.0,0.0,0.8065480077933377,1.0,0.0,0.0,1.0,0.0,0.0,1.0,0.0,0.0
6817-WTYHE,0,-1.2367242199587352,-0.6601220189849164,-0.9583696655580523,0.0,1.0,1.0,0.0,1.0,0.0,0.0,1.0,1.0,0.0,0.0,1.0,0.0,0.0,1.0,0.0,0.0,1.0,0.0,0.0,1.0,0.0,0.0,1.0,0.0,0.0,1.0,0.0,0.0,1.0,0.0,0.0,1.0,0.0,0.0,1.0,0.0,1.0,0.0,0.0,0.0,1.0,0.0,2.0,1.0,0.0,0.0,0.7749259293959889,1.0,0.0,0.0,1.0,0.0,0.0,1.0,0.0,0.0
3082-VQXNH,0,-1.1960038562387048,-1.1619847130350858,-0.9657154368519725,0.0,1.0,0.0,1.0,1.0,0.0,1.0,0.0,0.0,1.0,0.0,1.0,0.0,0.0,1.0,0.0,0.0,0.0,0.0,1.0,1.0,0.0,0.0,1.0,0.0,0.0,1.0,0.0,0.0,1.0,0.0,0.0,1.0,0.0,0.0,1.0,0.0,0.0,1.0,0.0,0.0,1.0,0.0,2.0,1.0,0.0,0.0,0.8074517751882816,1.0,0.0,0.0,1.0,0.0,0.0,1.0,0.0,0.0
4013-UBXWQ,0,-1.0331224013585834,0.32864719611392706,-0.7774607454936705,1.0,0.0,1.0,0.0,1.0,0.0,0.0,1.0,0.0,0.0,1.0,1.0,0.0,0.0,1.0,0.0,0.0,1.0,0.0,0.0,1.0,0.0,0.0,0.0,0.0,1.0,0.0,0.0,1.0,0.0,0.0,1.0,1.0,0.0,0.0,0.0,1.0,0.0,0.0,1.0,0.0,0.0,1.0,6.0,1.0,0.0,0.0,0.7525349798545545,1.0,0.0,0.0,1.0,0.0,0.0,1.0,0.0,0.0
4931-TRZWN,0,-0.7888002190384014,0.23891015810495633,-0.5997724939245209,1.0,0.0,1.0,0.0,1.0,0.0,0.0,1.0,1.0,0.0,0.0,1.0,0.0,0.0,0.0,0.0,1.0,1.0,0.0,0.0,1.0,0.0,0.0,1.0,0.0,0.0,0.0,0.0,1.0,0.0,0.0,1.0,1.0,0.0,0.0,0.0,1.0,0.0,0.0,1.0,0.0,1.0,0.0,5.0,1.0,0.0,0.0,0.7603604555988619,1.0,0.0,0.0,1.0,0.0,0.0,1.0,0.0,0.0
0750-EKNGL,0,-1.0331224013585834,-1.462769970065154,-0.945111982231788,0.0,1.0,1.0,0.0,1.0,0.0,0.0,1.0,1.0,0.0,0.0,0.0,0.0,1.0,0.0,1.0,0.0,0.0,1.0,0.0,0.0,1.0,0.0,0.0,1.0,0.0,0.0,1.0,0.0,0.0,1.0,0.0,1.0,0.0,0.0,1.0,0.0,0.0,0.0,0.0,1.0,1.0,0.0,1.0,1.0,0.0,0.0,0.9148112372637944,1.0,0.0,0.0,1.0,0.0,0.0,1.0,0.0,0.0
7669-LCRSD,0,-0.8295205827584317,-0.28123230294704044,-0.7300110336221322,0.0,1.0,0.0,1.0,0.0,1.0,0.0,1.0,1.0,0.0,0.0,1.0,0.0,0.0,1.0,0.0,0.0,1.0,0.0,0.0,1.0,0.0,0.0,1.0,0.0,0.0,0.0,0.0,1.0,1.0,0.0,0.0,1.0,0.0,0.0,0.0,1.0,0.0,0.0,0.0,1.0,1.0,0.0,3.0,1.0,0.0,0.0,0.8800396865314696,1.0,0.0,0.0,1.0,0.0,0.0,1.0,0.0,0.0
3567-PQTSO,0,0.8400143297628127,1.3456669602155942,1.4528301280814138,0.0,1.0,0.0,1.0,0.0,1.0,0.0,1.0,0.0,0.0,1.0,0.0,1.0,0.0,1.0,0.0,0.0,0.0,0.0,1.0,0.0,0.0,1.0,1.0,0.0,0.0,0.0,0.0,1.0,0.0,0.0,1.0,0.0,1.0,0.0,0.0,1.0,0.0,0.0,1.0,0.0,1.0,0.0,7.0,0.0,1.0,0.0,1.7295301718146123,0.0,1.0,0.0,0.0,1.0,0.0,0.0,1.0,0.0
5519-NPHVG,0,-0.8295205827584317,0.9784098231788811,-0.545837326316008,1.0,0.0,1.0,0.0,1.0,0.0,0.0,1.0,0.0,0.0,1.0,0.0,1.0,0.0,1.0,0.0,0.0,1.0,0.0,0.0,1.0,0.0,0.0,1.0,0.0,0.0,0.0,0.0,1.0,0.0,0.0,1.0,1.0,0.0,0.0,0.0,1.0,0.0,0.0,1.0,0.0,0.0,1.0,5.0,1.0,0.0,0.0,0.6580154099382531,1.0,0.0,0.0,1.0,0.0,0.0,1.0,0.0,0.0
8043-PNYSD,0,1.247217966963116,-1.502653098069141,-0.4578204270284963,0.0,1.0,0.0,1.0,0.0,1.0,0.0,1.0,1.0,0.0,0.0,0.0,0.0,1.0,0.0,1.0,0.0,0.0,1.0,0.0,0.0,1.0,0.0,0.0,1.0,0.0,0.0,1.0,0.0,0.0,1.0,0.0,0.0,0.0,1.0,1.0,0.0,0.0,0.0,0.0,1.0,1.0,0.0,1.0,0.0,1.0,0.0,-0.3670733096823928,0.0,1.0,0.0,0.0,1.0,0.0,0.0,1.0,0.0
9938-EKRGF,0,-0.7073594915983407,0.6543594081464871,-0.43918025662800825,1.0,0.0,1.0,0.0,1.0,0.0,0.0,1.0,1.0,0.0,0.0,1.0,0.0,0.0,0.0,0.0,1.0,0.0,0.0,1.0,0.0,0.0,1.0,0.0,0.0,1.0,0.0,0.0,1.0,0.0,0.0,1.0,1.0,0.0,0.0,1.0,0.0,0.0,0.0,0.0,1.0,1.0,0.0,8.0,1.0,0.0,0.0,0.620872783703859,1.0,0.0,0.0,1.0,0.0,0.0,1.0,0.0,0.0
2703-AMTUL,0,0.14776814652229667,-0.3693075439558449,-0.15174662311515666,0.0,1.0,0.0,1.0,0.0,1.0,0.0,1.0,1.0,0.0,0.0,1.0,0.0,0.0,0.0,0.0,1.0,0.0,0.0,1.0,1.0,0.0,0.0,1.0,0.0,0.0,1.0,0.0,0.0,1.0,0.0,0.0,0.0,1.0,0.0,1.0,0.0,0.0,0.0,0.0,1.0,1.0,0.0,4.0,0.0,0.0,1.0,-1.0269237767847328,0.0,0.0,1.0,0.0,0.0,1.0,0.0,0.0,1.0
0928-JMXNP,1,-1.1552834925186746,-1.1586611190347533,-0.9551931158093301,0.0,1.0,0.0,1.0,1.0,0.0,1.0,0.0,0.0,1.0,0.0,1.0,0.0,0.0,1.0,0.0,0.0,1.0,0.0,0.0,0.0,0.0,1.0,1.0,0.0,0.0,1.0,0.0,0.0,1.0,0.0,0.0,1.0,0.0,0.0,0.0,1.0,0.0,0.0,1.0,0.0,1.0,0.0,2.0,1.0,0.0,0.0,0.8268040892083376,1.0,0.0,0.0,1.0,0.0,0.0,1.0,0.0,0.0
8173-RXAYP,0,-0.3408762181180675,-1.4976677070686424,-0.8077041462262967,1.0,0.0,0.0,1.0,0.0,1.0,0.0,1.0,1.0,0.0,0.0,0.0,0.0,1.0,0.0,1.0,0.0,0.0,1.0,0.0,0.0,1.0,0.0,0.0,1.0,0.0,0.0,1.0,0.0,0.0,1.0,0.0,0.0,0.0,1.0,1.0,0.0,0.0,0.0,0.0,1.0,1.0,0.0,1.0,0.0,0.0,1.0,2.369493978446265,0.0,0.0,1.0,0.0,0.0,1.0,0.0,0.0,1.0
4825-XJGDM,0,1.1657772395230555,-0.7000051469889033,0.18232052545879776,1.0,0.0,1.0,0.0,1.0,0.0,1.0,0.0,0.0,1.0,0.0,1.0,0.0,0.0,0.0,0.0,1.0,0.0,0.0,1.0,0.0,0.0,1.0,0.0,0.0,1.0,1.0,0.0,0.0,1.0,0.0,0.0,0.0,1.0,0.0,1.0,0.0,0.0,1.0,0.0,0.0,1.0,0.0,5.0,0.0,1.0,0.0,0.1563939655687471,0.0,1.0,0.0,0.0,1.0,0.0,0.0,1.0,0.0
5402-HTOTQ,0,-0.6666391278783103,-0.31446824295036285,-0.6211700859818858,0.0,1.0,1.0,0.0,1.0,0.0,0.0,1.0,0.0,0.0,1.0,1.0,0.0,0.0,1.0,0.0,0.0,0.0,0.0,1.0,1.0,0.0,0.0,1.0,0.0,0.0,1.0,0.0,0.0,1.0,0.0,0.0,1.0,0.0,0.0,1.0,0.0,0.0,0.0,1.0,0.0,1.0,0.0,4.0,1.0,0.0,0.0,0.9317936196737548,1.0,0.0,0.0,1.0,0.0,0.0,1.0,0.0,0.0
6734-JDTTV,0,1.3286586944031769,-1.4926823160681442,-0.4483569559020947,0.0,1.0,0.0,1.0,0.0,1.0,0.0,1.0,1.0,0.0,0.0,0.0,0.0,1.0,0.0,1.0,0.0,0.0,1.0,0.0,0.0,1.0,0.0,0.0,1.0,0.0,0.0,1.0,0.0,0.0,1.0,0.0,0.0,0.0,1.0,0.0,1.0,0.0,1.0,0.0,0.0,1.0,0.0,1.0,0.0,1.0,0.0,-0.3374508124552582,0.0,1.0,0.0,0.0,1.0,0.0,0.0,1.0,0.0
7850-THJMU,0,-0.2594354906780068,-1.4993295040688086,-0.7890198570792986,1.0,0.0,0.0,1.0,0.0,1.0,0.0,1.0,1.0,0.0,0.0,0.0,0.0,1.0,0.0,1.0,0.0,0.0,1.0,0.0,0.0,1.0,0.0,0.0,1.0,0.0,0.0,1.0,0.0,0.0,1.0,0.0,0.0,0.0,1.0,1.0,0.0,0.0,1.0,0.0,0.0,1.0,0.0,1.0,0.0,0.0,1.0,3.041294986346239,0.0,0.0,1.0,0.0,0.0,1.0,0.0,0.0,1.0
3890-RTCMS,0,-0.6666391278783103,-0.5088984919697991,-0.6548547489422945,0.0,1.0,1.0,0.0,1.0,0.0,0.0,1.0,1.0,0.0,0.0,1.0,0.0,0.0,1.0,0.0,0.0,1.0,0.0,0.0,1.0,0.0,0.0,0.0,0.0,1.0,1.0,0.0,0.0,1.0,0.0,0.0,1.0,0.0,0.0,0.0,1.0,0.0,0.0,0.0,1.0,1.0,0.0,3.0,1.0,0.0,0.0,0.9823227013788981,1.0,0.0,0.0,1.0,0.0,0.0,1.0,0.0,0.0
8849-GYOKR,0,0.880734693482843,1.3888736822199135,1.5353321840551717,1.0,0.0,0.0,1.0,1.0,0.0,0.0,1.0,0.0,0.0,1.0,0.0,1.0,0.0,0.0,0.0,1.0,0.0,0.0,1.0,1.0,0.0,0.0,1.0,0.0,0.0,0.0,0.0,1.0,0.0,0.0,1.0,0.0,1.0,0.0,1.0,0.0,1.0,0.0,0.0,0.0,0.0,1.0,7.0,0.0,1.0,0.0,1.743240269080056,0.0,1.0,0.0,0.0,1.0,0.0,0.0,1.0,0.0
3148-BLQJT,0,-1.2774445836787656,-1.4843733310673135,-0.9984956655089255,0.0,1.0,1.0,0.0,1.0,0.0,0.0,1.0,1.0,0.0,0.0,0.0,0.0,1.0,0.0,1.0,0.0,0.0,1.0,0.0,0.0,1.0,0.0,0.0,1.0,0.0,0.0,1.0,0.0,0.0,1.0,0.0,1.0,0.0,0.0,1.0,0.0,0.0,0.0,0.0,1.0,0.0,1.0,1.0,1.0,0.0,0.0,0.7816352100640427,1.0,0.0,0.0,1.0,0.0,0.0,1.0,0.0,0.0
3717-FDJFU,0,-1.1145631287986442,-1.4727407520661506,-0.9602005935382186,0.0,1.0,1.0,0.0,0.0,1.0,0.0,1.0,1.0,0.0,0.0,0.0,0.0,1.0,0.0,1.0,0.0,0.0,1.0,0.0,0.0,1.0,0.0,0.0,1.0,0.0,0.0,1.0,0.0,0.0,1.0,0.0,0.0,0.0,1.0,1.0,0.0,0.0,0.0,0.0,1.0,1.0,0.0,1.0,1.0,0.0,0.0,0.8615039998435903,1.0,0.0,0.0,1.0,0.0,0.0,1.0,0.0,0.0
3665-JATSN,0,-0.5444780367182193,-0.8329489070021932,-0.694098373962967,1.0,0.0,1.0,0.0,1.0,0.0,1.0,0.0,0.0,1.0,0.0,1.0,0.0,0.0,1.0,0.0,0.0,0.0,0.0,1.0,1.0,0.0,0.0,1.0,0.0,0.0,1.0,0.0,0.0,0.0,0.0,1.0,1.0,0.0,0.0,0.0,1.0,0.0,0.0,1.0,0.0,1.0,0.0,3.0,1.0,0.0,0.0,1.2747959093934582,1.0,0.0,0.0,1.0,0.0,0.0,1.0,0.0,0.0
7966-YOTQW,0,-0.9109613101984924,-0.3410569949530208,-0.7566808158874458,0.0,1.0,1.0,0.0,1.0,0.0,0.0,1.0,0.0,0.0,1.0,1.0,0.0,0.0,0.0,0.0,1.0,1.0,0.0,0.0,1.0,0.0,0.0,1.0,0.0,0.0,1.0,0.0,0.0,1.0,0.0,0.0,1.0,0.0,0.0,0.0,1.0,0.0,1.0,0.0,0.0,1.0,0.0,4.0,1.0,0.0,0.0,0.8306399046986641,1.0,0.0,0.0,1.0,0.0,0.0,1.0,0.0,0.0
0461-CVKMU,0,-0.38159658183809786,0.6327560471443273,-0.1689970530005787,1.0,0.0,0.0,1.0,0.0,1.0,0.0,1.0,1.0,0.0,0.0,0.0,1.0,0.0,1.0,0.0,0.0,0.0,0.0,1.0,0.0,0.0,1.0,0.0,0.0,1.0,1.0,0.0,0.0,1.0,0.0,0.0,1.0,0.0,0.0,1.0,0.0,0.0,0.0,1.0,0.0,0.0,1.0,5.0,0.0,0.0,1.0,0.44286836162562915,0.0,0.0,1.0,0.0,0.0,1.0,0.0,0.0,1.0
8806-EAGWC,0,-1.1960038562387048,-0.3194536339508612,-0.9371485484867275,0.0,1.0,1.0,0.0,1.0,0.0,0.0,1.0,1.0,0.0,0.0,1.0,0.0,0.0,1.0,0.0,0.0,1.0,0.0,0.0,1.0,0.0,0.0,1.0,0.0,0.0,0.0,0.0,1.0,1.0,0.0,0.0,1.0,0.0,0.0,1.0,0.0,0.0,0.0,0.0,1.0,0.0,1.0,3.0,1.0,0.0,0.0,0.7835664940361918,1.0,0.0,0.0,1.0,0.0,0.0,1.0,0.0,0.0
8853-TZDGH,0,1.6137012404433893,1.5567151792366918,2.5277613274250625,1.0,0.0,1.0,0.0,1.0,0.0,0.0,1.0,0.0,0.0,1.0,0.0,1.0,0.0,1.0,0.0,0.0,0.0,0.0,1.0,0.0,0.0,1.0,0.0,0.0,1.0,0.0,0.0,1.0,0.0,0.0,1.0,0.0,0.0,1.0,0.0,1.0,1.0,0.0,0.0,0.0,1.0,0.0,8.0,0.0,1.0,0.0,1.56643699841894,0.0,1.0,0.0,0.0,1.0,0.0,0.0,1.0,0.0
7779-LGOVN,1,-0.9109613101984924,0.7274784761537967,-0.6294202915792616,0.0,1.0,0.0,1.0,1.0,0.0,0.0,1.0,0.0,0.0,1.0,0.0,1.0,0.0,1.0,0.0,0.0,1.0,0.0,0.0,1.0,0.0,0.0,1.0,0.0,0.0,1.0,0.0,0.0,0.0,0.0,1.0,1.0,0.0,0.0,0.0,1.0,0.0,0.0,1.0,0.0,0.0,1.0,4.0,1.0,0.0,0.0,0.6909407507571481,1.0,0.0,0.0,1.0,0.0,0.0,1.0,0.0,0.0
4324-BZCKL,0,-0.9109613101984924,-0.30615925794953225,-0.7641368840476411,1.0,0.0,0.0,1.0,0.0,1.0,0.0,1.0,1.0,0.0,0.0,1.0,0.0,0.0,1.0,0.0,0.0,0.0,0.0,1.0,0.0,0.0,1.0,1.0,0.0,0.0,1.0,0.0,0.0,1.0,0.0,0.0,1.0,0.0,0.0,0.0,1.0,0.0,0.0,0.0,1.0,1.0,0.0,4.0,1.0,0.0,0.0,0.8388247398576575,1.0,0.0,0.0,1.0,0.0,0.0,1.0,0.0,0.0
6924-TDGMT,0,-0.8702409464784621,-1.4694171580658184,-0.9257659118871395,0.0,1.0,0.0,1.0,1.0,0.0,0.0,1.0,1.0,0.0,0.0,0.0,0.0,1.0,0.0,1.0,0.0,0.0,1.0,0.0,0.0,1.0,0.0,0.0,1.0,0.0,0.0,1.0,0.0,0.0,1.0,0.0,0.0,1.0,0.0,0.0,1.0,0.0,0.0,0.0,1.0,1.0,0.0,1.0,1.0,0.0,0.0,1.063804128768436,1.0,0.0,0.0,1.0,0.0,0.0,1.0,0.0,0.0
9710-ZUSHQ,1,0.18848851024232702,1.395520870220578,0.7824237154882385,1.0,0.0,1.0,0.0,1.0,0.0,0.0,1.0,0.0,0.0,1.0,0.0,1.0,0.0,0.0,0.0,1.0,0.0,0.0,1.0,1.0,0.0,0.0,1.0,0.0,0.0,0.0,0.0,1.0,0.0,0.0,1.0,1.0,0.0,0.0,0.0,1.0,1.0,0.0,0.0,0.0,0.0,1.0,7.0,0.0,0.0,1.0,4.151041962623233,0.0,0.0,1.0,0.0,0.0,1.0,0.0,0.0,1.0
1536-YHDOE,0,-0.62591876415828,-0.08846385092776998,-0.5235352999551873,0.0,1.0,0.0,1.0,0.0,1.0,0.0,1.0,0.0,0.0,1.0,1.0,0.0,0.0,0.0,0.0,1.0,1.0,0.0,0.0,1.0,0.0,0.0,0.0,0.0,1.0,1.0,0.0,0.0,1.0,0.0,0.0,0.0,1.0,0.0,0.0,1.0,0.0,0.0,0.0,1.0,1.0,0.0,5.0,1.0,0.0,0.0,0.8364269134177893,1.0,0.0,0.0,1.0,0.0,0.0,1.0,0.0,0.0
8123-QBNAZ,0,0.14776814652229667,1.3207400052131024,0.6183902159639435,1.0,0.0,0.0,1.0,0.0,1.0,0.0,1.0,0.0,0.0,1.0,0.0,1.0,0.0,0.0,0.0,1.0,1.0,0.0,0.0,0.0,0.0,1.0,1.0,0.0,0.0,0.0,0.0,1.0,0.0,0.0,1.0,1.0,0.0,0.0,0.0,1.0,0.0,1.0,0.0,0.0,1.0,0.0,7.0,0.0,0.0,1.0,4.184868190592313,0.0,0.0,1.0,0.0,0.0,1.0,0.0,0.0,1.0
3629-ZNKXA,1,-0.62591876415828,1.2310029672041316,-0.23420456034240442,0.0,1.0,1.0,0.0,1.0,0.0,0.0,1.0,1.0,0.0,0.0,0.0,1.0,0.0,1.0,0.0,0.0,0.0,0.0,1.0,0.0,0.0,1.0,1.0,0.0,0.0,0.0,0.0,1.0,0.0,0.0,1.0,1.0,0.0,0.0,0.0,1.0,0.0,0.0,1.0,0.0,1.0,0.0,6.0,1.0,0.0,0.0,0.3741772475176661,1.0,0.0,0.0,1.0,0.0,0.0,1.0,0.0,0.0
4827-LTQRJ,1,1.369379058123207,1.5234792392333694,2.173973099161125,1.0,0.0,0.0,1.0,0.0,1.0,0.0,1.0,0.0,0.0,1.0,0.0,1.0,0.0,0.0,0.0,1.0,0.0,0.0,1.0,1.0,0.0,0.0,0.0,0.0,1.0,0.0,0.0,1.0,0.0,0.0,1.0,0.0,1.0,0.0,0.0,1.0,0.0,1.0,0.0,0.0,1.0,0.0,8.0,0.0,1.0,0.0,1.5875612280361937,0.0,1.0,0.0,0.0,1.0,0.0,0.0,1.0,0.0
7711-YIJWC,0,1.1657772395230555,0.6693155811479823,1.3152678764631374,0.0,1.0,0.0,1.0,0.0,1.0,0.0,1.0,1.0,0.0,0.0,1.0,0.0,0.0,0.0,0.0,1.0,0.0,0.0,1.0,0.0,0.0,1.0,0.0,0.0,1.0,0.0,0.0,1.0,0.0,0.0,1.0,0.0,1.0,0.0,1.0,0.0,1.0,0.0,0.0,0.0,1.0,0.0,8.0,0.0,1.0,0.0,1.1282325918468281,0.0,1.0,0.0,0.0,1.0,0.0,0.0,1.0,0.0
5482-VXSXJ,0,-0.4223169455581282,0.9451738831755587,-0.055589815096544086,0.0,1.0,1.0,0.0,1.0,0.0,0.0,1.0,1.0,0.0,0.0,0.0,1.0,0.0,1.0,0.0,0.0,0.0,0.0,1.0,1.0,0.0,0.0,1.0,0.0,0.0,0.0,0.0,1.0,0.0,0.0,1.0,1.0,0.0,0.0,0.0,1.0,0.0,0.0,0.0,1.0,1.0,0.0,5.0,0.0,0.0,1.0,0.13163055776290805,0.0,0.0,1.0,0.0,0.0,1.0,0.0,0.0,1.0
7365-BVCJH,0,-1.2774445836787656,-1.341458789053027,-0.9965985594089941,0.0,1.0,1.0,0.0,1.0,0.0,1.0,0.0,0.0,1.0,0.0,1.0,0.0,0.0,1.0,0.0,0.0,1.0,0.0,0.0,1.0,0.0,0.0,1.0,0.0,0.0,1.0,0.0,0.0,1.0,0.0,0.0,1.0,0.0,0.0,0.0,1.0,0.0,0.0,1.0,0.0,1.0,0.0,1.0,1.0,0.0,0.0,0.7801501310835768,1.0,0.0,0.0,1.0,0.0,0.0,1.0,0.0,0.0
9620-ENEJV,0,-1.0738427650786138,0.19237984210030468,-0.8159102330771624,1.0,0.0,1.0,0.0,1.0,0.0,0.0,1.0,1.0,0.0,0.0,0.0,1.0,0.0,1.0,0.0,0.0,1.0,0.0,0.0,1.0,0.0,0.0,1.0,0.0,0.0,1.0,0.0,0.0,1.0,0.0,0.0,1.0,0.0,0.0,1.0,0.0,0.0,1.0,0.0,0.0,1.0,0.0,2.0,1.0,0.0,0.0,0.7598041907163487,1.0,0.0,0.0,1.0,0.0,0.0,1.0,0.0,0.0
4183-WCSEP,0,-0.055833672077855064,0.45494376812655235,0.06699412208157685,0.0,1.0,1.0,0.0,1.0,0.0,0.0,1.0,1.0,0.0,0.0,0.0,1.0,0.0,1.0,0.0,0.0,0.0,0.0,1.0,1.0,0.0,0.0,0.0,0.0,1.0,1.0,0.0,0.0,1.0,0.0,0.0,1.0,0.0,0.0,0.0,1.0,0.0,0.0,1.0,0.0,0.0,1.0,4.0,0.0,0.0,1.0,-1.199887444052749,0.0,0.0,1.0,0.0,0.0,1.0,0.0,0.0,1.0
2378-YIZKA,0,1.4508197855632678,0.6726391751483144,1.4667054738588186,1.0,0.0,0.0,1.0,0.0,1.0,0.0,1.0,1.0,0.0,0.0,1.0,0.0,0.0,0.0,0.0,1.0,0.0,0.0,1.0,0.0,0.0,1.0,0.0,0.0,1.0,0.0,0.0,1.0,0.0,0.0,1.0,0.0,0.0,1.0,0.0,1.0,0.0,1.0,0.0,0.0,1.0,0.0,8.0,0.0,1.0,0.0,1.010949456613168,0.0,1.0,0.0,0.0,1.0,0.0,0.0,1.0,0.0
5498-TXHLF,0,0.06632741908223598,0.7540672281564545,0.26067541926061266,1.0,0.0,0.0,1.0,0.0,1.0,0.0,1.0,0.0,0.0,1.0,0.0,1.0,0.0,1.0,0.0,0.0,1.0,0.0,0.0,0.0,0.0,1.0,1.0,0.0,0.0,0.0,0.0,1.0,1.0,0.0,0.0,1.0,0.0,0.0,1.0,0.0,0.0,0.0,1.0,0.0,0.0,1.0,5.0,0.0,0.0,1.0,3.930130598590223,0.0,0.0,1.0,0.0,0.0,1.0,0.0,0.0,1.0
0689-DSXGL,0,0.7992939660427822,0.6992279271509723,0.9485528554717602,1.0,0.0,0.0,1.0,0.0,1.0,0.0,1.0,1.0,0.0,0.0,0.0,1.0,0.0,1.0,0.0,0.0,0.0,0.0,1.0,0.0,0.0,1.0,0.0,0.0,1.0,1.0,0.0,0.0,1.0,0.0,0.0,1.0,0.0,0.0,1.0,0.0,1.0,0.0,0.0,0.0,1.0,0.0,5.0,0.0,1.0,0.0,1.186738416365061,0.0,1.0,0.0,0.0,1.0,0.0,0.0,1.0,0.0
6818-DJXAA,0,-0.9109613101984924,0.8753784091685812,-0.5819044015879583,1.0,0.0,1.0,0.0,0.0,1.0,0.0,1.0,1.0,0.0,0.0,0.0,1.0,0.0,1.0,0.0,0.0,1.0,0.0,0.0,0.0,0.0,1.0,0.0,0.0,1.0,0.0,0.0,1.0,1.0,0.0,0.0,1.0,0.0,0.0,0.0,1.0,0.0,0.0,1.0,0.0,1.0,0.0,5.0,1.0,0.0,0.0,0.6387805882350429,1.0,0.0,0.0,1.0,0.0,0.0,1.0,0.0,0.0
9722-UJOJR,0,-0.13727439951791576,0.19902703010096928,-0.13610652747735066,0.0,1.0,0.0,1.0,0.0,1.0,0.0,1.0,1.0,0.0,0.0,0.0,1.0,0.0,1.0,0.0,0.0,1.0,0.0,0.0,1.0,0.0,0.0,1.0,0.0,0.0,1.0,0.0,0.0,1.0,0.0,0.0,1.0,0.0,0.0,0.0,1.0,0.0,0.0,1.0,0.0,0.0,1.0,2.0,0.0,0.0,1.0,0.9914924265218682,0.0,0.0,1.0,0.0,0.0,1.0,0.0,0.0,1.0
0464-WJTKO,0,1.6137012404433893,-1.4843733310673135,-0.3628548251656547,1.0,0.0,0.0,1.0,0.0,1.0,0.0,1.0,1.0,0.0,0.0,0.0,0.0,1.0,0.0,1.0,0.0,0.0,1.0,0.0,0.0,1.0,0.0,0.0,1.0,0.0,0.0,1.0,0.0,0.0,1.0,0.0,0.0,0.0,1.0,1.0,0.0,1.0,0.0,0.0,0.0,1.0,0.0,1.0,0.0,1.0,0.0,-0.2248587384526982,0.0,1.0,0.0,0.0,1.0,0.0,0.0,1.0,0.0
8902-ZEOVF,0,0.5956921474426305,-1.4860351280674797,-0.5875516011412423,0.0,1.0,0.0,1.0,0.0,1.0,0.0,1.0,1.0,0.0,0.0,0.0,0.0,1.0,0.0,1.0,0.0,0.0,1.0,0.0,0.0,1.0,0.0,0.0,1.0,0.0,0.0,1.0,0.0,0.0,1.0,0.0,0.0,1.0,0.0,1.0,0.0,0.0,0.0,0.0,1.0,1.0,0.0,1.0,0.0,1.0,0.0,-0.9863343065099373,0.0,1.0,0.0,0.0,1.0,0.0,0.0,1.0,0.0
6778-EICRF,0,-0.3408762181180675,0.33363258711442517,-0.20387292211675814,0.0,1.0,0.0,1.0,0.0,1.0,0.0,1.0,0.0,0.0,1.0,1.0,0.0,0.0,0.0,0.0,1.0,1.0,0.0,0.0,1.0,0.0,0.0,1.0,0.0,0.0,0.0,0.0,1.0,0.0,0.0,1.0,0.0,1.0,0.0,1.0,0.0,0.0,0.0,0.0,1.0,1.0,0.0,6.0,0.0,0.0,1.0,0.598084909655222,0.0,0.0,1.0,0.0,0.0,1.0,0.0,0.0,1.0
2662-NNTDK,0,1.3286586944031769,-1.328164413051698,-0.3010444613051013,0.0,1.0,1.0,0.0,1.0,0.0,0.0,1.0,0.0,0.0,1.0,0.0,0.0,1.0,0.0,1.0,0.0,0.0,1.0,0.0,0.0,1.0,0.0,0.0,1.0,0.0,0.0,1.0,0.0,0.0,1.0,0.0,0.0,1.0,0.0,1.0,0.0,0.0,1.0,0.0,0.0,1.0,0.0,2.0,0.0,1.0,0.0,-0.22657772276147123,0.0,1.0,0.0,0.0,1.0,0.0,0.0,1.0,0.0
4132-KALRO,0,-1.1552834925186746,1.1994288242009752,-0.8312194381161432,1.0,0.0,1.0,0.0,1.0,0.0,0.0,1.0,0.0,0.0,1.0,0.0,1.0,0.0,1.0,0.0,0.0,1.0,0.0,0.0,1.0,0.0,0.0,0.0,0.0,1.0,0.0,0.0,1.0,0.0,0.0,1.0,1.0,0.0,0.0,0.0,1.0,0.0,0.0,0.0,1.0,1.0,0.0,6.0,1.0,0.0,0.0,0.7194939108010383,1.0,0.0,0.0,1.0,0.0,0.0,1.0,0.0,0.0
3902-FOIGH,1,-0.8295205827584317,1.2160467942026365,-0.46975454795945965,0.0,1.0,0.0,1.0,1.0,0.0,0.0,1.0,0.0,0.0,1.0,0.0,1.0,0.0,1.0,0.0,0.0,0.0,0.0,1.0,1.0,0.0,0.0,1.0,0.0,0.0,0.0,0.0,1.0,0.0,0.0,1.0,1.0,0.0,0.0,0.0,1.0,0.0,0.0,1.0,0.0,0.0,1.0,6.0,1.0,0.0,0.0,0.5662964340165854,1.0,0.0,0.0,1.0,0.0,0.0,1.0,0.0,0.0
6772-KSATR,0,-1.2774445836787656,0.5629605731373504,-0.9713185176587465,0.0,1.0,1.0,0.0,1.0,0.0,0.0,1.0,0.0,0.0,1.0,0.0,1.0,0.0,0.0,0.0,1.0,1.0,0.0,0.0,1.0,0.0,0.0,1.0,0.0,0.0,1.0,0.0,0.0,1.0,0.0,0.0,1.0,0.0,0.0,0.0,1.0,0.0,0.0,1.0,0.0,0.0,1.0,4.0,1.0,0.0,0.0,0.7603605902508571,1.0,0.0,0.0,1.0,0.0,0.0,1.0,0.0,0.0
7112-OPOTK,0,0.025607055362205634,0.11593718009266311,-0.04947936870490484,0.0,1.0,1.0,0.0,1.0,0.0,0.0,1.0,1.0,0.0,0.0,0.0,1.0,0.0,1.0,0.0,0.0,1.0,0.0,0.0,1.0,0.0,0.0,1.0,0.0,0.0,1.0,0.0,0.0,1.0,0.0,0.0,1.0,0.0,0.0,1.0,0.0,0.0,0.0,1.0,0.0,0.0,1.0,2.0,0.0,0.0,1.0,-1.9322553103053466,0.0,0.0,1.0,0.0,0.0,1.0,0.0,0.0,1.0
2874-YXVVA,0,0.06632741908223598,1.3406815692150957,0.596264664589163,1.0,0.0,1.0,0.0,1.0,0.0,0.0,1.0,1.0,0.0,0.0,0.0,1.0,0.0,1.0,0.0,0.0,0.0,0.0,1.0,0.0,0.0,1.0,0.0,0.0,1.0,0.0,0.0,1.0,0.0,0.0,1.0,1.0,0.0,0.0,0.0,1.0,0.0,0.0,1.0,0.0,1.0,0.0,7.0,0.0,0.0,1.0,8.98971606071216,0.0,0.0,1.0,0.0,0.0,1.0,0.0,0.0,1.0
1245-HARPS,0,-0.748079855318371,-1.4744025490663168,-0.8783603187621112,1.0,0.0,0.0,1.0,1.0,0.0,0.0,1.0,1.0,0.0,0.0,0.0,0.0,1.0,0.0,1.0,0.0,0.0,1.0,0.0,0.0,1.0,0.0,0.0,1.0,0.0,0.0,1.0,0.0,0.0,1.0,0.0,0.0,0.0,1.0,1.0,0.0,0.0,0.0,0.0,1.0,1.0,0.0,1.0,1.0,0.0,0.0,1.1741531502519806,1.0,0.0,0.0,1.0,0.0,0.0,1.0,0.0,0.0
4210-QFJMF,0,-1.1552834925186746,0.47820892612887816,-0.8673968102543685,1.0,0.0,1.0,0.0,1.0,0.0,0.0,1.0,1.0,0.0,0.0,0.0,1.0,0.0,1.0,0.0,0.0,1.0,0.0,0.0,1.0,0.0,0.0,1.0,0.0,0.0,1.0,0.0,0.0,0.0,0.0,1.0,1.0,0.0,0.0,0.0,1.0,0.0,0.0,1.0,0.0,0.0,1.0,3.0,1.0,0.0,0.0,0.750808624784663,1.0,0.0,0.0,1.0,0.0,0.0,1.0,0.0,0.0
4323-ELYYB,0,-0.7888002190384014,-1.4876969250676457,-0.910942013059769,0.0,1.0,0.0,1.0,0.0,1.0,0.0,1.0,1.0,0.0,0.0,0.0,0.0,1.0,0.0,1.0,0.0,0.0,1.0,0.0,0.0,1.0,0.0,0.0,1.0,0.0,0.0,1.0,0.0,0.0,1.0,0.0,0.0,1.0,0.0,1.0,0.0,0.0,0.0,0.0,1.0,1.0,0.0,1.0,1.0,0.0,0.0,1.1548450305582654,1.0,0.0,0.0,1.0,0.0,0.0,1.0,0.0,0.0
4293-ETKAP,0,1.3286586944031769,0.48651791112970877,1.2302951706848175,1.0,0.0,0.0,1.0,0.0,1.0,0.0,1.0,0.0,0.0,1.0,1.0,0.0,0.0,1.0,0.0,0.0,0.0,0.0,1.0,1.0,0.0,0.0,0.0,0.0,1.0,0.0,0.0,1.0,0.0,0.0,1.0,0.0,0.0,1.0,0.0,1.0,1.0,0.0,0.0,0.0,1.0,0.0,7.0,0.0,1.0,0.0,0.9259678018646139,0.0,1.0,0.0,0.0,1.0,0.0,0.0,1.0,0.0
6064-PUPMC,0,-0.38159658183809786,-0.25131995694405,-0.3793993551069163,0.0,1.0,0.0,1.0,0.0,1.0,0.0,1.0,1.0,0.0,0.0,1.0,0.0,0.0,0.0,0.0,1.0,1.0,0.0,0.0,1.0,0.0,0.0,0.0,0.0,1.0,1.0,0.0,0.0,1.0,0.0,0.0,0.0,1.0,0.0,1.0,0.0,0.0,1.0,0.0,0.0,1.0,0.0,4.0,0.0,0.0,1.0,0.994242016737682,0.0,0.0,1.0,0.0,0.0,1.0,0.0,0.0,1.0
6504-VBLFL,0,0.9214550572028734,-0.2047896409393986,0.34646432184936776,0.0,1.0,0.0,1.0,1.0,0.0,0.0,1.0,1.0,0.0,0.0,1.0,0.0,0.0,0.0,0.0,1.0,0.0,0.0,1.0,0.0,0.0,1.0,1.0,0.0,0.0,1.0,0.0,0.0,1.0,0.0,0.0,0.0,0.0,1.0,1.0,0.0,0.0,0.0,1.0,0.0,1.0,0.0,5.0,0.0,1.0,0.0,0.3759969834026186,0.0,1.0,0.0,0.0,1.0,0.0,0.0,1.0,0.0
6322-PJJDJ,0,0.6771328748826912,0.9983513871808745,1.0620924496153246,0.0,1.0,0.0,1.0,1.0,0.0,0.0,1.0,1.0,0.0,0.0,0.0,1.0,0.0,1.0,0.0,0.0,0.0,0.0,1.0,1.0,0.0,0.0,1.0,0.0,0.0,0.0,0.0,1.0,0.0,0.0,1.0,0.0,0.0,1.0,0.0,1.0,0.0,0.0,1.0,0.0,1.0,0.0,5.0,0.0,1.0,0.0,1.5685140819655596,0.0,1.0,0.0,0.0,1.0,0.0,0.0,1.0,0.0
0330-BGYZE,0,1.125056875803025,1.2542681252064576,1.709292401544224,0.0,1.0,0.0,1.0,1.0,0.0,0.0,1.0,0.0,0.0,1.0,0.0,1.0,0.0,1.0,0.0,0.0,0.0,0.0,1.0,0.0,0.0,1.0,1.0,0.0,0.0,0.0,0.0,1.0,0.0,0.0,1.0,0.0,1.0,0.0,1.0,0.0,1.0,0.0,0.0,0.0,1.0,0.0,7.0,0.0,1.0,0.0,1.519294213747365,0.0,1.0,0.0,0.0,1.0,0.0,0.0,1.0,0.0
1085-LDWAM,0,1.4915401492832983,-1.4760643460664828,-0.37088443703048024,1.0,0.0,0.0,1.0,0.0,1.0,0.0,1.0,1.0,0.0,0.0,0.0,0.0,1.0,0.0,1.0,0.0,0.0,1.0,0.0,0.0,1.0,0.0,0.0,1.0,0.0,0.0,1.0,0.0,0.0,1.0,0.0,0.0,1.0,0.0,0.0,1.0,0.0,1.0,0.0,0.0,1.0,0.0,1.0,0.0,1.0,0.0,-0.24865870168409102,0.0,1.0,0.0,0.0,1.0,0.0,0.0,1.0,0.0
7586-ZATGZ,0,0.3106496014024181,0.6693155811479823,0.47901909573875584,0.0,1.0,1.0,0.0,1.0,0.0,0.0,1.0,0.0,0.0,1.0,0.0,1.0,0.0,1.0,0.0,0.0,1.0,0.0,0.0,1.0,0.0,0.0,1.0,0.0,0.0,0.0,0.0,1.0,1.0,0.0,0.0,1.0,0.0,0.0,0.0,1.0,0.0,0.0,1.0,0.0,1.0,0.0,4.0,0.0,0.0,1.0,1.541991663843246,0.0,0.0,1.0,0.0,0.0,1.0,0.0,0.0,1.0
7197-VOJMM,0,1.4100994218432374,0.14751132309581955,1.0537098877784188,0.0,1.0,0.0,1.0,1.0,0.0,0.0,1.0,1.0,0.0,0.0,1.0,0.0,0.0,0.0,0.0,1.0,0.0,0.0,1.0,1.0,0.0,0.0,0.0,0.0,1.0,1.0,0.0,0.0,0.0,0.0,1.0,0.0,0.0,1.0,0.0,1.0,0.0,1.0,0.0,0.0,1.0,0.0,6.0,0.0,1.0,0.0,0.7472592864416912,0.0,1.0,0.0,0.0,1.0,0.0,0.0,1.0,0.0
3318-OSATS,1,0.10704778280226633,1.0199547481830342,0.5253437795742883,0.0,1.0,1.0,0.0,1.0,0.0,0.0,1.0,0.0,0.0,1.0,0.0,1.0,0.0,1.0,0.0,0.0,1.0,0.0,0.0,1.0,0.0,0.0,1.0,0.0,0.0,0.0,0.0,1.0,0.0,0.0,1.0,1.0,0.0,0.0,0.0,1.0,0.0,0.0,1.0,0.0,0.0,1.0,5.0,0.0,0.0,1.0,4.907563387320958,0.0,0.0,1.0,0.0,0.0,1.0,0.0,0.0,1.0
5828-AVIPD,0,-0.5444780367182193,1.2027524182013078,-0.17989438338855637,0.0,1.0,0.0,1.0,0.0,1.0,0.0,1.0,0.0,0.0,1.0,0.0,1.0,0.0,1.0,0.0,0.0,1.0,0.0,0.0,1.0,0.0,0.0,0.0,0.0,1.0,0.0,0.0,1.0,0.0,0.0,1.0,0.0,1.0,0.0,0.0,1.0,0.0,0.0,1.0,0.0,0.0,1.0,6.0,1.0,0.0,0.0,0.33039786962363027,1.0,0.0,0.0,1.0,0.0,0.0,1.0,0.0,0.0
1843-TLSGD,0,-0.7888002190384014,-1.4594463760648215,-0.8872061274373725,1.0,0.0,0.0,1.0,0.0,1.0,0.0,1.0,1.0,0.0,0.0,0.0,0.0,1.0,0.0,1.0,0.0,0.0,1.0,0.0,0.0,1.0,0.0,0.0,1.0,0.0,0.0,1.0,0.0,0.0,1.0,0.0,0.0,0.0,1.0,1.0,0.0,0.0,0.0,0.0,1.0,1.0,0.0,1.0,1.0,0.0,0.0,1.1247539060257037,1.0,0.0,0.0,1.0,0.0,0.0,1.0,0.0,0.0
9626-VFRGG,0,0.35136996512244845,0.788964965159943,0.6007868361064412,1.0,0.0,1.0,0.0,0.0,1.0,0.0,1.0,0.0,0.0,1.0,0.0,1.0,0.0,1.0,0.0,0.0,0.0,0.0,1.0,1.0,0.0,0.0,1.0,0.0,0.0,0.0,0.0,1.0,1.0,0.0,0.0,1.0,0.0,0.0,0.0,1.0,1.0,0.0,0.0,0.0,1.0,0.0,5.0,0.0,0.0,1.0,1.7098411809247094,0.0,0.0,1.0,0.0,0.0,1.0,0.0,0.0,1.0
7075-BNDVQ,0,-1.1552834925186746,-0.9891578250178088,-0.9474723351700747,1.0,0.0,1.0,0.0,1.0,0.0,1.0,0.0,0.0,1.0,0.0,1.0,0.0,0.0,0.0,0.0,1.0,1.0,0.0,0.0,0.0,0.0,1.0,1.0,0.0,0.0,1.0,0.0,0.0,1.0,0.0,0.0,1.0,0.0,0.0,1.0,0.0,0.0,0.0,0.0,1.0,1.0,0.0,3.0,1.0,0.0,0.0,0.8201210709801251,1.0,0.0,0.0,1.0,0.0,0.0,1.0,0.0,0.0
9143-CANJF,0,-0.3408762181180675,-0.3194536339508612,-0.42506225774479833,1.0,0.0,0.0,1.0,0.0,1.0,0.0,1.0,1.0,0.0,0.0,1.0,0.0,0.0,0.0,0.0,1.0,1.0,0.0,0.0,1.0,0.0,0.0,0.0,0.0,1.0,1.0,0.0,0.0,1.0,0.0,0.0,1.0,0.0,0.0,1.0,0.0,0.0,0.0,1.0,0.0,1.0,0.0,4.0,0.0,0.0,1.0,1.2469695307332112,0.0,0.0,1.0,0.0,0.0,1.0,0.0,0.0,1.0
7284-BUYEC,0,-1.1145631287986442,-0.4590445819648154,-0.9061551290634307,1.0,0.0,1.0,0.0,1.0,0.0,1.0,0.0,0.0,1.0,0.0,1.0,0.0,0.0,1.0,0.0,0.0,0.0,0.0,1.0,1.0,0.0,0.0,1.0,0.0,0.0,0.0,0.0,1.0,0.0,0.0,1.0,1.0,0.0,0.0,0.0,1.0,0.0,1.0,0.0,0.0,1.0,0.0,4.0,1.0,0.0,0.0,0.8130137321518517,1.0,0.0,0.0,1.0,0.0,0.0,1.0,0.0,0.0
2041-JIJCI,0,-1.1145631287986442,-0.025315564921457354,-0.8440138746040521,1.0,0.0,1.0,0.0,1.0,0.0,0.0,1.0,0.0,0.0,1.0,1.0,0.0,0.0,1.0,0.0,0.0,0.0,0.0,1.0,1.0,0.0,0.0,1.0,0.0,0.0,1.0,0.0,0.0,0.0,0.0,1.0,1.0,0.0,0.0,0.0,1.0,0.0,0.0,1.0,0.0,1.0,0.0,5.0,1.0,0.0,0.0,0.7572598202793507,1.0,0.0,0.0,1.0,0.0,0.0,1.0,0.0,0.0
1086-LXKFY,0,-1.2774445836787656,0.14418772909548702,-0.9768774797190104,1.0,0.0,0.0,1.0,0.0,1.0,0.0,1.0,1.0,0.0,0.0,0.0,1.0,0.0,1.0,0.0,0.0,1.0,0.0,0.0,1.0,0.0,0.0,1.0,0.0,0.0,1.0,0.0,0.0,1.0,0.0,0.0,1.0,0.0,0.0,0.0,1.0,0.0,0.0,0.0,1.0,0.0,1.0,2.0,1.0,0.0,0.0,0.7647122170308268,1.0,0.0,0.0,1.0,0.0,0.0,1.0,0.0,0.0
4900-MSOMT,0,1.6137012404433893,0.5131066631323666,1.5136698795187464,1.0,0.0,0.0,1.0,0.0,1.0,0.0,1.0,0.0,0.0,1.0,1.0,0.0,0.0,0.0,0.0,1.0,0.0,0.0,1.0,0.0,0.0,1.0,0.0,0.0,1.0,0.0,0.0,1.0,1.0,0.0,0.0,0.0,0.0,1.0,1.0,0.0,1.0,0.0,0.0,0.0,1.0,0.0,8.0,0.0,1.0,0.0,0.9380112263549121,0.0,1.0,0.0,0.0,1.0,0.0,0.0,1.0,0.0
2229-VWQJH,0,-0.3408762181180675,-0.5138838829702976,-0.4632690922224851,1.0,0.0,1.0,0.0,1.0,0.0,0.0,1.0,1.0,0.0,0.0,1.0,0.0,0.0,1.0,0.0,0.0,1.0,0.0,0.0,0.0,0.0,1.0,1.0,0.0,0.0,1.0,0.0,0.0,1.0,0.0,0.0,1.0,0.0,0.0,0.0,1.0,0.0,1.0,0.0,0.0,1.0,0.0,3.0,0.0,0.0,1.0,1.359053719793456,0.0,0.0,1.0,0.0,0.0,1.0,0.0,0.0,1.0
9194-GFVOI,0,0.3920903288424788,0.6510358141461546,0.5683816167948235,1.0,0.0,0.0,1.0,1.0,0.0,0.0,1.0,0.0,0.0,1.0,1.0,0.0,0.0,0.0,0.0,1.0,1.0,0.0,0.0,0.0,0.0,1.0,0.0,0.0,1.0,0.0,0.0,1.0,0.0,0.0,1.0,0.0,0.0,1.0,1.0,0.0,0.0,1.0,0.0,0.0,1.0,0.0,8.0,0.0,0.0,1.0,1.44961906730214,0.0,0.0,1.0,0.0,0.0,1.0,0.0,0.0,1.0
1336-EZFZY,0,-1.1552834925186746,-1.4860351280674797,-0.9706126177145858,1.0,0.0,1.0,0.0,1.0,0.0,0.0,1.0,1.0,0.0,0.0,0.0,0.0,1.0,0.0,1.0,0.0,0.0,1.0,0.0,0.0,1.0,0.0,0.0,1.0,0.0,0.0,1.0,0.0,0.0,1.0,0.0,1.0,0.0,0.0,1.0,0.0,0.0,0.0,0.0,1.0,1.0,0.0,1.0,1.0,0.0,0.0,0.8401510313269679,1.0,0.0,0.0,1.0,0.0,0.0,1.0,0.0,0.0
4282-MSACW,0,1.4508197855632678,1.7428364432552979,2.5379968766153898,0.0,1.0,1.0,0.0,1.0,0.0,0.0,1.0,0.0,0.0,1.0,0.0,1.0,0.0,0.0,0.0,1.0,0.0,0.0,1.0,0.0,0.0,1.0,0.0,0.0,1.0,0.0,0.0,1.0,0.0,0.0,1.0,0.0,1.0,0.0,0.0,1.0,0.0,1.0,0.0,0.0,1.0,0.0,9.0,0.0,1.0,0.0,1.7493536425890657,0.0,1.0,0.0,0.0,1.0,0.0,0.0,1.0,0.0
1403-LKLIK,0,0.025607055362205634,-1.4843733310673135,-0.7517395162783224,1.0,0.0,0.0,1.0,0.0,1.0,0.0,1.0,1.0,0.0,0.0,0.0,0.0,1.0,0.0,1.0,0.0,0.0,1.0,0.0,0.0,1.0,0.0,0.0,1.0,0.0,0.0,1.0,0.0,0.0,1.0,0.0,0.0,1.0,0.0,1.0,0.0,0.0,0.0,0.0,1.0,1.0,0.0,1.0,0.0,0.0,1.0,-29.356734136164736,0.0,0.0,1.0,0.0,0.0,1.0,0.0,0.0,1.0
2636-ALXXZ,1,-1.2774445836787656,0.16080569909714826,-0.9766568859864602,1.0,0.0,1.0,0.0,1.0,0.0,0.0,1.0,1.0,0.0,0.0,0.0,1.0,0.0,1.0,0.0,0.0,1.0,0.0,0.0,1.0,0.0,0.0,1.0,0.0,0.0,1.0,0.0,0.0,1.0,0.0,0.0,1.0,0.0,0.0,0.0,1.0,0.0,0.0,1.0,0.0,0.0,1.0,2.0,1.0,0.0,0.0,0.764539533428447,1.0,0.0,0.0,1.0,0.0,0.0,1.0,0.0,0.0
7774-OJSXI,0,-0.055833672077855064,1.285842268209614,0.34551576879940205,0.0,1.0,1.0,0.0,1.0,0.0,0.0,1.0,0.0,0.0,1.0,0.0,1.0,0.0,1.0,0.0,0.0,0.0,0.0,1.0,0.0,0.0,1.0,1.0,0.0,0.0,0.0,0.0,1.0,0.0,0.0,1.0,0.0,1.0,0.0,0.0,1.0,0.0,0.0,1.0,0.0,0.0,1.0,7.0,0.0,0.0,1.0,-6.188304582897775,0.0,0.0,1.0,0.0,0.0,1.0,0.0,0.0,1.0
7786-WBJYI,0,-1.1552834925186746,0.4383257981248911,-0.8725587035960422,1.0,0.0,1.0,0.0,1.0,0.0,0.0,1.0,0.0,0.0,1.0,0.0,1.0,0.0,1.0,0.0,0.0,0.0,0.0,1.0,1.0,0.0,0.0,1.0,0.0,0.0,1.0,0.0,0.0,1.0,0.0,0.0,1.0,0.0,0.0,1.0,0.0,1.0,0.0,0.0,0.0,0.0,1.0,4.0,1.0,0.0,0.0,0.755276699828668,1.0,0.0,0.0,1.0,0.0,0.0,1.0,0.0,0.0
0136-IFMYD,1,1.4915401492832983,1.5018758782312098,2.3607718718845954,0.0,1.0,0.0,1.0,1.0,0.0,0.0,1.0,0.0,0.0,1.0,0.0,1.0,0.0,1.0,0.0,0.0,0.0,0.0,1.0,0.0,0.0,1.0,0.0,0.0,1.0,0.0,0.0,1.0,0.0,0.0,1.0,0.0,0.0,1.0,0.0,1.0,0.0,0.0,1.0,0.0,1.0,0.0,8.0,0.0,1.0,0.0,1.5827746058454897,0.0,1.0,0.0,0.0,1.0,0.0,0.0,1.0,0.0
5144-TVGLP,1,0.22920887396235737,0.9966895901807084,0.6042942764539887,0.0,1.0,1.0,0.0,1.0,0.0,0.0,1.0,0.0,0.0,1.0,0.0,1.0,0.0,1.0,0.0,0.0,1.0,0.0,0.0,1.0,0.0,0.0,1.0,0.0,0.0,0.0,0.0,1.0,0.0,0.0,1.0,1.0,0.0,0.0,1.0,0.0,0.0,0.0,1.0,0.0,1.0,0.0,5.0,0.0,0.0,1.0,2.636434907634645,0.0,0.0,1.0,0.0,0.0,1.0,0.0,0.0,1.0
9643-AVVWI,0,-1.1960038562387048,0.5064594751317021,-0.900904998228737,1.0,0.0,0.0,1.0,0.0,1.0,0.0,1.0,1.0,0.0,0.0,0.0,1.0,0.0,1.0,0.0,0.0,0.0,0.0,1.0,1.0,0.0,0.0,0.0,0.0,1.0,1.0,0.0,0.0,1.0,0.0,0.0,1.0,0.0,0.0,0.0,1.0,0.0,0.0,1.0,0.0,1.0,0.0,4.0,1.0,0.0,0.0,0.753262619956745,1.0,0.0,0.0,1.0,0.0,0.0,1.0,0.0,0.0
0253-ZTEOB,0,0.6364125111626608,0.4948268961305394,0.700164312620286,1.0,0.0,0.0,1.0,0.0,1.0,0.0,1.0,0.0,0.0,1.0,1.0,0.0,0.0,1.0,0.0,0.0,0.0,0.0,1.0,1.0,0.0,0.0,0.0,0.0,1.0,0.0,0.0,1.0,0.0,0.0,1.0,0.0,0.0,1.0,1.0,0.0,0.0,0.0,1.0,0.0,1.0,0.0,7.0,0.0,1.0,0.0,1.100173708623605,0.0,1.0,0.0,0.0,1.0,0.0,0.0,1.0,0.0
2706-QZIHY,0,-0.7073594915983407,-1.3148700370503688,-0.8362269158450316,1.0,0.0,0.0,1.0,1.0,0.0,0.0,1.0,0.0,0.0,1.0,0.0,0.0,1.0,0.0,1.0,0.0,0.0,1.0,0.0,0.0,1.0,0.0,0.0,1.0,0.0,0.0,1.0,0.0,0.0,1.0,0.0,0.0,0.0,1.0,1.0,0.0,0.0,0.0,0.0,1.0,1.0,0.0,2.0,1.0,0.0,0.0,1.1821809501071425,1.0,0.0,0.0,1.0,0.0,0.0,1.0,0.0,0.0
6061-PQHMK,0,-0.30015585439803716,-1.491020519067978,-0.7746371457170285,1.0,0.0,1.0,0.0,1.0,0.0,0.0,1.0,1.0,0.0,0.0,0.0,0.0,1.0,0.0,1.0,0.0,0.0,1.0,0.0,0.0,1.0,0.0,0.0,1.0,0.0,0.0,1.0,0.0,0.0,1.0,0.0,0.0,1.0,0.0,1.0,0.0,0.0,1.0,0.0,0.0,1.0,0.0,1.0,0.0,0.0,1.0,2.5807830644201957,0.0,0.0,1.0,0.0,0.0,1.0,0.0,0.0,1.0
9885-CSMWE,1,-1.2774445836787656,0.45494376812655235,-0.9727523769203225,1.0,0.0,1.0,0.0,1.0,0.0,0.0,1.0,1.0,0.0,0.0,0.0,1.0,0.0,1.0,0.0,0.0,1.0,0.0,0.0,1.0,0.0,0.0,1.0,0.0,0.0,0.0,0.0,1.0,1.0,0.0,0.0,1.0,0.0,0.0,1.0,0.0,0.0,0.0,1.0,0.0,0.0,1.0,3.0,1.0,0.0,0.0,0.7614830336663254,1.0,0.0,0.0,1.0,0.0,0.0,1.0,0.0,0.0
6137-MFAJN,0,0.6364125111626608,-0.6634456129852487,-0.07886245388058541,1.0,0.0,1.0,0.0,1.0,0.0,1.0,0.0,0.0,1.0,0.0,1.0,0.0,0.0,0.0,0.0,1.0,0.0,0.0,1.0,1.0,0.0,0.0,1.0,0.0,0.0,0.0,0.0,1.0,1.0,0.0,0.0,1.0,0.0,0.0,0.0,1.0,0.0,0.0,1.0,0.0,1.0,0.0,4.0,0.0,1.0,0.0,-0.12391719599684133,0.0,1.0,0.0,0.0,1.0,0.0,0.0,1.0,0.0
9122-UMROB,0,-1.2774445836787656,-1.477726143066649,-0.9984074280159053,0.0,1.0,1.0,0.0,1.0,0.0,0.0,1.0,1.0,0.0,0.0,0.0,0.0,1.0,0.0,1.0,0.0,0.0,1.0,0.0,0.0,1.0,0.0,0.0,1.0,0.0,0.0,1.0,0.0,0.0,1.0,0.0,1.0,0.0,0.0,1.0,0.0,0.0,0.0,0.0,1.0,1.0,0.0,1.0,1.0,0.0,0.0,0.7815661366230907,1.0,0.0,0.0,1.0,0.0,0.0,1.0,0.0,0.0
4232-JGKIY,0,-1.2774445836787656,-1.5142856770703037,-0.9988927342275158,0.0,1.0,1.0,0.0,1.0,0.0,0.0,1.0,1.0,0.0,0.0,0.0,0.0,1.0,0.0,1.0,0.0,0.0,1.0,0.0,0.0,1.0,0.0,0.0,1.0,0.0,0.0,1.0,0.0,0.0,1.0,0.0,1.0,0.0,0.0,1.0,0.0,0.0,0.0,1.0,0.0,1.0,0.0,1.0,1.0,0.0,0.0,0.7819460405483263,1.0,0.0,0.0,1.0,0.0,0.0,1.0,0.0,0.0
2402-TAIRZ,0,0.18848851024232702,0.5081212721318681,0.32462554232690244,1.0,0.0,1.0,0.0,1.0,0.0,0.0,1.0,1.0,0.0,0.0,0.0,1.0,0.0,1.0,0.0,0.0,0.0,0.0,1.0,0.0,0.0,1.0,1.0,0.0,0.0,1.0,0.0,0.0,1.0,0.0,0.0,0.0,1.0,0.0,1.0,0.0,0.0,0.0,1.0,0.0,1.0,0.0,4.0,0.0,0.0,1.0,1.722256395944523,0.0,0.0,1.0,0.0,0.0,1.0,0.0,0.0,1.0
9659-ZTWSM,1,1.369379058123207,1.4154624342225712,2.1038684109566854,0.0,1.0,0.0,1.0,1.0,0.0,0.0,1.0,0.0,0.0,1.0,0.0,1.0,0.0,1.0,0.0,0.0,0.0,0.0,1.0,0.0,0.0,1.0,0.0,0.0,1.0,0.0,0.0,1.0,0.0,0.0,1.0,0.0,1.0,0.0,0.0,1.0,1.0,0.0,0.0,0.0,1.0,0.0,8.0,0.0,1.0,0.0,1.5363667192633481,0.0,1.0,0.0,0.0,1.0,0.0,0.0,1.0,0.0
9139-TWBAS,0,-0.2594354906780068,-0.562075995975115,-0.4821298563555233,1.0,0.0,0.0,1.0,1.0,0.0,1.0,0.0,0.0,1.0,0.0,1.0,0.0,0.0,0.0,0.0,1.0,0.0,0.0,1.0,0.0,0.0,1.0,1.0,0.0,0.0,0.0,0.0,1.0,1.0,0.0,0.0,0.0,1.0,0.0,1.0,0.0,1.0,0.0,0.0,0.0,1.0,0.0,5.0,0.0,0.0,1.0,1.8583804979632073,0.0,0.0,1.0,0.0,0.0,1.0,0.0,0.0,1.0
6685-GBWJZ,0,1.247217966963116,0.2006888271011353,0.955391261180815,0.0,1.0,0.0,1.0,1.0,0.0,0.0,1.0,1.0,0.0,0.0,1.0,0.0,0.0,0.0,0.0,1.0,0.0,0.0,1.0,1.0,0.0,0.0,0.0,0.0,1.0,0.0,0.0,1.0,1.0,0.0,0.0,0.0,1.0,0.0,1.0,0.0,0.0,1.0,0.0,0.0,1.0,0.0,6.0,0.0,1.0,0.0,0.7660178785806961,0.0,1.0,0.0,0.0,1.0,0.0,0.0,1.0,0.0
5016-ETTFF,0,-0.9109613101984924,-1.1719554950360824,-0.8947504330905878,0.0,1.0,1.0,0.0,1.0,0.0,1.0,0.0,0.0,1.0,0.0,1.0,0.0,0.0,1.0,0.0,0.0,1.0,0.0,0.0,0.0,0.0,1.0,1.0,0.0,0.0,1.0,0.0,0.0,1.0,0.0,0.0,1.0,0.0,0.0,1.0,0.0,0.0,0.0,0.0,1.0,0.0,1.0,2.0,1.0,0.0,0.0,0.9822046480718568,1.0,0.0,0.0,1.0,0.0,0.0,1.0,0.0,0.0
3866-MDTUB,0,-1.2367242199587352,0.19902703010096928,-0.9425530949342062,1.0,0.0,1.0,0.0,1.0,0.0,0.0,1.0,1.0,0.0,0.0,1.0,0.0,0.0,0.0,0.0,1.0,1.0,0.0,0.0,1.0,0.0,0.0,1.0,0.0,0.0,0.0,0.0,1.0,0.0,0.0,1.0,1.0,0.0,0.0,0.0,1.0,0.0,0.0,1.0,0.0,0.0,1.0,5.0,1.0,0.0,0.0,0.7621368448380963,1.0,0.0,0.0,1.0,0.0,0.0,1.0,0.0,0.0
2195-VVRJF,1,-0.5851984004382496,-0.18817167093773737,-0.5613009469677739,0.0,1.0,0.0,1.0,1.0,0.0,0.0,1.0,1.0,0.0,0.0,1.0,0.0,0.0,0.0,0.0,1.0,1.0,0.0,0.0,1.0,0.0,0.0,1.0,0.0,0.0,1.0,0.0,0.0,0.0,0.0,1.0,1.0,0.0,0.0,0.0,1.0,0.0,1.0,0.0,0.0,1.0,0.0,4.0,1.0,0.0,0.0,0.9591635017242373,1.0,0.0,0.0,1.0,0.0,0.0,1.0,0.0,0.0
3913-RDSJZ,0,1.2879383306831464,-1.303237458049206,-0.25074909028366604,1.0,0.0,0.0,1.0,1.0,0.0,0.0,1.0,0.0,0.0,1.0,0.0,0.0,1.0,0.0,1.0,0.0,0.0,1.0,0.0,0.0,1.0,0.0,0.0,1.0,0.0,0.0,1.0,0.0,0.0,1.0,0.0,0.0,0.0,1.0,1.0,0.0,0.0,0.0,0.0,1.0,1.0,0.0,2.0,0.0,1.0,0.0,-0.19469029246972103,0.0,1.0,0.0,0.0,1.0,0.0,0.0,1.0,0.0
8058-JMEQO,1,-0.9516816739185228,0.6543594081464871,-0.6709580914184557,1.0,0.0,1.0,0.0,1.0,0.0,0.0,1.0,0.0,0.0,1.0,0.0,1.0,0.0,1.0,0.0,0.0,1.0,0.0,0.0,1.0,0.0,0.0,1.0,0.0,0.0,1.0,0.0,0.0,0.0,0.0,1.0,1.0,0.0,0.0,0.0,1.0,0.0,0.0,1.0,0.0,0.0,1.0,4.0,1.0,0.0,0.0,0.705023654239137,1.0,0.0,0.0,1.0,0.0,0.0,1.0,0.0,0.0
4203-QGNZA,0,-0.1779947632379461,-1.479387940066815,-0.7711738241159911,1.0,0.0,1.0,0.0,0.0,1.0,0.0,1.0,1.0,0.0,0.0,0.0,0.0,1.0,0.0,1.0,0.0,0.0,1.0,0.0,0.0,1.0,0.0,0.0,1.0,0.0,0.0,1.0,0.0,0.0,1.0,0.0,1.0,0.0,0.0,1.0,0.0,0.0,0.0,0.0,1.0,1.0,0.0,1.0,0.0,0.0,1.0,4.332564678237608,0.0,0.0,1.0,0.0,0.0,1.0,0.0,0.0,1.0
5043-TRZWM,0,-1.2774445836787656,0.358559542116917,-0.9740318205691132,1.0,0.0,1.0,0.0,1.0,0.0,0.0,1.0,1.0,0.0,0.0,0.0,1.0,0.0,1.0,0.0,0.0,1.0,0.0,0.0,0.0,0.0,1.0,1.0,0.0,0.0,1.0,0.0,0.0,1.0,0.0,0.0,1.0,0.0,0.0,1.0,0.0,0.0,0.0,1.0,0.0,1.0,0.0,3.0,1.0,0.0,0.0,0.7624845985601278,1.0,0.0,0.0,1.0,0.0,0.0,1.0,0.0,0.0
0697-ZMSWS,0,-1.1552834925186746,0.6942425361504742,-0.8578451016349468,0.0,1.0,1.0,0.0,1.0,0.0,0.0,1.0,0.0,0.0,1.0,0.0,1.0,0.0,1.0,0.0,0.0,1.0,0.0,0.0,1.0,0.0,0.0,1.0,0.0,0.0,1.0,0.0,0.0,0.0,0.0,1.0,1.0,0.0,0.0,0.0,1.0,0.0,0.0,1.0,0.0,0.0,1.0,4.0,1.0,0.0,0.0,0.7425407765194741,1.0,0.0,0.0,1.0,0.0,0.0,1.0,0.0,0.0
7657-DYEPJ,1,0.22920887396235737,0.179085466098976,0.09443598241081601,0.0,1.0,1.0,0.0,1.0,0.0,0.0,1.0,1.0,0.0,0.0,1.0,0.0,0.0,1.0,0.0,0.0,0.0,0.0,1.0,0.0,0.0,1.0,0.0,0.0,1.0,0.0,0.0,1.0,1.0,0.0,0.0,0.0,1.0,0.0,0.0,1.0,0.0,1.0,0.0,0.0,0.0,1.0,6.0,0.0,0.0,1.0,0.4120084042920829,0.0,0.0,1.0,0.0,0.0,1.0,0.0,0.0,1.0
9494-BDNNC,0,1.369379058123207,1.0149693571825356,1.7603819100028393,0.0,1.0,0.0,1.0,1.0,0.0,0.0,1.0,0.0,0.0,1.0,0.0,1.0,0.0,1.0,0.0,0.0,0.0,0.0,1.0,0.0,0.0,1.0,1.0,0.0,0.0,1.0,0.0,0.0,0.0,0.0,1.0,0.0,1.0,0.0,1.0,0.0,0.0,0.0,1.0,0.0,1.0,0.0,6.0,0.0,1.0,0.0,1.285532957116723,0.0,1.0,0.0,0.0,1.0,0.0,0.0,1.0,0.0
1640-PLFMP,0,-1.2774445836787656,0.18240906009930805,-0.976370114134145,1.0,0.0,1.0,0.0,1.0,0.0,0.0,1.0,1.0,0.0,0.0,0.0,1.0,0.0,1.0,0.0,0.0,1.0,0.0,0.0,1.0,0.0,0.0,1.0,0.0,0.0,1.0,0.0,0.0,1.0,0.0,0.0,1.0,0.0,0.0,0.0,1.0,0.0,0.0,1.0,0.0,1.0,0.0,2.0,1.0,0.0,0.0,0.7643150447453534,1.0,0.0,0.0,1.0,0.0,0.0,1.0,0.0,0.0
5366-OBVMR,0,-0.5851984004382496,-0.4806479429669752,-0.6064344246475355,1.0,0.0,0.0,1.0,1.0,0.0,0.0,1.0,1.0,0.0,0.0,1.0,0.0,0.0,1.0,0.0,0.0,1.0,0.0,0.0,1.0,0.0,0.0,0.0,0.0,1.0,1.0,0.0,0.0,1.0,0.0,0.0,1.0,0.0,0.0,0.0,1.0,0.0,0.0,0.0,1.0,1.0,0.0,3.0,1.0,0.0,0.0,1.0362885889527083,1.0,0.0,0.0,1.0,0.0,0.0,1.0,0.0,0.0
8276-MQBYC,1,0.758573602322752,1.0980592071908417,1.1603228387199087,0.0,1.0,1.0,0.0,1.0,0.0,0.0,1.0,0.0,0.0,1.0,0.0,1.0,0.0,1.0,0.0,0.0,1.0,0.0,0.0,0.0,0.0,1.0,1.0,0.0,0.0,0.0,0.0,1.0,0.0,0.0,1.0,1.0,0.0,0.0,0.0,1.0,0.0,0.0,1.0,0.0,0.0,1.0,6.0,0.0,1.0,0.0,1.5296114116903103,0.0,1.0,0.0,0.0,1.0,0.0,0.0,1.0,0.0
7644-OMVMY,0,-1.318164947398796,-1.4926823160681442,,0.0,1.0,0.0,1.0,0.0,1.0,0.0,1.0,1.0,0.0,0.0,0.0,0.0,1.0,0.0,1.0,0.0,0.0,1.0,0.0,0.0,1.0,0.0,0.0,1.0,0.0,0.0,1.0,0.0,0.0,1.0,0.0,0.0,0.0,1.0,1.0,0.0,0.0,0.0,0.0,1.0,1.0,0.0,1.0,1.0,0.0,0.0,,1.0,0.0,0.0,1.0,0.0,0.0,1.0,0.0,0.0
7593-XFKDI,0,-1.2774445836787656,-0.613591702980265,-0.9869365539232973,0.0,1.0,1.0,0.0,1.0,0.0,0.0,1.0,1.0,0.0,0.0,1.0,0.0,0.0,1.0,0.0,0.0,1.0,0.0,0.0,1.0,0.0,0.0,1.0,0.0,0.0,1.0,0.0,0.0,1.0,0.0,0.0,1.0,0.0,0.0,1.0,0.0,0.0,0.0,0.0,1.0,0.0,1.0,2.0,1.0,0.0,0.0,0.7725865892993434,1.0,0.0,0.0,1.0,0.0,0.0,1.0,0.0,0.0
4573-JKNAE,0,-0.8295205827584317,-1.5093002860698053,-0.9136994347166459,0.0,1.0,1.0,0.0,0.0,1.0,0.0,1.0,1.0,0.0,0.0,0.0,0.0,1.0,0.0,1.0,0.0,0.0,1.0,0.0,0.0,1.0,0.0,0.0,1.0,0.0,0.0,1.0,0.0,0.0,1.0,0.0,0.0,0.0,1.0,1.0,0.0,1.0,0.0,0.0,0.0,1.0,0.0,1.0,1.0,0.0,0.0,1.1014789189175893,1.0,0.0,0.0,1.0,0.0,0.0,1.0,0.0,0.0
0337-CNPZE,0,0.35136996512244845,1.3805646972190828,0.9530309082425281,1.0,0.0,1.0,0.0,1.0,0.0,0.0,1.0,0.0,0.0,1.0,0.0,1.0,0.0,1.0,0.0,0.0,0.0,0.0,1.0,0.0,0.0,1.0,1.0,0.0,0.0,0.0,0.0,1.0,0.0,0.0,1.0,1.0,0.0,0.0,0.0,1.0,0.0,0.0,1.0,0.0,0.0,1.0,7.0,0.0,0.0,1.0,2.7123288921704156,0.0,0.0,1.0,0.0,0.0,1.0,0.0,0.0,1.0
9817-APLHW,0,-0.8295205827584317,-1.3215172250510334,-0.8678600570927238,0.0,1.0,1.0,0.0,1.0,0.0,0.0,1.0,0.0,0.0,1.0,0.0,0.0,1.0,0.0,1.0,0.0,0.0,1.0,0.0,0.0,1.0,0.0,0.0,1.0,0.0,0.0,1.0,0.0,0.0,1.0,0.0,1.0,0.0,0.0,1.0,0.0,0.0,0.0,1.0,0.0,1.0,0.0,2.0,1.0,0.0,0.0,1.0462188342654508,1.0,0.0,0.0,1.0,0.0,0.0,1.0,0.0,0.0
8380-MQINP,0,0.9214550572028734,-1.477726143066649,-0.5313001993409529,1.0,0.0,0.0,1.0,0.0,1.0,0.0,1.0,1.0,0.0,0.0,0.0,0.0,1.0,0.0,1.0,0.0,0.0,1.0,0.0,0.0,1.0,0.0,0.0,1.0,0.0,0.0,1.0,0.0,0.0,1.0,0.0,0.0,0.0,1.0,1.0,0.0,0.0,0.0,0.0,1.0,1.0,0.0,1.0,0.0,1.0,0.0,-0.5765882939030617,0.0,1.0,0.0,0.0,1.0,0.0,0.0,1.0,0.0
0840-DFEZH,0,-1.0331224013585834,0.35191235411625243,-0.758247031388552,1.0,0.0,1.0,0.0,1.0,0.0,0.0,1.0,0.0,0.0,1.0,0.0,1.0,0.0,1.0,0.0,0.0,1.0,0.0,0.0,1.0,0.0,0.0,1.0,0.0,0.0,1.0,0.0,0.0,1.0,0.0,0.0,1.0,0.0,0.0,0.0,1.0,0.0,0.0,1.0,0.0,1.0,0.0,3.0,1.0,0.0,0.0,0.7339372666698902,1.0,0.0,0.0,1.0,0.0,0.0,1.0,0.0,0.0
1513-XNPPH,0,-0.8295205827584317,0.8188773111629334,-0.5239764874202877,1.0,0.0,1.0,0.0,1.0,0.0,0.0,1.0,1.0,0.0,0.0,0.0,1.0,0.0,1.0,0.0,0.0,1.0,0.0,0.0,0.0,0.0,1.0,0.0,0.0,1.0,1.0,0.0,0.0,0.0,0.0,1.0,1.0,0.0,0.0,0.0,1.0,0.0,0.0,1.0,0.0,0.0,1.0,5.0,1.0,0.0,0.0,0.6316618277003949,1.0,0.0,0.0,1.0,0.0,0.0,1.0,0.0,0.0
8690-ZVLCL,0,1.4508197855632678,0.7723469951582818,1.7111895076441548,1.0,0.0,0.0,1.0,0.0,1.0,0.0,1.0,0.0,0.0,1.0,1.0,0.0,0.0,0.0,0.0,1.0,0.0,0.0,1.0,0.0,0.0,1.0,0.0,0.0,1.0,0.0,0.0,1.0,0.0,0.0,1.0,0.0,0.0,1.0,1.0,0.0,0.0,1.0,0.0,0.0,1.0,0.0,9.0,0.0,1.0,0.0,1.179463862205188,0.0,1.0,0.0,0.0,1.0,0.0,0.0,1.0,0.0
6015-VVHHE,1,-1.1145631287986442,0.611152686142168,-0.8105718647494486,1.0,0.0,1.0,0.0,1.0,0.0,0.0,1.0,0.0,0.0,1.0,0.0,1.0,0.0,1.0,0.0,0.0,1.0,0.0,0.0,1.0,0.0,0.0,1.0,0.0,0.0,0.0,0.0,1.0,1.0,0.0,0.0,1.0,0.0,0.0,0.0,1.0,0.0,1.0,0.0,0.0,0.0,1.0,4.0,1.0,0.0,0.0,0.7272552301484627,1.0,0.0,0.0,1.0,0.0,0.0,1.0,0.0,0.0
1125-SNVCK,1,0.6771328748826912,-0.6966815529885713,-0.07820067268293494,1.0,0.0,1.0,0.0,1.0,0.0,0.0,1.0,1.0,0.0,0.0,1.0,0.0,0.0,1.0,0.0,0.0,1.0,0.0,0.0,1.0,0.0,0.0,1.0,0.0,0.0,1.0,0.0,0.0,1.0,0.0,0.0,1.0,0.0,0.0,1.0,0.0,0.0,0.0,0.0,1.0,1.0,0.0,2.0,0.0,1.0,0.0,-0.11548792797349071,0.0,1.0,0.0,0.0,1.0,0.0,0.0,1.0,0.0
0384-LPITE,0,0.3106496014024181,-0.09012564792793624,0.10070084441524053,0.0,1.0,1.0,0.0,1.0,0.0,1.0,0.0,0.0,1.0,0.0,1.0,0.0,0.0,0.0,0.0,1.0,0.0,0.0,1.0,0.0,0.0,1.0,1.0,0.0,0.0,0.0,0.0,1.0,0.0,0.0,1.0,0.0,1.0,0.0,1.0,0.0,0.0,1.0,0.0,0.0,1.0,0.0,6.0,0.0,0.0,1.0,0.32416215556250405,0.0,0.0,1.0,0.0,0.0,1.0,0.0,0.0,1.0
4616-EWBNJ,0,-0.6666391278783103,-1.4843733310673135,-0.8668012071764831,1.0,0.0,1.0,0.0,1.0,0.0,0.0,1.0,1.0,0.0,0.0,0.0,0.0,1.0,0.0,1.0,0.0,0.0,1.0,0.0,0.0,1.0,0.0,0.0,1.0,0.0,0.0,1.0,0.0,0.0,1.0,0.0,0.0,1.0,0.0,1.0,0.0,1.0,0.0,0.0,0.0,1.0,0.0,1.0,1.0,0.0,0.0,1.3002555219571674,1.0,0.0,0.0,1.0,0.0,0.0,1.0,0.0,0.0
6347-DCUIK,0,-0.9109613101984924,0.31202922611226586,-0.6492075493890105,0.0,1.0,1.0,0.0,1.0,0.0,0.0,1.0,0.0,0.0,1.0,0.0,1.0,0.0,1.0,0.0,0.0,1.0,0.0,0.0,1.0,0.0,0.0,1.0,0.0,0.0,1.0,0.0,0.0,1.0,0.0,0.0,1.0,0.0,0.0,0.0,1.0,0.0,0.0,0.0,1.0,0.0,1.0,3.0,1.0,0.0,0.0,0.7126620440637073,1.0,0.0,0.0,1.0,0.0,0.0,1.0,0.0,0.0
1335-HQMKX,0,1.6137012404433893,1.2160467942026365,2.223518451491889,1.0,0.0,0.0,1.0,1.0,0.0,0.0,1.0,0.0,0.0,1.0,0.0,1.0,0.0,1.0,0.0,0.0,0.0,0.0,1.0,0.0,0.0,1.0,1.0,0.0,0.0,0.0,0.0,1.0,0.0,0.0,1.0,0.0,1.0,0.0,0.0,1.0,0.0,0.0,1.0,0.0,1.0,0.0,7.0,0.0,1.0,0.0,1.3778996977662006,0.0,1.0,0.0,0.0,1.0,0.0,0.0,1.0,0.0
2545-EBUPK,1,-1.2367242199587352,0.641065032145158,-0.925280605675529,1.0,0.0,1.0,0.0,1.0,0.0,0.0,1.0,0.0,0.0,1.0,0.0,1.0,0.0,1.0,0.0,0.0,1.0,0.0,0.0,1.0,0.0,0.0,1.0,0.0,0.0,1.0,0.0,0.0,0.0,0.0,1.0,1.0,0.0,0.0,0.0,1.0,0.0,0.0,1.0,0.0,1.0,0.0,4.0,1.0,0.0,0.0,0.7481705223711089,1.0,0.0,0.0,1.0,0.0,0.0,1.0,0.0,0.0
6923-AQONU,0,-0.38159658183809786,-1.4577845790646555,-0.8070644244019012,0.0,1.0,0.0,1.0,0.0,1.0,0.0,1.0,1.0,0.0,0.0,0.0,0.0,1.0,0.0,1.0,0.0,0.0,1.0,0.0,0.0,1.0,0.0,0.0,1.0,0.0,0.0,1.0,0.0,0.0,1.0,0.0,0.0,0.0,1.0,1.0,0.0,0.0,0.0,0.0,1.0,1.0,0.0,1.0,0.0,0.0,1.0,2.1149676459741427,0.0,0.0,1.0,0.0,0.0,1.0,0.0,0.0,1.0
2172-EJXVF,1,1.5729808767233588,1.3672703212177542,2.3112265195538306,1.0,0.0,1.0,0.0,1.0,0.0,0.0,1.0,0.0,0.0,1.0,0.0,1.0,0.0,1.0,0.0,0.0,0.0,0.0,1.0,0.0,0.0,1.0,1.0,0.0,0.0,0.0,0.0,1.0,0.0,0.0,1.0,0.0,1.0,0.0,0.0,1.0,0.0,0.0,1.0,0.0,1.0,0.0,7.0,0.0,1.0,0.0,1.4693290641703762,0.0,1.0,0.0,0.0,1.0,0.0,0.0,1.0,0.0
0897-FEGMU,0,-0.8702409464784621,1.15456030519649,-0.5410504423196696,1.0,0.0,0.0,1.0,1.0,0.0,0.0,1.0,0.0,0.0,1.0,0.0,1.0,0.0,1.0,0.0,0.0,1.0,0.0,0.0,0.0,0.0,1.0,1.0,0.0,0.0,0.0,0.0,1.0,0.0,0.0,1.0,1.0,0.0,0.0,0.0,1.0,0.0,0.0,1.0,0.0,0.0,1.0,6.0,1.0,0.0,0.0,0.6217248734492411,1.0,0.0,0.0,1.0,0.0,0.0,1.0,0.0,0.0
7663-RGWBC,0,-1.2774445836787656,-0.6850489739874083,-0.987885106973263,0.0,1.0,1.0,0.0,1.0,0.0,0.0,1.0,1.0,0.0,0.0,1.0,0.0,0.0,1.0,0.0,0.0,1.0,0.0,0.0,1.0,0.0,0.0,1.0,0.0,0.0,1.0,0.0,0.0,1.0,0.0,0.0,1.0,0.0,0.0,0.0,1.0,0.0,0.0,0.0,1.0,0.0,1.0,2.0,1.0,0.0,0.0,0.7733291287895765,1.0,0.0,0.0,1.0,0.0,0.0,1.0,0.0,0.0
1120-BMWUB,0,-0.6666391278783103,-0.36099855895501426,-0.6393470095440186,1.0,0.0,1.0,0.0,1.0,0.0,0.0,1.0,1.0,0.0,0.0,1.0,0.0,0.0,1.0,0.0,0.0,0.0,0.0,1.0,1.0,0.0,0.0,0.0,0.0,1.0,1.0,0.0,0.0,1.0,0.0,0.0,1.0,0.0,0.0,0.0,1.0,0.0,0.0,0.0,1.0,0.0,1.0,4.0,1.0,0.0,0.0,0.9590601313469952,1.0,0.0,0.0,1.0,0.0,0.0,1.0,0.0,0.0
9124-LHCJQ,0,-1.2774445836787656,0.6875953481498096,-0.9696640646646203,1.0,0.0,1.0,0.0,1.0,0.0,0.0,1.0,0.0,0.0,1.0,0.0,1.0,0.0,1.0,0.0,0.0,1.0,0.0,0.0,1.0,0.0,0.0,1.0,0.0,0.0,1.0,0.0,0.0,0.0,0.0,1.0,1.0,0.0,0.0,0.0,1.0,0.0,0.0,0.0,1.0,0.0,1.0,4.0,1.0,0.0,0.0,0.7590654632330088,1.0,0.0,0.0,1.0,0.0,0.0,1.0,0.0,0.0
4536-PLEQY,0,-0.8295205827584317,0.6743009721484804,-0.5662643059501523,0.0,1.0,0.0,1.0,1.0,0.0,0.0,1.0,1.0,0.0,0.0,0.0,1.0,0.0,1.0,0.0,0.0,0.0,0.0,1.0,1.0,0.0,0.0,1.0,0.0,0.0,1.0,0.0,0.0,0.0,0.0,1.0,1.0,0.0,0.0,0.0,1.0,0.0,1.0,0.0,0.0,1.0,0.0,4.0,1.0,0.0,0.0,0.6826404524733254,1.0,0.0,0.0,1.0,0.0,0.0,1.0,0.0,0.0
7029-IJEJK,0,0.880734693482843,-0.6867107709875744,0.038118402490761476,1.0,0.0,1.0,0.0,1.0,0.0,1.0,0.0,0.0,1.0,0.0,1.0,0.0,0.0,0.0,0.0,1.0,1.0,0.0,0.0,1.0,0.0,0.0,0.0,0.0,1.0,1.0,0.0,0.0,0.0,0.0,1.0,0.0,1.0,0.0,1.0,0.0,1.0,0.0,0.0,0.0,1.0,0.0,4.0,0.0,1.0,0.0,0.04328023271119617,0.0,1.0,0.0,0.0,1.0,0.0,0.0,1.0,0.0
8871-JLMHM,0,1.4508197855632678,0.8454660631655913,1.771080706031522,1.0,0.0,0.0,1.0,1.0,0.0,0.0,1.0,0.0,0.0,1.0,0.0,1.0,0.0,1.0,0.0,0.0,0.0,0.0,1.0,0.0,0.0,1.0,0.0,0.0,1.0,1.0,0.0,0.0,1.0,0.0,0.0,0.0,0.0,1.0,1.0,0.0,0.0,1.0,0.0,0.0,1.0,0.0,6.0,0.0,1.0,0.0,1.2207447979791064,0.0,1.0,0.0,0.0,1.0,0.0,0.0,1.0,0.0
2235-ZGKPT,0,-1.1552834925186746,-0.4623681759651477,-0.9016770762926626,1.0,0.0,0.0,1.0,0.0,1.0,0.0,1.0,0.0,0.0,1.0,1.0,0.0,0.0,1.0,0.0,0.0,1.0,0.0,0.0,1.0,0.0,0.0,1.0,0.0,0.0,1.0,0.0,0.0,1.0,0.0,0.0,1.0,0.0,0.0,1.0,0.0,0.0,0.0,0.0,1.0,0.0,1.0,3.0,1.0,0.0,0.0,0.7804812257179269,1.0,0.0,0.0,1.0,0.0,0.0,1.0,0.0,0.0
3891-PUQOD,0,-1.2774445836787656,-0.18484807693740507,-0.9812452356235034,1.0,0.0,1.0,0.0,0.0,1.0,0.0,1.0,1.0,0.0,0.0,1.0,0.0,0.0,1.0,0.0,0.0,1.0,0.0,0.0,0.0,0.0,1.0,1.0,0.0,0.0,1.0,0.0,0.0,0.0,0.0,1.0,1.0,0.0,0.0,1.0,0.0,0.0,0.0,1.0,0.0,0.0,1.0,4.0,1.0,0.0,0.0,0.7681313523579459,1.0,0.0,0.0,1.0,0.0,0.0,1.0,0.0,0.0
5447-VYTKW,0,-0.21871512695797646,-0.37595473195650925,-0.36259011268659447,0.0,1.0,1.0,0.0,1.0,0.0,0.0,1.0,1.0,0.0,0.0,1.0,0.0,0.0,0.0,0.0,1.0,1.0,0.0,0.0,1.0,0.0,0.0,0.0,0.0,1.0,1.0,0.0,0.0,1.0,0.0,0.0,1.0,0.0,0.0,1.0,0.0,0.0,0.0,0.0,1.0,1.0,0.0,4.0,0.0,0.0,1.0,1.6578190897434446,0.0,0.0,1.0,0.0,0.0,1.0,0.0,0.0,1.0
3623-FQBOX,0,-0.46303730927815856,-1.4893587220678117,-0.8236530730896728,0.0,1.0,1.0,0.0,1.0,0.0,0.0,1.0,1.0,0.0,0.0,0.0,0.0,1.0,0.0,1.0,0.0,0.0,1.0,0.0,0.0,1.0,0.0,0.0,1.0,0.0,0.0,1.0,0.0,0.0,1.0,0.0,1.0,0.0,0.0,0.0,1.0,0.0,0.0,0.0,1.0,1.0,0.0,1.0,0.0,0.0,1.0,1.7788049830664574,0.0,0.0,1.0,0.0,0.0,1.0,0.0,0.0,1.0
0689-NKYLF,0,-0.7888002190384014,0.612814483142334,-0.5394401080720536,0.0,1.0,1.0,0.0,1.0,0.0,0.0,1.0,1.0,0.0,0.0,0.0,1.0,0.0,1.0,0.0,0.0,1.0,0.0,0.0,0.0,0.0,1.0,1.0,0.0,0.0,0.0,0.0,1.0,1.0,0.0,0.0,1.0,0.0,0.0,0.0,1.0,0.0,0.0,1.0,0.0,0.0,1.0,4.0,1.0,0.0,0.0,0.6838741864570804,1.0,0.0,0.0,1.0,0.0,0.0,1.0,0.0,0.0
8659-HDIYE,1,1.2879383306831464,0.32864719611392706,1.1409326496287502,1.0,0.0,1.0,0.0,1.0,0.0,0.0,1.0,0.0,0.0,1.0,1.0,0.0,0.0,1.0,0.0,0.0,0.0,0.0,1.0,0.0,0.0,1.0,0.0,0.0,1.0,1.0,0.0,0.0,0.0,0.0,1.0,1.0,0.0,0.0,1.0,0.0,0.0,1.0,0.0,0.0,1.0,0.0,7.0,0.0,1.0,0.0,0.8858596894337156,0.0,1.0,0.0,0.0,1.0,0.0,0.0,1.0,0.0
3658-KIBGF,0,-1.2774445836787656,-0.32776261895169184,-0.9831423417234346,1.0,0.0,1.0,0.0,1.0,0.0,0.0,1.0,1.0,0.0,0.0,1.0,0.0,0.0,0.0,0.0,1.0,0.0,0.0,1.0,1.0,0.0,0.0,1.0,0.0,0.0,1.0,0.0,0.0,1.0,0.0,0.0,1.0,0.0,0.0,0.0,1.0,0.0,0.0,1.0,0.0,0.0,1.0,4.0,1.0,0.0,0.0,0.7696164313384117,1.0,0.0,0.0,1.0,0.0,0.0,1.0,0.0,0.0
3474-BAFSJ,0,1.002895784642934,-0.24134917494305336,0.4335326680869138,0.0,1.0,0.0,1.0,1.0,0.0,1.0,0.0,0.0,1.0,0.0,1.0,0.0,0.0,1.0,0.0,0.0,0.0,0.0,1.0,0.0,0.0,1.0,0.0,0.0,1.0,0.0,0.0,1.0,0.0,0.0,1.0,0.0,0.0,1.0,0.0,1.0,1.0,0.0,0.0,0.0,1.0,0.0,6.0,0.0,1.0,0.0,0.43228087576543817,0.0,1.0,0.0,0.0,1.0,0.0,0.0,1.0,0.0
5519-YLDGW,0,-0.46303730927815856,1.300798441211109,-0.012838749728324264,1.0,0.0,0.0,1.0,1.0,0.0,0.0,1.0,0.0,0.0,1.0,0.0,1.0,0.0,0.0,0.0,1.0,1.0,0.0,0.0,0.0,0.0,1.0,1.0,0.0,0.0,0.0,0.0,1.0,0.0,0.0,1.0,1.0,0.0,0.0,0.0,1.0,0.0,0.0,1.0,0.0,0.0,1.0,7.0,0.0,0.0,1.0,0.027727246748947595,0.0,0.0,1.0,0.0,0.0,1.0,0.0,0.0,1.0
3865-ZFZIB,0,-0.5444780367182193,-1.4993295040688086,-0.8493522429317658,0.0,1.0,1.0,0.0,1.0,0.0,0.0,1.0,1.0,0.0,0.0,0.0,0.0,1.0,0.0,1.0,0.0,0.0,1.0,0.0,0.0,1.0,0.0,0.0,1.0,0.0,0.0,1.0,0.0,0.0,1.0,0.0,0.0,0.0,1.0,1.0,0.0,0.0,0.0,0.0,1.0,1.0,0.0,1.0,1.0,0.0,0.0,1.5599384835633443,1.0,0.0,0.0,1.0,0.0,0.0,1.0,0.0,0.0
1855-AGAWH,0,-0.055833672077855064,0.9651154471775519,0.28963937634444803,0.0,1.0,0.0,1.0,1.0,0.0,0.0,1.0,1.0,0.0,0.0,0.0,1.0,0.0,1.0,0.0,0.0,1.0,0.0,0.0,0.0,0.0,1.0,1.0,0.0,0.0,0.0,0.0,1.0,0.0,0.0,1.0,0.0,1.0,0.0,0.0,1.0,0.0,0.0,1.0,0.0,1.0,0.0,5.0,0.0,0.0,1.0,-5.1875394464575395,0.0,0.0,1.0,0.0,0.0,1.0,0.0,0.0,1.0
7109-CQYUZ,0,0.7992939660427822,0.8138919201624348,1.0452170290752378,0.0,1.0,1.0,0.0,1.0,0.0,0.0,1.0,0.0,0.0,1.0,1.0,0.0,0.0,0.0,0.0,1.0,0.0,0.0,1.0,0.0,0.0,1.0,0.0,0.0,1.0,0.0,0.0,1.0,0.0,0.0,1.0,0.0,0.0,1.0,0.0,1.0,0.0,0.0,0.0,1.0,1.0,0.0,9.0,0.0,1.0,0.0,1.307675365360249,0.0,1.0,0.0,0.0,1.0,0.0,0.0,1.0,0.0
1370-GGAWX,0,0.5549717837226001,0.9767480261787151,0.9375893469640173,1.0,0.0,1.0,0.0,1.0,0.0,0.0,1.0,0.0,0.0,1.0,0.0,1.0,0.0,1.0,0.0,0.0,0.0,0.0,1.0,0.0,0.0,1.0,1.0,0.0,0.0,1.0,0.0,0.0,0.0,0.0,1.0,0.0,1.0,0.0,0.0,1.0,0.0,0.0,1.0,0.0,1.0,0.0,6.0,0.0,1.0,0.0,1.6894360658751375,0.0,1.0,0.0,0.0,1.0,0.0,0.0,1.0,0.0
4680-KUTAJ,1,-0.8702409464784621,-0.304497460949366,-0.751121853827182,1.0,0.0,1.0,0.0,1.0,0.0,0.0,1.0,0.0,0.0,1.0,1.0,0.0,0.0,0.0,0.0,1.0,1.0,0.0,0.0,1.0,0.0,0.0,1.0,0.0,0.0,1.0,0.0,0.0,1.0,0.0,0.0,1.0,0.0,0.0,0.0,1.0,0.0,0.0,1.0,0.0,1.0,0.0,4.0,1.0,0.0,0.0,0.8631194117751982,1.0,0.0,0.0,1.0,0.0,0.0,1.0,0.0,0.0
5307-UVGNB,0,0.8400143297628127,-0.533825446972291,0.0934874293608503,1.0,0.0,0.0,1.0,0.0,1.0,1.0,0.0,0.0,1.0,0.0,1.0,0.0,0.0,0.0,0.0,1.0,0.0,0.0,1.0,0.0,0.0,1.0,1.0,0.0,0.0,1.0,0.0,0.0,0.0,0.0,1.0,1.0,0.0,0.0,0.0,1.0,1.0,0.0,0.0,0.0,1.0,0.0,5.0,0.0,1.0,0.0,0.11129266019455587,0.0,1.0,0.0,0.0,1.0,0.0,0.0,1.0,0.0
4946-EDSEW,0,-0.8702409464784621,-1.5126238800701375,-0.9278174335998558,1.0,0.0,0.0,1.0,0.0,1.0,0.0,1.0,1.0,0.0,0.0,0.0,0.0,1.0,0.0,1.0,0.0,0.0,1.0,0.0,0.0,1.0,0.0,0.0,1.0,0.0,0.0,1.0,0.0,0.0,1.0,0.0,1.0,0.0,0.0,0.0,1.0,0.0,0.0,0.0,1.0,0.0,1.0,1.0,1.0,0.0,0.0,1.0661615468157228,1.0,0.0,0.0,1.0,0.0,0.0,1.0,0.0,0.0
2883-ILGWO,1,1.002895784642934,1.3340343812144315,1.6017970756725333,0.0,1.0,1.0,0.0,1.0,0.0,0.0,1.0,0.0,0.0,1.0,0.0,1.0,0.0,1.0,0.0,0.0,0.0,0.0,1.0,1.0,0.0,0.0,0.0,0.0,1.0,0.0,0.0,1.0,0.0,0.0,1.0,1.0,0.0,0.0,0.0,1.0,1.0,0.0,0.0,0.0,1.0,0.0,7.0,0.0,1.0,0.0,1.5971720094953126,0.0,1.0,0.0,0.0,1.0,0.0,0.0,1.0,0.0
2516-VQRRV,1,-1.2367242199587352,0.35523594811658493,-0.9374794390855526,1.0,0.0,1.0,0.0,1.0,0.0,0.0,1.0,0.0,0.0,1.0,0.0,1.0,0.0,1.0,0.0,0.0,1.0,0.0,0.0,1.0,0.0,0.0,1.0,0.0,0.0,1.0,0.0,0.0,1.0,0.0,0.0,1.0,0.0,0.0,0.0,1.0,0.0,0.0,0.0,1.0,0.0,1.0,3.0,1.0,0.0,0.0,0.7580343490942814,1.0,0.0,0.0,1.0,0.0,0.0,1.0,0.0,0.0
7580-UGXNC,1,-1.2367242199587352,-0.32942441595185784,-0.9613917996939896,1.0,0.0,1.0,0.0,1.0,0.0,0.0,1.0,1.0,0.0,0.0,1.0,0.0,0.0,0.0,0.0,1.0,0.0,0.0,1.0,1.0,0.0,0.0,1.0,0.0,0.0,1.0,0.0,0.0,1.0,0.0,0.0,1.0,0.0,0.0,1.0,0.0,0.0,0.0,0.0,1.0,0.0,1.0,4.0,1.0,0.0,0.0,0.7773695899042614,1.0,0.0,0.0,1.0,0.0,0.0,1.0,0.0,0.0
3642-BYHDO,0,1.5729808767233588,-1.491020519067978,-0.3943997289203268,1.0,0.0,0.0,1.0,0.0,1.0,0.0,1.0,1.0,0.0,0.0,0.0,0.0,1.0,0.0,1.0,0.0,0.0,1.0,0.0,0.0,1.0,0.0,0.0,1.0,0.0,0.0,1.0,0.0,0.0,1.0,0.0,0.0,0.0,1.0,1.0,0.0,1.0,0.0,0.0,0.0,1.0,0.0,1.0,0.0,1.0,0.0,-0.2507339629849106,0.0,1.0,0.0,0.0,1.0,0.0,0.0,1.0,0.0
9629-NHXFW,0,-1.2774445836787656,-1.5076384890696393,-0.9988044967344957,1.0,0.0,0.0,1.0,0.0,1.0,0.0,1.0,1.0,0.0,0.0,0.0,0.0,1.0,0.0,1.0,0.0,0.0,1.0,0.0,0.0,1.0,0.0,0.0,1.0,0.0,0.0,1.0,0.0,0.0,1.0,0.0,1.0,0.0,0.0,0.0,1.0,0.0,0.0,0.0,1.0,1.0,0.0,1.0,1.0,0.0,0.0,0.7818769671073743,1.0,0.0,0.0,1.0,0.0,0.0,1.0,0.0,0.0
2696-RZVZW,0,1.4508197855632678,-1.3198554280508674,-0.28858091541601755,0.0,1.0,0.0,1.0,1.0,0.0,0.0,1.0,0.0,0.0,1.0,0.0,0.0,1.0,0.0,1.0,0.0,0.0,1.0,0.0,0.0,1.0,0.0,0.0,1.0,0.0,0.0,1.0,0.0,0.0,1.0,0.0,0.0,0.0,1.0,1.0,0.0,0.0,1.0,0.0,0.0,1.0,0.0,2.0,0.0,1.0,0.0,-0.19890886400062333,0.0,1.0,0.0,0.0,1.0,0.0,0.0,1.0,0.0
5766-FTRTS,0,1.6137012404433893,0.6543594081464871,1.6543645621392353,0.0,1.0,0.0,1.0,1.0,0.0,0.0,1.0,1.0,0.0,0.0,1.0,0.0,0.0,0.0,0.0,1.0,0.0,0.0,1.0,0.0,0.0,1.0,0.0,0.0,1.0,0.0,0.0,1.0,0.0,0.0,1.0,0.0,0.0,1.0,1.0,0.0,0.0,0.0,0.0,1.0,1.0,0.0,8.0,0.0,1.0,0.0,1.025198791868483,0.0,1.0,0.0,0.0,1.0,0.0,0.0,1.0,0.0
0396-HUJBP,0,-1.2367242199587352,-1.5109620830699715,-0.9877748101069879,1.0,0.0,1.0,0.0,1.0,0.0,0.0,1.0,1.0,0.0,0.0,0.0,0.0,1.0,0.0,1.0,0.0,0.0,1.0,0.0,0.0,1.0,0.0,0.0,1.0,0.0,0.0,1.0,0.0,0.0,1.0,0.0,1.0,0.0,0.0,1.0,0.0,0.0,0.0,0.0,1.0,1.0,0.0,1.0,1.0,0.0,0.0,0.7987025677720989,1.0,0.0,0.0,1.0,0.0,0.0,1.0,0.0,0.0
5178-LMXOP,1,-1.2774445836787656,1.0083221691818711,-0.9654066056264023,0.0,1.0,0.0,1.0,1.0,0.0,0.0,1.0,0.0,0.0,1.0,0.0,1.0,0.0,1.0,0.0,0.0,1.0,0.0,0.0,1.0,0.0,0.0,1.0,0.0,0.0,0.0,0.0,1.0,0.0,0.0,1.0,1.0,0.0,0.0,0.0,1.0,0.0,0.0,1.0,0.0,0.0,1.0,5.0,1.0,0.0,0.0,0.7557326697070796,1.0,0.0,0.0,1.0,0.0,0.0,1.0,0.0,0.0
8879-ZKJOF,0,0.35136996512244845,0.5014740841312035,0.4577097411744108,1.0,0.0,1.0,0.0,1.0,0.0,0.0,1.0,1.0,0.0,0.0,1.0,0.0,0.0,0.0,0.0,1.0,1.0,0.0,0.0,0.0,0.0,1.0,0.0,0.0,1.0,0.0,0.0,1.0,0.0,0.0,1.0,0.0,1.0,0.0,0.0,1.0,1.0,0.0,0.0,0.0,1.0,0.0,7.0,0.0,0.0,1.0,1.302643329275182,0.0,0.0,1.0,0.0,0.0,1.0,0.0,0.0,1.0
6285-FTQBF,0,1.6137012404433893,-1.303237458049206,-0.18335770498959375,0.0,1.0,0.0,1.0,0.0,1.0,0.0,1.0,0.0,0.0,1.0,0.0,0.0,1.0,0.0,1.0,0.0,0.0,1.0,0.0,0.0,1.0,0.0,0.0,1.0,0.0,0.0,1.0,0.0,0.0,1.0,0.0,0.0,0.0,1.0,1.0,0.0,0.0,1.0,0.0,0.0,1.0,0.0,2.0,0.0,1.0,0.0,-0.11362555868099439,0.0,1.0,0.0,0.0,1.0,0.0,0.0,1.0,0.0
8185-UPYBR,0,-1.0738427650786138,0.356897745116751,-0.8141234238435062,0.0,1.0,0.0,1.0,1.0,0.0,0.0,1.0,0.0,0.0,1.0,0.0,1.0,0.0,1.0,0.0,0.0,1.0,0.0,0.0,1.0,0.0,0.0,1.0,0.0,0.0,1.0,0.0,0.0,1.0,0.0,0.0,1.0,0.0,0.0,0.0,1.0,0.0,0.0,1.0,0.0,0.0,1.0,3.0,1.0,0.0,0.0,0.7581402513652974,1.0,0.0,0.0,1.0,0.0,0.0,1.0,0.0,0.0
4585-HETAI,0,-1.1552834925186746,0.29873485011093664,-0.863779073040546,1.0,0.0,0.0,1.0,0.0,1.0,0.0,1.0,1.0,0.0,0.0,0.0,1.0,0.0,1.0,0.0,0.0,1.0,0.0,0.0,0.0,0.0,1.0,1.0,0.0,0.0,1.0,0.0,0.0,1.0,0.0,0.0,1.0,0.0,0.0,0.0,1.0,0.0,0.0,1.0,0.0,0.0,1.0,3.0,1.0,0.0,0.0,0.7476771533863005,1.0,0.0,0.0,1.0,0.0,0.0,1.0,0.0,0.0
7526-BEZQB,0,-0.8295205827584317,1.0398963121850275,-0.5008362048757765,0.0,1.0,1.0,0.0,1.0,0.0,0.0,1.0,0.0,0.0,1.0,0.0,1.0,0.0,1.0,0.0,0.0,1.0,0.0,0.0,1.0,0.0,0.0,1.0,0.0,0.0,0.0,0.0,1.0,0.0,0.0,1.0,1.0,0.0,0.0,0.0,1.0,0.0,0.0,1.0,0.0,0.0,1.0,5.0,1.0,0.0,0.0,0.6037658561892818,1.0,0.0,0.0,1.0,0.0,0.0,1.0,0.0,0.0
1474-JUWSM,0,1.0436161483629645,0.12092257109316168,0.7451433746872624,1.0,0.0,0.0,1.0,1.0,0.0,0.0,1.0,0.0,0.0,1.0,1.0,0.0,0.0,0.0,0.0,1.0,1.0,0.0,0.0,1.0,0.0,0.0,0.0,0.0,1.0,1.0,0.0,0.0,0.0,0.0,1.0,0.0,1.0,0.0,0.0,1.0,0.0,0.0,1.0,0.0,1.0,0.0,6.0,0.0,1.0,0.0,0.7140013843750004,0.0,1.0,0.0,0.0,1.0,0.0,0.0,1.0,0.0
3530-CRZSB,0,-1.0331224013585834,-1.4660935640654862,-0.9385824077483034,1.0,0.0,1.0,0.0,1.0,0.0,0.0,1.0,1.0,0.0,0.0,0.0,0.0,1.0,0.0,1.0,0.0,0.0,1.0,0.0,0.0,1.0,0.0,0.0,1.0,0.0,0.0,1.0,0.0,0.0,1.0,0.0,1.0,0.0,0.0,1.0,0.0,0.0,0.0,0.0,1.0,1.0,0.0,1.0,1.0,0.0,0.0,0.9084910040804871,1.0,0.0,0.0,1.0,0.0,0.0,1.0,0.0,0.0
8498-XXGWA,0,1.3286586944031769,-0.3194536339508612,0.6131842038757599,1.0,0.0,0.0,1.0,1.0,0.0,0.0,1.0,1.0,0.0,0.0,1.0,0.0,0.0,0.0,0.0,1.0,1.0,0.0,0.0,0.0,0.0,1.0,1.0,0.0,0.0,1.0,0.0,0.0,1.0,0.0,0.0,1.0,0.0,0.0,0.0,1.0,0.0,0.0,0.0,1.0,1.0,0.0,4.0,0.0,1.0,0.0,0.4615061839874517,0.0,1.0,0.0,0.0,1.0,0.0,0.0,1.0,0.0
9617-INGJY,0,-1.2774445836787656,0.19404163910047073,-0.9762156985213599,0.0,1.0,1.0,0.0,1.0,0.0,0.0,1.0,1.0,0.0,0.0,0.0,1.0,0.0,1.0,0.0,0.0,1.0,0.0,0.0,1.0,0.0,0.0,1.0,0.0,0.0,1.0,0.0,0.0,1.0,0.0,0.0,1.0,0.0,0.0,0.0,1.0,0.0,0.0,0.0,1.0,1.0,0.0,2.0,1.0,0.0,0.0,0.7641941662236875,1.0,0.0,0.0,1.0,0.0,0.0,1.0,0.0,0.0
0621-TSSMU,0,0.9621754209229036,-1.4893587220678117,-0.5102555572556681,0.0,1.0,0.0,1.0,1.0,0.0,0.0,1.0,1.0,0.0,0.0,0.0,0.0,1.0,0.0,1.0,0.0,0.0,1.0,0.0,0.0,1.0,0.0,0.0,1.0,0.0,0.0,1.0,0.0,0.0,1.0,0.0,0.0,1.0,0.0,1.0,0.0,0.0,1.0,0.0,0.0,1.0,0.0,1.0,0.0,1.0,0.0,-0.5303144792102867,0.0,1.0,0.0,0.0,1.0,0.0,0.0,1.0,0.0
7234-KMNRQ,0,-1.1552834925186746,-1.5209328650709681,-0.974958314245824,0.0,1.0,1.0,0.0,1.0,0.0,0.0,1.0,1.0,0.0,0.0,0.0,0.0,1.0,0.0,1.0,0.0,0.0,1.0,0.0,0.0,1.0,0.0,0.0,1.0,0.0,0.0,1.0,0.0,0.0,1.0,0.0,1.0,0.0,0.0,1.0,0.0,0.0,0.0,0.0,1.0,1.0,0.0,1.0,1.0,0.0,0.0,0.8439126158725619,1.0,0.0,0.0,1.0,0.0,0.0,1.0,0.0,0.0
7636-PEPNS,0,1.0436161483629645,-0.6867107709875744,0.05724387910286005,1.0,0.0,0.0,1.0,0.0,1.0,0.0,1.0,1.0,0.0,0.0,1.0,0.0,0.0,1.0,0.0,0.0,1.0,0.0,0.0,1.0,0.0,0.0,1.0,0.0,0.0,1.0,0.0,0.0,1.0,0.0,0.0,0.0,1.0,0.0,0.0,1.0,0.0,0.0,0.0,1.0,1.0,0.0,2.0,0.0,1.0,0.0,0.05485146928078284,0.0,1.0,0.0,0.0,1.0,0.0,0.0,1.0,0.0
4683-WYDOU,0,1.2064976032430856,1.423771419223402,2.042433056441467,0.0,1.0,0.0,1.0,1.0,0.0,0.0,1.0,0.0,0.0,1.0,0.0,1.0,0.0,1.0,0.0,0.0,1.0,0.0,0.0,0.0,0.0,1.0,0.0,0.0,1.0,0.0,0.0,1.0,0.0,0.0,1.0,0.0,0.0,1.0,0.0,1.0,1.0,0.0,0.0,0.0,1.0,0.0,7.0,0.0,1.0,0.0,1.6928612630073803,0.0,1.0,0.0,0.0,1.0,0.0,0.0,1.0,0.0
9052-DHNKM,0,-0.2594354906780068,-0.10674361792959748,-0.30942702314200715,0.0,1.0,1.0,0.0,1.0,0.0,0.0,1.0,0.0,0.0,1.0,1.0,0.0,0.0,0.0,0.0,1.0,0.0,0.0,1.0,1.0,0.0,0.0,1.0,0.0,0.0,1.0,0.0,0.0,1.0,0.0,0.0,0.0,1.0,0.0,1.0,0.0,0.0,0.0,1.0,0.0,1.0,0.0,5.0,0.0,0.0,1.0,1.1926934990018245,0.0,0.0,1.0,0.0,0.0,1.0,0.0,0.0,1.0
6794-HKIAJ,0,1.2064976032430856,0.8620840331672525,1.457308180852182,0.0,1.0,1.0,0.0,1.0,0.0,0.0,1.0,0.0,0.0,1.0,0.0,1.0,0.0,0.0,0.0,1.0,0.0,0.0,1.0,0.0,0.0,1.0,1.0,0.0,0.0,1.0,0.0,0.0,1.0,0.0,0.0,1.0,0.0,0.0,1.0,0.0,1.0,0.0,0.0,0.0,1.0,0.0,6.0,0.0,1.0,0.0,1.2078831959010223,0.0,1.0,0.0,0.0,1.0,0.0,0.0,1.0,0.0
5578-NKCXI,0,1.0436161483629645,1.1462513201956595,1.5721051592712822,1.0,0.0,0.0,1.0,0.0,1.0,0.0,1.0,1.0,0.0,0.0,0.0,1.0,0.0,0.0,0.0,1.0,0.0,0.0,1.0,1.0,0.0,0.0,1.0,0.0,0.0,0.0,0.0,1.0,0.0,0.0,1.0,0.0,1.0,0.0,1.0,0.0,0.0,1.0,0.0,0.0,1.0,0.0,6.0,0.0,1.0,0.0,1.5064017184261813,0.0,1.0,0.0,0.0,1.0,0.0,0.0,1.0,0.0
1642-HMARX,0,1.4508197855632678,0.895319973170575,1.8271335734725163,1.0,0.0,0.0,1.0,1.0,0.0,0.0,1.0,0.0,0.0,1.0,1.0,0.0,0.0,0.0,0.0,1.0,0.0,0.0,1.0,0.0,0.0,1.0,0.0,0.0,1.0,0.0,0.0,1.0,0.0,0.0,1.0,0.0,0.0,1.0,0.0,1.0,0.0,0.0,1.0,0.0,1.0,0.0,9.0,0.0,1.0,0.0,1.25938010472,0.0,1.0,0.0,0.0,1.0,0.0,0.0,1.0,0.0
3096-WPXBT,0,1.1657772395230555,1.1944434332004772,1.6479894032685354,1.0,0.0,0.0,1.0,0.0,1.0,0.0,1.0,0.0,0.0,1.0,0.0,1.0,0.0,0.0,0.0,1.0,0.0,0.0,1.0,0.0,0.0,1.0,1.0,0.0,0.0,1.0,0.0,0.0,0.0,0.0,1.0,0.0,1.0,0.0,0.0,1.0,0.0,1.0,0.0,0.0,1.0,0.0,7.0,0.0,1.0,0.0,1.4136400569484127,0.0,1.0,0.0,0.0,1.0,0.0,0.0,1.0,0.0
8434-PNQZX,0,0.3920903288424788,0.45494376812655235,0.48093826121194216,1.0,0.0,1.0,0.0,1.0,0.0,0.0,1.0,0.0,0.0,1.0,1.0,0.0,0.0,1.0,0.0,0.0,1.0,0.0,0.0,0.0,0.0,1.0,0.0,0.0,1.0,0.0,0.0,1.0,0.0,0.0,1.0,0.0,0.0,1.0,0.0,1.0,0.0,1.0,0.0,0.0,1.0,0.0,7.0,0.0,0.0,1.0,1.2266006729412542,0.0,0.0,1.0,0.0,0.0,1.0,0.0,0.0,1.0
5950-AAAGJ,0,-0.5851984004382496,0.6493740171459885,-0.3288613309796758,0.0,1.0,1.0,0.0,1.0,0.0,0.0,1.0,0.0,0.0,1.0,0.0,1.0,0.0,1.0,0.0,0.0,1.0,0.0,0.0,1.0,0.0,0.0,1.0,0.0,0.0,0.0,0.0,1.0,1.0,0.0,0.0,1.0,0.0,0.0,1.0,0.0,1.0,0.0,0.0,0.0,1.0,0.0,4.0,1.0,0.0,0.0,0.5619655329430064,1.0,0.0,0.0,1.0,0.0,0.0,1.0,0.0,0.0
4299-OPXEJ,0,0.9621754209229036,-1.502653098069141,-0.5306384181433024,1.0,0.0,1.0,0.0,1.0,0.0,0.0,1.0,1.0,0.0,0.0,0.0,0.0,1.0,0.0,1.0,0.0,0.0,1.0,0.0,0.0,1.0,0.0,0.0,1.0,0.0,0.0,1.0,0.0,0.0,1.0,0.0,0.0,0.0,1.0,0.0,1.0,1.0,0.0,0.0,0.0,1.0,0.0,1.0,0.0,1.0,0.0,-0.5514986213577585,0.0,1.0,0.0,0.0,1.0,0.0,0.0,1.0,0.0
4951-UKAAQ,0,-1.1552834925186746,0.8039211381614382,-0.8506537459538118,1.0,0.0,1.0,0.0,1.0,0.0,0.0,1.0,0.0,0.0,1.0,0.0,1.0,0.0,1.0,0.0,0.0,0.0,0.0,1.0,1.0,0.0,0.0,1.0,0.0,0.0,1.0,0.0,0.0,0.0,0.0,1.0,1.0,0.0,0.0,0.0,1.0,0.0,0.0,1.0,0.0,0.0,1.0,5.0,1.0,0.0,0.0,0.7363160223983392,1.0,0.0,0.0,1.0,0.0,0.0,1.0,0.0,0.0
9618-LFJRU,0,-1.1552834925186746,-1.4727407520661506,-0.9708111520738811,1.0,0.0,1.0,0.0,1.0,0.0,0.0,1.0,1.0,0.0,0.0,0.0,0.0,1.0,0.0,1.0,0.0,0.0,1.0,0.0,0.0,1.0,0.0,0.0,1.0,0.0,0.0,1.0,0.0,0.0,1.0,0.0,1.0,0.0,0.0,1.0,0.0,0.0,1.0,0.0,0.0,1.0,0.0,1.0,1.0,0.0,0.0,0.8403228803671221,1.0,0.0,0.0,1.0,0.0,0.0,1.0,0.0,0.0
6693-DJWTY,0,0.10704778280226633,-0.304497460949366,-0.11773106955592273,1.0,0.0,1.0,0.0,0.0,1.0,0.0,1.0,1.0,0.0,0.0,1.0,0.0,0.0,0.0,0.0,1.0,0.0,0.0,1.0,1.0,0.0,0.0,1.0,0.0,0.0,1.0,0.0,0.0,1.0,0.0,0.0,0.0,1.0,0.0,1.0,0.0,0.0,1.0,0.0,0.0,1.0,0.0,4.0,0.0,0.0,1.0,-1.0997992342670944,0.0,0.0,1.0,0.0,0.0,1.0,0.0,0.0,1.0
0744-GKNGE,0,1.2879383306831464,0.7324638671542947,1.3429523898981817,1.0,0.0,0.0,1.0,0.0,1.0,0.0,1.0,0.0,0.0,1.0,0.0,1.0,0.0,0.0,0.0,1.0,1.0,0.0,0.0,1.0,0.0,0.0,0.0,0.0,1.0,1.0,0.0,0.0,1.0,0.0,0.0,1.0,0.0,0.0,0.0,1.0,1.0,0.0,0.0,0.0,1.0,0.0,5.0,0.0,1.0,0.0,1.0427148240753537,0.0,1.0,0.0,0.0,1.0,0.0,0.0,1.0,0.0
6447-EGDIV,0,-0.055833672077855064,-1.4561227820644893,-0.7059221980276553,1.0,0.0,1.0,0.0,1.0,0.0,0.0,1.0,1.0,0.0,0.0,0.0,0.0,1.0,0.0,1.0,0.0,0.0,1.0,0.0,0.0,1.0,0.0,0.0,1.0,0.0,0.0,1.0,0.0,0.0,1.0,0.0,0.0,1.0,0.0,1.0,0.0,0.0,0.0,0.0,1.0,1.0,0.0,1.0,0.0,0.0,1.0,12.643305943469201,0.0,0.0,1.0,0.0,0.0,1.0,0.0,0.0,1.0
1167-OYZJF,1,1.4100994218432374,-1.4860351280674797,-0.4501217057624959,1.0,0.0,0.0,1.0,1.0,0.0,0.0,1.0,1.0,0.0,0.0,0.0,0.0,1.0,0.0,1.0,0.0,0.0,1.0,0.0,0.0,1.0,0.0,0.0,1.0,0.0,0.0,1.0,0.0,0.0,1.0,0.0,0.0,0.0,1.0,0.0,1.0,1.0,0.0,0.0,0.0,1.0,0.0,1.0,0.0,1.0,0.0,-0.31921274400220023,0.0,1.0,0.0,0.0,1.0,0.0,0.0,1.0,0.0
2108-YKQTY,0,-1.1552834925186746,-0.467353566965646,-0.9406118700877648,1.0,0.0,1.0,0.0,1.0,0.0,0.0,1.0,1.0,0.0,0.0,1.0,0.0,0.0,1.0,0.0,0.0,0.0,0.0,1.0,1.0,0.0,0.0,1.0,0.0,0.0,1.0,0.0,0.0,1.0,0.0,0.0,1.0,0.0,0.0,1.0,0.0,0.0,1.0,0.0,0.0,0.0,1.0,3.0,1.0,0.0,0.0,0.8141827319259133,1.0,0.0,0.0,1.0,0.0,0.0,1.0,0.0,0.0
4806-DXQCE,1,1.5322605130033284,1.624848856243503,2.3962433440786604,1.0,0.0,0.0,1.0,1.0,0.0,0.0,1.0,0.0,0.0,1.0,0.0,1.0,0.0,0.0,0.0,1.0,0.0,0.0,1.0,0.0,0.0,1.0,0.0,0.0,1.0,0.0,0.0,1.0,0.0,0.0,1.0,0.0,0.0,1.0,0.0,1.0,0.0,0.0,1.0,0.0,1.0,0.0,9.0,0.0,1.0,0.0,1.5638615781998262,0.0,1.0,0.0,0.0,1.0,0.0,0.0,1.0,0.0
4918-QLLIW,0,-1.1960038562387048,-0.3776165289566755,-0.9241114588930134,0.0,1.0,1.0,0.0,1.0,0.0,0.0,1.0,1.0,0.0,0.0,1.0,0.0,0.0,1.0,0.0,0.0,1.0,0.0,0.0,1.0,0.0,0.0,1.0,0.0,0.0,0.0,0.0,1.0,1.0,0.0,0.0,1.0,0.0,0.0,1.0,0.0,0.0,1.0,0.0,0.0,0.0,1.0,3.0,1.0,0.0,0.0,0.772665952599215,1.0,0.0,0.0,1.0,0.0,0.0,1.0,0.0,0.0
7056-IMHCC,1,0.8400143297628127,1.2343265612044643,1.4409621852702152,0.0,1.0,0.0,1.0,1.0,0.0,0.0,1.0,0.0,0.0,1.0,0.0,1.0,0.0,1.0,0.0,0.0,0.0,0.0,1.0,1.0,0.0,0.0,1.0,0.0,0.0,0.0,0.0,1.0,0.0,0.0,1.0,1.0,0.0,0.0,0.0,1.0,0.0,0.0,1.0,0.0,0.0,1.0,6.0,0.0,1.0,0.0,1.7154019094853856,0.0,1.0,0.0,0.0,1.0,0.0,0.0,1.0,0.0
4854-SSLTN,0,-1.2367242199587352,-0.17487729493640844,-0.9497885693618513,0.0,1.0,0.0,1.0,0.0,1.0,0.0,1.0,1.0,0.0,0.0,1.0,0.0,0.0,0.0,0.0,1.0,0.0,0.0,1.0,1.0,0.0,0.0,0.0,0.0,1.0,1.0,0.0,0.0,1.0,0.0,0.0,0.0,0.0,1.0,1.0,0.0,0.0,0.0,0.0,1.0,1.0,0.0,5.0,1.0,0.0,0.0,0.7679873605075367,1.0,0.0,0.0,1.0,0.0,0.0,1.0,0.0,0.0
5294-DMSFH,0,-0.13727439951791576,0.7656998071576172,0.14931970306929454,1.0,0.0,0.0,1.0,0.0,1.0,0.0,1.0,1.0,0.0,0.0,0.0,1.0,0.0,1.0,0.0,0.0,1.0,0.0,0.0,1.0,0.0,0.0,1.0,0.0,0.0,0.0,0.0,1.0,0.0,0.0,1.0,1.0,0.0,0.0,0.0,1.0,0.0,1.0,0.0,0.0,1.0,0.0,4.0,0.0,0.0,1.0,-1.087746175497251,0.0,0.0,1.0,0.0,0.0,1.0,0.0,0.0,1.0
4837-PZTIC,0,0.5956921474426305,-0.7598298389948839,-0.18002673962808644,1.0,0.0,1.0,0.0,1.0,0.0,1.0,0.0,0.0,1.0,0.0,1.0,0.0,0.0,0.0,0.0,1.0,1.0,0.0,0.0,0.0,0.0,1.0,0.0,0.0,1.0,1.0,0.0,0.0,1.0,0.0,0.0,0.0,0.0,1.0,1.0,0.0,0.0,0.0,0.0,1.0,1.0,0.0,4.0,0.0,1.0,0.0,-0.30221439110950227,0.0,1.0,0.0,0.0,1.0,0.0,0.0,1.0,0.0
1625-JAIIY,0,1.4508197855632678,0.6061672951416694,1.5011401555098978,1.0,0.0,0.0,1.0,0.0,1.0,0.0,1.0,0.0,0.0,1.0,0.0,1.0,0.0,1.0,0.0,0.0,1.0,0.0,0.0,1.0,0.0,0.0,1.0,0.0,0.0,0.0,0.0,1.0,1.0,0.0,0.0,0.0,1.0,0.0,0.0,1.0,0.0,0.0,1.0,0.0,0.0,1.0,4.0,0.0,1.0,0.0,1.0346840940876012,0.0,1.0,0.0,0.0,1.0,0.0,0.0,1.0,0.0
0603-OLQDC,0,-0.8295205827584317,0.16911468409797886,-0.6378690315359326,0.0,1.0,1.0,0.0,0.0,1.0,0.0,1.0,1.0,0.0,0.0,1.0,0.0,0.0,0.0,0.0,1.0,1.0,0.0,0.0,1.0,0.0,0.0,1.0,0.0,0.0,0.0,0.0,1.0,0.0,0.0,1.0,1.0,0.0,0.0,0.0,1.0,0.0,0.0,0.0,1.0,1.0,0.0,5.0,1.0,0.0,0.0,0.7689610659386004,1.0,0.0,0.0,1.0,0.0,0.0,1.0,0.0,0.0
3272-VUHPV,0,-0.9924020376385531,-0.28123230294704044,-0.8302267663196674,1.0,0.0,0.0,1.0,0.0,1.0,0.0,1.0,1.0,0.0,0.0,1.0,0.0,0.0,1.0,0.0,0.0,0.0,0.0,1.0,1.0,0.0,0.0,0.0,0.0,1.0,1.0,0.0,0.0,1.0,0.0,0.0,1.0,0.0,0.0,1.0,0.0,1.0,0.0,0.0,0.0,1.0,0.0,4.0,1.0,0.0,0.0,0.836583093173825,1.0,0.0,0.0,1.0,0.0,0.0,1.0,0.0,0.0
4176-FXYBO,0,0.880734693482843,1.4885815022298807,1.6922405060180965,0.0,1.0,0.0,1.0,1.0,0.0,0.0,1.0,0.0,0.0,1.0,0.0,1.0,0.0,0.0,0.0,1.0,0.0,0.0,1.0,0.0,0.0,1.0,1.0,0.0,0.0,0.0,0.0,1.0,0.0,0.0,1.0,1.0,0.0,0.0,1.0,0.0,0.0,0.0,1.0,0.0,1.0,0.0,8.0,0.0,1.0,0.0,1.9213964415619582,0.0,1.0,0.0,0.0,1.0,0.0,0.0,1.0,0.0
1063-DHQJF,0,1.4915401492832983,0.9102761461720702,1.8519283090111536,0.0,1.0,0.0,1.0,0.0,1.0,0.0,1.0,1.0,0.0,0.0,0.0,1.0,0.0,1.0,0.0,0.0,0.0,0.0,1.0,1.0,0.0,0.0,0.0,0.0,1.0,0.0,0.0,1.0,1.0,0.0,0.0,0.0,0.0,1.0,0.0,1.0,0.0,0.0,0.0,1.0,1.0,0.0,5.0,0.0,1.0,0.0,1.2416214943332406,0.0,1.0,0.0,0.0,1.0,0.0,0.0,1.0,0.0
8663-UPDGF,0,-0.2594354906780068,0.1574821050968162,-0.21320403700362972,1.0,0.0,1.0,0.0,1.0,0.0,0.0,1.0,0.0,0.0,1.0,1.0,0.0,0.0,0.0,0.0,1.0,0.0,0.0,1.0,1.0,0.0,0.0,1.0,0.0,0.0,0.0,0.0,1.0,1.0,0.0,0.0,1.0,0.0,0.0,0.0,1.0,1.0,0.0,0.0,0.0,1.0,0.0,6.0,0.0,0.0,1.0,0.8217998102204284,0.0,0.0,1.0,0.0,0.0,1.0,0.0,0.0,1.0
6719-FGEDO,0,1.6137012404433893,1.071470455188184,2.1269204560081763,1.0,0.0,0.0,1.0,1.0,0.0,0.0,1.0,0.0,0.0,1.0,0.0,1.0,0.0,0.0,0.0,1.0,0.0,0.0,1.0,0.0,0.0,1.0,0.0,0.0,1.0,1.0,0.0,0.0,1.0,0.0,0.0,0.0,0.0,1.0,0.0,1.0,1.0,0.0,0.0,0.0,1.0,0.0,7.0,0.0,1.0,0.0,1.31803855800704,0.0,1.0,0.0,0.0,1.0,0.0,0.0,1.0,0.0
1837-YQUCE,0,1.5322605130033284,-0.2130986259402292,0.8519107412415373,1.0,0.0,1.0,0.0,1.0,0.0,1.0,0.0,0.0,1.0,0.0,1.0,0.0,0.0,0.0,0.0,1.0,1.0,0.0,0.0,0.0,0.0,1.0,0.0,0.0,1.0,0.0,0.0,1.0,0.0,0.0,1.0,0.0,0.0,1.0,0.0,1.0,1.0,0.0,0.0,0.0,1.0,0.0,6.0,0.0,1.0,0.0,0.5559829637401136,0.0,1.0,0.0,0.0,1.0,0.0,0.0,1.0,0.0
2947-DOMLJ,0,-1.2774445836787656,-0.47067716096597834,-0.985039447823366,0.0,1.0,1.0,0.0,0.0,1.0,0.0,1.0,1.0,0.0,0.0,1.0,0.0,0.0,0.0,0.0,1.0,1.0,0.0,0.0,1.0,0.0,0.0,1.0,0.0,0.0,1.0,0.0,0.0,1.0,0.0,0.0,1.0,0.0,0.0,1.0,0.0,0.0,0.0,0.0,1.0,0.0,1.0,3.0,1.0,0.0,0.0,0.7711015103188776,1.0,0.0,0.0,1.0,0.0,0.0,1.0,0.0,0.0
4112-LUEIZ,0,-0.9109613101984924,0.8222009051632655,-0.6265746324293646,0.0,1.0,1.0,0.0,1.0,0.0,0.0,1.0,1.0,0.0,0.0,0.0,1.0,0.0,1.0,0.0,0.0,1.0,0.0,0.0,1.0,0.0,0.0,1.0,0.0,0.0,0.0,0.0,1.0,0.0,0.0,1.0,1.0,0.0,0.0,0.0,1.0,0.0,0.0,1.0,0.0,0.0,1.0,4.0,1.0,0.0,0.0,0.6878169527230945,1.0,0.0,0.0,1.0,0.0,0.0,1.0,0.0,0.0
0369-ZGOVK,0,-0.1779947632379461,0.1873944510998066,-0.12842986558460523,1.0,0.0,0.0,1.0,0.0,1.0,0.0,1.0,1.0,0.0,0.0,0.0,1.0,0.0,1.0,0.0,0.0,1.0,0.0,0.0,1.0,0.0,0.0,1.0,0.0,0.0,1.0,0.0,0.0,1.0,0.0,0.0,0.0,1.0,0.0,0.0,1.0,1.0,0.0,0.0,0.0,1.0,0.0,2.0,0.0,0.0,1.0,0.7215373264263861,0.0,0.0,1.0,0.0,0.0,1.0,0.0,0.0,1.0
4510-HIMLV,0,-1.2774445836787656,0.16745288709781284,-0.97656864849344,0.0,1.0,1.0,0.0,1.0,0.0,0.0,1.0,1.0,0.0,0.0,0.0,1.0,0.0,1.0,0.0,0.0,1.0,0.0,0.0,1.0,0.0,0.0,1.0,0.0,0.0,1.0,0.0,0.0,1.0,0.0,0.0,1.0,0.0,0.0,0.0,1.0,0.0,0.0,1.0,0.0,0.0,1.0,2.0,1.0,0.0,0.0,0.7644704599874951,1.0,0.0,0.0,1.0,0.0,0.0,1.0,0.0,0.0
9919-KNPOO,0,-0.46303730927815856,0.9817334171792131,-0.14777593592925387,1.0,0.0,0.0,1.0,1.0,0.0,0.0,1.0,0.0,0.0,1.0,0.0,1.0,0.0,1.0,0.0,0.0,1.0,0.0,0.0,1.0,0.0,0.0,1.0,0.0,0.0,0.0,0.0,1.0,0.0,0.0,1.0,1.0,0.0,0.0,0.0,1.0,0.0,0.0,1.0,0.0,1.0,0.0,5.0,0.0,0.0,1.0,0.31914477077371106,0.0,0.0,1.0,0.0,0.0,1.0,0.0,0.0,1.0
8749-JMNKX,1,0.758573602322752,0.9651154471775519,1.0886960537608732,0.0,1.0,0.0,1.0,1.0,0.0,0.0,1.0,0.0,0.0,1.0,0.0,1.0,0.0,0.0,0.0,1.0,1.0,0.0,0.0,0.0,0.0,1.0,1.0,0.0,0.0,0.0,0.0,1.0,1.0,0.0,0.0,1.0,0.0,0.0,0.0,1.0,1.0,0.0,0.0,0.0,0.0,1.0,6.0,0.0,1.0,0.0,1.435188425259311,0.0,1.0,0.0,0.0,1.0,0.0,0.0,1.0,0.0
7872-BAAZR,0,0.8400143297628127,-1.502653098069141,-0.5626906874828398,1.0,0.0,0.0,1.0,0.0,1.0,0.0,1.0,1.0,0.0,0.0,0.0,0.0,1.0,0.0,1.0,0.0,0.0,1.0,0.0,0.0,1.0,0.0,0.0,1.0,0.0,0.0,1.0,0.0,0.0,1.0,0.0,0.0,1.0,0.0,1.0,0.0,1.0,0.0,0.0,0.0,1.0,0.0,1.0,0.0,1.0,0.0,-0.6698584387741596,0.0,1.0,0.0,0.0,1.0,0.0,0.0,1.0,0.0
9391-LMANN,0,0.8400143297628127,1.0365727181846955,1.2148536094063067,0.0,1.0,1.0,0.0,0.0,1.0,0.0,1.0,1.0,0.0,0.0,0.0,1.0,0.0,0.0,0.0,1.0,0.0,0.0,1.0,0.0,0.0,1.0,1.0,0.0,0.0,1.0,0.0,0.0,0.0,0.0,1.0,0.0,1.0,0.0,1.0,0.0,0.0,0.0,1.0,0.0,1.0,0.0,6.0,0.0,1.0,0.0,1.4462296253319085,0.0,1.0,0.0,0.0,1.0,0.0,0.0,1.0,0.0
2430-USGXP,0,-0.3408762181180675,1.2060760122016398,0.04786864546947847,0.0,1.0,0.0,1.0,1.0,0.0,0.0,1.0,0.0,0.0,1.0,0.0,1.0,0.0,1.0,0.0,0.0,1.0,0.0,0.0,0.0,0.0,1.0,1.0,0.0,0.0,0.0,0.0,1.0,0.0,0.0,1.0,1.0,0.0,0.0,0.0,1.0,0.0,0.0,1.0,0.0,0.0,1.0,6.0,0.0,0.0,1.0,-0.14042823442994917,0.0,0.0,1.0,0.0,0.0,1.0,0.0,0.0,1.0
8174-TBVCF,0,1.5322605130033284,0.9983513871808745,2.018763348938836,1.0,0.0,0.0,1.0,1.0,0.0,0.0,1.0,0.0,0.0,1.0,1.0,0.0,0.0,0.0,0.0,1.0,0.0,0.0,1.0,0.0,0.0,1.0,0.0,0.0,1.0,0.0,0.0,1.0,0.0,0.0,1.0,0.0,0.0,1.0,0.0,1.0,0.0,1.0,0.0,0.0,1.0,0.0,9.0,0.0,1.0,0.0,1.3175066066160843,0.0,1.0,0.0,0.0,1.0,0.0,0.0,1.0,0.0
1698-XFZCI,0,1.1657772395230555,1.4287568102239003,1.8700169950802663,0.0,1.0,1.0,0.0,1.0,0.0,0.0,1.0,0.0,0.0,1.0,0.0,1.0,0.0,0.0,0.0,1.0,0.0,0.0,1.0,0.0,0.0,1.0,1.0,0.0,0.0,0.0,0.0,1.0,0.0,0.0,1.0,0.0,1.0,0.0,0.0,1.0,0.0,0.0,1.0,0.0,1.0,0.0,8.0,0.0,1.0,0.0,1.6040946174633934,0.0,1.0,0.0,0.0,1.0,0.0,0.0,1.0,0.0
1877-HKBQX,0,-0.8702409464784621,-0.33773340095268845,-0.7347758582452155,1.0,0.0,1.0,0.0,1.0,0.0,0.0,1.0,1.0,0.0,0.0,1.0,0.0,0.0,0.0,0.0,1.0,1.0,0.0,0.0,1.0,0.0,0.0,0.0,0.0,1.0,1.0,0.0,0.0,1.0,0.0,0.0,0.0,1.0,0.0,0.0,1.0,0.0,0.0,0.0,1.0,1.0,0.0,4.0,1.0,0.0,0.0,0.8443361131403633,1.0,0.0,0.0,1.0,0.0,0.0,1.0,0.0,0.0
4450-DLLMH,0,-1.2367242199587352,0.21730679710279655,-0.9377662109378679,0.0,1.0,1.0,0.0,1.0,0.0,0.0,1.0,1.0,0.0,0.0,0.0,1.0,0.0,1.0,0.0,0.0,1.0,0.0,0.0,1.0,0.0,0.0,1.0,0.0,0.0,1.0,0.0,0.0,1.0,0.0,0.0,1.0,0.0,0.0,0.0,1.0,0.0,1.0,0.0,0.0,1.0,0.0,2.0,1.0,0.0,0.0,0.7582662292884971,1.0,0.0,0.0,1.0,0.0,0.0,1.0,0.0,0.0
0428-AXXLJ,0,-0.30015585439803716,-1.504314895069307,-0.779578445326152,0.0,1.0,1.0,0.0,1.0,0.0,0.0,1.0,1.0,0.0,0.0,0.0,0.0,1.0,0.0,1.0,0.0,0.0,1.0,0.0,0.0,1.0,0.0,0.0,1.0,0.0,0.0,1.0,0.0,0.0,1.0,0.0,0.0,1.0,0.0,0.0,1.0,1.0,0.0,0.0,0.0,1.0,0.0,1.0,0.0,0.0,1.0,2.597245510635124,0.0,0.0,1.0,0.0,0.0,1.0,0.0,0.0,1.0
2746-DIJLO,0,0.35136996512244845,-0.28123230294704044,0.035603633939689794,1.0,0.0,1.0,0.0,1.0,0.0,0.0,1.0,0.0,0.0,1.0,1.0,0.0,0.0,1.0,0.0,0.0,0.0,0.0,1.0,1.0,0.0,0.0,1.0,0.0,0.0,1.0,0.0,0.0,1.0,0.0,0.0,0.0,1.0,0.0,0.0,1.0,0.0,1.0,0.0,0.0,1.0,0.0,4.0,0.0,0.0,1.0,0.10132805155182326,0.0,0.0,1.0,0.0,0.0,1.0,0.0,0.0,1.0
5955-ERIHD,0,-0.5851984004382496,0.9950277931805424,-0.2626611518413744,0.0,1.0,0.0,1.0,1.0,0.0,0.0,1.0,0.0,0.0,1.0,0.0,1.0,0.0,1.0,0.0,0.0,1.0,0.0,0.0,1.0,0.0,0.0,1.0,0.0,0.0,0.0,0.0,1.0,0.0,0.0,1.0,1.0,0.0,0.0,0.0,1.0,0.0,0.0,1.0,0.0,0.0,1.0,5.0,1.0,0.0,0.0,0.44884119923203813,1.0,0.0,0.0,1.0,0.0,0.0,1.0,0.0,0.0
0917-EZOLA,1,1.6137012404433893,1.3091074262119398,2.3853460136906826,0.0,1.0,0.0,1.0,1.0,0.0,0.0,1.0,0.0,0.0,1.0,0.0,1.0,0.0,1.0,0.0,0.0,0.0,0.0,1.0,0.0,0.0,1.0,1.0,0.0,0.0,0.0,0.0,1.0,0.0,0.0,1.0,0.0,0.0,1.0,0.0,1.0,1.0,0.0,0.0,0.0,0.0,1.0,7.0,0.0,1.0,0.0,1.4781831691690788,0.0,1.0,0.0,0.0,1.0,0.0,0.0,1.0,0.0
3508-VLHCZ,0,1.5729808767233588,0.8570986421667539,1.7452271205766439,1.0,0.0,0.0,1.0,0.0,1.0,0.0,1.0,0.0,0.0,1.0,1.0,0.0,0.0,0.0,0.0,1.0,0.0,0.0,1.0,0.0,0.0,1.0,0.0,0.0,1.0,0.0,0.0,1.0,0.0,0.0,1.0,0.0,0.0,1.0,0.0,1.0,0.0,1.0,0.0,0.0,1.0,0.0,9.0,0.0,1.0,0.0,1.109503075594973,0.0,1.0,0.0,0.0,1.0,0.0,0.0,1.0,0.0
4086-ATNFV,0,0.06632741908223598,-0.13167057293208934,-0.10643667044935484,1.0,0.0,0.0,1.0,0.0,1.0,0.0,1.0,1.0,0.0,0.0,1.0,0.0,0.0,0.0,0.0,1.0,0.0,0.0,1.0,0.0,0.0,1.0,1.0,0.0,0.0,1.0,0.0,0.0,1.0,0.0,0.0,0.0,1.0,0.0,0.0,1.0,0.0,0.0,0.0,1.0,1.0,0.0,5.0,0.0,0.0,1.0,-1.6047159971261575,0.0,0.0,1.0,0.0,0.0,1.0,0.0,0.0,1.0
0468-YRPXN,0,-0.13727439951791576,1.1312951471941644,0.23109379972563687,0.0,1.0,1.0,0.0,1.0,0.0,0.0,1.0,1.0,0.0,0.0,0.0,1.0,0.0,1.0,0.0,0.0,1.0,0.0,0.0,0.0,0.0,1.0,0.0,0.0,1.0,0.0,0.0,1.0,0.0,0.0,1.0,1.0,0.0,0.0,0.0,1.0,0.0,1.0,0.0,0.0,1.0,0.0,6.0,0.0,0.0,1.0,-1.6834442586323366,0.0,0.0,1.0,0.0,0.0,1.0,0.0,0.0,1.0
5996-NRVXR,1,0.3106496014024181,1.109691786192005,0.8089170227675122,0.0,1.0,0.0,1.0,1.0,0.0,0.0,1.0,1.0,0.0,0.0,0.0,1.0,0.0,0.0,0.0,1.0,0.0,0.0,1.0,0.0,0.0,1.0,0.0,0.0,1.0,0.0,0.0,1.0,1.0,0.0,0.0,0.0,1.0,0.0,0.0,1.0,0.0,1.0,0.0,0.0,1.0,0.0,7.0,0.0,0.0,1.0,2.603953197157444,0.0,0.0,1.0,0.0,0.0,1.0,0.0,0.0,1.0
3739-YBWAB,0,0.14776814652229667,-0.9775252460166459,-0.4259005139284889,0.0,1.0,0.0,1.0,1.0,0.0,1.0,0.0,0.0,1.0,0.0,1.0,0.0,0.0,0.0,0.0,1.0,1.0,0.0,0.0,0.0,0.0,1.0,1.0,0.0,0.0,1.0,0.0,0.0,1.0,0.0,0.0,0.0,1.0,0.0,1.0,0.0,0.0,0.0,0.0,1.0,1.0,0.0,3.0,0.0,0.0,1.0,-2.8822213985354748,0.0,0.0,1.0,0.0,0.0,1.0,0.0,0.0,1.0
7047-FWEYA,0,0.5549717837226001,1.2758714862086173,1.0197384529656948,1.0,0.0,0.0,1.0,1.0,0.0,0.0,1.0,0.0,0.0,1.0,0.0,1.0,0.0,1.0,0.0,0.0,0.0,0.0,1.0,1.0,0.0,0.0,0.0,0.0,1.0,0.0,0.0,1.0,0.0,0.0,1.0,0.0,1.0,0.0,0.0,1.0,0.0,0.0,1.0,0.0,1.0,0.0,7.0,0.0,1.0,0.0,1.8374599986427524,0.0,1.0,0.0,0.0,1.0,0.0,0.0,1.0,0.0
2000-MPKCA,0,1.0436161483629645,1.4287568102239003,1.7865663860565428,1.0,0.0,1.0,0.0,1.0,0.0,0.0,1.0,0.0,0.0,1.0,0.0,1.0,0.0,0.0,0.0,1.0,0.0,0.0,1.0,0.0,0.0,1.0,1.0,0.0,0.0,0.0,0.0,1.0,0.0,0.0,1.0,0.0,1.0,0.0,0.0,1.0,0.0,0.0,1.0,0.0,1.0,0.0,8.0,0.0,1.0,0.0,1.7118999057833513,0.0,1.0,0.0,0.0,1.0,0.0,0.0,1.0,0.0
9762-YAQAA,0,0.26992923768238775,0.5529897911363537,0.4105026824086777,0.0,1.0,1.0,0.0,1.0,0.0,0.0,1.0,0.0,0.0,1.0,0.0,1.0,0.0,1.0,0.0,0.0,0.0,0.0,1.0,1.0,0.0,0.0,1.0,0.0,0.0,1.0,0.0,0.0,1.0,0.0,0.0,0.0,1.0,0.0,1.0,0.0,0.0,1.0,0.0,0.0,1.0,0.0,4.0,0.0,0.0,1.0,1.5207788749868427,0.0,0.0,1.0,0.0,0.0,1.0,0.0,0.0,1.0
5949-EBSQK,0,-1.1552834925186746,-0.11006721192992953,-0.9060889509436656,0.0,1.0,0.0,1.0,0.0,1.0,0.0,1.0,1.0,0.0,0.0,1.0,0.0,0.0,1.0,0.0,0.0,1.0,0.0,0.0,1.0,0.0,0.0,0.0,0.0,1.0,1.0,0.0,0.0,0.0,0.0,1.0,1.0,0.0,0.0,1.0,0.0,0.0,1.0,0.0,0.0,0.0,1.0,4.0,1.0,0.0,0.0,0.7843000932769055,1.0,0.0,0.0,1.0,0.0,0.0,1.0,0.0,0.0
5473-KHBPS,0,0.7992939660427822,1.0282637331838649,1.188051470901463,1.0,0.0,0.0,1.0,0.0,1.0,0.0,1.0,0.0,0.0,1.0,0.0,1.0,0.0,1.0,0.0,0.0,0.0,0.0,1.0,0.0,0.0,1.0,1.0,0.0,0.0,0.0,0.0,1.0,1.0,0.0,0.0,0.0,1.0,0.0,0.0,1.0,0.0,1.0,0.0,0.0,1.0,0.0,6.0,0.0,1.0,0.0,1.4863761286518613,0.0,1.0,0.0,0.0,1.0,0.0,0.0,1.0,0.0
0100-DUVFC,1,1.5322605130033284,1.330710787214099,2.217253589487465,0.0,1.0,0.0,1.0,1.0,0.0,0.0,1.0,0.0,0.0,1.0,0.0,1.0,0.0,1.0,0.0,0.0,0.0,0.0,1.0,0.0,0.0,1.0,1.0,0.0,0.0,0.0,0.0,1.0,0.0,0.0,1.0,0.0,1.0,0.0,0.0,1.0,0.0,0.0,1.0,0.0,1.0,0.0,7.0,0.0,1.0,0.0,1.4470473987099663,0.0,1.0,0.0,0.0,1.0,0.0,0.0,1.0,0.0
5397-TUPSH,1,1.3286586944031769,0.20567421810163386,1.0023336074674878,0.0,1.0,0.0,1.0,1.0,0.0,0.0,1.0,1.0,0.0,0.0,0.0,1.0,0.0,1.0,0.0,0.0,1.0,0.0,0.0,1.0,0.0,0.0,1.0,0.0,0.0,1.0,0.0,0.0,1.0,0.0,0.0,0.0,1.0,0.0,0.0,1.0,1.0,0.0,0.0,0.0,1.0,0.0,2.0,0.0,1.0,0.0,0.7543950991249323,0.0,1.0,0.0,0.0,1.0,0.0,0.0,1.0,0.0
8950-MTZNV,0,-1.2774445836787656,-0.6584602219847502,-0.9875321570011829,0.0,1.0,1.0,0.0,1.0,0.0,0.0,1.0,1.0,0.0,0.0,1.0,0.0,0.0,1.0,0.0,0.0,1.0,0.0,0.0,1.0,0.0,0.0,1.0,0.0,0.0,1.0,0.0,0.0,1.0,0.0,0.0,1.0,0.0,0.0,0.0,1.0,0.0,0.0,0.0,1.0,1.0,0.0,2.0,1.0,0.0,0.0,0.7730528350257689,1.0,0.0,0.0,1.0,0.0,0.0,1.0,0.0,0.0
0326-VDYXE,0,1.5322605130033284,1.0930738161903437,2.073227941505469,1.0,0.0,0.0,1.0,1.0,0.0,0.0,1.0,0.0,0.0,1.0,0.0,1.0,0.0,1.0,0.0,0.0,1.0,0.0,0.0,0.0,0.0,1.0,1.0,0.0,0.0,0.0,0.0,1.0,0.0,0.0,1.0,0.0,1.0,0.0,0.0,1.0,0.0,0.0,1.0,0.0,1.0,0.0,6.0,0.0,1.0,0.0,1.353051862859671,0.0,1.0,0.0,0.0,1.0,0.0,0.0,1.0,0.0
6773-LQTVT,1,-0.13727439951791576,-0.9675544640156493,-0.5550802037098594,1.0,0.0,0.0,1.0,0.0,1.0,1.0,0.0,0.0,1.0,0.0,1.0,0.0,0.0,1.0,0.0,0.0,0.0,0.0,1.0,0.0,0.0,1.0,1.0,0.0,0.0,1.0,0.0,0.0,1.0,0.0,0.0,1.0,0.0,0.0,0.0,1.0,0.0,0.0,0.0,1.0,1.0,0.0,3.0,0.0,0.0,1.0,4.0435813644729555,0.0,0.0,1.0,0.0,0.0,1.0,0.0,0.0,1.0
7274-RTAPZ,0,-1.2774445836787656,0.8570986421667539,-0.9674140085926086,0.0,1.0,1.0,0.0,1.0,0.0,0.0,1.0,1.0,0.0,0.0,0.0,1.0,0.0,1.0,0.0,0.0,1.0,0.0,0.0,1.0,0.0,0.0,1.0,0.0,0.0,0.0,0.0,1.0,0.0,0.0,1.0,1.0,0.0,0.0,0.0,1.0,0.0,0.0,1.0,0.0,0.0,1.0,4.0,1.0,0.0,0.0,0.7573040904887353,1.0,0.0,0.0,1.0,0.0,0.0,1.0,0.0,0.0
0436-TWFFZ,0,1.4100994218432374,0.6809481601491449,1.5136698795187464,1.0,0.0,1.0,0.0,1.0,0.0,0.0,1.0,0.0,0.0,1.0,1.0,0.0,0.0,0.0,0.0,1.0,1.0,0.0,0.0,0.0,0.0,1.0,0.0,0.0,1.0,0.0,0.0,1.0,0.0,0.0,1.0,0.0,0.0,1.0,0.0,1.0,0.0,0.0,0.0,1.0,1.0,0.0,8.0,0.0,1.0,0.0,1.0734490462666277,0.0,1.0,0.0,0.0,1.0,0.0,0.0,1.0,0.0
8566-YPRGL,0,-1.2774445836787656,-1.504314895069307,-0.9987603779879857,1.0,0.0,1.0,0.0,1.0,0.0,0.0,1.0,1.0,0.0,0.0,0.0,0.0,1.0,0.0,1.0,0.0,0.0,1.0,0.0,0.0,1.0,0.0,0.0,1.0,0.0,0.0,1.0,0.0,0.0,1.0,0.0,1.0,0.0,0.0,0.0,1.0,0.0,0.0,0.0,1.0,1.0,0.0,1.0,1.0,0.0,0.0,0.7818424303868984,1.0,0.0,0.0,1.0,0.0,0.0,1.0,0.0,0.0
0311-UNPFF,0,-0.2594354906780068,0.7989357471609396,-0.003948822306552989,1.0,0.0,1.0,0.0,1.0,0.0,0.0,1.0,1.0,0.0,0.0,0.0,1.0,0.0,1.0,0.0,0.0,1.0,0.0,0.0,1.0,0.0,0.0,1.0,0.0,0.0,0.0,0.0,1.0,0.0,0.0,1.0,1.0,0.0,0.0,0.0,1.0,1.0,0.0,0.0,0.0,0.0,1.0,4.0,0.0,0.0,1.0,0.015220825401463639,0.0,0.0,1.0,0.0,0.0,1.0,0.0,0.0,1.0
6609-MXJHJ,0,-0.0965540357978854,-1.3181936310507012,-0.6590239704874924,1.0,0.0,0.0,1.0,0.0,1.0,0.0,1.0,0.0,0.0,1.0,0.0,0.0,1.0,0.0,1.0,0.0,0.0,1.0,0.0,0.0,1.0,0.0,0.0,1.0,0.0,0.0,1.0,0.0,0.0,1.0,0.0,0.0,0.0,1.0,0.0,1.0,0.0,0.0,0.0,1.0,1.0,0.0,2.0,0.0,0.0,1.0,6.825441992575161,0.0,0.0,1.0,0.0,0.0,1.0,0.0,0.0,1.0
2669-OIDSD,0,0.6364125111626608,1.1728400721983174,1.125336672737454,1.0,0.0,0.0,1.0,1.0,0.0,0.0,1.0,1.0,0.0,0.0,0.0,1.0,0.0,1.0,0.0,0.0,1.0,0.0,0.0,0.0,0.0,1.0,0.0,0.0,1.0,0.0,0.0,1.0,0.0,0.0,1.0,1.0,0.0,0.0,0.0,1.0,0.0,1.0,0.0,0.0,1.0,0.0,6.0,0.0,1.0,0.0,1.7682503926291118,0.0,1.0,0.0,0.0,1.0,0.0,0.0,1.0,0.0
8400-WZICQ,0,0.9214550572028734,-0.3011738669490337,0.37434736964370746,1.0,0.0,0.0,1.0,0.0,1.0,0.0,1.0,1.0,0.0,0.0,1.0,0.0,0.0,0.0,0.0,1.0,0.0,0.0,1.0,1.0,0.0,0.0,1.0,0.0,0.0,1.0,0.0,0.0,1.0,0.0,0.0,1.0,0.0,0.0,1.0,0.0,0.0,0.0,1.0,0.0,1.0,0.0,4.0,0.0,1.0,0.0,0.40625678563212747,0.0,1.0,0.0,0.0,1.0,0.0,0.0,1.0,0.0
3834-XUIFC,0,-1.0331224013585834,0.6792863631489789,-0.7415260264612503,0.0,1.0,1.0,0.0,1.0,0.0,0.0,1.0,0.0,0.0,1.0,0.0,1.0,0.0,1.0,0.0,0.0,1.0,0.0,0.0,1.0,0.0,0.0,1.0,0.0,0.0,1.0,0.0,0.0,0.0,0.0,1.0,1.0,0.0,0.0,0.0,1.0,0.0,0.0,0.0,1.0,0.0,1.0,4.0,1.0,0.0,0.0,0.717752345207232,1.0,0.0,0.0,1.0,0.0,0.0,1.0,0.0,0.0
9576-SYUHJ,0,0.18848851024232702,0.8770402061687477,0.47910733323177584,0.0,1.0,1.0,0.0,1.0,0.0,0.0,1.0,0.0,0.0,1.0,0.0,1.0,0.0,0.0,0.0,1.0,1.0,0.0,0.0,1.0,0.0,0.0,1.0,0.0,0.0,0.0,0.0,1.0,1.0,0.0,0.0,1.0,0.0,0.0,0.0,1.0,0.0,0.0,1.0,0.0,1.0,0.0,5.0,0.0,0.0,1.0,2.5418383996765623,0.0,0.0,1.0,0.0,0.0,1.0,0.0,0.0,1.0
0410-IPFTY,0,-0.055833672077855064,0.6344178441444933,0.1724379262405508,1.0,0.0,0.0,1.0,1.0,0.0,0.0,1.0,1.0,0.0,0.0,0.0,1.0,0.0,1.0,0.0,0.0,0.0,0.0,1.0,1.0,0.0,0.0,1.0,0.0,0.0,1.0,0.0,0.0,0.0,0.0,1.0,1.0,0.0,0.0,0.0,1.0,1.0,0.0,0.0,0.0,1.0,0.0,4.0,0.0,0.0,1.0,-3.0884217323213403,0.0,0.0,1.0,0.0,0.0,1.0,0.0,0.0,1.0
2831-EBWRN,0,-1.1552834925186746,-0.626886078981594,-0.9192363374036548,0.0,1.0,1.0,0.0,1.0,0.0,0.0,1.0,1.0,0.0,0.0,1.0,0.0,0.0,1.0,0.0,0.0,1.0,0.0,0.0,1.0,0.0,0.0,1.0,0.0,0.0,1.0,0.0,0.0,1.0,0.0,0.0,1.0,0.0,0.0,0.0,1.0,0.0,0.0,1.0,0.0,1.0,0.0,2.0,1.0,0.0,0.0,0.7956803186026619,1.0,0.0,0.0,1.0,0.0,0.0,1.0,0.0,0.0
9430-NKQLY,0,1.6137012404433893,-1.3181936310507012,-0.2172850210558076,0.0,1.0,0.0,1.0,0.0,1.0,0.0,1.0,0.0,0.0,1.0,0.0,0.0,1.0,0.0,1.0,0.0,0.0,1.0,0.0,0.0,1.0,0.0,0.0,1.0,0.0,0.0,1.0,0.0,0.0,1.0,0.0,0.0,0.0,1.0,0.0,1.0,0.0,1.0,0.0,0.0,1.0,0.0,2.0,0.0,1.0,0.0,-0.13465009235297185,0.0,1.0,0.0,0.0,1.0,0.0,0.0,1.0,0.0
8414-MYSHR,1,-1.1145631287986442,0.8853491911695783,-0.8089394711285776,0.0,1.0,1.0,0.0,1.0,0.0,0.0,1.0,1.0,0.0,0.0,0.0,1.0,0.0,1.0,0.0,0.0,1.0,0.0,0.0,1.0,0.0,0.0,1.0,0.0,0.0,0.0,0.0,1.0,0.0,0.0,1.0,1.0,0.0,0.0,0.0,1.0,0.0,0.0,1.0,0.0,0.0,1.0,4.0,1.0,0.0,0.0,0.7257906261447122,1.0,0.0,0.0,1.0,0.0,0.0,1.0,0.0,0.0
0247-SLUJI,0,-1.2774445836787656,-1.4976677070686424,-0.9986721404949657,0.0,1.0,0.0,1.0,0.0,1.0,0.0,1.0,1.0,0.0,0.0,0.0,0.0,1.0,0.0,1.0,0.0,0.0,1.0,0.0,0.0,1.0,0.0,0.0,1.0,0.0,0.0,1.0,0.0,0.0,1.0,0.0,1.0,0.0,0.0,1.0,0.0,0.0,0.0,0.0,1.0,1.0,0.0,1.0,1.0,0.0,0.0,0.7817733569459465,1.0,0.0,0.0,1.0,0.0,0.0,1.0,0.0,0.0
9402-ORRAH,1,-0.7073594915983407,0.8886727851699104,-0.38956872617747845,1.0,0.0,1.0,0.0,1.0,0.0,0.0,1.0,1.0,0.0,0.0,0.0,1.0,0.0,1.0,0.0,0.0,1.0,0.0,0.0,1.0,0.0,0.0,1.0,0.0,0.0,0.0,0.0,1.0,0.0,0.0,1.0,1.0,0.0,0.0,0.0,1.0,0.0,0.0,1.0,0.0,1.0,0.0,4.0,1.0,0.0,0.0,0.5507365502330559,1.0,0.0,0.0,1.0,0.0,0.0,1.0,0.0,0.0
6483-OATDN,0,-0.9924020376385531,-0.44741200296365274,-0.8257707729221544,0.0,1.0,0.0,1.0,0.0,1.0,0.0,1.0,1.0,0.0,0.0,1.0,0.0,0.0,0.0,0.0,1.0,1.0,0.0,0.0,1.0,0.0,0.0,1.0,0.0,0.0,1.0,0.0,0.0,1.0,0.0,0.0,1.0,0.0,0.0,0.0,1.0,0.0,1.0,0.0,0.0,1.0,0.0,3.0,1.0,0.0,0.0,0.832092984096544,1.0,0.0,0.0,1.0,0.0,0.0,1.0,0.0,0.0
1293-HHSHJ,0,0.10704778280226633,-1.451137391063991,-0.6804436219181124,1.0,0.0,1.0,0.0,1.0,0.0,0.0,1.0,1.0,0.0,0.0,0.0,0.0,1.0,0.0,1.0,0.0,0.0,1.0,0.0,0.0,1.0,0.0,0.0,1.0,0.0,0.0,1.0,0.0,0.0,1.0,0.0,0.0,1.0,0.0,1.0,0.0,0.0,0.0,0.0,1.0,1.0,0.0,1.0,0.0,0.0,1.0,-6.356447598499037,0.0,0.0,1.0,0.0,0.0,1.0,0.0,0.0,1.0
4840-ORQXB,1,0.9621754209229036,1.329048990213933,1.569766865706251,1.0,0.0,1.0,0.0,1.0,0.0,0.0,1.0,0.0,0.0,1.0,0.0,1.0,0.0,1.0,0.0,0.0,0.0,0.0,1.0,0.0,0.0,1.0,1.0,0.0,0.0,0.0,0.0,1.0,0.0,0.0,1.0,1.0,0.0,0.0,1.0,0.0,0.0,0.0,1.0,0.0,1.0,0.0,7.0,0.0,1.0,0.0,1.6314767885055252,0.0,1.0,0.0,0.0,1.0,0.0,0.0,1.0,0.0
7599-FKVXZ,0,0.3920903288424788,1.3755793062185846,0.9835831402007246,0.0,1.0,0.0,1.0,1.0,0.0,0.0,1.0,0.0,0.0,1.0,0.0,1.0,0.0,1.0,0.0,0.0,1.0,0.0,0.0,0.0,0.0,1.0,0.0,0.0,1.0,0.0,0.0,1.0,0.0,0.0,1.0,1.0,0.0,0.0,0.0,1.0,1.0,0.0,0.0,0.0,0.0,1.0,7.0,0.0,0.0,1.0,2.5085626138865473,0.0,0.0,1.0,0.0,0.0,1.0,0.0,0.0,1.0
3982-DQLUS,1,1.3286586944031769,0.6975661301508063,1.5023093022924134,0.0,1.0,0.0,1.0,0.0,1.0,0.0,1.0,0.0,0.0,1.0,0.0,1.0,0.0,0.0,0.0,1.0,0.0,0.0,1.0,1.0,0.0,0.0,1.0,0.0,0.0,1.0,0.0,0.0,1.0,0.0,0.0,1.0,0.0,0.0,0.0,1.0,0.0,0.0,1.0,0.0,1.0,0.0,5.0,0.0,1.0,0.0,1.130696173984124,0.0,1.0,0.0,0.0,1.0,0.0,0.0,1.0,0.0
8610-ZIKJJ,0,-1.2367242199587352,-1.477726143066649,-0.9932896534207418,1.0,0.0,0.0,1.0,0.0,1.0,0.0,1.0,1.0,0.0,0.0,0.0,0.0,1.0,0.0,1.0,0.0,0.0,1.0,0.0,0.0,1.0,0.0,0.0,1.0,0.0,0.0,1.0,0.0,0.0,1.0,0.0,0.0,1.0,0.0,1.0,0.0,0.0,0.0,0.0,1.0,1.0,0.0,1.0,1.0,0.0,0.0,0.8031618022762457,1.0,0.0,0.0,1.0,0.0,0.0,1.0,0.0,0.0
3756-VNWDH,1,1.3286586944031769,1.1961052302006432,1.9374083803743385,0.0,1.0,0.0,1.0,1.0,0.0,0.0,1.0,0.0,0.0,1.0,0.0,1.0,0.0,0.0,0.0,1.0,1.0,0.0,0.0,1.0,0.0,0.0,1.0,0.0,0.0,0.0,0.0,1.0,0.0,0.0,1.0,0.0,1.0,0.0,0.0,1.0,0.0,0.0,1.0,0.0,1.0,0.0,6.0,0.0,1.0,0.0,1.4581685940380702,0.0,1.0,0.0,0.0,1.0,0.0,0.0,1.0,0.0
7801-KICAO,0,-0.5851984004382496,0.31202922611226586,-0.4136355023987003,1.0,0.0,1.0,0.0,1.0,0.0,0.0,1.0,0.0,0.0,1.0,0.0,1.0,0.0,1.0,0.0,0.0,1.0,0.0,0.0,1.0,0.0,0.0,1.0,0.0,0.0,1.0,0.0,0.0,1.0,0.0,0.0,1.0,0.0,0.0,0.0,1.0,0.0,0.0,1.0,0.0,1.0,0.0,3.0,1.0,0.0,0.0,0.7068295164322606,1.0,0.0,0.0,1.0,0.0,0.0,1.0,0.0,0.0
7673-LPRNY,0,-0.38159658183809786,0.4582673621268844,-0.19423297600431644,1.0,0.0,1.0,0.0,1.0,0.0,0.0,1.0,0.0,0.0,1.0,1.0,0.0,0.0,0.0,0.0,1.0,1.0,0.0,0.0,0.0,0.0,1.0,1.0,0.0,0.0,0.0,0.0,1.0,0.0,0.0,1.0,0.0,1.0,0.0,0.0,1.0,0.0,0.0,1.0,0.0,1.0,0.0,7.0,0.0,0.0,1.0,0.5090008277032334,0.0,0.0,1.0,0.0,0.0,1.0,0.0,0.0,1.0
8229-TNIQA,0,-1.1552834925186746,-0.6468276429835875,-0.9204716623059358,1.0,0.0,1.0,0.0,1.0,0.0,0.0,1.0,1.0,0.0,0.0,1.0,0.0,0.0,1.0,0.0,0.0,1.0,0.0,0.0,1.0,0.0,0.0,1.0,0.0,0.0,1.0,0.0,0.0,1.0,0.0,0.0,1.0,0.0,0.0,0.0,1.0,0.0,0.0,0.0,1.0,0.0,1.0,2.0,1.0,0.0,0.0,0.796749601519176,1.0,0.0,0.0,1.0,0.0,0.0,1.0,0.0,0.0
6060-QBMGV,0,1.5322605130033284,-1.4926823160681442,-0.37478894609661806,0.0,1.0,0.0,1.0,1.0,0.0,0.0,1.0,1.0,0.0,0.0,0.0,0.0,1.0,0.0,1.0,0.0,0.0,1.0,0.0,0.0,1.0,0.0,0.0,1.0,0.0,0.0,1.0,0.0,0.0,1.0,0.0,0.0,0.0,1.0,1.0,0.0,0.0,1.0,0.0,0.0,1.0,0.0,1.0,0.0,1.0,0.0,-0.24459871080408369,0.0,1.0,0.0,0.0,1.0,0.0,0.0,1.0,0.0
7339-POGZN,0,-1.1552834925186746,-0.467353566965646,-0.9127067629201703,1.0,0.0,1.0,0.0,1.0,0.0,0.0,1.0,0.0,0.0,1.0,1.0,0.0,0.0,1.0,0.0,0.0,1.0,0.0,0.0,1.0,0.0,0.0,1.0,0.0,0.0,1.0,0.0,0.0,1.0,0.0,0.0,1.0,0.0,0.0,1.0,0.0,0.0,0.0,1.0,0.0,1.0,0.0,3.0,1.0,0.0,0.0,0.7900283946153734,1.0,0.0,0.0,1.0,0.0,0.0,1.0,0.0,0.0
2828-SLQPF,0,-0.5444780367182193,-0.6567984249845842,-0.6253613669003388,0.0,1.0,1.0,0.0,1.0,0.0,0.0,1.0,1.0,0.0,0.0,1.0,0.0,0.0,1.0,0.0,0.0,1.0,0.0,0.0,1.0,0.0,0.0,1.0,0.0,0.0,1.0,0.0,0.0,1.0,0.0,0.0,1.0,0.0,0.0,0.0,1.0,1.0,0.0,0.0,0.0,1.0,0.0,2.0,1.0,0.0,0.0,1.1485520530261144,1.0,0.0,0.0,1.0,0.0,0.0,1.0,0.0,0.0
4465-VDKIQ,0,-0.5851984004382496,0.43334040712439253,-0.40796624347216137,1.0,0.0,1.0,0.0,1.0,0.0,0.0,1.0,1.0,0.0,0.0,0.0,1.0,0.0,1.0,0.0,0.0,0.0,0.0,1.0,0.0,0.0,1.0,1.0,0.0,0.0,1.0,0.0,0.0,1.0,0.0,0.0,1.0,0.0,0.0,1.0,0.0,0.0,0.0,1.0,0.0,1.0,0.0,4.0,1.0,0.0,0.0,0.697141761096133,1.0,0.0,0.0,1.0,0.0,0.0,1.0,0.0,0.0
2921-XWDJH,1,0.22920887396235737,0.6211234681431647,0.38111959723299715,1.0,0.0,0.0,1.0,1.0,0.0,0.0,1.0,1.0,0.0,0.0,0.0,1.0,0.0,0.0,0.0,1.0,1.0,0.0,0.0,1.0,0.0,0.0,1.0,0.0,0.0,1.0,0.0,0.0,0.0,0.0,1.0,1.0,0.0,0.0,0.0,1.0,0.0,0.0,1.0,0.0,1.0,0.0,4.0,0.0,0.0,1.0,1.6627610905483,0.0,0.0,1.0,0.0,0.0,1.0,0.0,0.0,1.0
6221-AVQYL,0,-1.2367242199587352,0.28211688010927544,-0.9495459162560461,0.0,1.0,1.0,0.0,1.0,0.0,0.0,1.0,0.0,0.0,1.0,0.0,1.0,0.0,1.0,0.0,0.0,1.0,0.0,0.0,1.0,0.0,0.0,1.0,0.0,0.0,1.0,0.0,0.0,1.0,0.0,0.0,1.0,0.0,0.0,0.0,1.0,0.0,1.0,0.0,0.0,0.0,1.0,3.0,1.0,0.0,0.0,0.7677911541893543,1.0,0.0,0.0,1.0,0.0,0.0,1.0,0.0,0.0
2558-BUOZZ,0,0.5956921474426305,0.9983513871808745,0.993796630017797,0.0,1.0,1.0,0.0,1.0,0.0,0.0,1.0,0.0,0.0,1.0,0.0,1.0,0.0,0.0,0.0,1.0,0.0,0.0,1.0,1.0,0.0,0.0,1.0,0.0,0.0,0.0,0.0,1.0,1.0,0.0,0.0,0.0,1.0,0.0,1.0,0.0,1.0,0.0,0.0,0.0,1.0,0.0,6.0,0.0,1.0,0.0,1.668305741957941,0.0,1.0,0.0,0.0,1.0,0.0,0.0,1.0,0.0
9257-AZMTZ,0,0.7992939660427822,-1.4843733310673135,-0.5314325555804829,1.0,0.0,0.0,1.0,0.0,1.0,0.0,1.0,1.0,0.0,0.0,0.0,0.0,1.0,0.0,1.0,0.0,0.0,1.0,0.0,0.0,1.0,0.0,0.0,1.0,0.0,0.0,1.0,0.0,0.0,1.0,0.0,0.0,0.0,1.0,1.0,0.0,1.0,0.0,0.0,0.0,1.0,0.0,1.0,0.0,1.0,0.0,-0.6648774770708552,0.0,1.0,0.0,0.0,1.0,0.0,0.0,1.0,0.0
0003-MKNFE,0,-0.9516816739185228,-0.1615829189350795,-0.7680634524870338,0.0,1.0,1.0,0.0,1.0,0.0,0.0,1.0,0.0,0.0,1.0,1.0,0.0,0.0,1.0,0.0,0.0,1.0,0.0,0.0,1.0,0.0,0.0,1.0,0.0,0.0,1.0,0.0,0.0,0.0,0.0,1.0,1.0,0.0,0.0,1.0,0.0,0.0,0.0,0.0,1.0,1.0,0.0,4.0,1.0,0.0,0.0,0.8070592021852789,1.0,0.0,0.0,1.0,0.0,0.0,1.0,0.0,0.0
0975-UYDTX,0,-0.2594354906780068,0.8421424691652587,0.012904538860278952,1.0,0.0,0.0,1.0,1.0,0.0,0.0,1.0,0.0,0.0,1.0,1.0,0.0,0.0,0.0,0.0,1.0,0.0,0.0,1.0,0.0,0.0,1.0,0.0,0.0,1.0,0.0,0.0,1.0,0.0,0.0,1.0,0.0,1.0,0.0,0.0,1.0,0.0,1.0,0.0,0.0,1.0,0.0,9.0,0.0,0.0,1.0,-0.049740838566667674,0.0,0.0,1.0,0.0,0.0,1.0,0.0,0.0,1.0
7743-EXURX,0,-0.9924020376385531,-0.45572098796448335,-0.8242486761675583,0.0,1.0,0.0,1.0,0.0,1.0,0.0,1.0,1.0,0.0,0.0,1.0,0.0,0.0,1.0,0.0,0.0,1.0,0.0,0.0,0.0,0.0,1.0,1.0,0.0,0.0,1.0,0.0,0.0,1.0,0.0,0.0,1.0,0.0,0.0,0.0,1.0,0.0,0.0,1.0,0.0,0.0,1.0,3.0,1.0,0.0,0.0,0.8305592339661856,1.0,0.0,0.0,1.0,0.0,0.0,1.0,0.0,0.0
4682-BLBUC,0,0.47353105628253944,0.20567421810163386,0.426694262377859,0.0,1.0,0.0,1.0,1.0,0.0,0.0,1.0,1.0,0.0,0.0,1.0,0.0,0.0,1.0,0.0,0.0,0.0,0.0,1.0,0.0,0.0,1.0,0.0,0.0,1.0,0.0,0.0,1.0,1.0,0.0,0.0,0.0,1.0,0.0,0.0,1.0,0.0,0.0,1.0,0.0,1.0,0.0,6.0,0.0,0.0,1.0,0.9010903439525737,0.0,0.0,1.0,0.0,0.0,1.0,0.0,0.0,1.0
0975-VOOVL,0,-1.1960038562387048,-1.181926277037079,-0.9639065682450613,1.0,0.0,1.0,0.0,1.0,0.0,1.0,0.0,0.0,1.0,0.0,1.0,0.0,0.0,1.0,0.0,0.0,0.0,0.0,1.0,1.0,0.0,0.0,1.0,0.0,0.0,1.0,0.0,0.0,1.0,0.0,0.0,1.0,0.0,0.0,1.0,0.0,0.0,0.0,0.0,1.0,1.0,0.0,2.0,1.0,0.0,0.0,0.8059393481191918,1.0,0.0,0.0,1.0,0.0,0.0,1.0,0.0,0.0
5968-VXZLG,0,-1.2367242199587352,-0.6036209209792681,-0.9685831553751245,0.0,1.0,1.0,0.0,1.0,0.0,0.0,1.0,1.0,0.0,0.0,1.0,0.0,0.0,1.0,0.0,0.0,1.0,0.0,0.0,1.0,0.0,0.0,1.0,0.0,0.0,1.0,0.0,0.0,1.0,0.0,0.0,1.0,0.0,0.0,0.0,1.0,1.0,0.0,0.0,0.0,1.0,0.0,2.0,1.0,0.0,0.0,0.7831844316976686,1.0,0.0,0.0,1.0,0.0,0.0,1.0,0.0,0.0
5569-KGJHX,0,-0.9516816739185228,0.684271754149477,-0.6744214130194931,1.0,0.0,0.0,1.0,0.0,1.0,0.0,1.0,0.0,0.0,1.0,0.0,1.0,0.0,1.0,0.0,0.0,1.0,0.0,0.0,1.0,0.0,0.0,1.0,0.0,0.0,0.0,0.0,1.0,1.0,0.0,0.0,1.0,0.0,0.0,0.0,1.0,1.0,0.0,0.0,0.0,0.0,1.0,4.0,1.0,0.0,0.0,0.7086628139455304,1.0,0.0,0.0,1.0,0.0,0.0,1.0,0.0,0.0
4988-IQIGL,1,-1.2774445836787656,0.35191235411625243,-0.9741200580621334,0.0,1.0,1.0,0.0,1.0,0.0,0.0,1.0,0.0,0.0,1.0,0.0,1.0,0.0,1.0,0.0,0.0,1.0,0.0,0.0,1.0,0.0,0.0,1.0,0.0,0.0,1.0,0.0,0.0,1.0,0.0,0.0,1.0,0.0,0.0,0.0,1.0,0.0,0.0,1.0,0.0,0.0,1.0,3.0,1.0,0.0,0.0,0.7625536720010798,1.0,0.0,0.0,1.0,0.0,0.0,1.0,0.0,0.0
5201-FRKKS,0,-0.30015585439803716,0.3170146171127639,-0.1460553048153626,0.0,1.0,1.0,0.0,1.0,0.0,0.0,1.0,1.0,0.0,0.0,0.0,1.0,0.0,0.0,0.0,1.0,1.0,0.0,0.0,1.0,0.0,0.0,1.0,0.0,0.0,1.0,0.0,0.0,1.0,0.0,0.0,1.0,0.0,0.0,1.0,0.0,1.0,0.0,0.0,0.0,1.0,0.0,3.0,0.0,0.0,1.0,0.48659822114173534,0.0,0.0,1.0,0.0,0.0,1.0,0.0,0.0,1.0
9799-CAYJJ,1,-1.2367242199587352,0.1508349170961516,-0.939508901425014,1.0,0.0,0.0,1.0,1.0,0.0,0.0,1.0,1.0,0.0,0.0,0.0,1.0,0.0,1.0,0.0,0.0,1.0,0.0,0.0,1.0,0.0,0.0,1.0,0.0,0.0,1.0,0.0,0.0,1.0,0.0,0.0,1.0,0.0,0.0,0.0,1.0,0.0,0.0,1.0,0.0,1.0,0.0,2.0,1.0,0.0,0.0,0.7596753473918072,1.0,0.0,0.0,1.0,0.0,0.0,1.0,0.0,0.0
7730-IUTDZ,0,0.43281069256250915,0.3469269631157543,0.403818692312408,0.0,1.0,1.0,0.0,1.0,0.0,0.0,1.0,1.0,0.0,0.0,0.0,1.0,0.0,0.0,0.0,1.0,1.0,0.0,0.0,1.0,0.0,0.0,1.0,0.0,0.0,1.0,0.0,0.0,1.0,0.0,0.0,1.0,0.0,0.0,0.0,1.0,0.0,0.0,1.0,0.0,0.0,1.0,3.0,0.0,0.0,1.0,0.933014593335367,0.0,0.0,1.0,0.0,0.0,1.0,0.0,0.0,1.0
0426-TIRNE,0,-1.2774445836787656,-1.4577845790646555,-0.9981427155368452,1.0,0.0,1.0,0.0,1.0,0.0,0.0,1.0,1.0,0.0,0.0,0.0,0.0,1.0,0.0,1.0,0.0,0.0,1.0,0.0,0.0,1.0,0.0,0.0,1.0,0.0,0.0,1.0,0.0,0.0,1.0,0.0,1.0,0.0,0.0,1.0,0.0,0.0,0.0,0.0,1.0,0.0,1.0,1.0,1.0,0.0,0.0,0.781358916300235,1.0,0.0,0.0,1.0,0.0,0.0,1.0,0.0,0.0
5443-SCMKX,0,1.0436161483629645,0.9817334171792131,1.467764323775059,1.0,0.0,0.0,1.0,1.0,0.0,0.0,1.0,0.0,0.0,1.0,0.0,1.0,0.0,1.0,0.0,0.0,0.0,0.0,1.0,0.0,0.0,1.0,1.0,0.0,0.0,1.0,0.0,0.0,0.0,0.0,1.0,0.0,1.0,0.0,0.0,1.0,0.0,0.0,1.0,0.0,1.0,0.0,6.0,0.0,1.0,0.0,1.406421629329348,0.0,1.0,0.0,0.0,1.0,0.0,0.0,1.0,0.0
8295-KMENE,0,1.0843365120829946,0.3884718881199074,0.9865832149634067,1.0,0.0,0.0,1.0,0.0,1.0,0.0,1.0,0.0,0.0,1.0,1.0,0.0,0.0,0.0,0.0,1.0,1.0,0.0,0.0,0.0,0.0,1.0,0.0,0.0,1.0,0.0,0.0,1.0,1.0,0.0,0.0,0.0,0.0,1.0,0.0,1.0,0.0,0.0,0.0,1.0,1.0,0.0,7.0,0.0,1.0,0.0,0.9098496674876277,0.0,1.0,0.0,0.0,1.0,0.0,0.0,1.0,0.0
6738-ISCBM,0,0.47353105628253944,-0.357674964954682,0.06924417815358838,0.0,1.0,1.0,0.0,1.0,0.0,1.0,0.0,0.0,1.0,0.0,1.0,0.0,0.0,0.0,0.0,1.0,1.0,0.0,0.0,0.0,0.0,1.0,1.0,0.0,0.0,0.0,0.0,1.0,0.0,0.0,1.0,0.0,1.0,0.0,0.0,1.0,0.0,0.0,1.0,0.0,1.0,0.0,5.0,0.0,0.0,1.0,0.14622943360292043,0.0,0.0,1.0,0.0,0.0,1.0,0.0,0.0,1.0
9821-BESNZ,0,1.369379058123207,1.3124310202122718,2.0194471895097412,0.0,1.0,1.0,0.0,1.0,0.0,0.0,1.0,0.0,0.0,1.0,0.0,1.0,0.0,1.0,0.0,0.0,0.0,0.0,1.0,1.0,0.0,0.0,0.0,0.0,1.0,0.0,0.0,1.0,0.0,0.0,1.0,0.0,1.0,0.0,0.0,1.0,0.0,0.0,1.0,0.0,1.0,0.0,7.0,0.0,1.0,0.0,1.4747174476857274,0.0,1.0,0.0,0.0,1.0,0.0,0.0,1.0,0.0
3678-MNGZX,0,1.4508197855632678,-1.4893587220678117,-0.39953956288874537,0.0,1.0,0.0,1.0,0.0,1.0,0.0,1.0,1.0,0.0,0.0,0.0,0.0,1.0,0.0,1.0,0.0,0.0,1.0,0.0,0.0,1.0,0.0,0.0,1.0,0.0,0.0,1.0,0.0,0.0,1.0,0.0,0.0,0.0,1.0,1.0,0.0,1.0,0.0,0.0,0.0,1.0,0.0,1.0,0.0,1.0,0.0,-0.2753888297254147,0.0,1.0,0.0,0.0,1.0,0.0,0.0,1.0,0.0
1335-NTIUC,0,-0.9516816739185228,-1.3231790220511994,-0.9234276183221078,0.0,1.0,1.0,0.0,1.0,0.0,1.0,0.0,0.0,1.0,0.0,1.0,0.0,0.0,1.0,0.0,0.0,1.0,0.0,0.0,1.0,0.0,0.0,1.0,0.0,0.0,1.0,0.0,0.0,1.0,0.0,0.0,1.0,0.0,0.0,0.0,1.0,0.0,0.0,1.0,0.0,1.0,0.0,1.0,1.0,0.0,0.0,0.9703114430268688,1.0,0.0,0.0,1.0,0.0,0.0,1.0,0.0,0.0
2916-BQZLN,0,-0.5444780367182193,0.6643301901474837,-0.2785439005849855,0.0,1.0,1.0,0.0,1.0,0.0,0.0,1.0,0.0,0.0,1.0,0.0,1.0,0.0,0.0,0.0,1.0,1.0,0.0,0.0,0.0,0.0,1.0,1.0,0.0,0.0,1.0,0.0,0.0,1.0,0.0,0.0,1.0,0.0,0.0,0.0,1.0,0.0,0.0,1.0,0.0,1.0,0.0,5.0,1.0,0.0,0.0,0.5115796814576358,1.0,0.0,0.0,1.0,0.0,0.0,1.0,0.0,0.0
4558-CGYCZ,0,-1.1552834925186746,-1.4960059100684764,-0.9728185550400874,0.0,1.0,1.0,0.0,1.0,0.0,0.0,1.0,1.0,0.0,0.0,0.0,0.0,1.0,0.0,1.0,0.0,0.0,1.0,0.0,0.0,1.0,0.0,0.0,1.0,0.0,0.0,1.0,0.0,0.0,1.0,0.0,1.0,0.0,0.0,1.0,0.0,0.0,0.0,0.0,1.0,1.0,0.0,1.0,1.0,0.0,0.0,0.8420604651064573,1.0,0.0,0.0,1.0,0.0,0.0,1.0,0.0,0.0
2368-GAKKQ,0,1.5322605130033284,1.624848856243503,2.49533404874019,1.0,0.0,1.0,0.0,1.0,0.0,0.0,1.0,0.0,0.0,1.0,0.0,1.0,0.0,0.0,0.0,1.0,0.0,0.0,1.0,0.0,0.0,1.0,0.0,0.0,1.0,0.0,0.0,1.0,0.0,0.0,1.0,0.0,0.0,1.0,0.0,1.0,1.0,0.0,0.0,0.0,1.0,0.0,9.0,0.0,1.0,0.0,1.6285311979026176,0.0,1.0,0.0,0.0,1.0,0.0,0.0,1.0,0.0
8710-YGLWG,0,-1.2774445836787656,-0.6601220189849164,-0.9875542163744377,0.0,1.0,1.0,0.0,1.0,0.0,0.0,1.0,1.0,0.0,0.0,1.0,0.0,0.0,1.0,0.0,0.0,1.0,0.0,0.0,1.0,0.0,0.0,1.0,0.0,0.0,1.0,0.0,0.0,1.0,0.0,0.0,1.0,0.0,0.0,0.0,1.0,0.0,0.0,0.0,1.0,1.0,0.0,2.0,1.0,0.0,0.0,0.7730701033860068,1.0,0.0,0.0,1.0,0.0,0.0,1.0,0.0,0.0
3199-XGZCY,0,-0.9924020376385531,0.3485887601159204,-0.7529307224340932,1.0,0.0,1.0,0.0,1.0,0.0,0.0,1.0,0.0,0.0,1.0,0.0,1.0,0.0,1.0,0.0,0.0,1.0,0.0,0.0,1.0,0.0,0.0,1.0,0.0,0.0,1.0,0.0,0.0,1.0,0.0,0.0,1.0,0.0,0.0,0.0,1.0,0.0,0.0,1.0,0.0,1.0,0.0,3.0,1.0,0.0,0.0,0.7586952604669291,1.0,0.0,0.0,1.0,0.0,0.0,1.0,0.0,0.0
3785-KTYSH,0,0.8400143297628127,-1.3348116010523623,-0.44308476569414595,0.0,1.0,1.0,0.0,1.0,0.0,0.0,1.0,0.0,0.0,1.0,0.0,0.0,1.0,0.0,1.0,0.0,0.0,1.0,0.0,0.0,1.0,0.0,0.0,1.0,0.0,0.0,1.0,0.0,0.0,1.0,0.0,0.0,0.0,1.0,1.0,0.0,0.0,0.0,0.0,1.0,1.0,0.0,2.0,0.0,1.0,0.0,-0.5274728656346325,0.0,1.0,0.0,0.0,1.0,0.0,0.0,1.0,0.0
6814-ZPWFQ,1,0.758573602322752,-1.3215172250510334,-0.4511584963054816,0.0,1.0,1.0,0.0,1.0,0.0,0.0,1.0,0.0,0.0,1.0,0.0,0.0,1.0,0.0,1.0,0.0,0.0,1.0,0.0,0.0,1.0,0.0,0.0,1.0,0.0,0.0,1.0,0.0,0.0,1.0,0.0,0.0,1.0,0.0,1.0,0.0,1.0,0.0,0.0,0.0,1.0,0.0,2.0,0.0,1.0,0.0,-0.5947458426236222,0.0,1.0,0.0,0.0,1.0,0.0,0.0,1.0,0.0
4063-EIKNQ,0,-0.8702409464784621,-1.4561227820644893,-0.889412064762874,0.0,1.0,0.0,1.0,0.0,1.0,0.0,1.0,1.0,0.0,0.0,0.0,0.0,1.0,0.0,1.0,0.0,0.0,1.0,0.0,0.0,1.0,0.0,0.0,1.0,0.0,0.0,1.0,0.0,0.0,1.0,0.0,1.0,0.0,0.0,1.0,0.0,1.0,0.0,0.0,0.0,1.0,0.0,1.0,1.0,0.0,0.0,1.0220296670272644,1.0,0.0,0.0,1.0,0.0,0.0,1.0,0.0,0.0
6993-YCOBK,0,1.125056875803025,1.5234792392333694,1.8986721209385315,0.0,1.0,0.0,1.0,0.0,1.0,0.0,1.0,0.0,0.0,1.0,0.0,1.0,0.0,0.0,0.0,1.0,1.0,0.0,0.0,0.0,0.0,1.0,0.0,0.0,1.0,0.0,0.0,1.0,0.0,0.0,1.0,0.0,0.0,1.0,0.0,1.0,0.0,0.0,1.0,0.0,1.0,0.0,8.0,0.0,1.0,0.0,1.687623232010673,0.0,1.0,0.0,0.0,1.0,0.0,0.0,1.0,0.0
5206-HPJKM,0,-0.62591876415828,-0.3078210549496983,-0.5952282630339876,0.0,1.0,1.0,0.0,1.0,0.0,0.0,1.0,1.0,0.0,0.0,1.0,0.0,0.0,0.0,0.0,1.0,0.0,0.0,1.0,1.0,0.0,0.0,1.0,0.0,0.0,1.0,0.0,0.0,1.0,0.0,0.0,1.0,0.0,0.0,0.0,1.0,0.0,1.0,0.0,0.0,1.0,0.0,4.0,1.0,0.0,0.0,0.9509672774140839,1.0,0.0,0.0,1.0,0.0,0.0,1.0,0.0,0.0
7587-RZNME,0,-1.1960038562387048,-0.7132995229902325,-0.9528107034977884,0.0,1.0,1.0,0.0,1.0,0.0,0.0,1.0,1.0,0.0,0.0,1.0,0.0,0.0,1.0,0.0,0.0,1.0,0.0,0.0,1.0,0.0,0.0,1.0,0.0,0.0,1.0,0.0,0.0,1.0,0.0,0.0,1.0,0.0,0.0,0.0,1.0,0.0,0.0,1.0,0.0,0.0,1.0,2.0,1.0,0.0,0.0,0.7966618991466039,1.0,0.0,0.0,1.0,0.0,0.0,1.0,0.0,0.0
0748-RDGGM,0,1.5322605130033284,1.4869197052297147,2.3168296003606046,0.0,1.0,0.0,1.0,1.0,0.0,0.0,1.0,1.0,0.0,0.0,0.0,1.0,0.0,0.0,0.0,1.0,0.0,0.0,1.0,0.0,0.0,1.0,0.0,0.0,1.0,0.0,0.0,1.0,0.0,0.0,1.0,0.0,1.0,0.0,0.0,1.0,1.0,0.0,0.0,0.0,0.0,1.0,8.0,0.0,1.0,0.0,1.512033744065799,0.0,1.0,0.0,0.0,1.0,0.0,0.0,1.0,0.0
8393-JMVMB,0,-1.2774445836787656,-1.505976692069473,-0.9987824373612407,0.0,1.0,1.0,0.0,1.0,0.0,0.0,1.0,1.0,0.0,0.0,0.0,0.0,1.0,0.0,1.0,0.0,0.0,1.0,0.0,0.0,1.0,0.0,0.0,1.0,0.0,0.0,1.0,0.0,0.0,1.0,0.0,1.0,0.0,0.0,1.0,0.0,0.0,0.0,0.0,1.0,1.0,0.0,1.0,1.0,0.0,0.0,0.7818596987471365,1.0,0.0,0.0,1.0,0.0,0.0,1.0,0.0,0.0
5019-GQVCR,1,0.43281069256250915,0.6676537841478158,0.6010294892122463,0.0,1.0,1.0,0.0,1.0,0.0,0.0,1.0,0.0,0.0,1.0,0.0,1.0,0.0,1.0,0.0,0.0,1.0,0.0,0.0,1.0,0.0,0.0,1.0,0.0,0.0,0.0,0.0,1.0,1.0,0.0,0.0,1.0,0.0,0.0,0.0,1.0,0.0,0.0,1.0,0.0,1.0,0.0,4.0,0.0,0.0,1.0,1.3886659907909784,0.0,0.0,1.0,0.0,0.0,1.0,0.0,0.0,1.0
6036-TTFYU,0,-0.6666391278783103,-1.5009913010689746,-0.8686321351566494,1.0,0.0,0.0,1.0,1.0,0.0,0.0,1.0,1.0,0.0,0.0,0.0,0.0,1.0,0.0,1.0,0.0,0.0,1.0,0.0,0.0,1.0,0.0,0.0,1.0,0.0,0.0,1.0,0.0,0.0,1.0,0.0,1.0,0.0,0.0,1.0,0.0,0.0,0.0,0.0,1.0,1.0,0.0,1.0,1.0,0.0,0.0,1.303002027380564,1.0,0.0,0.0,1.0,0.0,0.0,1.0,0.0,0.0
2550-AEVRU,0,1.002895784642934,-0.37595473195650925,0.339581797393803,1.0,0.0,0.0,1.0,0.0,1.0,0.0,1.0,1.0,0.0,0.0,1.0,0.0,0.0,0.0,0.0,1.0,0.0,0.0,1.0,1.0,0.0,0.0,1.0,0.0,0.0,1.0,0.0,0.0,1.0,0.0,0.0,0.0,1.0,0.0,1.0,0.0,0.0,0.0,1.0,0.0,1.0,0.0,4.0,0.0,1.0,0.0,0.3386012810041933,0.0,1.0,0.0,0.0,1.0,0.0,0.0,1.0,0.0
0969-RGKCU,0,0.18848851024232702,-1.4943441130683104,-0.7086575603112772,0.0,1.0,0.0,1.0,0.0,1.0,0.0,1.0,1.0,0.0,0.0,0.0,0.0,1.0,0.0,1.0,0.0,0.0,1.0,0.0,0.0,1.0,0.0,0.0,1.0,0.0,0.0,1.0,0.0,0.0,1.0,0.0,0.0,1.0,0.0,1.0,0.0,0.0,1.0,0.0,0.0,1.0,0.0,1.0,0.0,0.0,1.0,-3.7596857198362055,0.0,0.0,1.0,0.0,0.0,1.0,0.0,0.0,1.0
0378-CJKPV,0,1.6137012404433893,1.5733331492383529,2.507113754058368,1.0,0.0,0.0,1.0,1.0,0.0,0.0,1.0,0.0,0.0,1.0,0.0,1.0,0.0,0.0,0.0,1.0,0.0,0.0,1.0,0.0,0.0,1.0,0.0,0.0,1.0,0.0,0.0,1.0,0.0,0.0,1.0,0.0,0.0,1.0,1.0,0.0,0.0,1.0,0.0,0.0,1.0,0.0,9.0,0.0,1.0,0.0,1.553641833583458,0.0,1.0,0.0,0.0,1.0,0.0,0.0,1.0,0.0
4706-AXVKM,1,-0.8702409464784621,0.6659919871476498,-0.6072726808312261,1.0,0.0,1.0,0.0,1.0,0.0,0.0,1.0,0.0,0.0,1.0,0.0,1.0,0.0,1.0,0.0,0.0,1.0,0.0,0.0,1.0,0.0,0.0,1.0,0.0,0.0,1.0,0.0,0.0,0.0,0.0,1.0,1.0,0.0,0.0,0.0,1.0,0.0,1.0,0.0,0.0,0.0,1.0,4.0,1.0,0.0,0.0,0.6978213140724191,1.0,0.0,0.0,1.0,0.0,0.0,1.0,0.0,0.0
5889-JTMUL,1,0.7178532386027215,1.0066603721817051,1.149469627078441,1.0,0.0,0.0,1.0,1.0,0.0,0.0,1.0,0.0,0.0,1.0,0.0,1.0,0.0,1.0,0.0,0.0,0.0,0.0,1.0,0.0,0.0,1.0,1.0,0.0,0.0,0.0,0.0,1.0,1.0,0.0,0.0,1.0,0.0,0.0,0.0,1.0,0.0,0.0,1.0,0.0,0.0,1.0,6.0,0.0,1.0,0.0,1.6012599306730817,0.0,1.0,0.0,0.0,1.0,0.0,0.0,1.0,0.0
9026-RNUJS,1,-1.1145631287986442,-0.47898614596680894,-0.9026918074623933,0.0,1.0,1.0,0.0,1.0,0.0,0.0,1.0,1.0,0.0,0.0,1.0,0.0,0.0,1.0,0.0,0.0,1.0,0.0,0.0,0.0,0.0,1.0,1.0,0.0,0.0,1.0,0.0,0.0,1.0,0.0,0.0,1.0,0.0,0.0,1.0,0.0,0.0,0.0,1.0,0.0,0.0,1.0,3.0,1.0,0.0,0.0,0.8099063966303811,1.0,0.0,0.0,1.0,0.0,0.0,1.0,0.0,0.0
3746-EUBYR,0,-1.2774445836787656,0.32698539911376057,-0.9744509486609586,0.0,1.0,0.0,1.0,1.0,0.0,0.0,1.0,0.0,0.0,1.0,0.0,1.0,0.0,1.0,0.0,0.0,1.0,0.0,0.0,1.0,0.0,0.0,1.0,0.0,0.0,1.0,0.0,0.0,1.0,0.0,0.0,1.0,0.0,0.0,0.0,1.0,1.0,0.0,0.0,0.0,0.0,1.0,3.0,1.0,0.0,0.0,0.7628126974046494,1.0,0.0,0.0,1.0,0.0,0.0,1.0,0.0,0.0
2332-EFBJY,0,-0.6666391278783103,-1.4976677070686424,-0.8563009455070957,0.0,1.0,1.0,0.0,1.0,0.0,0.0,1.0,1.0,0.0,0.0,0.0,0.0,1.0,0.0,1.0,0.0,0.0,1.0,0.0,0.0,1.0,0.0,0.0,1.0,0.0,0.0,1.0,0.0,0.0,1.0,0.0,1.0,0.0,0.0,0.0,1.0,0.0,0.0,0.0,1.0,0.0,1.0,1.0,1.0,0.0,0.0,1.2845044788061206,1.0,0.0,0.0,1.0,0.0,0.0,1.0,0.0,0.0
2880-FPNAE,1,-1.2367242199587352,0.31369102311243185,-0.9455531696968884,0.0,1.0,0.0,1.0,1.0,0.0,0.0,1.0,1.0,0.0,0.0,0.0,1.0,0.0,1.0,0.0,0.0,1.0,0.0,0.0,0.0,0.0,1.0,1.0,0.0,0.0,1.0,0.0,0.0,1.0,0.0,0.0,1.0,0.0,0.0,0.0,1.0,0.0,0.0,1.0,0.0,1.0,0.0,3.0,1.0,0.0,0.0,0.7645626684083522,1.0,0.0,0.0,1.0,0.0,0.0,1.0,0.0,0.0
1703-MGIAB,0,-0.62591876415828,0.14086413509515497,-0.5185278222262989,1.0,0.0,1.0,0.0,1.0,0.0,0.0,1.0,0.0,0.0,1.0,1.0,0.0,0.0,1.0,0.0,0.0,1.0,0.0,0.0,0.0,0.0,1.0,0.0,0.0,1.0,0.0,0.0,1.0,1.0,0.0,0.0,1.0,0.0,0.0,0.0,1.0,0.0,0.0,0.0,1.0,1.0,0.0,6.0,1.0,0.0,0.0,0.8284267095325097,1.0,0.0,0.0,1.0,0.0,0.0,1.0,0.0,0.0
4311-QTTAI,0,-0.6666391278783103,-1.5093002860698053,-0.8769705782470453,1.0,0.0,1.0,0.0,1.0,0.0,0.0,1.0,1.0,0.0,0.0,0.0,0.0,1.0,0.0,1.0,0.0,0.0,1.0,0.0,0.0,1.0,0.0,0.0,1.0,0.0,0.0,1.0,0.0,0.0,1.0,0.0,0.0,1.0,0.0,1.0,0.0,0.0,1.0,0.0,0.0,1.0,0.0,1.0,1.0,0.0,0.0,1.3155102087063952,1.0,0.0,0.0,1.0,0.0,0.0,1.0,0.0,0.0
9474-PHLYD,0,-0.7073594915983407,-0.17653909193657447,-0.6135375428356504,1.0,0.0,1.0,0.0,1.0,0.0,0.0,1.0,1.0,0.0,0.0,1.0,0.0,0.0,1.0,0.0,0.0,1.0,0.0,0.0,0.0,0.0,1.0,1.0,0.0,0.0,1.0,0.0,0.0,0.0,0.0,1.0,1.0,0.0,0.0,0.0,1.0,0.0,0.0,1.0,0.0,0.0,1.0,4.0,1.0,0.0,0.0,0.8673631302370859,1.0,0.0,0.0,1.0,0.0,0.0,1.0,0.0,0.0
4318-RAJVY,0,-0.9109613101984924,-1.4943441130683104,-0.9198981186013053,1.0,0.0,1.0,0.0,1.0,0.0,0.0,1.0,1.0,0.0,0.0,0.0,0.0,1.0,0.0,1.0,0.0,0.0,1.0,0.0,0.0,1.0,0.0,0.0,1.0,0.0,0.0,1.0,0.0,0.0,1.0,0.0,0.0,1.0,0.0,0.0,1.0,0.0,0.0,0.0,1.0,1.0,0.0,1.0,1.0,0.0,0.0,1.009810305116982,1.0,0.0,0.0,1.0,0.0,0.0,1.0,0.0,0.0
2165-VOEGB,0,0.5549717837226001,1.3440051632154282,1.1204174325015859,1.0,0.0,1.0,0.0,0.0,1.0,0.0,1.0,1.0,0.0,0.0,0.0,1.0,0.0,0.0,0.0,1.0,0.0,0.0,1.0,1.0,0.0,0.0,0.0,0.0,1.0,0.0,0.0,1.0,0.0,0.0,1.0,0.0,1.0,0.0,0.0,1.0,1.0,0.0,0.0,0.0,0.0,1.0,7.0,0.0,1.0,0.0,2.01887278842562,0.0,1.0,0.0,0.0,1.0,0.0,0.0,1.0,0.0
3612-YUNGG,0,1.2879383306831464,1.476948923228718,1.966747346803509,0.0,1.0,0.0,1.0,0.0,1.0,0.0,1.0,0.0,0.0,1.0,0.0,1.0,0.0,1.0,0.0,0.0,0.0,0.0,1.0,0.0,0.0,1.0,0.0,0.0,1.0,0.0,0.0,1.0,0.0,0.0,1.0,0.0,0.0,1.0,0.0,1.0,0.0,1.0,0.0,0.0,1.0,0.0,8.0,0.0,1.0,0.0,1.5270508687790274,0.0,1.0,0.0,0.0,1.0,0.0,0.0,1.0,0.0
2254-DLXRI,0,-1.2774445836787656,0.47820892612887816,-0.9724435456947522,1.0,0.0,1.0,0.0,1.0,0.0,0.0,1.0,0.0,0.0,1.0,0.0,1.0,0.0,1.0,0.0,0.0,0.0,0.0,1.0,1.0,0.0,0.0,1.0,0.0,0.0,1.0,0.0,0.0,1.0,0.0,0.0,1.0,0.0,0.0,0.0,1.0,0.0,0.0,0.0,1.0,1.0,0.0,4.0,1.0,0.0,0.0,0.7612412766229937,1.0,0.0,0.0,1.0,0.0,0.0,1.0,0.0,0.0
5062-CJJKH,0,-0.30015585439803716,-0.3693075439558449,-0.4093559839872273,0.0,1.0,0.0,1.0,0.0,1.0,0.0,1.0,1.0,0.0,0.0,1.0,0.0,0.0,1.0,0.0,0.0,0.0,0.0,1.0,0.0,0.0,1.0,1.0,0.0,0.0,1.0,0.0,0.0,1.0,0.0,0.0,0.0,1.0,0.0,1.0,0.0,0.0,0.0,0.0,1.0,1.0,0.0,4.0,0.0,0.0,1.0,1.3638114265943306,0.0,0.0,1.0,0.0,0.0,1.0,0.0,0.0,1.0
9028-LIHRP,0,1.5729808767233588,1.1778254631988159,2.173156902350689,0.0,1.0,0.0,1.0,0.0,1.0,0.0,1.0,1.0,0.0,0.0,0.0,1.0,0.0,0.0,0.0,1.0,0.0,0.0,1.0,0.0,0.0,1.0,0.0,0.0,1.0,0.0,0.0,1.0,1.0,0.0,0.0,0.0,0.0,1.0,1.0,0.0,0.0,1.0,0.0,0.0,1.0,0.0,7.0,0.0,1.0,0.0,1.3815532880968924,0.0,1.0,0.0,0.0,1.0,0.0,0.0,1.0,0.0
2219-MVUSO,0,-0.9924020376385531,-0.6518130339840859,-0.813946948857466,0.0,1.0,1.0,0.0,1.0,0.0,0.0,1.0,1.0,0.0,0.0,1.0,0.0,0.0,1.0,0.0,0.0,1.0,0.0,0.0,1.0,0.0,0.0,1.0,0.0,0.0,1.0,0.0,0.0,1.0,0.0,0.0,1.0,0.0,0.0,0.0,1.0,0.0,0.0,0.0,1.0,0.0,1.0,2.0,1.0,0.0,0.0,0.8201786352578178,1.0,0.0,0.0,1.0,0.0,0.0,1.0,0.0,0.0
1053-MXTTK,0,1.6137012404433893,1.4586691562268908,2.401405237420334,1.0,0.0,0.0,1.0,0.0,1.0,0.0,1.0,1.0,0.0,0.0,0.0,1.0,0.0,0.0,0.0,1.0,0.0,0.0,1.0,0.0,0.0,1.0,0.0,0.0,1.0,0.0,0.0,1.0,0.0,0.0,1.0,0.0,0.0,1.0,0.0,1.0,1.0,0.0,0.0,0.0,1.0,0.0,8.0,0.0,1.0,0.0,1.4881349640411201,0.0,1.0,0.0,0.0,1.0,0.0,0.0,1.0,0.0
1530-ZTDOZ,0,0.6771328748826912,-0.801374763999037,-0.09377459020097595,1.0,0.0,0.0,1.0,1.0,0.0,1.0,0.0,0.0,1.0,0.0,1.0,0.0,0.0,0.0,0.0,1.0,1.0,0.0,0.0,1.0,0.0,0.0,1.0,0.0,0.0,0.0,0.0,1.0,1.0,0.0,0.0,1.0,0.0,0.0,1.0,0.0,1.0,0.0,0.0,0.0,1.0,0.0,3.0,0.0,1.0,0.0,-0.1384877232806364,0.0,1.0,0.0,0.0,1.0,0.0,0.0,1.0,0.0
1301-LOPVR,0,-0.13727439951791576,-0.31280644595019663,-0.28516171256149014,0.0,1.0,0.0,1.0,0.0,1.0,1.0,0.0,0.0,1.0,0.0,1.0,0.0,0.0,0.0,0.0,1.0,0.0,0.0,1.0,0.0,0.0,1.0,0.0,0.0,1.0,1.0,0.0,0.0,0.0,0.0,1.0,0.0,1.0,0.0,0.0,1.0,0.0,1.0,0.0,0.0,1.0,0.0,6.0,0.0,0.0,1.0,2.077311673283069,0.0,0.0,1.0,0.0,0.0,1.0,0.0,0.0,1.0
0853-TWRVK,0,1.6137012404433893,1.3572995392167568,2.337499233100554,0.0,1.0,0.0,1.0,1.0,0.0,0.0,1.0,0.0,0.0,1.0,0.0,1.0,0.0,0.0,0.0,1.0,0.0,0.0,1.0,0.0,0.0,1.0,0.0,0.0,1.0,1.0,0.0,0.0,0.0,0.0,1.0,0.0,0.0,1.0,1.0,0.0,1.0,0.0,0.0,0.0,1.0,0.0,8.0,0.0,1.0,0.0,1.4485328352714721,0.0,1.0,0.0,0.0,1.0,0.0,0.0,1.0,0.0
8914-RBTSB,0,-0.055833672077855064,0.9651154471775519,0.3248020173129426,0.0,1.0,0.0,1.0,1.0,0.0,0.0,1.0,0.0,0.0,1.0,0.0,1.0,0.0,1.0,0.0,0.0,0.0,0.0,1.0,0.0,0.0,1.0,1.0,0.0,0.0,0.0,0.0,1.0,1.0,0.0,0.0,1.0,0.0,0.0,1.0,0.0,0.0,0.0,1.0,0.0,0.0,1.0,6.0,0.0,0.0,1.0,-5.817314269783926,0.0,0.0,1.0,0.0,0.0,1.0,0.0,0.0,1.0
6212-ATMLK,0,0.7178532386027215,1.0282637331838649,1.079342879500747,1.0,0.0,1.0,0.0,1.0,0.0,0.0,1.0,0.0,0.0,1.0,0.0,1.0,0.0,1.0,0.0,0.0,1.0,0.0,0.0,1.0,0.0,0.0,1.0,0.0,0.0,0.0,0.0,1.0,0.0,0.0,1.0,1.0,0.0,0.0,0.0,1.0,0.0,0.0,1.0,0.0,1.0,0.0,5.0,0.0,1.0,0.0,1.5035703977621575,0.0,1.0,0.0,0.0,1.0,0.0,0.0,1.0,0.0
8200-LGKSR,0,1.5729808767233588,0.612814483142334,1.6953949963935642,0.0,1.0,0.0,1.0,1.0,0.0,0.0,1.0,0.0,0.0,1.0,1.0,0.0,0.0,0.0,0.0,1.0,1.0,0.0,0.0,0.0,0.0,1.0,0.0,0.0,1.0,0.0,0.0,1.0,0.0,0.0,1.0,0.0,0.0,1.0,1.0,0.0,0.0,0.0,1.0,0.0,1.0,0.0,8.0,0.0,1.0,0.0,1.0778230183733724,0.0,1.0,0.0,0.0,1.0,0.0,0.0,1.0,0.0
1568-BEKZM,1,1.5322605130033284,0.8404806721650927,1.7868531579088578,0.0,1.0,0.0,1.0,1.0,0.0,0.0,1.0,0.0,0.0,1.0,1.0,0.0,0.0,0.0,0.0,1.0,0.0,0.0,1.0,0.0,0.0,1.0,0.0,0.0,1.0,0.0,0.0,1.0,0.0,0.0,1.0,0.0,0.0,1.0,1.0,0.0,0.0,1.0,0.0,0.0,1.0,0.0,9.0,0.0,1.0,0.0,1.1661549343241324,0.0,1.0,0.0,0.0,1.0,0.0,0.0,1.0,0.0
0670-ANMUU,0,1.5729808767233588,1.0930738161903437,1.9432320549136628,0.0,1.0,1.0,0.0,1.0,0.0,0.0,1.0,0.0,0.0,1.0,0.0,1.0,0.0,0.0,0.0,1.0,1.0,0.0,0.0,1.0,0.0,0.0,0.0,0.0,1.0,1.0,0.0,0.0,0.0,0.0,1.0,0.0,1.0,0.0,1.0,0.0,0.0,1.0,0.0,0.0,1.0,0.0,6.0,0.0,1.0,0.0,1.2353818686985985,0.0,1.0,0.0,0.0,1.0,0.0,0.0,1.0,0.0
6897-RWMUB,0,1.1657772395230555,0.10928999209199854,0.82720424319592,0.0,1.0,0.0,1.0,0.0,1.0,0.0,1.0,1.0,0.0,0.0,1.0,0.0,0.0,0.0,0.0,1.0,0.0,0.0,1.0,0.0,0.0,1.0,0.0,0.0,1.0,1.0,0.0,0.0,1.0,0.0,0.0,0.0,0.0,1.0,0.0,1.0,1.0,0.0,0.0,0.0,1.0,0.0,6.0,0.0,1.0,0.0,0.7095731629949706,0.0,1.0,0.0,0.0,1.0,0.0,0.0,1.0,0.0
0963-ZBDRN,0,-0.015113308357824713,1.044881703185526,0.3971126428428834,0.0,1.0,1.0,0.0,1.0,0.0,0.0,1.0,1.0,0.0,0.0,0.0,1.0,0.0,1.0,0.0,0.0,1.0,0.0,0.0,1.0,0.0,0.0,0.0,0.0,1.0,0.0,0.0,1.0,0.0,0.0,1.0,1.0,0.0,0.0,0.0,1.0,0.0,0.0,1.0,0.0,0.0,1.0,5.0,0.0,0.0,1.0,-26.275692485112543,0.0,0.0,1.0,0.0,0.0,1.0,0.0,0.0,1.0
7594-RQHXR,0,-1.2774445836787656,0.4931650991303729,-0.9722450113354572,1.0,0.0,1.0,0.0,0.0,1.0,0.0,1.0,1.0,0.0,0.0,0.0,1.0,0.0,1.0,0.0,0.0,1.0,0.0,0.0,1.0,0.0,0.0,1.0,0.0,0.0,1.0,0.0,0.0,0.0,0.0,1.0,1.0,0.0,0.0,0.0,1.0,0.0,0.0,1.0,0.0,0.0,1.0,3.0,1.0,0.0,0.0,0.761085861380852,1.0,0.0,0.0,1.0,0.0,0.0,1.0,0.0,0.0
6999-CHVCF,0,1.4508197855632678,1.2409737492051283,2.1468400700574555,0.0,1.0,1.0,0.0,1.0,0.0,0.0,1.0,0.0,0.0,1.0,0.0,1.0,0.0,0.0,0.0,1.0,0.0,0.0,1.0,0.0,0.0,1.0,1.0,0.0,0.0,1.0,0.0,0.0,0.0,0.0,1.0,0.0,0.0,1.0,0.0,1.0,1.0,0.0,0.0,0.0,1.0,0.0,7.0,0.0,1.0,0.0,1.4797427574534794,0.0,1.0,0.0,0.0,1.0,0.0,0.0,1.0,0.0
6134-KWTBV,0,1.2064976032430856,-1.3746947290563494,-0.37661987407678427,0.0,1.0,1.0,0.0,1.0,0.0,0.0,1.0,0.0,0.0,1.0,0.0,0.0,1.0,0.0,1.0,0.0,0.0,1.0,0.0,0.0,1.0,0.0,0.0,1.0,0.0,0.0,1.0,0.0,0.0,1.0,0.0,0.0,0.0,1.0,1.0,0.0,1.0,0.0,0.0,0.0,1.0,0.0,2.0,0.0,1.0,0.0,-0.31215965374852284,0.0,1.0,0.0,0.0,1.0,0.0,0.0,1.0,0.0
1077-HUUJM,0,-1.0331224013585834,0.2089978121019659,-0.7988362781777804,1.0,0.0,1.0,0.0,0.0,1.0,0.0,1.0,1.0,0.0,0.0,0.0,1.0,0.0,1.0,0.0,0.0,1.0,0.0,0.0,1.0,0.0,0.0,1.0,0.0,0.0,1.0,0.0,0.0,1.0,0.0,0.0,1.0,0.0,0.0,0.0,1.0,0.0,0.0,1.0,0.0,1.0,0.0,2.0,1.0,0.0,0.0,0.7732252026742324,1.0,0.0,0.0,1.0,0.0,0.0,1.0,0.0,0.0
6331-EWIEB,0,-0.5037576729981889,0.6809481601491449,-0.242123875340955,0.0,1.0,1.0,0.0,1.0,0.0,0.0,1.0,0.0,0.0,1.0,0.0,1.0,0.0,1.0,0.0,0.0,1.0,0.0,0.0,1.0,0.0,0.0,1.0,0.0,0.0,0.0,0.0,1.0,1.0,0.0,0.0,1.0,0.0,0.0,0.0,1.0,0.0,0.0,1.0,0.0,0.0,1.0,4.0,1.0,0.0,0.0,0.48063560779118,1.0,0.0,0.0,1.0,0.0,0.0,1.0,0.0,0.0
0895-LNKRC,0,-1.0738427650786138,-1.505976692069473,-0.9572887562685566,0.0,1.0,0.0,1.0,0.0,1.0,0.0,1.0,1.0,0.0,0.0,0.0,0.0,1.0,0.0,1.0,0.0,0.0,1.0,0.0,0.0,1.0,0.0,0.0,1.0,0.0,0.0,1.0,0.0,0.0,1.0,0.0,0.0,1.0,0.0,1.0,0.0,0.0,0.0,0.0,1.0,1.0,0.0,1.0,1.0,0.0,0.0,0.891460824060658,1.0,0.0,0.0,1.0,0.0,0.0,1.0,0.0,0.0
2045-BMBTJ,1,0.025607055362205634,-0.17653909193657447,-0.1758795774561435,1.0,0.0,1.0,0.0,1.0,0.0,1.0,0.0,0.0,1.0,0.0,1.0,0.0,0.0,0.0,0.0,1.0,0.0,0.0,1.0,0.0,0.0,1.0,1.0,0.0,0.0,0.0,0.0,1.0,0.0,0.0,1.0,1.0,0.0,0.0,0.0,1.0,1.0,0.0,0.0,0.0,1.0,0.0,6.0,0.0,0.0,1.0,-6.86840306190498,0.0,0.0,1.0,0.0,0.0,1.0,0.0,0.0,1.0
8417-GSODA,0,-0.1779947632379461,0.9119379431722362,0.125672054939918,0.0,1.0,0.0,1.0,0.0,1.0,0.0,1.0,0.0,0.0,1.0,0.0,1.0,0.0,1.0,0.0,0.0,1.0,0.0,0.0,1.0,0.0,0.0,1.0,0.0,0.0,0.0,0.0,1.0,0.0,0.0,1.0,0.0,1.0,0.0,1.0,0.0,1.0,0.0,0.0,0.0,1.0,0.0,5.0,0.0,0.0,1.0,-0.7060435523707947,0.0,0.0,1.0,0.0,0.0,1.0,0.0,0.0,1.0
5171-EPLKN,0,-0.21871512695797646,-1.4926823160681442,-0.8000054249602963,0.0,1.0,1.0,0.0,1.0,0.0,0.0,1.0,1.0,0.0,0.0,0.0,0.0,1.0,0.0,1.0,0.0,0.0,1.0,0.0,0.0,1.0,0.0,0.0,1.0,0.0,0.0,1.0,0.0,0.0,1.0,0.0,0.0,0.0,1.0,1.0,0.0,0.0,1.0,0.0,0.0,1.0,0.0,1.0,0.0,0.0,1.0,3.657750774202316,0.0,0.0,1.0,0.0,0.0,1.0,0.0,0.0,1.0
4452-QIIEB,0,-1.0331224013585834,-0.6933579589882389,-0.8845369432735155,0.0,1.0,1.0,0.0,1.0,0.0,0.0,1.0,1.0,0.0,0.0,1.0,0.0,0.0,1.0,0.0,0.0,1.0,0.0,0.0,1.0,0.0,0.0,1.0,0.0,0.0,1.0,0.0,0.0,1.0,0.0,0.0,1.0,0.0,0.0,1.0,0.0,0.0,0.0,0.0,1.0,1.0,0.0,2.0,1.0,0.0,0.0,0.85617826320514,1.0,0.0,0.0,1.0,0.0,0.0,1.0,0.0,0.0
5998-VVEJY,0,-0.2594354906780068,0.5230774451333633,-0.08581115645591528,0.0,1.0,1.0,0.0,1.0,0.0,0.0,1.0,0.0,0.0,1.0,0.0,1.0,0.0,1.0,0.0,0.0,1.0,0.0,0.0,1.0,0.0,0.0,0.0,0.0,1.0,1.0,0.0,0.0,1.0,0.0,0.0,1.0,0.0,0.0,0.0,1.0,0.0,0.0,1.0,0.0,0.0,1.0,4.0,0.0,0.0,1.0,0.3307610544403814,0.0,0.0,1.0,0.0,0.0,1.0,0.0,0.0,1.0
1624-NALOJ,1,-1.1145631287986442,0.8321716871642622,-0.7856227135980263,0.0,1.0,1.0,0.0,1.0,0.0,0.0,1.0,0.0,0.0,1.0,0.0,1.0,0.0,1.0,0.0,0.0,0.0,0.0,1.0,1.0,0.0,0.0,1.0,0.0,0.0,1.0,0.0,0.0,0.0,0.0,1.0,1.0,0.0,0.0,0.0,1.0,0.0,0.0,1.0,0.0,0.0,1.0,5.0,1.0,0.0,0.0,0.7048705392262766,1.0,0.0,0.0,1.0,0.0,0.0,1.0,0.0,0.0
6741-EGCBI,1,-0.0965540357978854,0.8554368451665879,0.1378929477231965,0.0,1.0,1.0,0.0,1.0,0.0,0.0,1.0,0.0,0.0,1.0,0.0,1.0,0.0,0.0,0.0,1.0,1.0,0.0,0.0,1.0,0.0,0.0,1.0,0.0,0.0,1.0,0.0,0.0,0.0,0.0,1.0,1.0,0.0,0.0,0.0,1.0,0.0,1.0,0.0,0.0,1.0,0.0,5.0,0.0,0.0,1.0,-1.4281427656928292,0.0,0.0,1.0,0.0,0.0,1.0,0.0,0.0,1.0
7820-ZYGNY,0,1.247217966963116,0.8537750481664219,1.562774044384411,0.0,1.0,1.0,0.0,1.0,0.0,0.0,1.0,0.0,0.0,1.0,0.0,1.0,0.0,1.0,0.0,0.0,0.0,0.0,1.0,1.0,0.0,0.0,1.0,0.0,0.0,1.0,0.0,0.0,0.0,0.0,1.0,0.0,1.0,0.0,1.0,0.0,0.0,1.0,0.0,0.0,1.0,0.0,5.0,0.0,1.0,0.0,1.253007963146691,0.0,1.0,0.0,0.0,1.0,0.0,0.0,1.0,0.0
4317-VTEOA,0,-1.2774445836787656,-0.46569176996548,-0.984973269703601,0.0,1.0,1.0,0.0,1.0,0.0,0.0,1.0,1.0,0.0,0.0,1.0,0.0,0.0,1.0,0.0,0.0,0.0,0.0,1.0,1.0,0.0,0.0,1.0,0.0,0.0,1.0,0.0,0.0,1.0,0.0,0.0,1.0,0.0,0.0,0.0,1.0,0.0,0.0,1.0,0.0,0.0,1.0,3.0,1.0,0.0,0.0,0.7710497052381637,1.0,0.0,0.0,1.0,0.0,0.0,1.0,0.0,0.0
9677-AVKED,0,0.8400143297628127,0.6593447991469852,0.9558103892726602,1.0,0.0,1.0,0.0,0.0,1.0,0.0,1.0,0.0,0.0,1.0,1.0,0.0,0.0,1.0,0.0,0.0,0.0,0.0,1.0,0.0,0.0,1.0,0.0,0.0,1.0,0.0,0.0,1.0,0.0,0.0,1.0,0.0,1.0,0.0,0.0,1.0,0.0,0.0,1.0,0.0,1.0,0.0,8.0,0.0,1.0,0.0,1.1378501001792956,0.0,1.0,0.0,0.0,1.0,0.0,0.0,1.0,0.0
1670-SVOWZ,0,-0.748079855318371,0.827186296163764,-0.47425466010348283,1.0,0.0,0.0,1.0,0.0,1.0,0.0,1.0,1.0,0.0,0.0,0.0,1.0,0.0,1.0,0.0,0.0,0.0,0.0,1.0,1.0,0.0,0.0,0.0,0.0,1.0,1.0,0.0,0.0,0.0,0.0,1.0,1.0,0.0,0.0,0.0,1.0,0.0,1.0,0.0,0.0,0.0,1.0,5.0,1.0,0.0,0.0,0.6339626133919186,1.0,0.0,0.0,1.0,0.0,0.0,1.0,0.0,0.0
2227-JRSJX,0,-0.46303730927815856,1.1429277261953275,-0.1442243768351963,1.0,0.0,1.0,0.0,1.0,0.0,0.0,1.0,1.0,0.0,0.0,0.0,1.0,0.0,1.0,0.0,0.0,0.0,0.0,1.0,1.0,0.0,0.0,0.0,0.0,1.0,0.0,0.0,1.0,0.0,0.0,1.0,1.0,0.0,0.0,0.0,1.0,1.0,0.0,0.0,0.0,1.0,0.0,6.0,0.0,0.0,1.0,0.3114746348626455,0.0,0.0,1.0,0.0,0.0,1.0,0.0,0.0,1.0
9847-HNVGP,0,-0.62591876415828,-1.4893587220678117,-0.8703307068972856,0.0,1.0,1.0,0.0,1.0,0.0,0.0,1.0,1.0,0.0,0.0,0.0,0.0,1.0,0.0,1.0,0.0,0.0,1.0,0.0,0.0,1.0,0.0,0.0,1.0,0.0,0.0,1.0,0.0,0.0,1.0,0.0,0.0,1.0,0.0,1.0,0.0,0.0,0.0,0.0,1.0,1.0,0.0,1.0,1.0,0.0,0.0,1.3904850864595582,1.0,0.0,0.0,1.0,0.0,0.0,1.0,0.0,0.0
6696-YDAYZ,0,-0.6666391278783103,-1.4710789550659844,-0.8791765155725468,0.0,1.0,0.0,1.0,0.0,1.0,0.0,1.0,1.0,0.0,0.0,0.0,0.0,1.0,0.0,1.0,0.0,0.0,1.0,0.0,0.0,1.0,0.0,0.0,1.0,0.0,0.0,1.0,0.0,0.0,1.0,0.0,0.0,0.0,1.0,1.0,0.0,0.0,0.0,0.0,1.0,1.0,0.0,1.0,1.0,0.0,0.0,1.3188192513851866,1.0,0.0,0.0,1.0,0.0,0.0,1.0,0.0,0.0
8980-WQFWL,0,0.10704778280226633,-0.08846385092776998,-0.08259048796068315,1.0,0.0,1.0,0.0,1.0,0.0,0.0,1.0,1.0,0.0,0.0,1.0,0.0,0.0,1.0,0.0,0.0,1.0,0.0,0.0,0.0,0.0,1.0,1.0,0.0,0.0,1.0,0.0,0.0,0.0,0.0,1.0,1.0,0.0,0.0,0.0,1.0,0.0,0.0,1.0,0.0,1.0,0.0,4.0,0.0,0.0,1.0,-0.7715291788269958,0.0,0.0,1.0,0.0,0.0,1.0,0.0,0.0,1.0
1730-ZMAME,1,-0.015113308357824713,0.4898415051300408,0.16840106093488294,1.0,0.0,1.0,0.0,1.0,0.0,0.0,1.0,1.0,0.0,0.0,0.0,1.0,0.0,1.0,0.0,0.0,1.0,0.0,0.0,1.0,0.0,0.0,1.0,0.0,0.0,1.0,0.0,0.0,0.0,0.0,1.0,1.0,0.0,0.0,0.0,1.0,0.0,0.0,1.0,0.0,1.0,0.0,3.0,0.0,0.0,1.0,-11.142567659429481,0.0,0.0,1.0,0.0,0.0,1.0,0.0,0.0,1.0
6506-EYCNH,0,-0.1779947632379461,-1.502653098069141,-0.7674457900358934,1.0,0.0,0.0,1.0,0.0,1.0,0.0,1.0,1.0,0.0,0.0,0.0,0.0,1.0,0.0,1.0,0.0,0.0,1.0,0.0,0.0,1.0,0.0,0.0,1.0,0.0,0.0,1.0,0.0,0.0,1.0,0.0,1.0,0.0,0.0,0.0,1.0,1.0,0.0,0.0,0.0,1.0,0.0,1.0,0.0,0.0,1.0,4.311620050360472,0.0,0.0,1.0,0.0,0.0,1.0,0.0,0.0,1.0
4634-JLRJT,0,-1.2774445836787656,-1.4760643460664828,-0.9983853686426505,1.0,0.0,1.0,0.0,1.0,0.0,0.0,1.0,1.0,0.0,0.0,0.0,0.0,1.0,0.0,1.0,0.0,0.0,1.0,0.0,0.0,1.0,0.0,0.0,1.0,0.0,0.0,1.0,0.0,0.0,1.0,0.0,1.0,0.0,0.0,0.0,1.0,0.0,0.0,0.0,1.0,1.0,0.0,1.0,1.0,0.0,0.0,0.7815488682628529,1.0,0.0,0.0,1.0,0.0,0.0,1.0,0.0,0.0
9501-UKKNL,0,1.0843365120829946,-0.43411762696232353,0.31875774904106846,0.0,1.0,1.0,0.0,1.0,0.0,1.0,0.0,0.0,1.0,0.0,1.0,0.0,0.0,1.0,0.0,0.0,1.0,0.0,0.0,1.0,0.0,0.0,0.0,0.0,1.0,0.0,0.0,1.0,0.0,0.0,1.0,1.0,0.0,0.0,0.0,1.0,0.0,0.0,1.0,0.0,1.0,0.0,4.0,0.0,1.0,0.0,0.293965706668624,0.0,1.0,0.0,0.0,1.0,0.0,0.0,1.0,0.0
2560-QTSBS,0,1.6137012404433893,-1.3780183230566818,-0.2912500995798744,1.0,0.0,0.0,1.0,0.0,1.0,0.0,1.0,0.0,0.0,1.0,0.0,0.0,1.0,0.0,1.0,0.0,0.0,1.0,0.0,0.0,1.0,0.0,0.0,1.0,0.0,0.0,1.0,0.0,0.0,1.0,0.0,0.0,1.0,0.0,0.0,1.0,1.0,0.0,0.0,0.0,1.0,0.0,2.0,0.0,1.0,0.0,-0.1804857629655468,0.0,1.0,0.0,0.0,1.0,0.0,0.0,1.0,0.0
7541-YLXCL,0,0.14776814652229667,0.021214751083194285,0.09489922924917142,0.0,1.0,1.0,0.0,1.0,0.0,0.0,1.0,1.0,0.0,0.0,1.0,0.0,0.0,1.0,0.0,0.0,0.0,0.0,1.0,1.0,0.0,0.0,0.0,0.0,1.0,1.0,0.0,0.0,0.0,0.0,1.0,0.0,1.0,0.0,0.0,1.0,0.0,0.0,0.0,1.0,0.0,1.0,5.0,0.0,0.0,1.0,0.6422170913191506,0.0,0.0,1.0,0.0,0.0,1.0,0.0,0.0,1.0
4795-WRNVT,0,0.3106496014024181,0.011243969082197169,0.13354725119195848,1.0,0.0,1.0,0.0,1.0,0.0,0.0,1.0,1.0,0.0,0.0,1.0,0.0,0.0,0.0,0.0,1.0,0.0,0.0,1.0,1.0,0.0,0.0,1.0,0.0,0.0,0.0,0.0,1.0,1.0,0.0,0.0,1.0,0.0,0.0,1.0,0.0,0.0,0.0,0.0,1.0,1.0,0.0,5.0,0.0,0.0,1.0,0.42989674085871515,0.0,0.0,1.0,0.0,0.0,1.0,0.0,0.0,1.0
6080-TCMYC,0,0.3106496014024181,0.5463426031356892,0.4451579577923071,0.0,1.0,0.0,1.0,0.0,1.0,0.0,1.0,0.0,0.0,1.0,0.0,1.0,0.0,1.0,0.0,0.0,1.0,0.0,0.0,0.0,0.0,1.0,1.0,0.0,0.0,1.0,0.0,0.0,1.0,0.0,0.0,1.0,0.0,0.0,0.0,1.0,0.0,0.0,1.0,0.0,1.0,0.0,4.0,0.0,0.0,1.0,1.432990597067098,0.0,0.0,1.0,0.0,0.0,1.0,0.0,0.0,1.0
0260-ZDLGK,0,-0.9516816739185228,0.2704843011081128,-0.7199740187911001,1.0,0.0,1.0,0.0,0.0,1.0,0.0,1.0,1.0,0.0,0.0,1.0,0.0,0.0,1.0,0.0,0.0,1.0,0.0,0.0,0.0,0.0,1.0,0.0,0.0,1.0,0.0,0.0,1.0,0.0,0.0,1.0,1.0,0.0,0.0,0.0,1.0,0.0,0.0,0.0,1.0,0.0,1.0,6.0,1.0,0.0,0.0,0.7565281947971396,1.0,0.0,0.0,1.0,0.0,0.0,1.0,0.0,0.0
7860-UXCRM,0,1.247217966963116,0.3236618051134285,1.0549893314272099,0.0,1.0,0.0,1.0,0.0,1.0,0.0,1.0,1.0,0.0,0.0,1.0,0.0,0.0,0.0,0.0,1.0,0.0,0.0,1.0,0.0,0.0,1.0,0.0,0.0,1.0,0.0,0.0,1.0,1.0,0.0,0.0,0.0,0.0,1.0,1.0,0.0,0.0,1.0,0.0,0.0,1.0,0.0,7.0,0.0,1.0,0.0,0.8458740648164581,0.0,1.0,0.0,0.0,1.0,0.0,0.0,1.0,0.0
6357-JJPQT,0,-1.1960038562387048,0.5230774451333633,-0.9048536260413849,1.0,0.0,1.0,0.0,1.0,0.0,0.0,1.0,1.0,0.0,0.0,0.0,1.0,0.0,1.0,0.0,0.0,1.0,0.0,0.0,1.0,0.0,0.0,1.0,0.0,0.0,0.0,0.0,1.0,1.0,0.0,0.0,1.0,0.0,0.0,0.0,1.0,0.0,0.0,1.0,0.0,1.0,0.0,3.0,1.0,0.0,0.0,0.756564137583173,1.0,0.0,0.0,1.0,0.0,0.0,1.0,0.0,0.0
2292-XQWSV,0,0.3106496014024181,-0.14828854293375057,0.07288397474066594,0.0,1.0,0.0,1.0,0.0,1.0,1.0,0.0,0.0,1.0,0.0,1.0,0.0,0.0,1.0,0.0,0.0,0.0,0.0,1.0,0.0,0.0,1.0,0.0,0.0,1.0,0.0,0.0,1.0,0.0,0.0,1.0,0.0,1.0,0.0,1.0,0.0,0.0,0.0,0.0,1.0,1.0,0.0,6.0,0.0,0.0,1.0,0.23461795673206554,0.0,0.0,1.0,0.0,0.0,1.0,0.0,0.0,1.0
9552-TGUZV,0,-0.9924020376385531,0.3402797751150897,-0.7170180627749281,0.0,1.0,0.0,1.0,1.0,0.0,0.0,1.0,1.0,0.0,0.0,0.0,1.0,0.0,0.0,0.0,1.0,1.0,0.0,0.0,1.0,0.0,0.0,1.0,0.0,0.0,1.0,0.0,0.0,1.0,0.0,0.0,1.0,0.0,0.0,0.0,1.0,0.0,0.0,0.0,1.0,1.0,0.0,3.0,1.0,0.0,0.0,0.7225076486955746,1.0,0.0,0.0,1.0,0.0,0.0,1.0,0.0,0.0
5913-INRQV,1,0.06632741908223598,0.8438042661654253,0.3730238072484065,0.0,1.0,0.0,1.0,1.0,0.0,0.0,1.0,1.0,0.0,0.0,0.0,1.0,0.0,0.0,0.0,1.0,1.0,0.0,0.0,1.0,0.0,0.0,0.0,0.0,1.0,0.0,0.0,1.0,1.0,0.0,0.0,0.0,1.0,0.0,1.0,0.0,0.0,0.0,0.0,1.0,1.0,0.0,5.0,0.0,0.0,1.0,5.623975912373634,0.0,0.0,1.0,0.0,0.0,1.0,0.0,0.0,1.0
8722-NGNBH,0,-1.1145631287986442,-0.8229781250011965,-0.9087801944807776,0.0,1.0,1.0,0.0,1.0,0.0,1.0,0.0,0.0,1.0,0.0,1.0,0.0,0.0,0.0,0.0,1.0,1.0,0.0,0.0,0.0,0.0,1.0,0.0,0.0,1.0,1.0,0.0,0.0,1.0,0.0,0.0,1.0,0.0,0.0,1.0,0.0,0.0,0.0,0.0,1.0,0.0,1.0,4.0,1.0,0.0,0.0,0.8153689737254505,1.0,0.0,0.0,1.0,0.0,0.0,1.0,0.0,0.0
6210-KBBPI,1,-0.9516816739185228,1.1528985081963241,-0.6017357781442172,0.0,1.0,1.0,0.0,1.0,0.0,0.0,1.0,0.0,0.0,1.0,0.0,1.0,0.0,1.0,0.0,0.0,0.0,0.0,1.0,1.0,0.0,0.0,1.0,0.0,0.0,0.0,0.0,1.0,0.0,0.0,1.0,1.0,0.0,0.0,0.0,1.0,0.0,1.0,0.0,0.0,0.0,1.0,6.0,1.0,0.0,0.0,0.632286818833641,1.0,0.0,0.0,1.0,0.0,0.0,1.0,0.0,0.0
9643-YBLUR,0,-0.9516816739185228,0.142525932095321,-0.7188489907550943,0.0,1.0,0.0,1.0,1.0,0.0,0.0,1.0,0.0,0.0,1.0,1.0,0.0,0.0,1.0,0.0,0.0,0.0,0.0,1.0,0.0,0.0,1.0,1.0,0.0,0.0,1.0,0.0,0.0,0.0,0.0,1.0,1.0,0.0,0.0,0.0,1.0,0.0,1.0,0.0,0.0,1.0,0.0,6.0,1.0,0.0,0.0,0.7553460473765914,1.0,0.0,0.0,1.0,0.0,0.0,1.0,0.0,0.0
8734-FNWVH,0,-0.055833672077855064,-0.16823010693574386,-0.20197581601682685,0.0,1.0,0.0,1.0,0.0,1.0,0.0,1.0,0.0,0.0,1.0,1.0,0.0,0.0,1.0,0.0,0.0,1.0,0.0,0.0,1.0,0.0,0.0,1.0,0.0,0.0,1.0,0.0,0.0,0.0,0.0,1.0,1.0,0.0,0.0,1.0,0.0,1.0,0.0,0.0,0.0,1.0,0.0,4.0,0.0,0.0,1.0,3.617455354453306,0.0,0.0,1.0,0.0,0.0,1.0,0.0,0.0,1.0
9447-YPTBX,0,0.7178532386027215,-1.4926823160681442,-0.59127963522134,1.0,0.0,0.0,1.0,1.0,0.0,0.0,1.0,1.0,0.0,0.0,0.0,0.0,1.0,0.0,1.0,0.0,0.0,1.0,0.0,0.0,1.0,0.0,0.0,1.0,0.0,0.0,1.0,0.0,0.0,1.0,0.0,0.0,1.0,0.0,0.0,1.0,1.0,0.0,0.0,0.0,1.0,0.0,1.0,0.0,1.0,0.0,-0.8236776034781802,0.0,1.0,0.0,0.0,1.0,0.0,0.0,1.0,0.0
0133-BMFZO,0,-1.2367242199587352,0.7141841001524675,-0.9272218305219705,1.0,0.0,1.0,0.0,1.0,0.0,0.0,1.0,1.0,0.0,0.0,0.0,1.0,0.0,0.0,0.0,1.0,0.0,0.0,1.0,1.0,0.0,0.0,0.0,0.0,1.0,1.0,0.0,0.0,1.0,0.0,0.0,1.0,0.0,0.0,0.0,1.0,0.0,0.0,1.0,0.0,0.0,1.0,5.0,1.0,0.0,0.0,0.7497401729165686,1.0,0.0,0.0,1.0,0.0,0.0,1.0,0.0,0.0
6128-CZOMY,0,-1.2774445836787656,-0.6351950639824246,-0.9872233257756126,1.0,0.0,1.0,0.0,1.0,0.0,0.0,1.0,1.0,0.0,0.0,1.0,0.0,0.0,1.0,0.0,0.0,1.0,0.0,0.0,1.0,0.0,0.0,1.0,0.0,0.0,1.0,0.0,0.0,1.0,0.0,0.0,1.0,0.0,0.0,0.0,1.0,0.0,0.0,1.0,0.0,0.0,1.0,2.0,1.0,0.0,0.0,0.7728110779824372,1.0,0.0,0.0,1.0,0.0,0.0,1.0,0.0,0.0
9540-JYROE,0,-0.9924020376385531,0.1774236690988095,-0.7641148246743862,0.0,1.0,1.0,0.0,1.0,0.0,0.0,1.0,1.0,0.0,0.0,0.0,1.0,0.0,1.0,0.0,0.0,1.0,0.0,0.0,1.0,0.0,0.0,1.0,0.0,0.0,1.0,0.0,0.0,1.0,0.0,0.0,1.0,0.0,0.0,0.0,1.0,0.0,0.0,0.0,1.0,0.0,1.0,2.0,1.0,0.0,0.0,0.7699649896856496,1.0,0.0,0.0,1.0,0.0,0.0,1.0,0.0,0.0
9026-LHEVG,0,-0.9516816739185228,-0.7980511699987046,-0.8488007586003905,1.0,0.0,1.0,0.0,1.0,0.0,1.0,0.0,0.0,1.0,0.0,1.0,0.0,0.0,1.0,0.0,0.0,0.0,0.0,1.0,1.0,0.0,0.0,1.0,0.0,0.0,1.0,0.0,0.0,0.0,0.0,1.0,1.0,0.0,0.0,1.0,0.0,0.0,0.0,1.0,0.0,1.0,0.0,3.0,1.0,0.0,0.0,0.8918956641305039,1.0,0.0,0.0,1.0,0.0,0.0,1.0,0.0,0.0
2260-USTRB,1,-1.2367242199587352,0.18074726309914202,-0.9562078469790609,1.0,0.0,1.0,0.0,1.0,0.0,0.0,1.0,1.0,0.0,0.0,0.0,1.0,0.0,1.0,0.0,0.0,1.0,0.0,0.0,1.0,0.0,0.0,1.0,0.0,0.0,1.0,0.0,0.0,1.0,0.0,0.0,1.0,0.0,0.0,0.0,1.0,1.0,0.0,0.0,0.0,0.0,1.0,2.0,1.0,0.0,0.0,0.7731779094703636,1.0,0.0,0.0,1.0,0.0,0.0,1.0,0.0,0.0
3656-TKRVZ,0,-1.1960038562387048,-0.31280644595019663,-0.9344793643228707,1.0,0.0,1.0,0.0,1.0,0.0,0.0,1.0,1.0,0.0,0.0,1.0,0.0,0.0,0.0,0.0,1.0,0.0,0.0,1.0,1.0,0.0,0.0,1.0,0.0,0.0,1.0,0.0,0.0,1.0,0.0,0.0,1.0,0.0,0.0,1.0,0.0,0.0,0.0,1.0,0.0,0.0,1.0,4.0,1.0,0.0,0.0,0.7813347418976568,1.0,0.0,0.0,1.0,0.0,0.0,1.0,0.0,0.0
7011-CVEUC,0,-0.30015585439803716,1.0282637331838649,0.024287175459866816,0.0,1.0,0.0,1.0,1.0,0.0,0.0,1.0,1.0,0.0,0.0,0.0,1.0,0.0,1.0,0.0,0.0,1.0,0.0,0.0,1.0,0.0,0.0,0.0,0.0,1.0,0.0,0.0,1.0,0.0,0.0,1.0,1.0,0.0,0.0,0.0,1.0,0.0,1.0,0.0,0.0,1.0,0.0,5.0,0.0,0.0,1.0,-0.08091521489252565,0.0,0.0,1.0,0.0,0.0,1.0,0.0,0.0,1.0
6185-TASNN,1,-1.2774445836787656,-0.613591702980265,-0.9869365539232973,0.0,1.0,1.0,0.0,1.0,0.0,0.0,1.0,1.0,0.0,0.0,1.0,0.0,0.0,1.0,0.0,0.0,1.0,0.0,0.0,1.0,0.0,0.0,1.0,0.0,0.0,1.0,0.0,0.0,1.0,0.0,0.0,1.0,0.0,0.0,1.0,0.0,0.0,0.0,1.0,0.0,1.0,0.0,2.0,1.0,0.0,0.0,0.7725865892993434,1.0,0.0,0.0,1.0,0.0,0.0,1.0,0.0,0.0
7925-PNRGI,0,0.5142514200025698,0.5496661971360212,0.554925399109264,1.0,0.0,0.0,1.0,0.0,1.0,0.0,1.0,0.0,0.0,1.0,1.0,0.0,0.0,0.0,0.0,1.0,0.0,0.0,1.0,0.0,0.0,1.0,0.0,0.0,1.0,0.0,0.0,1.0,1.0,0.0,0.0,1.0,0.0,0.0,1.0,0.0,0.0,0.0,0.0,1.0,1.0,0.0,8.0,0.0,1.0,0.0,1.0790935669297537,0.0,1.0,0.0,0.0,1.0,0.0,0.0,1.0,0.0
8623-TMRBY,1,0.758573602322752,0.6460504231456565,0.8218217561216963,0.0,1.0,0.0,1.0,0.0,1.0,0.0,1.0,0.0,0.0,1.0,0.0,1.0,0.0,1.0,0.0,0.0,0.0,0.0,1.0,0.0,0.0,1.0,1.0,0.0,0.0,1.0,0.0,0.0,1.0,0.0,0.0,1.0,0.0,0.0,0.0,1.0,0.0,0.0,1.0,0.0,0.0,1.0,5.0,0.0,1.0,0.0,1.083377741599864,0.0,1.0,0.0,0.0,1.0,0.0,0.0,1.0,0.0
1552-CZCLL,0,0.9214550572028734,-1.4876969250676457,-0.5276824621271303,1.0,0.0,0.0,1.0,0.0,1.0,0.0,1.0,1.0,0.0,0.0,0.0,0.0,1.0,0.0,1.0,0.0,0.0,1.0,0.0,0.0,1.0,0.0,0.0,1.0,0.0,0.0,1.0,0.0,0.0,1.0,0.0,1.0,0.0,0.0,1.0,0.0,0.0,1.0,0.0,0.0,1.0,0.0,1.0,0.0,1.0,0.0,-0.5726621803226507,0.0,1.0,0.0,0.0,1.0,0.0,0.0,1.0,0.0
3038-PQIUY,0,0.22920887396235737,0.046141706085686136,0.10548772841157884,1.0,0.0,1.0,0.0,1.0,0.0,0.0,1.0,0.0,0.0,1.0,1.0,0.0,0.0,0.0,0.0,1.0,0.0,0.0,1.0,0.0,0.0,1.0,1.0,0.0,0.0,1.0,0.0,0.0,1.0,0.0,0.0,1.0,0.0,0.0,0.0,1.0,1.0,0.0,0.0,0.0,1.0,0.0,6.0,0.0,0.0,1.0,0.46022532456096327,0.0,0.0,1.0,0.0,0.0,1.0,0.0,0.0,1.0
1501-SGHBW,0,-1.2367242199587352,-0.62854787598176,-0.9716273488843167,0.0,1.0,1.0,0.0,1.0,0.0,0.0,1.0,1.0,0.0,0.0,1.0,0.0,0.0,1.0,0.0,0.0,1.0,0.0,0.0,1.0,0.0,0.0,1.0,0.0,0.0,1.0,0.0,0.0,1.0,0.0,0.0,1.0,0.0,0.0,1.0,0.0,0.0,0.0,0.0,1.0,0.0,1.0,2.0,1.0,0.0,0.0,0.7856459291439576,1.0,0.0,0.0,1.0,0.0,0.0,1.0,0.0,0.0
9313-CDOGY,0,0.22920887396235737,-1.5009913010689746,-0.6908997648409898,0.0,1.0,0.0,1.0,0.0,1.0,0.0,1.0,1.0,0.0,0.0,0.0,0.0,1.0,0.0,1.0,0.0,0.0,1.0,0.0,0.0,1.0,0.0,0.0,1.0,0.0,0.0,1.0,0.0,0.0,1.0,0.0,1.0,0.0,0.0,1.0,0.0,0.0,0.0,1.0,0.0,1.0,0.0,1.0,0.0,0.0,1.0,-3.014280175533061,0.0,0.0,1.0,0.0,0.0,1.0,0.0,0.0,1.0
8148-BPLZQ,0,0.06632741908223598,-0.4972659129686364,-0.24225623158048507,0.0,1.0,1.0,0.0,1.0,0.0,0.0,1.0,1.0,0.0,0.0,1.0,0.0,0.0,1.0,0.0,0.0,0.0,0.0,1.0,1.0,0.0,0.0,1.0,0.0,0.0,1.0,0.0,0.0,1.0,0.0,0.0,1.0,0.0,0.0,0.0,1.0,0.0,0.0,1.0,0.0,1.0,0.0,3.0,0.0,0.0,1.0,-3.652429642711168,0.0,0.0,1.0,0.0,0.0,1.0,0.0,0.0,1.0
2623-DRYAM,0,1.5322605130033284,1.2293411702039656,2.1115230134761758,1.0,0.0,0.0,1.0,1.0,0.0,0.0,1.0,0.0,0.0,1.0,0.0,1.0,0.0,1.0,0.0,0.0,1.0,0.0,0.0,0.0,0.0,1.0,1.0,0.0,0.0,0.0,0.0,1.0,0.0,0.0,1.0,0.0,1.0,0.0,0.0,1.0,0.0,0.0,1.0,0.0,1.0,0.0,6.0,0.0,1.0,0.0,1.3780443962087463,0.0,1.0,0.0,0.0,1.0,0.0,0.0,1.0,0.0
9987-LUTYD,0,-0.7888002190384014,-0.3194536339508612,-0.6796053657344218,1.0,0.0,1.0,0.0,1.0,0.0,0.0,1.0,1.0,0.0,0.0,1.0,0.0,0.0,0.0,0.0,1.0,1.0,0.0,0.0,1.0,0.0,0.0,0.0,0.0,1.0,1.0,0.0,0.0,1.0,0.0,0.0,0.0,1.0,0.0,1.0,0.0,0.0,0.0,0.0,1.0,1.0,0.0,4.0,1.0,0.0,0.0,0.8615684292822646,1.0,0.0,0.0,1.0,0.0,0.0,1.0,0.0,0.0
3208-YPIOE,0,0.26992923768238775,0.3485887601159204,0.32398582050250707,0.0,1.0,1.0,0.0,1.0,0.0,0.0,1.0,0.0,0.0,1.0,0.0,1.0,0.0,1.0,0.0,0.0,1.0,0.0,0.0,1.0,0.0,0.0,1.0,0.0,0.0,1.0,0.0,0.0,1.0,0.0,0.0,1.0,0.0,0.0,1.0,0.0,0.0,0.0,1.0,0.0,0.0,1.0,3.0,0.0,0.0,1.0,1.2002620512110844,0.0,0.0,1.0,0.0,0.0,1.0,0.0,0.0,1.0
4488-KQFDT,0,1.1657772395230555,1.302460238211275,1.8263835547818457,1.0,0.0,1.0,0.0,1.0,0.0,0.0,1.0,0.0,0.0,1.0,0.0,1.0,0.0,1.0,0.0,0.0,0.0,0.0,1.0,0.0,0.0,1.0,1.0,0.0,0.0,0.0,0.0,1.0,0.0,0.0,1.0,0.0,1.0,0.0,0.0,1.0,0.0,0.0,1.0,0.0,1.0,0.0,7.0,0.0,1.0,0.0,1.5666659914625358,0.0,1.0,0.0,0.0,1.0,0.0,0.0,1.0,0.0
2612-RANWT,0,-0.8295205827584317,1.1761636661986499,-0.49368896794115147,1.0,0.0,1.0,0.0,1.0,0.0,0.0,1.0,0.0,0.0,1.0,0.0,1.0,0.0,1.0,0.0,0.0,1.0,0.0,0.0,0.0,0.0,1.0,1.0,0.0,0.0,0.0,0.0,1.0,0.0,0.0,1.0,1.0,0.0,0.0,0.0,1.0,1.0,0.0,0.0,0.0,0.0,1.0,6.0,1.0,0.0,0.0,0.595149750593857,1.0,0.0,0.0,1.0,0.0,0.0,1.0,0.0,0.0
5693-PIPCS,0,0.35136996512244845,1.1595456961969886,0.8546019847786493,0.0,1.0,1.0,0.0,1.0,0.0,0.0,1.0,1.0,0.0,0.0,0.0,1.0,0.0,1.0,0.0,0.0,0.0,0.0,1.0,1.0,0.0,0.0,0.0,0.0,1.0,0.0,0.0,1.0,0.0,0.0,1.0,0.0,0.0,1.0,0.0,1.0,0.0,1.0,0.0,0.0,1.0,0.0,6.0,0.0,0.0,1.0,2.4321998736597483,0.0,0.0,1.0,0.0,0.0,1.0,0.0,0.0,1.0
0491-KAPQG,0,-0.46303730927815856,0.29707305311077065,-0.31968463170558936,0.0,1.0,1.0,0.0,1.0,0.0,0.0,1.0,0.0,0.0,1.0,0.0,1.0,0.0,1.0,0.0,0.0,1.0,0.0,0.0,1.0,0.0,0.0,1.0,0.0,0.0,1.0,0.0,0.0,1.0,0.0,0.0,1.0,0.0,0.0,0.0,1.0,0.0,0.0,1.0,0.0,1.0,0.0,3.0,0.0,0.0,1.0,0.6904079332267078,0.0,0.0,1.0,0.0,0.0,1.0,0.0,0.0,1.0
1925-LFCZZ,1,0.9214550572028734,-0.4889569279678058,0.20301221757200213,0.0,1.0,1.0,0.0,1.0,0.0,1.0,0.0,0.0,1.0,0.0,1.0,0.0,0.0,1.0,0.0,0.0,1.0,0.0,0.0,0.0,0.0,1.0,1.0,0.0,0.0,0.0,0.0,1.0,0.0,0.0,1.0,0.0,1.0,0.0,0.0,1.0,1.0,0.0,0.0,0.0,1.0,0.0,4.0,0.0,1.0,0.0,0.22031700405254348,0.0,1.0,0.0,0.0,1.0,0.0,0.0,1.0,0.0
8039-EQPIM,0,1.4915401492832983,-0.1499503399339166,0.7818722311568632,0.0,1.0,0.0,1.0,1.0,0.0,1.0,0.0,0.0,1.0,0.0,1.0,0.0,0.0,0.0,0.0,1.0,1.0,0.0,0.0,0.0,0.0,1.0,0.0,0.0,1.0,0.0,0.0,1.0,0.0,0.0,1.0,0.0,0.0,1.0,1.0,0.0,1.0,0.0,0.0,0.0,1.0,0.0,6.0,0.0,1.0,0.0,0.5242046159686427,0.0,1.0,0.0,0.0,1.0,0.0,0.0,1.0,0.0
6900-PXRMS,1,-0.2594354906780068,1.3622849302172555,0.18836479373067194,0.0,1.0,0.0,1.0,0.0,1.0,0.0,1.0,0.0,0.0,1.0,0.0,1.0,0.0,1.0,0.0,0.0,0.0,0.0,1.0,0.0,0.0,1.0,1.0,0.0,0.0,0.0,0.0,1.0,0.0,0.0,1.0,1.0,0.0,0.0,1.0,0.0,0.0,0.0,1.0,0.0,0.0,1.0,7.0,0.0,0.0,1.0,-0.7260563820254538,0.0,0.0,1.0,0.0,0.0,1.0,0.0,0.0,1.0
8707-RMEZH,1,1.4915401492832983,0.749081837155956,1.6642692207307372,1.0,0.0,0.0,1.0,1.0,0.0,0.0,1.0,1.0,0.0,0.0,0.0,1.0,0.0,0.0,0.0,1.0,0.0,0.0,1.0,1.0,0.0,0.0,1.0,0.0,0.0,1.0,0.0,0.0,0.0,0.0,1.0,0.0,1.0,0.0,1.0,0.0,0.0,1.0,0.0,0.0,1.0,0.0,5.0,0.0,1.0,0.0,1.1158058477543746,0.0,1.0,0.0,0.0,1.0,0.0,0.0,1.0,0.0
3346-BRMIS,1,-0.5851984004382496,-0.5454580259734538,-0.6496928556006208,1.0,0.0,0.0,1.0,1.0,0.0,1.0,0.0,0.0,1.0,0.0,1.0,0.0,0.0,1.0,0.0,0.0,1.0,0.0,0.0,0.0,0.0,1.0,1.0,0.0,0.0,0.0,0.0,1.0,0.0,0.0,1.0,1.0,0.0,0.0,0.0,1.0,0.0,0.0,1.0,0.0,0.0,1.0,4.0,1.0,0.0,0.0,1.1102095547665065,1.0,0.0,0.0,1.0,0.0,0.0,1.0,0.0,0.0
3209-ZPKFI,0,0.5956921474426305,-0.3493659799538514,0.11245849036016362,0.0,1.0,0.0,1.0,0.0,1.0,0.0,1.0,0.0,0.0,1.0,1.0,0.0,0.0,1.0,0.0,0.0,0.0,0.0,1.0,1.0,0.0,0.0,1.0,0.0,0.0,1.0,0.0,0.0,1.0,0.0,0.0,1.0,0.0,0.0,1.0,0.0,0.0,0.0,1.0,0.0,1.0,0.0,4.0,0.0,1.0,0.0,0.18878625619451225,0.0,1.0,0.0,0.0,1.0,0.0,0.0,1.0,0.0
6479-VDGRK,0,1.6137012404433893,0.682609957149311,1.6967626775353748,1.0,0.0,0.0,1.0,0.0,1.0,0.0,1.0,1.0,0.0,0.0,1.0,0.0,0.0,0.0,0.0,1.0,0.0,0.0,1.0,0.0,0.0,1.0,0.0,0.0,1.0,0.0,0.0,1.0,0.0,0.0,1.0,0.0,0.0,1.0,1.0,0.0,1.0,0.0,0.0,0.0,1.0,0.0,8.0,0.0,1.0,0.0,1.0514726239345042,0.0,1.0,0.0,0.0,1.0,0.0,0.0,1.0,0.0
9373-WSLOY,1,0.025607055362205634,-0.4906187249679718,-0.23491046028656498,0.0,1.0,0.0,1.0,1.0,0.0,1.0,0.0,0.0,1.0,0.0,1.0,0.0,0.0,1.0,0.0,0.0,0.0,0.0,1.0,0.0,0.0,1.0,0.0,0.0,1.0,0.0,0.0,1.0,1.0,0.0,0.0,1.0,0.0,0.0,0.0,1.0,0.0,0.0,1.0,0.0,1.0,0.0,5.0,0.0,0.0,1.0,-9.173661593018528,0.0,0.0,1.0,0.0,0.0,1.0,0.0,0.0,1.0
2933-FILNV,0,-1.2367242199587352,-1.341458789053027,-0.9912381317080253,1.0,0.0,0.0,1.0,0.0,1.0,1.0,0.0,0.0,1.0,0.0,1.0,0.0,0.0,1.0,0.0,0.0,1.0,0.0,0.0,1.0,0.0,0.0,1.0,0.0,0.0,1.0,0.0,0.0,1.0,0.0,0.0,1.0,0.0,0.0,0.0,1.0,0.0,0.0,0.0,1.0,0.0,1.0,1.0,1.0,0.0,0.0,0.8015029670407031,1.0,0.0,0.0,1.0,0.0,0.0,1.0,0.0,0.0
3569-JFODW,0,1.6137012404433893,0.8703930181680831,1.9276140186491117,1.0,0.0,0.0,1.0,0.0,1.0,0.0,1.0,0.0,0.0,1.0,1.0,0.0,0.0,0.0,0.0,1.0,0.0,0.0,1.0,0.0,0.0,1.0,0.0,0.0,1.0,0.0,0.0,1.0,0.0,0.0,1.0,0.0,0.0,1.0,1.0,0.0,0.0,1.0,0.0,0.0,1.0,0.0,9.0,0.0,1.0,0.0,1.1945296752200985,0.0,1.0,0.0,0.0,1.0,0.0,0.0,1.0,0.0
9819-FBNSV,1,0.18848851024232702,0.24888094010595296,0.12889272343515015,0.0,1.0,0.0,1.0,1.0,0.0,0.0,1.0,1.0,0.0,0.0,0.0,1.0,0.0,1.0,0.0,0.0,1.0,0.0,0.0,1.0,0.0,0.0,1.0,0.0,0.0,1.0,0.0,0.0,1.0,0.0,0.0,1.0,0.0,0.0,0.0,1.0,1.0,0.0,0.0,0.0,1.0,0.0,2.0,0.0,0.0,1.0,0.6838227076517366,0.0,0.0,1.0,0.0,0.0,1.0,0.0,0.0,1.0
9544-PYPSJ,1,1.2064976032430856,1.0415581091851935,1.648298234494106,1.0,0.0,0.0,1.0,0.0,1.0,0.0,1.0,0.0,0.0,1.0,0.0,1.0,0.0,1.0,0.0,0.0,0.0,0.0,1.0,0.0,0.0,1.0,1.0,0.0,0.0,1.0,0.0,0.0,0.0,0.0,1.0,1.0,0.0,0.0,0.0,1.0,0.0,1.0,0.0,0.0,1.0,0.0,6.0,0.0,1.0,0.0,1.3661844251189996,0.0,1.0,0.0,0.0,1.0,0.0,0.0,1.0,0.0
1591-XWLGB,0,1.5729808767233588,-1.4926823160681442,-0.3987013067050548,1.0,0.0,0.0,1.0,1.0,0.0,0.0,1.0,1.0,0.0,0.0,0.0,0.0,1.0,0.0,1.0,0.0,0.0,1.0,0.0,0.0,1.0,0.0,0.0,1.0,0.0,0.0,1.0,0.0,0.0,1.0,0.0,0.0,0.0,1.0,1.0,0.0,0.0,1.0,0.0,0.0,1.0,0.0,1.0,0.0,1.0,0.0,-0.25346862927893987,0.0,1.0,0.0,0.0,1.0,0.0,0.0,1.0,0.0
0396-UKGAI,0,-0.38159658183809786,-0.31446824295036285,-0.44079059087562433,0.0,1.0,1.0,0.0,0.0,1.0,0.0,1.0,1.0,0.0,0.0,1.0,0.0,0.0,1.0,0.0,0.0,0.0,0.0,1.0,1.0,0.0,0.0,0.0,0.0,1.0,1.0,0.0,0.0,1.0,0.0,0.0,1.0,0.0,0.0,0.0,1.0,1.0,0.0,0.0,0.0,1.0,0.0,4.0,0.0,0.0,1.0,1.155121958253392,0.0,0.0,1.0,0.0,0.0,1.0,0.0,0.0,1.0
3243-ZHOHY,0,-0.6666391278783103,-1.4843733310673135,-0.876705865767985,1.0,0.0,1.0,0.0,1.0,0.0,0.0,1.0,1.0,0.0,0.0,0.0,0.0,1.0,0.0,1.0,0.0,0.0,1.0,0.0,0.0,1.0,0.0,0.0,1.0,0.0,0.0,1.0,0.0,0.0,1.0,0.0,0.0,1.0,0.0,1.0,0.0,0.0,0.0,0.0,1.0,1.0,0.0,1.0,1.0,0.0,0.0,1.3151131235849403,1.0,0.0,0.0,1.0,0.0,0.0,1.0,0.0,0.0
5186-EJEGL,0,-0.9516816739185228,0.1574821050968162,-0.7191578219806646,0.0,1.0,1.0,0.0,1.0,0.0,0.0,1.0,1.0,0.0,0.0,1.0,0.0,0.0,0.0,0.0,1.0,1.0,0.0,0.0,0.0,0.0,1.0,0.0,0.0,1.0,0.0,0.0,1.0,1.0,0.0,0.0,1.0,0.0,0.0,0.0,1.0,0.0,0.0,0.0,1.0,1.0,0.0,6.0,1.0,0.0,0.0,0.7556705584332125,1.0,0.0,0.0,1.0,0.0,0.0,1.0,0.0,0.0
7527-QNRUS,0,-0.62591876415828,-1.3165318340505352,-0.825329585457054,0.0,1.0,0.0,1.0,0.0,1.0,0.0,1.0,0.0,0.0,1.0,0.0,0.0,1.0,0.0,1.0,0.0,0.0,1.0,0.0,0.0,1.0,0.0,0.0,1.0,0.0,0.0,1.0,0.0,0.0,1.0,0.0,0.0,0.0,1.0,0.0,1.0,0.0,0.0,0.0,1.0,1.0,0.0,2.0,1.0,0.0,0.0,1.318588981058807,1.0,0.0,0.0,1.0,0.0,0.0,1.0,0.0,0.0
9986-BONCE,0,-1.1552834925186746,-1.4561227820644893,-0.9696420052913652,1.0,0.0,1.0,0.0,1.0,0.0,0.0,1.0,1.0,0.0,0.0,0.0,0.0,1.0,0.0,1.0,0.0,0.0,1.0,0.0,0.0,1.0,0.0,0.0,1.0,0.0,0.0,1.0,0.0,0.0,1.0,0.0,1.0,0.0,0.0,1.0,0.0,1.0,0.0,0.0,0.0,0.0,1.0,1.0,1.0,0.0,0.0,0.8393108804639927,1.0,0.0,0.0,1.0,0.0,0.0,1.0,0.0,0.0
2722-JMONI,1,-1.2774445836787656,-0.5055748979694671,-0.9855026946617212,1.0,0.0,0.0,1.0,1.0,0.0,0.0,1.0,1.0,0.0,0.0,1.0,0.0,0.0,0.0,0.0,1.0,1.0,0.0,0.0,1.0,0.0,0.0,1.0,0.0,0.0,1.0,0.0,0.0,1.0,0.0,0.0,1.0,0.0,0.0,0.0,1.0,0.0,0.0,1.0,0.0,0.0,1.0,3.0,1.0,0.0,0.0,0.771464145883875,1.0,0.0,0.0,1.0,0.0,0.0,1.0,0.0,0.0
2203-GHNWN,0,-0.3408762181180675,0.4948268961305394,-0.15644526961847488,1.0,0.0,0.0,1.0,1.0,0.0,0.0,1.0,0.0,0.0,1.0,0.0,1.0,0.0,1.0,0.0,0.0,1.0,0.0,0.0,0.0,0.0,1.0,1.0,0.0,0.0,1.0,0.0,0.0,1.0,0.0,0.0,1.0,0.0,0.0,0.0,1.0,0.0,0.0,0.0,1.0,1.0,0.0,4.0,0.0,0.0,1.0,0.4589503793552642,0.0,0.0,1.0,0.0,0.0,1.0,0.0,0.0,1.0
3878-AVSOQ,1,-1.2774445836787656,0.21564500010263052,-0.9759289266690446,1.0,0.0,1.0,0.0,1.0,0.0,0.0,1.0,1.0,0.0,0.0,0.0,1.0,0.0,1.0,0.0,0.0,1.0,0.0,0.0,1.0,0.0,0.0,1.0,0.0,0.0,1.0,0.0,0.0,1.0,0.0,0.0,1.0,0.0,0.0,0.0,1.0,0.0,0.0,1.0,0.0,1.0,0.0,2.0,1.0,0.0,0.0,0.7639696775405938,1.0,0.0,0.0,1.0,0.0,0.0,1.0,0.0,0.0
3258-SYSWS,1,1.6137012404433893,1.6298342472440013,2.454105080126566,0.0,1.0,1.0,0.0,1.0,0.0,0.0,1.0,0.0,0.0,1.0,0.0,1.0,0.0,0.0,0.0,1.0,0.0,0.0,1.0,0.0,0.0,1.0,0.0,0.0,1.0,0.0,0.0,1.0,0.0,0.0,1.0,0.0,0.0,1.0,1.0,0.0,1.0,0.0,0.0,0.0,1.0,0.0,9.0,0.0,1.0,0.0,1.520792708476981,0.0,1.0,0.0,0.0,1.0,0.0,0.0,1.0,0.0
5296-PSYVW,0,1.6137012404433893,-1.3364733980525287,-0.23497663840632996,1.0,0.0,0.0,1.0,1.0,0.0,0.0,1.0,0.0,0.0,1.0,0.0,0.0,1.0,0.0,1.0,0.0,0.0,1.0,0.0,0.0,1.0,0.0,0.0,1.0,0.0,0.0,1.0,0.0,0.0,1.0,0.0,0.0,0.0,1.0,1.0,0.0,0.0,0.0,1.0,0.0,1.0,0.0,2.0,0.0,1.0,0.0,-0.1456134707696987,0.0,1.0,0.0,0.0,1.0,0.0,0.0,1.0,0.0
6319-QSUSR,0,-0.8702409464784621,-1.4976677070686424,-0.9119788036027549,1.0,0.0,1.0,0.0,0.0,1.0,0.0,1.0,1.0,0.0,0.0,0.0,0.0,1.0,0.0,1.0,0.0,0.0,1.0,0.0,0.0,1.0,0.0,0.0,1.0,0.0,0.0,1.0,0.0,0.0,1.0,0.0,1.0,0.0,0.0,1.0,0.0,0.0,1.0,0.0,0.0,1.0,0.0,1.0,1.0,0.0,0.0,1.0479612655474213,1.0,0.0,0.0,1.0,0.0,0.0,1.0,0.0,0.0
4083-EUGRJ,0,-0.9516816739185228,-1.479387940066815,-0.9286115710370365,0.0,1.0,1.0,0.0,1.0,0.0,0.0,1.0,1.0,0.0,0.0,0.0,0.0,1.0,0.0,1.0,0.0,0.0,1.0,0.0,0.0,1.0,0.0,0.0,1.0,0.0,0.0,1.0,0.0,0.0,1.0,0.0,1.0,0.0,0.0,1.0,0.0,0.0,0.0,0.0,1.0,0.0,1.0,1.0,1.0,0.0,0.0,0.9757585929058655,1.0,0.0,0.0,1.0,0.0,0.0,1.0,0.0,0.0
7579-OOPEC,1,-1.2367242199587352,-0.4856333339674735,-0.9565828563243961,1.0,0.0,0.0,1.0,1.0,0.0,0.0,1.0,1.0,0.0,0.0,1.0,0.0,0.0,1.0,0.0,0.0,0.0,0.0,1.0,1.0,0.0,0.0,1.0,0.0,0.0,1.0,0.0,0.0,1.0,0.0,0.0,1.0,0.0,0.0,1.0,0.0,0.0,1.0,0.0,0.0,0.0,1.0,3.0,1.0,0.0,0.0,0.7734811374166455,1.0,0.0,0.0,1.0,0.0,0.0,1.0,0.0,0.0
0512-FLFDW,1,1.125056875803025,1.1877962451998125,1.6525556935323238,1.0,0.0,0.0,1.0,1.0,0.0,0.0,1.0,0.0,0.0,1.0,0.0,1.0,0.0,1.0,0.0,0.0,1.0,0.0,0.0,0.0,0.0,1.0,1.0,0.0,0.0,0.0,0.0,1.0,0.0,0.0,1.0,0.0,1.0,0.0,0.0,1.0,0.0,1.0,0.0,0.0,1.0,0.0,6.0,0.0,1.0,0.0,1.4688641339601511,0.0,1.0,0.0,0.0,1.0,0.0,0.0,1.0,0.0
1771-OADNZ,1,-0.13727439951791576,1.0349109211845293,0.20378429563592768,0.0,1.0,0.0,1.0,1.0,0.0,0.0,1.0,0.0,0.0,1.0,0.0,1.0,0.0,1.0,0.0,0.0,0.0,0.0,1.0,0.0,0.0,1.0,1.0,0.0,0.0,1.0,0.0,0.0,0.0,0.0,1.0,1.0,0.0,0.0,0.0,1.0,0.0,0.0,1.0,0.0,0.0,1.0,6.0,0.0,0.0,1.0,-1.4845032748391784,0.0,0.0,1.0,0.0,0.0,1.0,0.0,0.0,1.0
0487-CRLZF,0,0.6771328748826912,0.32200000811326246,0.6346920927994,1.0,0.0,1.0,0.0,1.0,0.0,0.0,1.0,1.0,0.0,0.0,1.0,0.0,0.0,1.0,0.0,0.0,1.0,0.0,0.0,0.0,0.0,1.0,0.0,0.0,1.0,0.0,0.0,1.0,0.0,0.0,1.0,0.0,0.0,1.0,0.0,1.0,1.0,0.0,0.0,0.0,1.0,0.0,6.0,0.0,1.0,0.0,0.9373228155690361,0.0,1.0,0.0,0.0,1.0,0.0,0.0,1.0,0.0
2107-FBPTK,1,-0.0965540357978854,1.3074456292117733,0.36962666376713404,1.0,0.0,1.0,0.0,1.0,0.0,0.0,1.0,0.0,0.0,1.0,0.0,1.0,0.0,1.0,0.0,0.0,0.0,0.0,1.0,0.0,0.0,1.0,1.0,0.0,0.0,0.0,0.0,1.0,0.0,0.0,1.0,1.0,0.0,0.0,0.0,1.0,0.0,0.0,1.0,0.0,1.0,0.0,7.0,0.0,0.0,1.0,-3.828184505315407,0.0,0.0,1.0,0.0,0.0,1.0,0.0,0.0,1.0
9451-WLYRI,0,0.8400143297628127,-1.5192710680708021,-0.5703894087488403,1.0,0.0,0.0,1.0,1.0,0.0,0.0,1.0,1.0,0.0,0.0,0.0,0.0,1.0,0.0,1.0,0.0,0.0,1.0,0.0,0.0,1.0,0.0,0.0,1.0,0.0,0.0,1.0,0.0,0.0,1.0,0.0,0.0,1.0,0.0,1.0,0.0,0.0,1.0,0.0,0.0,1.0,0.0,1.0,0.0,1.0,0.0,-0.6790234267907025,0.0,1.0,0.0,0.0,1.0,0.0,0.0,1.0,0.0
8219-VYBVI,0,0.26992923768238775,-1.3215172250510334,-0.5642569029839459,0.0,1.0,1.0,0.0,0.0,1.0,0.0,1.0,0.0,0.0,1.0,0.0,0.0,1.0,0.0,1.0,0.0,0.0,1.0,0.0,0.0,1.0,0.0,0.0,1.0,0.0,0.0,1.0,0.0,0.0,1.0,0.0,0.0,0.0,1.0,1.0,0.0,0.0,0.0,0.0,1.0,1.0,0.0,2.0,0.0,0.0,1.0,-2.090388235926776,0.0,0.0,1.0,0.0,0.0,1.0,0.0,0.0,1.0
1991-VOPLL,0,-0.9516816739185228,-1.5192710680708021,-0.9378103296843778,1.0,0.0,1.0,0.0,1.0,0.0,0.0,1.0,1.0,0.0,0.0,0.0,0.0,1.0,0.0,1.0,0.0,0.0,1.0,0.0,0.0,1.0,0.0,0.0,1.0,0.0,0.0,1.0,0.0,0.0,1.0,0.0,1.0,0.0,0.0,1.0,0.0,0.0,0.0,0.0,1.0,1.0,0.0,1.0,1.0,0.0,0.0,0.9854243865209361,1.0,0.0,0.0,1.0,0.0,0.0,1.0,0.0,0.0
9738-QLWTP,0,0.26992923768238775,0.5696077611380149,0.4131498071992796,0.0,1.0,1.0,0.0,1.0,0.0,0.0,1.0,1.0,0.0,0.0,0.0,1.0,0.0,1.0,0.0,0.0,1.0,0.0,0.0,0.0,0.0,1.0,0.0,0.0,1.0,1.0,0.0,0.0,1.0,0.0,0.0,0.0,1.0,0.0,1.0,0.0,0.0,0.0,1.0,0.0,1.0,0.0,4.0,0.0,0.0,1.0,1.5305856110534137,0.0,0.0,1.0,0.0,0.0,1.0,0.0,0.0,1.0
1016-DJTSV,1,-0.9924020376385531,0.16412929309748078,-0.7546292941747295,0.0,1.0,1.0,0.0,1.0,0.0,0.0,1.0,1.0,0.0,0.0,0.0,1.0,0.0,1.0,0.0,0.0,1.0,0.0,0.0,1.0,0.0,0.0,1.0,0.0,0.0,1.0,0.0,0.0,1.0,0.0,0.0,1.0,0.0,0.0,0.0,1.0,0.0,0.0,1.0,0.0,1.0,0.0,2.0,1.0,0.0,0.0,0.7604068366993582,1.0,0.0,0.0,1.0,0.0,0.0,1.0,0.0,0.0
9419-IPPBE,0,0.758573602322752,0.8438042661654253,1.002179191854703,1.0,0.0,0.0,1.0,0.0,1.0,0.0,1.0,0.0,0.0,1.0,0.0,1.0,0.0,1.0,0.0,0.0,1.0,0.0,0.0,0.0,0.0,1.0,1.0,0.0,0.0,1.0,0.0,0.0,0.0,0.0,1.0,0.0,1.0,0.0,0.0,1.0,0.0,0.0,1.0,0.0,1.0,0.0,5.0,0.0,1.0,0.0,1.3211363917568852,0.0,1.0,0.0,0.0,1.0,0.0,0.0,1.0,0.0
0174-QRVVY,0,1.5729808767233588,-1.3098846460498705,-0.19224763241136503,0.0,1.0,0.0,1.0,0.0,1.0,0.0,1.0,0.0,0.0,1.0,0.0,0.0,1.0,0.0,1.0,0.0,0.0,1.0,0.0,0.0,1.0,0.0,0.0,1.0,0.0,0.0,1.0,0.0,0.0,1.0,0.0,0.0,0.0,1.0,1.0,0.0,0.0,1.0,0.0,0.0,1.0,0.0,2.0,0.0,1.0,0.0,-0.12221867109524673,0.0,1.0,0.0,0.0,1.0,0.0,0.0,1.0,0.0
5699-BNCAS,1,1.5729808767233588,-1.3331498040521963,-0.22789557959147003,0.0,1.0,1.0,0.0,1.0,0.0,0.0,1.0,0.0,0.0,1.0,0.0,0.0,1.0,0.0,1.0,0.0,0.0,1.0,0.0,0.0,1.0,0.0,0.0,1.0,0.0,0.0,1.0,0.0,0.0,1.0,0.0,0.0,0.0,1.0,0.0,1.0,0.0,0.0,0.0,1.0,1.0,0.0,2.0,0.0,1.0,0.0,-0.14488134151140744,0.0,1.0,0.0,0.0,1.0,0.0,0.0,1.0,0.0
2900-PHPLN,1,1.5322605130033284,-1.502653098069141,-0.36232540020753434,1.0,0.0,0.0,1.0,1.0,0.0,0.0,1.0,1.0,0.0,0.0,0.0,0.0,1.0,0.0,1.0,0.0,0.0,1.0,0.0,0.0,1.0,0.0,0.0,1.0,0.0,0.0,1.0,0.0,0.0,1.0,0.0,0.0,0.0,1.0,0.0,1.0,0.0,1.0,0.0,0.0,1.0,0.0,1.0,0.0,1.0,0.0,-0.23646462016916003,0.0,1.0,0.0,0.0,1.0,0.0,0.0,1.0,0.0
0612-RTZZA,1,-1.2774445836787656,-1.3132082400502028,-0.9962235500636589,1.0,0.0,1.0,0.0,1.0,0.0,1.0,0.0,0.0,1.0,0.0,1.0,0.0,0.0,1.0,0.0,0.0,1.0,0.0,0.0,1.0,0.0,0.0,1.0,0.0,0.0,1.0,0.0,0.0,1.0,0.0,0.0,1.0,0.0,0.0,1.0,0.0,0.0,0.0,1.0,0.0,0.0,1.0,1.0,1.0,0.0,0.0,0.7798565689595313,1.0,0.0,0.0,1.0,0.0,0.0,1.0,0.0,0.0
8106-GWQOK,0,0.22920887396235737,-0.1582593249347472,-0.039751185099443136,0.0,1.0,0.0,1.0,1.0,0.0,1.0,0.0,0.0,1.0,0.0,1.0,0.0,0.0,0.0,0.0,1.0,0.0,0.0,1.0,1.0,0.0,0.0,0.0,0.0,1.0,0.0,0.0,1.0,0.0,0.0,1.0,0.0,0.0,1.0,0.0,1.0,1.0,0.0,0.0,0.0,1.0,0.0,6.0,0.0,0.0,1.0,-0.1734277753398475,0.0,0.0,1.0,0.0,0.0,1.0,0.0,0.0,1.0
8751-EDEKA,0,-0.1779947632379461,0.8354952811645946,0.0662661627641613,1.0,0.0,0.0,1.0,1.0,0.0,0.0,1.0,1.0,0.0,0.0,0.0,1.0,0.0,1.0,0.0,0.0,0.0,0.0,1.0,0.0,0.0,1.0,1.0,0.0,0.0,1.0,0.0,0.0,0.0,0.0,1.0,1.0,0.0,0.0,1.0,0.0,0.0,1.0,0.0,0.0,1.0,0.0,5.0,0.0,0.0,1.0,-0.37229276613928064,0.0,0.0,1.0,0.0,0.0,1.0,0.0,0.0,1.0
6878-GGDWG,0,-0.015113308357824713,-1.5076384890696393,-0.7244961903083783,1.0,0.0,0.0,1.0,1.0,0.0,0.0,1.0,1.0,0.0,0.0,0.0,0.0,1.0,0.0,1.0,0.0,0.0,1.0,0.0,0.0,1.0,0.0,0.0,1.0,0.0,0.0,1.0,0.0,0.0,1.0,0.0,1.0,0.0,0.0,1.0,0.0,1.0,0.0,0.0,0.0,1.0,0.0,1.0,0.0,0.0,1.0,47.9376304085849,0.0,0.0,1.0,0.0,0.0,1.0,0.0,0.0,1.0
4039-PIMHX,1,0.6771328748826912,-0.4972659129686364,0.05078048273914048,0.0,1.0,0.0,1.0,1.0,0.0,0.0,1.0,1.0,0.0,0.0,1.0,0.0,0.0,1.0,0.0,0.0,0.0,0.0,1.0,1.0,0.0,0.0,1.0,0.0,0.0,1.0,0.0,0.0,1.0,0.0,0.0,0.0,0.0,1.0,1.0,0.0,0.0,0.0,0.0,1.0,1.0,0.0,3.0,0.0,1.0,0.0,0.07499337961982404,0.0,1.0,0.0,0.0,1.0,0.0,0.0,1.0,0.0
8450-LUGUK,0,0.18848851024232702,-1.3514295710540236,-0.62712611676074,1.0,0.0,0.0,1.0,0.0,1.0,0.0,1.0,0.0,0.0,1.0,0.0,0.0,1.0,0.0,1.0,0.0,0.0,1.0,0.0,0.0,1.0,0.0,0.0,1.0,0.0,0.0,1.0,0.0,0.0,1.0,0.0,0.0,0.0,1.0,0.0,1.0,1.0,0.0,0.0,0.0,1.0,0.0,2.0,0.0,0.0,1.0,-3.3271318021161402,0.0,0.0,1.0,0.0,0.0,1.0,0.0,0.0,1.0
3604-WLABM,0,-0.9109613101984924,-0.3493659799538514,-0.7501512414039613,1.0,0.0,1.0,0.0,1.0,0.0,0.0,1.0,1.0,0.0,0.0,1.0,0.0,0.0,1.0,0.0,0.0,1.0,0.0,0.0,0.0,0.0,1.0,0.0,0.0,1.0,1.0,0.0,0.0,1.0,0.0,0.0,1.0,0.0,0.0,1.0,0.0,0.0,0.0,1.0,0.0,1.0,0.0,4.0,1.0,0.0,0.0,0.8234721200623859,1.0,0.0,0.0,1.0,0.0,0.0,1.0,0.0,0.0
0795-GMVQO,0,1.4100994218432374,1.5002140812310438,2.227599435544067,0.0,1.0,0.0,1.0,1.0,0.0,0.0,1.0,0.0,0.0,1.0,0.0,1.0,0.0,0.0,0.0,1.0,0.0,0.0,1.0,0.0,0.0,1.0,1.0,0.0,0.0,0.0,0.0,1.0,0.0,0.0,1.0,0.0,1.0,0.0,1.0,0.0,0.0,1.0,0.0,0.0,1.0,0.0,8.0,0.0,1.0,0.0,1.5797463647153471,0.0,1.0,0.0,0.0,1.0,0.0,0.0,1.0,0.0
2259-OUUSZ,0,-1.0331224013585834,-0.9725398550161476,-0.8972652016416595,0.0,1.0,1.0,0.0,1.0,0.0,1.0,0.0,0.0,1.0,0.0,1.0,0.0,0.0,1.0,0.0,0.0,1.0,0.0,0.0,0.0,0.0,1.0,0.0,0.0,1.0,1.0,0.0,0.0,1.0,0.0,0.0,0.0,1.0,0.0,0.0,1.0,0.0,1.0,0.0,0.0,1.0,0.0,3.0,1.0,0.0,0.0,0.8684984474847626,1.0,0.0,0.0,1.0,0.0,0.0,1.0,0.0,0.0
1142-IHLOO,0,0.758573602322752,0.7573908221567865,0.9673474414850332,1.0,0.0,1.0,0.0,1.0,0.0,0.0,1.0,1.0,0.0,0.0,0.0,1.0,0.0,1.0,0.0,0.0,1.0,0.0,0.0,1.0,0.0,0.0,1.0,0.0,0.0,0.0,0.0,1.0,0.0,0.0,1.0,0.0,1.0,0.0,1.0,0.0,0.0,1.0,0.0,0.0,1.0,0.0,4.0,0.0,1.0,0.0,1.2752189616446128,0.0,1.0,0.0,0.0,1.0,0.0,0.0,1.0,0.0
6410-LEFEN,0,-0.9516816739185228,-0.6518130339840859,-0.8236310137164178,1.0,0.0,1.0,0.0,1.0,0.0,0.0,1.0,1.0,0.0,0.0,1.0,0.0,0.0,1.0,0.0,0.0,1.0,0.0,0.0,1.0,0.0,0.0,1.0,0.0,0.0,1.0,0.0,0.0,1.0,0.0,0.0,1.0,0.0,0.0,1.0,0.0,0.0,0.0,1.0,0.0,0.0,1.0,2.0,1.0,0.0,0.0,0.8654480130158859,1.0,0.0,0.0,1.0,0.0,0.0,1.0,0.0,0.0
4633-MKHYU,0,-0.9516816739185228,0.785641371159611,-0.6594430985793377,1.0,0.0,1.0,0.0,1.0,0.0,0.0,1.0,1.0,0.0,0.0,0.0,1.0,0.0,1.0,0.0,0.0,1.0,0.0,0.0,1.0,0.0,0.0,1.0,0.0,0.0,0.0,0.0,1.0,0.0,0.0,1.0,1.0,0.0,0.0,0.0,1.0,0.0,0.0,0.0,1.0,1.0,0.0,4.0,1.0,0.0,0.0,0.6929240276994083,1.0,0.0,0.0,1.0,0.0,0.0,1.0,0.0,0.0
6257-RJOHI,0,-1.1552834925186746,-0.46402997296531395,-0.9181113093676491,0.0,1.0,1.0,0.0,1.0,0.0,0.0,1.0,1.0,0.0,0.0,1.0,0.0,0.0,1.0,0.0,0.0,1.0,0.0,0.0,1.0,0.0,0.0,0.0,0.0,1.0,1.0,0.0,0.0,1.0,0.0,0.0,1.0,0.0,0.0,0.0,1.0,0.0,0.0,0.0,1.0,1.0,0.0,3.0,1.0,0.0,0.0,0.7947065073751223,1.0,0.0,0.0,1.0,0.0,0.0,1.0,0.0,0.0
1545-JFUML,0,1.5729808767233588,1.1379423351948288,2.0785663098331826,0.0,1.0,0.0,1.0,1.0,0.0,0.0,1.0,0.0,0.0,1.0,0.0,1.0,0.0,0.0,0.0,1.0,0.0,0.0,1.0,0.0,0.0,1.0,1.0,0.0,0.0,0.0,0.0,1.0,1.0,0.0,0.0,0.0,0.0,1.0,0.0,1.0,0.0,0.0,1.0,0.0,1.0,0.0,7.0,0.0,1.0,0.0,1.321418677487674,0.0,1.0,0.0,0.0,1.0,0.0,0.0,1.0,0.0
3194-ORPIK,0,0.7178532386027215,0.6526976111463211,0.8086302509151968,1.0,0.0,0.0,1.0,0.0,1.0,0.0,1.0,0.0,0.0,1.0,0.0,1.0,0.0,1.0,0.0,0.0,1.0,0.0,0.0,1.0,0.0,0.0,1.0,0.0,0.0,0.0,0.0,1.0,1.0,0.0,0.0,1.0,0.0,0.0,0.0,1.0,1.0,0.0,0.0,0.0,0.0,1.0,4.0,0.0,1.0,0.0,1.126456227305138,0.0,1.0,0.0,0.0,1.0,0.0,0.0,1.0,0.0
7826-VVKWT,1,-0.3408762181180675,1.0565142821866886,-0.008757765676146402,1.0,0.0,0.0,1.0,0.0,1.0,0.0,1.0,1.0,0.0,0.0,0.0,1.0,0.0,1.0,0.0,0.0,1.0,0.0,0.0,0.0,0.0,1.0,1.0,0.0,0.0,0.0,0.0,1.0,0.0,0.0,1.0,0.0,0.0,1.0,0.0,1.0,0.0,0.0,1.0,0.0,1.0,0.0,5.0,0.0,0.0,1.0,0.025691923374698496,0.0,0.0,1.0,0.0,0.0,1.0,0.0,0.0,1.0
1353-GHZOS,0,-0.4223169455581282,-0.16656830993557784,-0.40101754089683145,0.0,1.0,0.0,1.0,1.0,0.0,0.0,1.0,1.0,0.0,0.0,1.0,0.0,0.0,0.0,0.0,1.0,1.0,0.0,0.0,1.0,0.0,0.0,1.0,0.0,0.0,0.0,0.0,1.0,1.0,0.0,0.0,0.0,1.0,0.0,0.0,1.0,1.0,0.0,0.0,0.0,1.0,0.0,4.0,0.0,0.0,1.0,0.9495653563388328,0.0,0.0,1.0,0.0,0.0,1.0,0.0,0.0,1.0
2587-EKXTS,0,0.47353105628253944,1.5533915852363596,1.1611390355303441,0.0,1.0,1.0,0.0,1.0,0.0,0.0,1.0,0.0,0.0,1.0,0.0,1.0,0.0,0.0,0.0,1.0,0.0,0.0,1.0,0.0,0.0,1.0,1.0,0.0,0.0,0.0,0.0,1.0,0.0,0.0,1.0,1.0,0.0,0.0,0.0,1.0,0.0,0.0,1.0,0.0,1.0,0.0,8.0,0.0,0.0,1.0,2.4520863418038057,0.0,0.0,1.0,0.0,0.0,1.0,0.0,0.0,1.0
5442-BXVND,0,0.025607055362205634,-1.3464441800535252,-0.6374278440708322,1.0,0.0,0.0,1.0,0.0,1.0,0.0,1.0,0.0,0.0,1.0,0.0,0.0,1.0,0.0,1.0,0.0,0.0,1.0,0.0,0.0,1.0,0.0,0.0,1.0,0.0,0.0,1.0,0.0,0.0,1.0,0.0,1.0,0.0,0.0,1.0,0.0,1.0,0.0,0.0,0.0,1.0,0.0,2.0,0.0,0.0,1.0,-24.89266473847027,0.0,0.0,1.0,0.0,0.0,1.0,0.0,0.0,1.0
8816-VXNZD,0,-1.2774445836787656,0.3436033691154218,-0.9742303549284085,1.0,0.0,1.0,0.0,1.0,0.0,0.0,1.0,0.0,0.0,1.0,0.0,1.0,0.0,1.0,0.0,0.0,1.0,0.0,0.0,1.0,0.0,0.0,1.0,0.0,0.0,1.0,0.0,0.0,1.0,0.0,0.0,1.0,0.0,0.0,0.0,1.0,0.0,0.0,1.0,0.0,0.0,1.0,3.0,1.0,0.0,0.0,0.7626400138022698,1.0,0.0,0.0,1.0,0.0,0.0,1.0,0.0,0.0
9378-FXTIZ,0,0.880734693482843,0.179085466098976,0.6319346711425231,1.0,0.0,0.0,1.0,1.0,0.0,0.0,1.0,0.0,0.0,1.0,1.0,0.0,0.0,1.0,0.0,0.0,1.0,0.0,0.0,1.0,0.0,0.0,1.0,0.0,0.0,0.0,0.0,1.0,0.0,0.0,1.0,0.0,1.0,0.0,0.0,1.0,0.0,1.0,0.0,0.0,0.0,1.0,5.0,0.0,1.0,0.0,0.7175085480549807,0.0,1.0,0.0,0.0,1.0,0.0,0.0,1.0,0.0
1723-HKXJQ,0,0.3920903288424788,1.2293411702039656,0.8780290391754756,0.0,1.0,1.0,0.0,1.0,0.0,0.0,1.0,0.0,0.0,1.0,0.0,1.0,0.0,1.0,0.0,0.0,0.0,0.0,1.0,1.0,0.0,0.0,1.0,0.0,0.0,0.0,0.0,1.0,0.0,0.0,1.0,1.0,0.0,0.0,0.0,1.0,0.0,0.0,1.0,0.0,0.0,1.0,6.0,0.0,0.0,1.0,2.2393539819448627,0.0,0.0,1.0,0.0,0.0,1.0,0.0,0.0,1.0
7825-GKXMW,0,-1.2774445836787656,-0.6302096729819263,-0.9871571476558475,1.0,0.0,1.0,0.0,1.0,0.0,0.0,1.0,1.0,0.0,0.0,1.0,0.0,0.0,1.0,0.0,0.0,1.0,0.0,0.0,1.0,0.0,0.0,1.0,0.0,0.0,1.0,0.0,0.0,1.0,0.0,0.0,1.0,0.0,0.0,1.0,0.0,0.0,0.0,1.0,0.0,0.0,1.0,2.0,1.0,0.0,0.0,0.7727592729017233,1.0,0.0,0.0,1.0,0.0,0.0,1.0,0.0,0.0
9753-OYLBX,0,-1.2774445836787656,-1.4710789550659844,-0.9983191905228853,1.0,0.0,1.0,0.0,1.0,0.0,0.0,1.0,1.0,0.0,0.0,0.0,0.0,1.0,0.0,1.0,0.0,0.0,1.0,0.0,0.0,1.0,0.0,0.0,1.0,0.0,0.0,1.0,0.0,0.0,1.0,0.0,1.0,0.0,0.0,1.0,0.0,0.0,0.0,0.0,1.0,1.0,0.0,1.0,1.0,0.0,0.0,0.7814970631821389,1.0,0.0,0.0,1.0,0.0,0.0,1.0,0.0,0.0
2364-UFROM,0,-0.0965540357978854,0.1873944510998066,-0.10524546429358399,0.0,1.0,1.0,0.0,1.0,0.0,0.0,1.0,1.0,0.0,0.0,1.0,0.0,0.0,0.0,0.0,1.0,0.0,0.0,1.0,1.0,0.0,0.0,0.0,0.0,1.0,0.0,0.0,1.0,1.0,0.0,0.0,0.0,1.0,0.0,1.0,0.0,0.0,0.0,1.0,0.0,1.0,0.0,6.0,0.0,0.0,1.0,1.0900162113771419,0.0,0.0,1.0,0.0,0.0,1.0,0.0,0.0,1.0
6656-JWRQX,0,-1.2774445836787656,-1.1370577580325938,-0.9938852564986271,1.0,0.0,1.0,0.0,1.0,0.0,1.0,0.0,0.0,1.0,0.0,1.0,0.0,0.0,1.0,0.0,0.0,1.0,0.0,0.0,1.0,0.0,0.0,0.0,0.0,1.0,1.0,0.0,0.0,1.0,0.0,0.0,1.0,0.0,0.0,1.0,0.0,0.0,0.0,0.0,1.0,1.0,0.0,2.0,1.0,0.0,0.0,0.7780261227743057,1.0,0.0,0.0,1.0,0.0,0.0,1.0,0.0,0.0
6473-ULUHT,0,-0.6666391278783103,0.6693155811479823,-0.39047316048093406,0.0,1.0,0.0,1.0,0.0,1.0,0.0,1.0,0.0,0.0,1.0,1.0,0.0,0.0,0.0,0.0,1.0,0.0,0.0,1.0,1.0,0.0,0.0,0.0,0.0,1.0,0.0,0.0,1.0,0.0,0.0,1.0,1.0,0.0,0.0,1.0,0.0,0.0,0.0,1.0,0.0,1.0,0.0,8.0,1.0,0.0,0.0,0.5857339363257595,1.0,0.0,0.0,1.0,0.0,0.0,1.0,0.0,0.0
1240-KNSEZ,0,-1.2774445836787656,-1.4843733310673135,-0.9984956655089255,0.0,1.0,1.0,0.0,1.0,0.0,0.0,1.0,1.0,0.0,0.0,0.0,0.0,1.0,0.0,1.0,0.0,0.0,1.0,0.0,0.0,1.0,0.0,0.0,1.0,0.0,0.0,1.0,0.0,0.0,1.0,0.0,1.0,0.0,0.0,0.0,1.0,0.0,0.0,0.0,1.0,0.0,1.0,1.0,1.0,0.0,0.0,0.7816352100640427,1.0,0.0,0.0,1.0,0.0,0.0,1.0,0.0,0.0
0836-SEYLU,0,-0.9516816739185228,-0.801374763999037,-0.8622349169126949,0.0,1.0,0.0,1.0,1.0,0.0,1.0,0.0,0.0,1.0,0.0,1.0,0.0,0.0,1.0,0.0,0.0,1.0,0.0,0.0,1.0,0.0,0.0,0.0,0.0,1.0,0.0,0.0,1.0,1.0,0.0,0.0,1.0,0.0,0.0,1.0,0.0,0.0,0.0,0.0,1.0,0.0,1.0,3.0,1.0,0.0,0.0,0.9060118950935209,1.0,0.0,0.0,1.0,0.0,0.0,1.0,0.0,0.0
4433-JCGCG,1,0.5549717837226001,1.2044142152014738,1.0574158624852614,0.0,1.0,0.0,1.0,1.0,0.0,0.0,1.0,0.0,0.0,1.0,0.0,1.0,0.0,1.0,0.0,0.0,1.0,0.0,0.0,0.0,0.0,1.0,1.0,0.0,0.0,0.0,0.0,1.0,0.0,0.0,1.0,1.0,0.0,0.0,0.0,1.0,0.0,0.0,1.0,0.0,0.0,1.0,6.0,0.0,1.0,0.0,1.9053506745737643,0.0,1.0,0.0,0.0,1.0,0.0,0.0,1.0,0.0
3716-BDVDB,0,-1.2774445836787656,0.14418772909548702,-0.9768774797190104,0.0,1.0,1.0,0.0,1.0,0.0,0.0,1.0,1.0,0.0,0.0,0.0,1.0,0.0,1.0,0.0,0.0,1.0,0.0,0.0,1.0,0.0,0.0,1.0,0.0,0.0,1.0,0.0,0.0,1.0,0.0,0.0,1.0,0.0,0.0,0.0,1.0,0.0,0.0,1.0,0.0,0.0,1.0,2.0,1.0,0.0,0.0,0.7647122170308268,1.0,0.0,0.0,1.0,0.0,0.0,1.0,0.0,0.0
7688-AWMDX,0,1.5729808767233588,-0.3410569949530208,0.6595309470845473,0.0,1.0,0.0,1.0,1.0,0.0,0.0,1.0,1.0,0.0,0.0,1.0,0.0,0.0,0.0,0.0,1.0,1.0,0.0,0.0,1.0,0.0,0.0,0.0,0.0,1.0,1.0,0.0,0.0,1.0,0.0,0.0,0.0,0.0,1.0,1.0,0.0,1.0,0.0,0.0,0.0,1.0,0.0,4.0,0.0,1.0,0.0,0.4192873269116923,0.0,1.0,0.0,0.0,1.0,0.0,0.0,1.0,0.0
2842-BCQGE,0,0.43281069256250915,0.35191235411625243,0.3874065186106766,0.0,1.0,1.0,0.0,1.0,0.0,0.0,1.0,0.0,0.0,1.0,0.0,1.0,0.0,1.0,0.0,0.0,1.0,0.0,0.0,1.0,0.0,0.0,1.0,0.0,0.0,1.0,0.0,0.0,1.0,0.0,0.0,1.0,0.0,0.0,0.0,1.0,0.0,1.0,0.0,0.0,1.0,0.0,3.0,0.0,0.0,1.0,0.8950946112652358,0.0,0.0,1.0,0.0,0.0,1.0,0.0,0.0,1.0
7244-QWYHG,0,0.7178532386027215,-0.6750781919864114,-0.04184682555866961,0.0,1.0,0.0,1.0,1.0,0.0,1.0,0.0,0.0,1.0,0.0,1.0,0.0,0.0,0.0,0.0,1.0,1.0,0.0,0.0,1.0,0.0,0.0,0.0,0.0,1.0,0.0,0.0,1.0,1.0,0.0,0.0,0.0,1.0,0.0,0.0,1.0,1.0,0.0,0.0,0.0,1.0,0.0,4.0,0.0,1.0,0.0,-0.058294402404763294,0.0,1.0,0.0,0.0,1.0,0.0,0.0,1.0,0.0
5899-MQZZL,0,-0.7888002190384014,0.3402797751150897,-0.5664187215629374,1.0,0.0,1.0,0.0,1.0,0.0,0.0,1.0,0.0,0.0,1.0,0.0,1.0,0.0,1.0,0.0,0.0,1.0,0.0,0.0,1.0,0.0,0.0,1.0,0.0,0.0,1.0,0.0,0.0,1.0,0.0,0.0,1.0,0.0,0.0,0.0,1.0,0.0,0.0,0.0,1.0,0.0,1.0,3.0,1.0,0.0,0.0,0.718076273170206,1.0,0.0,0.0,1.0,0.0,0.0,1.0,0.0,0.0
6849-OYAMU,0,-0.5444780367182193,1.1711782751981514,-0.17411482759574226,0.0,1.0,0.0,1.0,0.0,1.0,0.0,1.0,1.0,0.0,0.0,0.0,1.0,0.0,1.0,0.0,0.0,0.0,0.0,1.0,1.0,0.0,0.0,0.0,0.0,1.0,0.0,0.0,1.0,0.0,0.0,1.0,0.0,1.0,0.0,1.0,0.0,1.0,0.0,0.0,0.0,0.0,1.0,6.0,1.0,0.0,0.0,0.31978301392136954,1.0,0.0,0.0,1.0,0.0,0.0,1.0,0.0,0.0
5312-UXESG,0,0.35136996512244845,1.1063681921916724,0.753239164671853,1.0,0.0,1.0,0.0,1.0,0.0,0.0,1.0,0.0,0.0,1.0,0.0,1.0,0.0,1.0,0.0,0.0,1.0,0.0,0.0,0.0,0.0,1.0,1.0,0.0,0.0,0.0,0.0,1.0,0.0,0.0,1.0,1.0,0.0,0.0,1.0,0.0,1.0,0.0,0.0,0.0,1.0,0.0,6.0,0.0,0.0,1.0,2.143720976291635,0.0,0.0,1.0,0.0,0.0,1.0,0.0,0.0,1.0
9488-HGMJH,1,-1.2774445836787656,0.21232140610229844,-0.9759730454155546,1.0,0.0,1.0,0.0,1.0,0.0,0.0,1.0,1.0,0.0,0.0,0.0,1.0,0.0,1.0,0.0,0.0,1.0,0.0,0.0,1.0,0.0,0.0,1.0,0.0,0.0,1.0,0.0,0.0,1.0,0.0,0.0,1.0,0.0,0.0,0.0,1.0,0.0,0.0,1.0,0.0,0.0,1.0,2.0,1.0,0.0,0.0,0.7640042142610697,1.0,0.0,0.0,1.0,0.0,0.0,1.0,0.0,0.0
6038-GCYEC,0,-0.3408762181180675,-0.35268957395418365,-0.4601807799667829,1.0,0.0,1.0,0.0,1.0,0.0,1.0,0.0,0.0,1.0,0.0,1.0,0.0,0.0,1.0,0.0,0.0,0.0,0.0,1.0,0.0,0.0,1.0,1.0,0.0,0.0,0.0,0.0,1.0,0.0,0.0,1.0,1.0,0.0,0.0,0.0,1.0,0.0,1.0,0.0,0.0,0.0,1.0,5.0,0.0,0.0,1.0,1.349993796890203,0.0,0.0,1.0,0.0,0.0,1.0,0.0,0.0,1.0
2150-WLKUW,0,0.3106496014024181,-0.028639158921789646,0.15516543698187366,1.0,0.0,0.0,1.0,1.0,0.0,0.0,1.0,0.0,0.0,1.0,1.0,0.0,0.0,1.0,0.0,0.0,0.0,0.0,1.0,1.0,0.0,0.0,1.0,0.0,0.0,0.0,0.0,1.0,1.0,0.0,0.0,0.0,1.0,0.0,1.0,0.0,1.0,0.0,0.0,0.0,1.0,0.0,5.0,0.0,0.0,1.0,0.4994869984747576,0.0,0.0,1.0,0.0,0.0,1.0,0.0,0.0,1.0
7159-FVYPK,0,-1.1960038562387048,0.14584952609565352,-0.903684479258869,1.0,0.0,0.0,1.0,0.0,1.0,0.0,1.0,0.0,0.0,1.0,1.0,0.0,0.0,1.0,0.0,0.0,0.0,0.0,1.0,0.0,0.0,1.0,1.0,0.0,0.0,0.0,0.0,1.0,1.0,0.0,0.0,1.0,0.0,0.0,0.0,1.0,1.0,0.0,0.0,0.0,1.0,0.0,6.0,1.0,0.0,0.0,0.7555865932580295,1.0,0.0,0.0,1.0,0.0,0.0,1.0,0.0,0.0
7032-LMBHI,0,0.18848851024232702,-0.003712203919297562,0.028478456378319753,1.0,0.0,1.0,0.0,1.0,0.0,0.0,1.0,0.0,0.0,1.0,1.0,0.0,0.0,0.0,0.0,1.0,1.0,0.0,0.0,1.0,0.0,0.0,1.0,0.0,0.0,0.0,0.0,1.0,1.0,0.0,0.0,0.0,1.0,0.0,1.0,0.0,1.0,0.0,0.0,0.0,1.0,0.0,5.0,0.0,0.0,1.0,0.15108855357659157,0.0,0.0,1.0,0.0,0.0,1.0,0.0,0.0,1.0
1150-WFARN,0,1.4100994218432374,1.461992750227223,2.1498622041933926,1.0,0.0,0.0,1.0,0.0,1.0,0.0,1.0,0.0,0.0,1.0,0.0,1.0,0.0,0.0,0.0,1.0,1.0,0.0,0.0,0.0,0.0,1.0,0.0,0.0,1.0,0.0,0.0,1.0,0.0,0.0,1.0,0.0,0.0,1.0,0.0,1.0,0.0,1.0,0.0,0.0,0.0,1.0,8.0,0.0,1.0,0.0,1.5246174637694416,0.0,1.0,0.0,0.0,1.0,0.0,0.0,1.0,0.0
6088-BXMRG,0,-0.015113308357824713,1.1329569441943304,0.35572925861647425,1.0,0.0,0.0,1.0,0.0,1.0,0.0,1.0,0.0,0.0,1.0,0.0,1.0,0.0,1.0,0.0,0.0,0.0,0.0,1.0,1.0,0.0,0.0,1.0,0.0,0.0,0.0,0.0,1.0,0.0,0.0,1.0,1.0,0.0,0.0,0.0,1.0,0.0,0.0,1.0,0.0,1.0,0.0,6.0,0.0,0.0,1.0,-23.53748432799627,0.0,0.0,1.0,0.0,0.0,1.0,0.0,0.0,1.0
3144-AUDBS,0,-1.0738427650786138,-0.518869273970796,-0.8878899680082779,1.0,0.0,0.0,1.0,1.0,0.0,0.0,1.0,1.0,0.0,0.0,1.0,0.0,0.0,1.0,0.0,0.0,1.0,0.0,0.0,1.0,0.0,0.0,0.0,0.0,1.0,1.0,0.0,0.0,1.0,0.0,0.0,1.0,0.0,0.0,0.0,1.0,0.0,0.0,1.0,0.0,0.0,1.0,3.0,1.0,0.0,0.0,0.8268342413642629,1.0,0.0,0.0,1.0,0.0,0.0,1.0,0.0,0.0
4821-SJHJV,0,-0.015113308357824713,0.8255244991635975,0.2728742526706363,1.0,0.0,0.0,1.0,0.0,1.0,0.0,1.0,0.0,0.0,1.0,0.0,1.0,0.0,0.0,0.0,1.0,1.0,0.0,0.0,1.0,0.0,0.0,1.0,0.0,0.0,0.0,0.0,1.0,1.0,0.0,0.0,1.0,0.0,0.0,1.0,0.0,0.0,0.0,1.0,0.0,1.0,0.0,5.0,0.0,0.0,1.0,-18.05522961684027,0.0,0.0,1.0,0.0,0.0,1.0,0.0,0.0,1.0
7346-MEDWM,0,1.0843365120829946,0.6144762801425001,1.1761173499704998,1.0,0.0,1.0,0.0,1.0,0.0,0.0,1.0,0.0,0.0,1.0,0.0,1.0,0.0,1.0,0.0,0.0,0.0,0.0,1.0,0.0,0.0,1.0,1.0,0.0,0.0,1.0,0.0,0.0,1.0,0.0,0.0,1.0,0.0,0.0,0.0,1.0,0.0,0.0,1.0,0.0,1.0,0.0,5.0,0.0,1.0,0.0,1.0846423936340532,0.0,1.0,0.0,0.0,1.0,0.0,0.0,1.0,0.0
1137-DGOWI,0,-0.0965540357978854,0.18240906009930805,-0.03723641654837125,1.0,0.0,0.0,1.0,1.0,0.0,0.0,1.0,1.0,0.0,0.0,1.0,0.0,0.0,1.0,0.0,0.0,0.0,0.0,1.0,0.0,0.0,1.0,0.0,0.0,1.0,1.0,0.0,0.0,0.0,0.0,1.0,0.0,1.0,0.0,1.0,0.0,1.0,0.0,0.0,0.0,1.0,0.0,6.0,0.0,0.0,1.0,0.38565365228562254,0.0,0.0,1.0,0.0,0.0,1.0,0.0,0.0,1.0
5616-PRTNT,0,-0.5037576729981889,-1.5076384890696393,-0.8421388278773758,0.0,1.0,1.0,0.0,0.0,1.0,0.0,1.0,1.0,0.0,0.0,0.0,0.0,1.0,0.0,1.0,0.0,0.0,1.0,0.0,0.0,1.0,0.0,0.0,1.0,0.0,0.0,1.0,0.0,0.0,1.0,0.0,1.0,0.0,0.0,0.0,1.0,0.0,0.0,1.0,0.0,0.0,1.0,1.0,1.0,0.0,0.0,1.67171414554395,1.0,0.0,0.0,1.0,0.0,0.0,1.0,0.0,0.0
3812-LRZIR,0,-0.21871512695797646,-1.3381351950526947,-0.6712007445242609,1.0,0.0,0.0,1.0,0.0,1.0,0.0,1.0,0.0,0.0,1.0,0.0,0.0,1.0,0.0,1.0,0.0,0.0,1.0,0.0,0.0,1.0,0.0,0.0,1.0,0.0,0.0,1.0,0.0,0.0,1.0,0.0,0.0,0.0,1.0,1.0,0.0,0.0,0.0,1.0,0.0,1.0,0.0,2.0,0.0,0.0,1.0,3.0688354932725996,0.0,0.0,1.0,0.0,0.0,1.0,0.0,0.0,1.0
4818-QIUFN,1,-0.5037576729981889,0.47820892612887816,-0.336361517886381,1.0,0.0,1.0,0.0,1.0,0.0,0.0,1.0,0.0,0.0,1.0,0.0,1.0,0.0,0.0,0.0,1.0,1.0,0.0,0.0,1.0,0.0,0.0,1.0,0.0,0.0,1.0,0.0,0.0,1.0,0.0,0.0,1.0,0.0,0.0,0.0,1.0,0.0,0.0,1.0,0.0,0.0,1.0,4.0,1.0,0.0,0.0,0.6677050016617619,1.0,0.0,0.0,1.0,0.0,0.0,1.0,0.0,0.0
9483-GCPWE,0,-0.9516816739185228,-1.4843733310673135,-0.9234276183221078,0.0,1.0,1.0,0.0,0.0,1.0,0.0,1.0,1.0,0.0,0.0,0.0,0.0,1.0,0.0,1.0,0.0,0.0,1.0,0.0,0.0,1.0,0.0,0.0,1.0,0.0,0.0,1.0,0.0,0.0,1.0,0.0,0.0,1.0,0.0,1.0,0.0,0.0,0.0,0.0,1.0,1.0,0.0,1.0,1.0,0.0,0.0,0.9703114430268688,1.0,0.0,0.0,1.0,0.0,0.0,1.0,0.0,0.0
4227-OJHAL,0,1.4508197855632678,0.27380789510844483,1.270487348755456,1.0,0.0,0.0,1.0,0.0,1.0,0.0,1.0,0.0,0.0,1.0,1.0,0.0,0.0,0.0,0.0,1.0,0.0,0.0,1.0,0.0,0.0,1.0,1.0,0.0,0.0,0.0,0.0,1.0,1.0,0.0,0.0,0.0,1.0,0.0,0.0,1.0,0.0,1.0,0.0,0.0,1.0,0.0,7.0,0.0,1.0,0.0,0.8757030758732041,0.0,1.0,0.0,0.0,1.0,0.0,0.0,1.0,0.0
9220-CXRSC,0,1.4915401492832983,-0.11172900893009581,0.7837913966300495,1.0,0.0,0.0,1.0,0.0,1.0,0.0,1.0,0.0,0.0,1.0,1.0,0.0,0.0,0.0,0.0,1.0,1.0,0.0,0.0,1.0,0.0,0.0,0.0,0.0,1.0,1.0,0.0,0.0,1.0,0.0,0.0,0.0,0.0,1.0,1.0,0.0,0.0,1.0,0.0,0.0,1.0,0.0,5.0,0.0,1.0,0.0,0.5254913164802637,0.0,1.0,0.0,0.0,1.0,0.0,0.0,1.0,0.0
4993-JCRGJ,0,-0.2594354906780068,0.6493740171459885,-0.0007502131845757452,0.0,1.0,1.0,0.0,1.0,0.0,0.0,1.0,0.0,0.0,1.0,0.0,1.0,0.0,1.0,0.0,0.0,1.0,0.0,0.0,0.0,0.0,1.0,0.0,0.0,1.0,1.0,0.0,0.0,1.0,0.0,0.0,1.0,0.0,0.0,0.0,1.0,0.0,0.0,0.0,1.0,1.0,0.0,5.0,0.0,0.0,1.0,0.002891713784475453,0.0,0.0,1.0,0.0,0.0,1.0,0.0,0.0,1.0
9537-JALFH,0,1.4915401492832983,-1.491020519067978,-0.40880449965585186,0.0,1.0,0.0,1.0,0.0,1.0,0.0,1.0,1.0,0.0,0.0,0.0,0.0,1.0,0.0,1.0,0.0,0.0,1.0,0.0,0.0,1.0,0.0,0.0,1.0,0.0,0.0,1.0,0.0,0.0,1.0,0.0,0.0,0.0,1.0,1.0,0.0,1.0,0.0,0.0,0.0,1.0,0.0,1.0,0.0,1.0,0.0,-0.2740821290343991,0.0,1.0,0.0,0.0,1.0,0.0,0.0,1.0,0.0
6698-OXETB,0,-0.8702409464784621,-1.4744025490663168,-0.9052506947599752,0.0,1.0,1.0,0.0,1.0,0.0,0.0,1.0,1.0,0.0,0.0,0.0,0.0,1.0,0.0,1.0,0.0,0.0,1.0,0.0,0.0,1.0,0.0,0.0,1.0,0.0,0.0,1.0,0.0,0.0,1.0,0.0,0.0,0.0,1.0,1.0,0.0,0.0,0.0,0.0,1.0,1.0,0.0,1.0,1.0,0.0,0.0,1.0402299482955661,1.0,0.0,0.0,1.0,0.0,0.0,1.0,0.0,0.0
2103-ZRXFN,0,-1.2774445836787656,-0.46569176996548,-0.984973269703601,0.0,1.0,1.0,0.0,1.0,0.0,0.0,1.0,0.0,0.0,1.0,1.0,0.0,0.0,1.0,0.0,0.0,1.0,0.0,0.0,1.0,0.0,0.0,1.0,0.0,0.0,1.0,0.0,0.0,1.0,0.0,0.0,1.0,0.0,0.0,1.0,0.0,0.0,0.0,0.0,1.0,1.0,0.0,3.0,1.0,0.0,0.0,0.7710497052381637,1.0,0.0,0.0,1.0,0.0,0.0,1.0,0.0,0.0
3724-BSCVH,0,-0.9109613101984924,-1.4727407520661506,-0.9004196920171267,0.0,1.0,0.0,1.0,0.0,1.0,0.0,1.0,1.0,0.0,0.0,0.0,0.0,1.0,0.0,1.0,0.0,0.0,1.0,0.0,0.0,1.0,0.0,0.0,1.0,0.0,0.0,1.0,0.0,0.0,1.0,0.0,0.0,1.0,0.0,1.0,0.0,0.0,0.0,0.0,1.0,1.0,0.0,1.0,1.0,0.0,0.0,0.988428028651328,1.0,0.0,0.0,1.0,0.0,0.0,1.0,0.0,0.0
4877-TSOFF,0,0.9214550572028734,0.3652067301175816,0.8739701144965528,1.0,0.0,0.0,1.0,0.0,1.0,0.0,1.0,0.0,0.0,1.0,1.0,0.0,0.0,0.0,0.0,1.0,0.0,0.0,1.0,1.0,0.0,0.0,0.0,0.0,1.0,1.0,0.0,0.0,0.0,0.0,1.0,0.0,1.0,0.0,0.0,1.0,1.0,0.0,0.0,0.0,1.0,0.0,7.0,0.0,1.0,0.0,0.94846743491705,0.0,1.0,0.0,0.0,1.0,0.0,0.0,1.0,0.0
9209-NWPGU,0,0.47353105628253944,0.021214751083194285,0.21673314773662192,0.0,1.0,1.0,0.0,1.0,0.0,0.0,1.0,1.0,0.0,0.0,1.0,0.0,0.0,0.0,0.0,1.0,1.0,0.0,0.0,1.0,0.0,0.0,0.0,0.0,1.0,0.0,0.0,1.0,1.0,0.0,0.0,0.0,1.0,0.0,1.0,0.0,0.0,0.0,1.0,0.0,1.0,0.0,5.0,0.0,0.0,1.0,0.4576957410947611,0.0,0.0,1.0,0.0,0.0,1.0,0.0,0.0,1.0
6961-VCPMC,1,0.5549717837226001,0.5197538511330312,0.5832055156221938,0.0,1.0,0.0,1.0,1.0,0.0,0.0,1.0,1.0,0.0,0.0,0.0,1.0,0.0,1.0,0.0,0.0,1.0,0.0,0.0,1.0,0.0,0.0,1.0,0.0,0.0,1.0,0.0,0.0,0.0,0.0,1.0,1.0,0.0,0.0,0.0,1.0,0.0,0.0,1.0,0.0,0.0,1.0,3.0,0.0,1.0,0.0,1.050874175458452,0.0,1.0,0.0,0.0,1.0,0.0,0.0,1.0,0.0
7306-YDSOI,0,1.4915401492832983,-0.16656830993557784,0.7882253306543077,0.0,1.0,0.0,1.0,0.0,1.0,0.0,1.0,1.0,0.0,0.0,1.0,0.0,0.0,0.0,0.0,1.0,0.0,0.0,1.0,0.0,0.0,1.0,1.0,0.0,0.0,1.0,0.0,0.0,1.0,0.0,0.0,0.0,0.0,1.0,0.0,1.0,1.0,0.0,0.0,0.0,1.0,0.0,5.0,0.0,1.0,0.0,0.5284640383519403,0.0,1.0,0.0,0.0,1.0,0.0,0.0,1.0,0.0
5288-AHOUP,1,-0.8702409464784621,0.45660556512671835,-0.6216774515667511,0.0,1.0,1.0,0.0,1.0,0.0,0.0,1.0,1.0,0.0,0.0,0.0,1.0,0.0,1.0,0.0,0.0,1.0,0.0,0.0,1.0,0.0,0.0,1.0,0.0,0.0,1.0,0.0,0.0,0.0,0.0,1.0,1.0,0.0,0.0,0.0,1.0,0.0,0.0,1.0,0.0,1.0,0.0,3.0,1.0,0.0,0.0,0.7143739375657352,1.0,0.0,0.0,1.0,0.0,0.0,1.0,0.0,0.0
6688-UZPWD,0,-0.8702409464784621,1.2376501552047963,-0.5020494704048023,1.0,0.0,0.0,1.0,1.0,0.0,0.0,1.0,0.0,0.0,1.0,0.0,1.0,0.0,1.0,0.0,0.0,0.0,0.0,1.0,1.0,0.0,0.0,1.0,0.0,0.0,0.0,0.0,1.0,0.0,0.0,1.0,1.0,0.0,0.0,0.0,1.0,0.0,0.0,1.0,0.0,0.0,1.0,6.0,1.0,0.0,0.0,0.5769085819696347,1.0,0.0,0.0,1.0,0.0,0.0,1.0,0.0,0.0
0655-YDGFJ,0,-0.13727439951791576,-0.5255164619714603,-0.4233636860041621,0.0,1.0,1.0,0.0,1.0,0.0,0.0,1.0,1.0,0.0,0.0,1.0,0.0,0.0,1.0,0.0,0.0,1.0,0.0,0.0,0.0,0.0,1.0,1.0,0.0,0.0,1.0,0.0,0.0,1.0,0.0,0.0,1.0,0.0,0.0,1.0,0.0,1.0,0.0,0.0,0.0,1.0,0.0,3.0,0.0,0.0,1.0,3.0840687520101566,0.0,0.0,1.0,0.0,0.0,1.0,0.0,0.0,1.0
8468-EHYJA,0,1.002895784642934,1.1595456961969886,1.4178660214722143,1.0,0.0,0.0,1.0,1.0,0.0,0.0,1.0,0.0,0.0,1.0,0.0,1.0,0.0,0.0,0.0,1.0,1.0,0.0,0.0,1.0,0.0,0.0,1.0,0.0,0.0,0.0,0.0,1.0,0.0,0.0,1.0,1.0,0.0,0.0,0.0,1.0,0.0,0.0,1.0,0.0,1.0,0.0,6.0,0.0,1.0,0.0,1.4137720421040798,0.0,1.0,0.0,0.0,1.0,0.0,0.0,1.0,0.0
6823-SIDFQ,0,-0.1779947632379461,-1.5458598200734601,-0.7714605959683062,0.0,1.0,1.0,0.0,1.0,0.0,0.0,1.0,1.0,0.0,0.0,0.0,0.0,1.0,0.0,1.0,0.0,0.0,1.0,0.0,0.0,1.0,0.0,0.0,1.0,0.0,0.0,1.0,0.0,0.0,1.0,0.0,0.0,1.0,0.0,1.0,0.0,0.0,1.0,0.0,0.0,1.0,0.0,1.0,0.0,0.0,1.0,4.334175803458925,0.0,0.0,1.0,0.0,0.0,1.0,0.0,0.0,1.0
1097-FSPVW,0,0.3920903288424788,-0.3393951979528547,0.07577375263707305,1.0,0.0,1.0,0.0,1.0,0.0,0.0,1.0,1.0,0.0,0.0,1.0,0.0,0.0,0.0,0.0,1.0,1.0,0.0,0.0,0.0,0.0,1.0,1.0,0.0,0.0,1.0,0.0,0.0,1.0,0.0,0.0,1.0,0.0,0.0,1.0,0.0,0.0,1.0,0.0,0.0,1.0,0.0,4.0,0.0,0.0,1.0,0.1932558572938302,0.0,0.0,1.0,0.0,0.0,1.0,0.0,0.0,1.0
2839-RFSQE,0,-1.2367242199587352,-1.4660935640654862,-0.9902895786580598,1.0,0.0,1.0,0.0,1.0,0.0,0.0,1.0,1.0,0.0,0.0,0.0,0.0,1.0,0.0,1.0,0.0,0.0,1.0,0.0,0.0,1.0,0.0,0.0,1.0,0.0,0.0,1.0,0.0,0.0,1.0,0.0,1.0,0.0,0.0,1.0,0.0,0.0,0.0,0.0,1.0,0.0,1.0,1.0,1.0,0.0,0.0,0.8007359787059899,1.0,0.0,0.0,1.0,0.0,0.0,1.0,0.0,0.0
8328-SKJNO,0,-0.38159658183809786,-0.801374763999037,-0.5893825291214085,0.0,1.0,1.0,0.0,0.0,1.0,1.0,0.0,0.0,1.0,0.0,1.0,0.0,0.0,0.0,0.0,1.0,0.0,0.0,1.0,1.0,0.0,0.0,0.0,0.0,1.0,1.0,0.0,0.0,1.0,0.0,0.0,0.0,1.0,0.0,1.0,0.0,1.0,0.0,0.0,0.0,1.0,0.0,4.0,0.0,0.0,1.0,1.544517317955089,0.0,0.0,1.0,0.0,0.0,1.0,0.0,0.0,1.0
7010-ZMVBF,0,-0.5851984004382496,-1.4727407520661506,-0.8498596085166312,1.0,0.0,0.0,1.0,0.0,1.0,0.0,1.0,1.0,0.0,0.0,0.0,0.0,1.0,0.0,1.0,0.0,0.0,1.0,0.0,0.0,1.0,0.0,0.0,1.0,0.0,0.0,1.0,0.0,0.0,1.0,0.0,1.0,0.0,0.0,1.0,0.0,0.0,0.0,0.0,1.0,1.0,0.0,1.0,1.0,0.0,0.0,1.4522589396693146,1.0,0.0,0.0,1.0,0.0,0.0,1.0,0.0,0.0
5201-CBWYG,0,1.2064976032430856,-1.328164413051698,-0.3560605382031099,0.0,1.0,0.0,1.0,0.0,1.0,0.0,1.0,0.0,0.0,1.0,0.0,0.0,1.0,0.0,1.0,0.0,0.0,1.0,0.0,0.0,1.0,0.0,0.0,1.0,0.0,0.0,1.0,0.0,0.0,1.0,0.0,0.0,1.0,0.0,1.0,0.0,1.0,0.0,0.0,0.0,1.0,0.0,2.0,0.0,1.0,0.0,-0.2951191425876133,0.0,1.0,0.0,0.0,1.0,0.0,0.0,1.0,0.0
0968-GSIKN,0,-1.2774445836787656,0.2006888271011353,-0.9761274610283397,1.0,0.0,1.0,0.0,1.0,0.0,0.0,1.0,1.0,0.0,0.0,0.0,1.0,0.0,1.0,0.0,0.0,1.0,0.0,0.0,1.0,0.0,0.0,1.0,0.0,0.0,1.0,0.0,0.0,1.0,0.0,0.0,1.0,0.0,0.0,0.0,1.0,0.0,0.0,0.0,1.0,0.0,1.0,2.0,1.0,0.0,0.0,0.7641250927827355,1.0,0.0,0.0,1.0,0.0,0.0,1.0,0.0,0.0
1965-DDBWU,0,-0.6666391278783103,0.8072447321617703,-0.3682593716131335,0.0,1.0,1.0,0.0,1.0,0.0,0.0,1.0,0.0,0.0,1.0,0.0,1.0,0.0,1.0,0.0,0.0,1.0,0.0,0.0,1.0,0.0,0.0,0.0,0.0,1.0,1.0,0.0,0.0,0.0,0.0,1.0,1.0,0.0,0.0,0.0,1.0,0.0,1.0,0.0,0.0,0.0,1.0,5.0,1.0,0.0,0.0,0.5524118765503311,1.0,0.0,0.0,1.0,0.0,0.0,1.0,0.0,0.0
9057-SIHCH,0,-1.1960038562387048,1.0581760791868549,-0.8785809124946613,1.0,0.0,1.0,0.0,1.0,0.0,0.0,1.0,0.0,0.0,1.0,0.0,1.0,0.0,1.0,0.0,0.0,1.0,0.0,0.0,1.0,0.0,0.0,1.0,0.0,0.0,0.0,0.0,1.0,0.0,0.0,1.0,1.0,0.0,0.0,0.0,1.0,0.0,0.0,1.0,0.0,0.0,1.0,5.0,1.0,0.0,0.0,0.7345970566162702,1.0,0.0,0.0,1.0,0.0,0.0,1.0,0.0,0.0
6352-GIGGQ,0,1.4100994218432374,0.7989357471609396,1.5970322510494497,0.0,1.0,1.0,0.0,1.0,0.0,0.0,1.0,0.0,0.0,1.0,1.0,0.0,0.0,0.0,0.0,1.0,0.0,0.0,1.0,0.0,0.0,1.0,0.0,0.0,1.0,0.0,0.0,1.0,0.0,0.0,1.0,0.0,1.0,0.0,0.0,1.0,1.0,0.0,0.0,0.0,1.0,0.0,9.0,0.0,1.0,0.0,1.1325671270482895,0.0,1.0,0.0,0.0,1.0,0.0,0.0,1.0,0.0
3635-QQRQD,0,1.2064976032430856,-1.4860351280674797,-0.4772106161196548,0.0,1.0,1.0,0.0,1.0,0.0,0.0,1.0,1.0,0.0,0.0,0.0,0.0,1.0,0.0,1.0,0.0,0.0,1.0,0.0,0.0,1.0,0.0,0.0,1.0,0.0,0.0,1.0,0.0,0.0,1.0,0.0,0.0,0.0,1.0,0.0,1.0,0.0,1.0,0.0,0.0,1.0,0.0,1.0,0.0,1.0,0.0,-0.3955338285272219,0.0,1.0,0.0,0.0,1.0,0.0,0.0,1.0,0.0
6771-XWBDM,0,1.002895784642934,1.3207400052131024,1.6050618629142757,1.0,0.0,0.0,1.0,1.0,0.0,0.0,1.0,0.0,0.0,1.0,0.0,1.0,0.0,1.0,0.0,0.0,0.0,0.0,1.0,0.0,0.0,1.0,1.0,0.0,0.0,0.0,0.0,1.0,0.0,0.0,1.0,1.0,0.0,0.0,0.0,1.0,0.0,1.0,0.0,0.0,0.0,1.0,7.0,0.0,1.0,0.0,1.6004273699143463,0.0,1.0,0.0,0.0,1.0,0.0,0.0,1.0,0.0
2897-DOVND,0,-1.2367242199587352,0.16745288709781284,-0.9426633918004813,0.0,1.0,1.0,0.0,1.0,0.0,0.0,1.0,1.0,0.0,0.0,0.0,1.0,0.0,1.0,0.0,0.0,1.0,0.0,0.0,1.0,0.0,0.0,1.0,0.0,0.0,1.0,0.0,0.0,1.0,0.0,0.0,1.0,0.0,0.0,0.0,1.0,0.0,0.0,1.0,0.0,1.0,0.0,2.0,1.0,0.0,0.0,0.7622260295281792,1.0,0.0,0.0,1.0,0.0,0.0,1.0,0.0,0.0
3082-YVEKW,0,-0.38159658183809786,0.4117370461222332,-0.23113830745995725,1.0,0.0,0.0,1.0,0.0,1.0,0.0,1.0,0.0,0.0,1.0,1.0,0.0,0.0,0.0,0.0,1.0,1.0,0.0,0.0,0.0,0.0,1.0,0.0,0.0,1.0,0.0,0.0,1.0,1.0,0.0,0.0,0.0,0.0,1.0,0.0,1.0,1.0,0.0,0.0,0.0,1.0,0.0,7.0,0.0,0.0,1.0,0.6057137785317575,0.0,0.0,1.0,0.0,0.0,1.0,0.0,0.0,1.0
0191-EQUUH,0,-0.30015585439803716,-0.9874960280176428,-0.6348027786534853,1.0,0.0,1.0,0.0,0.0,1.0,1.0,0.0,0.0,1.0,0.0,1.0,0.0,0.0,0.0,0.0,1.0,1.0,0.0,0.0,1.0,0.0,0.0,0.0,0.0,1.0,1.0,0.0,0.0,1.0,0.0,0.0,0.0,0.0,1.0,1.0,0.0,1.0,0.0,0.0,0.0,1.0,0.0,3.0,0.0,0.0,1.0,2.1149105351504236,0.0,0.0,1.0,0.0,0.0,1.0,0.0,0.0,1.0
7134-HBPBS,1,1.6137012404433893,1.440389389225063,2.422449879505619,1.0,0.0,1.0,0.0,1.0,0.0,0.0,1.0,0.0,0.0,1.0,0.0,1.0,0.0,1.0,0.0,0.0,0.0,0.0,1.0,0.0,0.0,1.0,0.0,0.0,1.0,0.0,0.0,1.0,0.0,0.0,1.0,0.0,0.0,1.0,0.0,1.0,1.0,0.0,0.0,0.0,1.0,0.0,8.0,0.0,1.0,0.0,1.5011761897388227,0.0,1.0,0.0,0.0,1.0,0.0,0.0,1.0,0.0
3489-HHPFY,0,-1.2367242199587352,0.641065032145158,-0.9482223538607452,1.0,0.0,0.0,1.0,1.0,0.0,0.0,1.0,0.0,0.0,1.0,0.0,1.0,0.0,1.0,0.0,0.0,1.0,0.0,0.0,1.0,0.0,0.0,1.0,0.0,0.0,0.0,0.0,1.0,1.0,0.0,0.0,1.0,0.0,0.0,0.0,1.0,0.0,0.0,1.0,0.0,1.0,0.0,4.0,1.0,0.0,0.0,0.766720937908359,1.0,0.0,0.0,1.0,0.0,0.0,1.0,0.0,0.0
2926-JEJJC,0,-0.9924020376385531,-1.481049737066981,-0.9451781603515532,1.0,0.0,1.0,0.0,1.0,0.0,0.0,1.0,1.0,0.0,0.0,0.0,0.0,1.0,0.0,1.0,0.0,0.0,1.0,0.0,0.0,1.0,0.0,0.0,1.0,0.0,0.0,1.0,0.0,0.0,1.0,0.0,0.0,1.0,0.0,0.0,1.0,1.0,0.0,0.0,0.0,1.0,0.0,1.0,1.0,0.0,0.0,0.9524145704100222,1.0,0.0,0.0,1.0,0.0,0.0,1.0,0.0,0.0
8601-QACRS,0,-1.1145631287986442,-0.47067716096597834,-0.8970887266556193,1.0,0.0,1.0,0.0,1.0,0.0,0.0,1.0,0.0,0.0,1.0,1.0,0.0,0.0,1.0,0.0,0.0,1.0,0.0,0.0,1.0,0.0,0.0,1.0,0.0,0.0,1.0,0.0,0.0,1.0,0.0,0.0,1.0,0.0,0.0,0.0,1.0,0.0,0.0,0.0,1.0,0.0,1.0,3.0,1.0,0.0,0.0,0.8048792423472376,1.0,0.0,0.0,1.0,0.0,0.0,1.0,0.0,0.0
4950-BDEUX,0,0.10704778280226633,-0.5172074769706297,-0.25661688356950013,0.0,1.0,1.0,0.0,1.0,0.0,1.0,0.0,0.0,1.0,0.0,1.0,0.0,0.0,1.0,0.0,0.0,1.0,0.0,0.0,0.0,0.0,1.0,1.0,0.0,0.0,0.0,0.0,1.0,0.0,0.0,1.0,1.0,0.0,0.0,1.0,0.0,0.0,0.0,1.0,0.0,1.0,0.0,4.0,0.0,0.0,1.0,-2.3972181100052383,0.0,0.0,1.0,0.0,0.0,1.0,0.0,0.0,1.0
5789-LDFXO,0,-0.3408762181180675,-1.3348116010523623,-0.7458937823657433,0.0,1.0,1.0,0.0,1.0,0.0,0.0,1.0,0.0,0.0,1.0,0.0,0.0,1.0,0.0,1.0,0.0,0.0,1.0,0.0,0.0,1.0,0.0,0.0,1.0,0.0,0.0,1.0,0.0,0.0,1.0,0.0,0.0,1.0,0.0,1.0,0.0,0.0,0.0,1.0,0.0,1.0,0.0,2.0,0.0,0.0,1.0,2.1881660929111577,0.0,0.0,1.0,0.0,0.0,1.0,0.0,0.0,1.0
0508-OOLTO,0,-1.2367242199587352,0.22893937610395967,-0.9474723351700747,1.0,0.0,0.0,1.0,0.0,1.0,0.0,1.0,1.0,0.0,0.0,0.0,1.0,0.0,1.0,0.0,0.0,1.0,0.0,0.0,1.0,0.0,0.0,1.0,0.0,0.0,1.0,0.0,0.0,1.0,0.0,0.0,1.0,0.0,0.0,0.0,1.0,0.0,0.0,1.0,0.0,1.0,0.0,2.0,1.0,0.0,0.0,0.7661144820157951,1.0,0.0,0.0,1.0,0.0,0.0,1.0,0.0,0.0
2984-TBYKU,0,1.6137012404433893,1.3340343812144315,2.4041847184504657,0.0,1.0,0.0,1.0,0.0,1.0,0.0,1.0,0.0,0.0,1.0,0.0,1.0,0.0,0.0,0.0,1.0,0.0,0.0,1.0,0.0,0.0,1.0,0.0,0.0,1.0,1.0,0.0,0.0,0.0,0.0,1.0,0.0,0.0,1.0,0.0,1.0,0.0,1.0,0.0,0.0,1.0,0.0,8.0,0.0,1.0,0.0,1.4898573900766656,0.0,1.0,0.0,0.0,1.0,0.0,0.0,1.0,0.0
9822-WMWVG,0,0.35136996512244845,1.3872118852197473,0.8819776669881232,1.0,0.0,1.0,0.0,1.0,0.0,0.0,1.0,0.0,0.0,1.0,0.0,1.0,0.0,0.0,0.0,1.0,0.0,0.0,1.0,0.0,0.0,1.0,0.0,0.0,1.0,0.0,0.0,1.0,1.0,0.0,0.0,1.0,0.0,0.0,0.0,1.0,0.0,0.0,1.0,0.0,1.0,0.0,8.0,0.0,0.0,1.0,2.510111149314552,0.0,0.0,1.0,0.0,0.0,1.0,0.0,0.0,1.0
2391-SOORI,0,-1.1552834925186746,-0.5122220859701314,-0.9104567068481587,0.0,1.0,1.0,0.0,0.0,1.0,0.0,1.0,1.0,0.0,0.0,1.0,0.0,0.0,0.0,0.0,1.0,1.0,0.0,0.0,1.0,0.0,0.0,1.0,0.0,0.0,1.0,0.0,0.0,1.0,0.0,0.0,1.0,0.0,0.0,1.0,0.0,0.0,0.0,1.0,0.0,0.0,1.0,3.0,1.0,0.0,0.0,0.7880807721602944,1.0,0.0,0.0,1.0,0.0,0.0,1.0,0.0,0.0
9040-KZVWO,0,-0.2594354906780068,0.356897745116751,-0.11700311023850728,0.0,1.0,1.0,0.0,1.0,0.0,0.0,1.0,1.0,0.0,0.0,0.0,1.0,0.0,1.0,0.0,0.0,0.0,0.0,1.0,1.0,0.0,0.0,1.0,0.0,0.0,1.0,0.0,0.0,1.0,0.0,0.0,0.0,1.0,0.0,1.0,0.0,1.0,0.0,0.0,0.0,1.0,0.0,3.0,0.0,0.0,1.0,0.4509911497950115,0.0,0.0,1.0,0.0,0.0,1.0,0.0,0.0,1.0
2645-QTLMB,0,-1.0331224013585834,0.9800716201790471,-0.7122091194053347,0.0,1.0,1.0,0.0,1.0,0.0,0.0,1.0,1.0,0.0,0.0,0.0,1.0,0.0,1.0,0.0,0.0,0.0,0.0,1.0,1.0,0.0,0.0,1.0,0.0,0.0,0.0,0.0,1.0,0.0,0.0,1.0,1.0,0.0,0.0,0.0,1.0,0.0,0.0,1.0,0.0,0.0,1.0,5.0,1.0,0.0,0.0,0.6893753522997477,1.0,0.0,0.0,1.0,0.0,0.0,1.0,0.0,0.0
4806-HIPDW,0,-1.2774445836787656,0.13920233809498894,-0.9769436578387755,1.0,0.0,0.0,1.0,1.0,0.0,0.0,1.0,1.0,0.0,0.0,0.0,1.0,0.0,1.0,0.0,0.0,1.0,0.0,0.0,1.0,0.0,0.0,1.0,0.0,0.0,1.0,0.0,0.0,1.0,0.0,0.0,1.0,0.0,0.0,0.0,1.0,0.0,0.0,1.0,0.0,0.0,1.0,2.0,1.0,0.0,0.0,0.7647640221115408,1.0,0.0,0.0,1.0,0.0,0.0,1.0,0.0,0.0
1548-ARAGG,0,-1.1552834925186746,-0.2081132349397309,-0.9081625320296371,1.0,0.0,0.0,1.0,0.0,1.0,0.0,1.0,0.0,0.0,1.0,1.0,0.0,0.0,1.0,0.0,0.0,0.0,0.0,1.0,1.0,0.0,0.0,0.0,0.0,1.0,1.0,0.0,0.0,1.0,0.0,0.0,1.0,0.0,0.0,0.0,1.0,0.0,0.0,0.0,1.0,1.0,0.0,5.0,1.0,0.0,0.0,0.7860949610296255,1.0,0.0,0.0,1.0,0.0,0.0,1.0,0.0,0.0
6339-RZCBJ,0,0.6364125111626608,0.46989994112804756,0.6565749910683754,0.0,1.0,1.0,0.0,1.0,0.0,0.0,1.0,1.0,0.0,0.0,1.0,0.0,0.0,1.0,0.0,0.0,0.0,0.0,1.0,0.0,0.0,1.0,0.0,0.0,1.0,0.0,0.0,1.0,0.0,0.0,1.0,0.0,0.0,1.0,1.0,0.0,0.0,1.0,0.0,0.0,1.0,0.0,7.0,0.0,1.0,0.0,1.0316814637551353,0.0,1.0,0.0,0.0,1.0,0.0,0.0,1.0,0.0
4424-TKOPW,1,-1.2367242199587352,0.966777244177718,-0.9205598997989558,0.0,1.0,1.0,0.0,1.0,0.0,0.0,1.0,0.0,0.0,1.0,0.0,1.0,0.0,1.0,0.0,0.0,1.0,0.0,0.0,1.0,0.0,0.0,1.0,0.0,0.0,0.0,0.0,1.0,0.0,0.0,1.0,1.0,0.0,0.0,0.0,1.0,0.0,0.0,1.0,0.0,0.0,1.0,5.0,1.0,0.0,0.0,0.7443534176355594,1.0,0.0,0.0,1.0,0.0,0.0,1.0,0.0,0.0
4415-WNGVR,1,-0.8295205827584317,0.47987072312904416,-0.5909487446225147,1.0,0.0,0.0,1.0,1.0,0.0,0.0,1.0,1.0,0.0,0.0,1.0,0.0,0.0,0.0,0.0,1.0,1.0,0.0,0.0,0.0,0.0,1.0,0.0,0.0,1.0,0.0,0.0,1.0,0.0,0.0,1.0,0.0,1.0,0.0,0.0,1.0,0.0,0.0,1.0,0.0,1.0,0.0,7.0,1.0,0.0,0.0,0.7123979282797465,1.0,0.0,0.0,1.0,0.0,0.0,1.0,0.0,0.0
2522-AHJXR,0,1.125056875803025,1.4852579082295487,1.8924954964271272,0.0,1.0,0.0,1.0,1.0,0.0,0.0,1.0,0.0,0.0,1.0,0.0,1.0,0.0,0.0,0.0,1.0,1.0,0.0,0.0,0.0,0.0,1.0,0.0,0.0,1.0,0.0,0.0,1.0,0.0,0.0,1.0,1.0,0.0,0.0,0.0,1.0,1.0,0.0,0.0,0.0,1.0,0.0,8.0,0.0,1.0,0.0,1.6821331766683636,0.0,1.0,0.0,0.0,1.0,0.0,0.0,1.0,0.0
0412-UCCNP,0,0.9214550572028734,-0.18484807693740507,0.39378167748137594,0.0,1.0,1.0,0.0,1.0,0.0,0.0,1.0,1.0,0.0,0.0,1.0,0.0,0.0,0.0,0.0,1.0,1.0,0.0,0.0,0.0,0.0,1.0,0.0,0.0,1.0,1.0,0.0,0.0,1.0,0.0,0.0,0.0,0.0,1.0,0.0,1.0,0.0,0.0,1.0,0.0,1.0,0.0,5.0,0.0,1.0,0.0,0.42734767626835923,0.0,1.0,0.0,0.0,1.0,0.0,0.0,1.0,0.0
1816-FLZDK,0,-1.2774445836787656,-1.1835880740372453,-0.9945029189497676,0.0,1.0,1.0,0.0,1.0,0.0,1.0,0.0,0.0,1.0,0.0,1.0,0.0,0.0,1.0,0.0,0.0,1.0,0.0,0.0,1.0,0.0,0.0,0.0,0.0,1.0,1.0,0.0,0.0,1.0,0.0,0.0,1.0,0.0,0.0,1.0,0.0,0.0,0.0,0.0,1.0,1.0,0.0,2.0,1.0,0.0,0.0,0.7785096368609691,1.0,0.0,0.0,1.0,0.0,0.0,1.0,0.0,0.0
7096-UCLNH,0,-1.2774445836787656,-1.4860351280674797,-0.9985177248821804,0.0,1.0,1.0,0.0,1.0,0.0,0.0,1.0,1.0,0.0,0.0,0.0,0.0,1.0,0.0,1.0,0.0,0.0,1.0,0.0,0.0,1.0,0.0,0.0,1.0,0.0,0.0,1.0,0.0,0.0,1.0,0.0,1.0,0.0,0.0,1.0,0.0,0.0,0.0,0.0,1.0,1.0,0.0,1.0,1.0,0.0,0.0,0.7816524784242805,1.0,0.0,0.0,1.0,0.0,0.0,1.0,0.0,0.0
8443-ZRDBZ,0,-1.1552834925186746,0.37517751211857825,-0.866668850936953,0.0,1.0,1.0,0.0,1.0,0.0,0.0,1.0,0.0,0.0,1.0,0.0,1.0,0.0,1.0,0.0,0.0,1.0,0.0,0.0,1.0,0.0,0.0,1.0,0.0,0.0,1.0,0.0,0.0,1.0,0.0,0.0,1.0,0.0,0.0,0.0,1.0,0.0,0.0,1.0,0.0,0.0,1.0,3.0,1.0,0.0,0.0,0.7501785116374315,1.0,0.0,0.0,1.0,0.0,0.0,1.0,0.0,0.0
9136-ALYBR,0,-1.2774445836787656,-1.3397969920528607,-0.9965765000357392,0.0,1.0,1.0,0.0,1.0,0.0,1.0,0.0,0.0,1.0,0.0,1.0,0.0,0.0,1.0,0.0,0.0,1.0,0.0,0.0,1.0,0.0,0.0,1.0,0.0,0.0,1.0,0.0,0.0,1.0,0.0,0.0,1.0,0.0,0.0,0.0,1.0,0.0,0.0,0.0,1.0,0.0,1.0,1.0,1.0,0.0,0.0,0.7801328627233388,1.0,0.0,0.0,1.0,0.0,0.0,1.0,0.0,0.0
4615-PIVVU,0,0.3920903288424788,0.05777428508684881,0.21152713564843817,1.0,0.0,1.0,0.0,1.0,0.0,0.0,1.0,1.0,0.0,0.0,1.0,0.0,0.0,1.0,0.0,0.0,1.0,0.0,0.0,0.0,0.0,1.0,0.0,0.0,1.0,1.0,0.0,0.0,0.0,0.0,1.0,0.0,0.0,1.0,1.0,0.0,0.0,1.0,0.0,0.0,1.0,0.0,5.0,0.0,0.0,1.0,0.5394857258349226,0.0,0.0,1.0,0.0,0.0,1.0,0.0,0.0,1.0
8885-QSQBX,0,-1.2774445836787656,-0.5055748979694671,-0.9855026946617212,1.0,0.0,1.0,0.0,1.0,0.0,0.0,1.0,1.0,0.0,0.0,1.0,0.0,0.0,0.0,0.0,1.0,1.0,0.0,0.0,1.0,0.0,0.0,1.0,0.0,0.0,1.0,0.0,0.0,1.0,0.0,0.0,1.0,0.0,0.0,1.0,0.0,1.0,0.0,0.0,0.0,1.0,0.0,3.0,1.0,0.0,0.0,0.771464145883875,1.0,0.0,0.0,1.0,0.0,0.0,1.0,0.0,0.0
7479-NITWS,0,-1.0331224013585834,0.8172155141627669,-0.7285992337338112,0.0,1.0,1.0,0.0,1.0,0.0,0.0,1.0,0.0,0.0,1.0,0.0,1.0,0.0,1.0,0.0,0.0,1.0,0.0,0.0,0.0,0.0,1.0,1.0,0.0,0.0,0.0,0.0,1.0,1.0,0.0,0.0,1.0,0.0,0.0,0.0,1.0,0.0,1.0,0.0,0.0,0.0,1.0,5.0,1.0,0.0,0.0,0.7052399916754142,1.0,0.0,0.0,1.0,0.0,0.0,1.0,0.0,0.0
8617-ENBDS,0,-1.1960038562387048,0.2937494591104381,-0.9047874479216198,0.0,1.0,1.0,0.0,1.0,0.0,0.0,1.0,1.0,0.0,0.0,0.0,1.0,0.0,1.0,0.0,0.0,1.0,0.0,0.0,0.0,0.0,1.0,1.0,0.0,0.0,1.0,0.0,0.0,1.0,0.0,0.0,1.0,0.0,0.0,0.0,1.0,0.0,1.0,0.0,0.0,1.0,0.0,3.0,1.0,0.0,0.0,0.7565088048855233,1.0,0.0,0.0,1.0,0.0,0.0,1.0,0.0,0.0
9385-NXKDA,0,1.6137012404433893,0.5945347161405068,1.6041794879840752,1.0,0.0,0.0,1.0,1.0,0.0,0.0,1.0,0.0,0.0,1.0,1.0,0.0,0.0,0.0,0.0,1.0,0.0,0.0,1.0,0.0,0.0,1.0,1.0,0.0,0.0,0.0,0.0,1.0,0.0,0.0,1.0,0.0,0.0,1.0,0.0,1.0,0.0,1.0,0.0,0.0,1.0,0.0,8.0,0.0,1.0,0.0,0.994099432893354,0.0,1.0,0.0,0.0,1.0,0.0,0.0,1.0,0.0
0430-IHCDJ,0,-0.7073594915983407,-0.5238546649712943,-0.6768038253310349,0.0,1.0,1.0,0.0,1.0,0.0,0.0,1.0,0.0,0.0,1.0,1.0,0.0,0.0,1.0,0.0,0.0,1.0,0.0,0.0,1.0,0.0,0.0,1.0,0.0,0.0,1.0,0.0,0.0,1.0,0.0,0.0,1.0,0.0,0.0,0.0,1.0,0.0,0.0,1.0,0.0,1.0,0.0,3.0,1.0,0.0,0.0,0.9568032003101244,1.0,0.0,0.0,1.0,0.0,0.0,1.0,0.0,0.0
2959-MJHIC,0,-1.1552834925186746,0.5180920541328647,-0.8717425067856065,0.0,1.0,0.0,1.0,1.0,0.0,0.0,1.0,1.0,0.0,0.0,0.0,1.0,0.0,1.0,0.0,0.0,1.0,0.0,0.0,1.0,0.0,0.0,1.0,0.0,0.0,0.0,0.0,1.0,1.0,0.0,0.0,1.0,0.0,0.0,0.0,1.0,0.0,0.0,1.0,0.0,0.0,1.0,3.0,1.0,0.0,0.0,0.7545702093302569,1.0,0.0,0.0,1.0,0.0,0.0,1.0,0.0,0.0
6674-KVJHG,0,-0.8702409464784621,-1.3148700370503688,-0.8992064264881008,1.0,0.0,1.0,0.0,1.0,0.0,0.0,1.0,0.0,0.0,1.0,0.0,0.0,1.0,0.0,1.0,0.0,0.0,1.0,0.0,0.0,1.0,0.0,0.0,1.0,0.0,0.0,1.0,0.0,0.0,1.0,0.0,0.0,1.0,0.0,1.0,0.0,0.0,0.0,1.0,0.0,1.0,0.0,2.0,1.0,0.0,0.0,1.0332844370594731,1.0,0.0,0.0,1.0,0.0,0.0,1.0,0.0,0.0
1814-DKOLC,0,-1.1145631287986442,-1.3065610520495383,-0.947913522635175,1.0,0.0,1.0,0.0,1.0,0.0,0.0,1.0,0.0,0.0,1.0,0.0,0.0,1.0,0.0,1.0,0.0,0.0,1.0,0.0,0.0,1.0,0.0,0.0,1.0,0.0,0.0,1.0,0.0,0.0,1.0,0.0,1.0,0.0,0.0,1.0,0.0,0.0,0.0,0.0,1.0,1.0,0.0,2.0,1.0,0.0,0.0,0.8504798859234685,1.0,0.0,0.0,1.0,0.0,0.0,1.0,0.0,0.0
4201-JMNGR,1,-1.2774445836787656,-0.29785027294870164,-0.9827452730048444,1.0,0.0,1.0,0.0,1.0,0.0,0.0,1.0,1.0,0.0,0.0,1.0,0.0,0.0,0.0,0.0,1.0,1.0,0.0,0.0,0.0,0.0,1.0,1.0,0.0,0.0,1.0,0.0,0.0,1.0,0.0,0.0,1.0,0.0,0.0,0.0,1.0,0.0,0.0,1.0,0.0,0.0,1.0,4.0,1.0,0.0,0.0,0.7693056008541281,1.0,0.0,0.0,1.0,0.0,0.0,1.0,0.0,0.0
9351-HXDMR,0,1.6137012404433893,1.5334500212343665,2.6283961882144435,0.0,1.0,0.0,1.0,1.0,0.0,0.0,1.0,0.0,0.0,1.0,0.0,1.0,0.0,0.0,0.0,1.0,1.0,0.0,0.0,0.0,0.0,1.0,0.0,0.0,1.0,0.0,0.0,1.0,0.0,0.0,1.0,0.0,0.0,1.0,0.0,1.0,0.0,1.0,0.0,0.0,1.0,0.0,8.0,0.0,1.0,0.0,1.6287997569440122,0.0,1.0,0.0,0.0,1.0,0.0,0.0,1.0,0.0
3537-HPKQT,0,0.9214550572028734,0.43167861012422654,0.8749186675465183,1.0,0.0,0.0,1.0,1.0,0.0,0.0,1.0,0.0,0.0,1.0,0.0,1.0,0.0,1.0,0.0,0.0,0.0,0.0,1.0,1.0,0.0,0.0,1.0,0.0,0.0,1.0,0.0,0.0,1.0,0.0,0.0,1.0,0.0,0.0,0.0,1.0,0.0,1.0,0.0,0.0,1.0,0.0,4.0,0.0,1.0,0.0,0.9494968427460599,0.0,1.0,0.0,0.0,1.0,0.0,0.0,1.0,0.0
2129-ALKBS,0,0.3106496014024181,-1.2816340970470463,-0.5319840399118583,1.0,0.0,0.0,1.0,0.0,1.0,0.0,1.0,0.0,0.0,1.0,0.0,0.0,1.0,0.0,1.0,0.0,0.0,1.0,0.0,0.0,1.0,0.0,0.0,1.0,0.0,0.0,1.0,0.0,0.0,1.0,0.0,1.0,0.0,0.0,0.0,1.0,0.0,0.0,1.0,0.0,1.0,0.0,2.0,0.0,0.0,1.0,-1.7124890471780188,0.0,0.0,1.0,0.0,0.0,1.0,0.0,0.0,1.0
5821-MMEIL,0,1.002895784642934,-1.491020519067978,-0.5151747974915365,1.0,0.0,0.0,1.0,1.0,0.0,0.0,1.0,1.0,0.0,0.0,0.0,0.0,1.0,0.0,1.0,0.0,0.0,1.0,0.0,0.0,1.0,0.0,0.0,1.0,0.0,0.0,1.0,0.0,0.0,1.0,0.0,0.0,0.0,1.0,1.0,0.0,1.0,0.0,0.0,0.0,1.0,0.0,1.0,0.0,1.0,0.0,-0.513687269784424,0.0,1.0,0.0,0.0,1.0,0.0,0.0,1.0,0.0
5960-WPXQM,0,-1.2774445836787656,0.4748853321285456,-0.9724876644412621,0.0,1.0,1.0,0.0,1.0,0.0,0.0,1.0,1.0,0.0,0.0,0.0,1.0,0.0,1.0,0.0,0.0,1.0,0.0,0.0,1.0,0.0,0.0,1.0,0.0,0.0,0.0,0.0,1.0,1.0,0.0,0.0,1.0,0.0,0.0,0.0,1.0,0.0,0.0,1.0,0.0,0.0,1.0,3.0,1.0,0.0,0.0,0.7612758133434696,1.0,0.0,0.0,1.0,0.0,0.0,1.0,0.0,0.0
0684-AOSIH,0,-1.2774445836787656,1.0049985751815391,-0.9654507243729124,0.0,1.0,0.0,1.0,1.0,0.0,0.0,1.0,1.0,0.0,0.0,0.0,1.0,0.0,0.0,0.0,1.0,1.0,0.0,0.0,1.0,0.0,0.0,1.0,0.0,0.0,0.0,0.0,1.0,0.0,0.0,1.0,1.0,0.0,0.0,0.0,1.0,0.0,0.0,1.0,0.0,0.0,1.0,5.0,1.0,0.0,0.0,0.7557672064275556,1.0,0.0,0.0,1.0,0.0,0.0,1.0,0.0,0.0
8260-NGFNY,0,-1.2774445836787656,-1.3148700370503688,-0.996245609436914,1.0,0.0,1.0,0.0,1.0,0.0,1.0,0.0,0.0,1.0,0.0,1.0,0.0,0.0,1.0,0.0,0.0,1.0,0.0,0.0,1.0,0.0,0.0,1.0,0.0,0.0,1.0,0.0,0.0,1.0,0.0,0.0,1.0,0.0,0.0,1.0,0.0,0.0,0.0,0.0,1.0,0.0,1.0,1.0,1.0,0.0,0.0,0.7798738373197692,1.0,0.0,0.0,1.0,0.0,0.0,1.0,0.0,0.0
1309-XGFSN,1,0.7992939660427822,0.534710024134526,0.7924827896925257,0.0,1.0,0.0,1.0,0.0,1.0,0.0,1.0,0.0,0.0,1.0,1.0,0.0,0.0,1.0,0.0,0.0,0.0,0.0,1.0,0.0,0.0,1.0,1.0,0.0,0.0,0.0,0.0,1.0,0.0,0.0,1.0,0.0,1.0,0.0,0.0,1.0,0.0,0.0,1.0,0.0,1.0,0.0,7.0,0.0,1.0,0.0,0.9914785089846506,0.0,1.0,0.0,0.0,1.0,0.0,0.0,1.0,0.0
1866-RZZQS,1,0.35136996512244845,1.1180007711928355,0.8402192734163791,0.0,1.0,1.0,0.0,1.0,0.0,0.0,1.0,0.0,0.0,1.0,0.0,1.0,0.0,1.0,0.0,0.0,1.0,0.0,0.0,0.0,0.0,1.0,1.0,0.0,0.0,0.0,0.0,1.0,0.0,0.0,1.0,1.0,0.0,0.0,0.0,1.0,0.0,0.0,1.0,0.0,0.0,1.0,6.0,0.0,0.0,1.0,2.3912666329450563,0.0,0.0,1.0,0.0,0.0,1.0,0.0,0.0,1.0
6968-URWQU,0,0.43281069256250915,-0.27957050594687416,0.047581873617163234,0.0,1.0,0.0,1.0,1.0,0.0,0.0,1.0,1.0,0.0,0.0,1.0,0.0,0.0,1.0,0.0,0.0,1.0,0.0,0.0,1.0,0.0,0.0,1.0,0.0,0.0,0.0,0.0,1.0,1.0,0.0,0.0,0.0,1.0,0.0,0.0,1.0,0.0,0.0,0.0,1.0,1.0,0.0,3.0,0.0,0.0,1.0,0.10993691799860321,0.0,0.0,1.0,0.0,0.0,1.0,0.0,0.0,1.0
4742-TXUEX,0,0.5956921474426305,-1.5109620830699715,-0.6144860958856162,1.0,0.0,0.0,1.0,0.0,1.0,0.0,1.0,1.0,0.0,0.0,0.0,0.0,1.0,0.0,1.0,0.0,0.0,1.0,0.0,0.0,1.0,0.0,0.0,1.0,0.0,0.0,1.0,0.0,0.0,1.0,0.0,0.0,0.0,1.0,1.0,0.0,1.0,0.0,0.0,0.0,1.0,0.0,1.0,0.0,1.0,0.0,-1.031549766978917,0.0,1.0,0.0,0.0,1.0,0.0,0.0,1.0,0.0
9631-XEYKE,0,-1.1960038562387048,-0.4773243489666429,-0.9468105539724242,0.0,1.0,1.0,0.0,1.0,0.0,0.0,1.0,0.0,0.0,1.0,1.0,0.0,0.0,1.0,0.0,0.0,1.0,0.0,0.0,1.0,0.0,0.0,1.0,0.0,0.0,1.0,0.0,0.0,1.0,0.0,0.0,1.0,0.0,0.0,1.0,0.0,1.0,0.0,0.0,0.0,1.0,0.0,3.0,1.0,0.0,0.0,0.7916450678930376,1.0,0.0,0.0,1.0,0.0,0.0,1.0,0.0,0.0
8631-NBHFZ,1,1.369379058123207,0.48651791112970877,1.2667813740486134,0.0,1.0,0.0,1.0,0.0,1.0,0.0,1.0,0.0,0.0,1.0,1.0,0.0,0.0,0.0,0.0,1.0,0.0,0.0,1.0,0.0,0.0,1.0,0.0,0.0,1.0,0.0,0.0,1.0,1.0,0.0,0.0,0.0,0.0,1.0,1.0,0.0,0.0,1.0,0.0,0.0,0.0,1.0,8.0,0.0,1.0,0.0,0.9250772213391315,0.0,1.0,0.0,0.0,1.0,0.0,0.0,1.0,0.0
1335-MXCSE,0,0.9214550572028734,-0.3161300399505289,0.36909723880901374,0.0,1.0,0.0,1.0,0.0,1.0,0.0,1.0,1.0,0.0,0.0,1.0,0.0,0.0,1.0,0.0,0.0,1.0,0.0,0.0,0.0,0.0,1.0,0.0,0.0,1.0,1.0,0.0,0.0,1.0,0.0,0.0,0.0,0.0,1.0,0.0,1.0,0.0,1.0,0.0,0.0,1.0,0.0,4.0,0.0,1.0,0.0,0.4005591329971408,0.0,1.0,0.0,0.0,1.0,0.0,0.0,1.0,0.0
8873-TMKGR,0,-0.13727439951791576,-1.517609271070636,-0.7737547707868279,0.0,1.0,1.0,0.0,1.0,0.0,0.0,1.0,1.0,0.0,0.0,0.0,0.0,1.0,0.0,1.0,0.0,0.0,1.0,0.0,0.0,1.0,0.0,0.0,1.0,0.0,0.0,1.0,0.0,0.0,1.0,0.0,0.0,1.0,0.0,1.0,0.0,0.0,0.0,0.0,1.0,1.0,0.0,1.0,0.0,0.0,1.0,5.636555493989574,0.0,0.0,1.0,0.0,0.0,1.0,0.0,0.0,1.0
8800-JOOCF,0,-0.8295205827584317,0.641065032145158,-0.5809337891647376,1.0,0.0,1.0,0.0,0.0,1.0,0.0,1.0,0.0,0.0,1.0,0.0,1.0,0.0,1.0,0.0,0.0,1.0,0.0,0.0,1.0,0.0,0.0,1.0,0.0,0.0,0.0,0.0,1.0,1.0,0.0,0.0,1.0,0.0,0.0,0.0,1.0,0.0,0.0,1.0,0.0,1.0,0.0,4.0,1.0,0.0,0.0,0.7003247432787498,1.0,0.0,0.0,1.0,0.0,0.0,1.0,0.0,0.0
1469-LBJQJ,0,1.369379058123207,1.3440051632154282,2.0530877337236397,1.0,0.0,0.0,1.0,1.0,0.0,0.0,1.0,0.0,0.0,1.0,0.0,1.0,0.0,1.0,0.0,0.0,0.0,0.0,1.0,0.0,0.0,1.0,1.0,0.0,0.0,0.0,0.0,1.0,0.0,0.0,1.0,1.0,0.0,0.0,0.0,1.0,0.0,0.0,1.0,0.0,1.0,0.0,7.0,0.0,1.0,0.0,1.4992837239219101,0.0,1.0,0.0,0.0,1.0,0.0,0.0,1.0,0.0
4958-XCBDQ,1,0.10704778280226633,1.217708591202803,0.5351602006727703,0.0,1.0,1.0,0.0,1.0,0.0,0.0,1.0,0.0,0.0,1.0,0.0,1.0,0.0,1.0,0.0,0.0,1.0,0.0,0.0,0.0,0.0,1.0,1.0,0.0,0.0,0.0,0.0,1.0,0.0,0.0,1.0,1.0,0.0,0.0,0.0,1.0,0.0,0.0,1.0,0.0,0.0,1.0,6.0,0.0,0.0,1.0,4.999264689688092,0.0,0.0,1.0,0.0,0.0,1.0,0.0,0.0,1.0
8337-UPOAQ,1,-0.9109613101984924,0.8321716871642622,-0.6039858342162288,0.0,1.0,0.0,1.0,1.0,0.0,0.0,1.0,0.0,0.0,1.0,0.0,1.0,0.0,1.0,0.0,0.0,1.0,0.0,0.0,0.0,0.0,1.0,1.0,0.0,0.0,1.0,0.0,0.0,0.0,0.0,1.0,1.0,0.0,0.0,0.0,1.0,0.0,0.0,1.0,0.0,0.0,1.0,5.0,1.0,0.0,0.0,0.6630202923597538,1.0,0.0,0.0,1.0,0.0,0.0,1.0,0.0,0.0
0064-YIJGF,0,-0.21871512695797646,0.3652067301175816,-0.15631291337894482,0.0,1.0,0.0,1.0,0.0,1.0,0.0,1.0,0.0,0.0,1.0,0.0,1.0,0.0,1.0,0.0,0.0,1.0,0.0,0.0,1.0,0.0,0.0,1.0,0.0,0.0,1.0,0.0,0.0,1.0,0.0,0.0,1.0,0.0,0.0,0.0,1.0,1.0,0.0,0.0,0.0,1.0,0.0,3.0,0.0,0.0,1.0,0.7146872534746008,0.0,0.0,1.0,0.0,0.0,1.0,0.0,0.0,1.0
2386-OWURY,0,1.0436161483629645,1.0149693571825356,1.5593327821566283,1.0,0.0,1.0,0.0,1.0,0.0,0.0,1.0,1.0,0.0,0.0,0.0,1.0,0.0,1.0,0.0,0.0,1.0,0.0,0.0,1.0,0.0,0.0,0.0,0.0,1.0,0.0,0.0,1.0,0.0,0.0,1.0,1.0,0.0,0.0,0.0,1.0,0.0,0.0,1.0,0.0,1.0,0.0,5.0,0.0,1.0,0.0,1.4941631409236302,0.0,1.0,0.0,0.0,1.0,0.0,0.0,1.0,0.0
1725-IQNIY,0,0.880734693482843,1.4952286902305454,1.6883801156984688,0.0,1.0,0.0,1.0,1.0,0.0,0.0,1.0,1.0,0.0,0.0,0.0,1.0,0.0,0.0,0.0,1.0,0.0,0.0,1.0,0.0,0.0,1.0,0.0,0.0,1.0,0.0,0.0,1.0,0.0,0.0,1.0,0.0,0.0,1.0,1.0,0.0,1.0,0.0,0.0,0.0,0.0,1.0,8.0,0.0,1.0,0.0,1.9170132937784166,0.0,1.0,0.0,0.0,1.0,0.0,0.0,1.0,0.0
0310-VQXAM,0,-0.9516816739185228,-1.4926823160681442,-0.9284792147975063,0.0,1.0,1.0,0.0,1.0,0.0,0.0,1.0,1.0,0.0,0.0,0.0,0.0,1.0,0.0,1.0,0.0,0.0,1.0,0.0,0.0,1.0,0.0,0.0,1.0,0.0,0.0,1.0,0.0,0.0,1.0,0.0,1.0,0.0,0.0,1.0,0.0,0.0,0.0,0.0,1.0,1.0,0.0,1.0,1.0,0.0,0.0,0.975619516738742,1.0,0.0,0.0,1.0,0.0,0.0,1.0,0.0,0.0
6598-RFFVI,0,-1.2367242199587352,-1.5109620830699715,-0.9948779282951029,0.0,1.0,1.0,0.0,1.0,0.0,0.0,1.0,1.0,0.0,0.0,0.0,0.0,1.0,0.0,1.0,0.0,0.0,1.0,0.0,0.0,1.0,0.0,0.0,1.0,0.0,0.0,1.0,0.0,0.0,1.0,0.0,0.0,1.0,0.0,1.0,0.0,0.0,1.0,0.0,0.0,0.0,1.0,1.0,1.0,0.0,0.0,0.8044460618134399,1.0,0.0,0.0,1.0,0.0,0.0,1.0,0.0,0.0
3453-RTHJQ,0,-1.0738427650786138,0.14418772909548702,-0.8154469862388071,0.0,1.0,1.0,0.0,1.0,0.0,0.0,1.0,1.0,0.0,0.0,0.0,1.0,0.0,1.0,0.0,0.0,1.0,0.0,0.0,1.0,0.0,0.0,1.0,0.0,0.0,1.0,0.0,0.0,1.0,0.0,0.0,1.0,0.0,0.0,0.0,1.0,0.0,0.0,1.0,0.0,1.0,0.0,2.0,1.0,0.0,0.0,0.7593727990327429,1.0,0.0,0.0,1.0,0.0,0.0,1.0,0.0,0.0
6712-OAWRH,1,-0.2594354906780068,0.8803638001690798,0.030221146865466095,1.0,0.0,1.0,0.0,1.0,0.0,0.0,1.0,1.0,0.0,0.0,0.0,1.0,0.0,1.0,0.0,0.0,1.0,0.0,0.0,1.0,0.0,0.0,1.0,0.0,0.0,0.0,0.0,1.0,0.0,0.0,1.0,1.0,0.0,0.0,0.0,1.0,0.0,0.0,1.0,0.0,0.0,1.0,4.0,0.0,0.0,1.0,-0.11648809801036232,0.0,0.0,1.0,0.0,0.0,1.0,0.0,0.0,1.0
6278-FEPBZ,0,-0.9516816739185228,-1.479387940066815,-0.925236486929019,1.0,0.0,1.0,0.0,1.0,0.0,0.0,1.0,1.0,0.0,0.0,0.0,0.0,1.0,0.0,1.0,0.0,0.0,1.0,0.0,0.0,1.0,0.0,0.0,1.0,0.0,0.0,1.0,0.0,0.0,1.0,0.0,1.0,0.0,0.0,1.0,0.0,0.0,0.0,0.0,1.0,1.0,0.0,1.0,1.0,0.0,0.0,0.9722121506442207,1.0,0.0,0.0,1.0,0.0,0.0,1.0,0.0,0.0
4280-DLSHD,0,-0.9924020376385531,-0.3327480099521901,-0.8106601022424688,0.0,1.0,0.0,1.0,1.0,0.0,0.0,1.0,1.0,0.0,0.0,1.0,0.0,0.0,1.0,0.0,0.0,0.0,0.0,1.0,0.0,0.0,1.0,1.0,0.0,0.0,1.0,0.0,0.0,1.0,0.0,0.0,1.0,0.0,0.0,0.0,1.0,0.0,0.0,0.0,1.0,1.0,0.0,4.0,1.0,0.0,0.0,0.8168666241067541,1.0,0.0,0.0,1.0,0.0,0.0,1.0,0.0,0.0
1508-DFXCU,0,-0.8295205827584317,0.5546515881365197,-0.6050005653859595,0.0,1.0,1.0,0.0,1.0,0.0,0.0,1.0,1.0,0.0,0.0,0.0,1.0,0.0,1.0,0.0,0.0,1.0,0.0,0.0,1.0,0.0,0.0,1.0,0.0,0.0,0.0,0.0,1.0,1.0,0.0,0.0,1.0,0.0,0.0,0.0,1.0,0.0,0.0,1.0,0.0,1.0,0.0,3.0,1.0,0.0,0.0,0.7293376173670477,1.0,0.0,0.0,1.0,0.0,0.0,1.0,0.0,0.0
8614-VGMMV,0,-0.7073594915983407,-0.520531070970962,-0.7075545916485264,1.0,0.0,1.0,0.0,1.0,0.0,0.0,1.0,0.0,0.0,1.0,1.0,0.0,0.0,1.0,0.0,0.0,1.0,0.0,0.0,1.0,0.0,0.0,1.0,0.0,0.0,1.0,0.0,0.0,1.0,0.0,0.0,1.0,0.0,0.0,0.0,1.0,0.0,0.0,1.0,0.0,0.0,1.0,3.0,1.0,0.0,0.0,1.0002758145645927,1.0,0.0,0.0,1.0,0.0,0.0,1.0,0.0,0.0
7868-BGSZA,0,0.43281069256250915,0.5131066631323666,0.5727934914458265,0.0,1.0,0.0,1.0,1.0,0.0,0.0,1.0,0.0,0.0,1.0,1.0,0.0,0.0,0.0,0.0,1.0,1.0,0.0,0.0,0.0,0.0,1.0,1.0,0.0,0.0,0.0,0.0,1.0,0.0,0.0,1.0,0.0,1.0,0.0,0.0,1.0,0.0,0.0,1.0,0.0,1.0,0.0,7.0,0.0,0.0,1.0,1.3234273119606448,0.0,0.0,1.0,0.0,0.0,1.0,0.0,0.0,1.0
2800-QQUSO,0,0.3920903288424788,1.1811490571991479,0.85574907218791,0.0,1.0,1.0,0.0,1.0,0.0,0.0,1.0,0.0,0.0,1.0,0.0,1.0,0.0,1.0,0.0,0.0,1.0,0.0,0.0,1.0,0.0,0.0,0.0,0.0,1.0,0.0,0.0,1.0,0.0,0.0,1.0,1.0,0.0,0.0,0.0,1.0,0.0,0.0,1.0,0.0,1.0,0.0,6.0,0.0,0.0,1.0,2.1825304253594706,0.0,0.0,1.0,0.0,0.0,1.0,0.0,0.0,1.0
2930-UOTMB,0,-0.055833672077855064,0.016229360082695727,-0.12750337190789462,1.0,0.0,1.0,0.0,1.0,0.0,0.0,1.0,0.0,0.0,1.0,1.0,0.0,0.0,0.0,0.0,1.0,1.0,0.0,0.0,0.0,0.0,1.0,0.0,0.0,1.0,1.0,0.0,0.0,1.0,0.0,0.0,1.0,0.0,0.0,1.0,0.0,0.0,1.0,0.0,0.0,0.0,1.0,6.0,0.0,0.0,1.0,2.2836286270067028,0.0,0.0,1.0,0.0,0.0,1.0,0.0,0.0,1.0
7973-DZRKH,0,1.369379058123207,0.8703930181680831,1.6089001938606484,1.0,0.0,1.0,0.0,0.0,1.0,0.0,1.0,0.0,0.0,1.0,0.0,1.0,0.0,0.0,0.0,1.0,1.0,0.0,0.0,0.0,0.0,1.0,0.0,0.0,1.0,1.0,0.0,0.0,1.0,0.0,0.0,0.0,0.0,1.0,0.0,1.0,0.0,1.0,0.0,0.0,1.0,0.0,6.0,0.0,1.0,0.0,1.1749122234027118,0.0,1.0,0.0,0.0,1.0,0.0,0.0,1.0,0.0
5914-DVBWJ,1,-0.5851984004382496,0.6875953481498096,-0.34300138923614076,1.0,0.0,1.0,0.0,1.0,0.0,0.0,1.0,0.0,0.0,1.0,0.0,1.0,0.0,1.0,0.0,0.0,0.0,0.0,1.0,1.0,0.0,0.0,0.0,0.0,1.0,1.0,0.0,0.0,1.0,0.0,0.0,1.0,0.0,0.0,0.0,1.0,0.0,0.0,1.0,0.0,0.0,1.0,5.0,1.0,0.0,0.0,0.586128377964243,1.0,0.0,0.0,1.0,0.0,0.0,1.0,0.0,0.0
7698-YFGEZ,0,-1.2774445836787656,-1.4876969250676457,-0.9985397842554355,0.0,1.0,1.0,0.0,1.0,0.0,0.0,1.0,1.0,0.0,0.0,0.0,0.0,1.0,0.0,1.0,0.0,0.0,1.0,0.0,0.0,1.0,0.0,0.0,1.0,0.0,0.0,1.0,0.0,0.0,1.0,0.0,1.0,0.0,0.0,1.0,0.0,0.0,0.0,0.0,1.0,1.0,0.0,1.0,1.0,0.0,0.0,0.7816697467845186,1.0,0.0,0.0,1.0,0.0,0.0,1.0,0.0,0.0
2533-QVMSK,0,1.1657772395230555,0.9750862291785486,1.480183750917633,0.0,1.0,0.0,1.0,1.0,0.0,0.0,1.0,0.0,0.0,1.0,0.0,1.0,0.0,1.0,0.0,0.0,0.0,0.0,1.0,1.0,0.0,0.0,0.0,0.0,1.0,0.0,0.0,1.0,1.0,0.0,0.0,0.0,0.0,1.0,0.0,1.0,0.0,0.0,1.0,0.0,0.0,1.0,6.0,0.0,1.0,0.0,1.2696969032636183,0.0,1.0,0.0,0.0,1.0,0.0,0.0,1.0,0.0
9773-PEQBZ,0,-0.9109613101984924,0.5014740841312035,-0.65562682700622,0.0,1.0,1.0,0.0,1.0,0.0,0.0,1.0,0.0,0.0,1.0,0.0,1.0,0.0,1.0,0.0,0.0,0.0,0.0,1.0,1.0,0.0,0.0,1.0,0.0,0.0,1.0,0.0,0.0,1.0,0.0,0.0,1.0,0.0,0.0,1.0,0.0,0.0,0.0,1.0,0.0,1.0,0.0,4.0,1.0,0.0,0.0,0.7197087512568051,1.0,0.0,0.0,1.0,0.0,0.0,1.0,0.0,0.0
8644-XLFBW,1,-1.2774445836787656,0.22893937610395967,-0.9757524516830045,0.0,1.0,1.0,0.0,1.0,0.0,0.0,1.0,1.0,0.0,0.0,0.0,1.0,0.0,1.0,0.0,0.0,1.0,0.0,0.0,1.0,0.0,0.0,1.0,0.0,0.0,1.0,0.0,0.0,1.0,0.0,0.0,1.0,0.0,0.0,0.0,1.0,0.0,0.0,1.0,0.0,0.0,1.0,2.0,1.0,0.0,0.0,0.76383153065869,1.0,0.0,0.0,1.0,0.0,0.0,1.0,0.0,0.0
0650-BWOZN,1,-0.5851984004382496,0.2920876621102721,-0.407591234126826,1.0,0.0,1.0,0.0,1.0,0.0,0.0,1.0,1.0,0.0,0.0,0.0,1.0,0.0,1.0,0.0,0.0,0.0,0.0,1.0,1.0,0.0,0.0,1.0,0.0,0.0,1.0,0.0,0.0,1.0,0.0,0.0,1.0,0.0,0.0,0.0,1.0,0.0,0.0,1.0,0.0,1.0,0.0,3.0,1.0,0.0,0.0,0.6965009368131984,1.0,0.0,0.0,1.0,0.0,0.0,1.0,0.0,0.0
8625-AZYZY,0,-0.3408762181180675,1.325725396213601,0.11433353708683992,0.0,1.0,0.0,1.0,1.0,0.0,0.0,1.0,0.0,0.0,1.0,0.0,1.0,0.0,1.0,0.0,0.0,0.0,0.0,1.0,0.0,0.0,1.0,1.0,0.0,0.0,0.0,0.0,1.0,0.0,0.0,1.0,1.0,0.0,0.0,0.0,1.0,0.0,0.0,1.0,0.0,0.0,1.0,7.0,0.0,0.0,1.0,-0.3354107180549592,0.0,0.0,1.0,0.0,0.0,1.0,0.0,0.0,1.0
7785-RDVIG,0,-1.1960038562387048,-1.5109620830699715,-0.9832305792164548,1.0,0.0,0.0,1.0,0.0,1.0,0.0,1.0,1.0,0.0,0.0,0.0,0.0,1.0,0.0,1.0,0.0,0.0,1.0,0.0,0.0,1.0,0.0,0.0,1.0,0.0,0.0,1.0,0.0,0.0,1.0,0.0,1.0,0.0,0.0,1.0,0.0,0.0,0.0,0.0,1.0,1.0,0.0,1.0,1.0,0.0,0.0,0.8220964958328835,1.0,0.0,0.0,1.0,0.0,0.0,1.0,0.0,0.0
9602-WCXPI,0,0.7178532386027215,-1.4827115340671475,-0.5710070711999807,0.0,1.0,1.0,0.0,1.0,0.0,0.0,1.0,1.0,0.0,0.0,0.0,0.0,1.0,0.0,1.0,0.0,0.0,1.0,0.0,0.0,1.0,0.0,0.0,1.0,0.0,0.0,1.0,0.0,0.0,1.0,0.0,0.0,1.0,0.0,1.0,0.0,0.0,1.0,0.0,0.0,1.0,0.0,1.0,0.0,1.0,0.0,-0.795437062193141,0.0,1.0,0.0,0.0,1.0,0.0,0.0,1.0,0.0
2903-YYTBW,0,-1.2774445836787656,-0.6717545979860794,-0.9877086319872228,0.0,1.0,0.0,1.0,0.0,1.0,0.0,1.0,1.0,0.0,0.0,1.0,0.0,0.0,1.0,0.0,0.0,1.0,0.0,0.0,1.0,0.0,0.0,1.0,0.0,0.0,1.0,0.0,0.0,1.0,0.0,0.0,1.0,0.0,0.0,1.0,0.0,0.0,0.0,1.0,0.0,1.0,0.0,2.0,1.0,0.0,0.0,0.7731909819076727,1.0,0.0,0.0,1.0,0.0,0.0,1.0,0.0,0.0
3620-MWJNE,0,-1.2367242199587352,-0.3427187919531868,-0.9688478678541846,0.0,1.0,1.0,0.0,1.0,0.0,0.0,1.0,1.0,0.0,0.0,1.0,0.0,0.0,0.0,0.0,1.0,1.0,0.0,0.0,1.0,0.0,0.0,0.0,0.0,1.0,1.0,0.0,0.0,1.0,0.0,0.0,1.0,0.0,0.0,0.0,1.0,0.0,0.0,0.0,1.0,1.0,0.0,4.0,1.0,0.0,0.0,0.7833984749538676,1.0,0.0,0.0,1.0,0.0,0.0,1.0,0.0,0.0
8573-JGCZW,0,-0.62591876415828,-1.4993295040688086,-0.852264080201428,0.0,1.0,1.0,0.0,1.0,0.0,0.0,1.0,1.0,0.0,0.0,0.0,0.0,1.0,0.0,1.0,0.0,0.0,1.0,0.0,0.0,1.0,0.0,0.0,1.0,0.0,0.0,1.0,0.0,0.0,1.0,0.0,0.0,1.0,0.0,0.0,1.0,1.0,0.0,0.0,0.0,1.0,0.0,1.0,1.0,0.0,0.0,1.3616209147324918,1.0,0.0,0.0,1.0,0.0,0.0,1.0,0.0,0.0
6837-HAEVO,0,1.4915401492832983,1.3373579752147637,2.2123122898783416,0.0,1.0,0.0,1.0,0.0,1.0,0.0,1.0,0.0,0.0,1.0,0.0,1.0,0.0,1.0,0.0,0.0,0.0,0.0,1.0,0.0,0.0,1.0,1.0,0.0,0.0,0.0,0.0,1.0,0.0,0.0,1.0,0.0,0.0,1.0,0.0,1.0,0.0,0.0,1.0,0.0,1.0,0.0,7.0,0.0,1.0,0.0,1.4832401869580127,0.0,1.0,0.0,0.0,1.0,0.0,0.0,1.0,0.0
6701-YVNQG,0,1.6137012404433893,0.7956121531606076,1.772867515265178,0.0,1.0,0.0,1.0,1.0,0.0,0.0,1.0,0.0,0.0,1.0,1.0,0.0,0.0,0.0,0.0,1.0,0.0,0.0,1.0,0.0,0.0,1.0,0.0,0.0,1.0,0.0,0.0,1.0,0.0,0.0,1.0,0.0,0.0,1.0,0.0,1.0,0.0,1.0,0.0,0.0,1.0,0.0,9.0,0.0,1.0,0.0,1.0986342891934913,0.0,1.0,0.0,0.0,1.0,0.0,0.0,1.0,0.0
9306-CPCBC,0,-1.1960038562387048,0.3153528201125979,-0.9145818096468465,1.0,0.0,1.0,0.0,1.0,0.0,0.0,1.0,0.0,0.0,1.0,0.0,1.0,0.0,1.0,0.0,0.0,1.0,0.0,0.0,1.0,0.0,0.0,1.0,0.0,0.0,1.0,0.0,0.0,1.0,0.0,0.0,1.0,0.0,0.0,0.0,1.0,0.0,0.0,1.0,0.0,0.0,1.0,3.0,1.0,0.0,0.0,0.7646980441376683,1.0,0.0,0.0,1.0,0.0,0.0,1.0,0.0,0.0
4304-XUMGI,1,0.7178532386027215,0.34526516611558833,0.679053492415236,0.0,1.0,0.0,1.0,0.0,1.0,0.0,1.0,0.0,0.0,1.0,1.0,0.0,0.0,0.0,0.0,1.0,0.0,0.0,1.0,0.0,0.0,1.0,1.0,0.0,0.0,1.0,0.0,0.0,0.0,0.0,1.0,0.0,0.0,1.0,0.0,1.0,1.0,0.0,0.0,0.0,1.0,0.0,7.0,0.0,1.0,0.0,0.9459503083624614,0.0,1.0,0.0,0.0,1.0,0.0,0.0,1.0,0.0
9504-YAZWB,0,0.8400143297628127,-1.479387940066815,-0.5448005357730222,1.0,0.0,1.0,0.0,1.0,0.0,0.0,1.0,1.0,0.0,0.0,0.0,0.0,1.0,0.0,1.0,0.0,0.0,1.0,0.0,0.0,1.0,0.0,0.0,1.0,0.0,0.0,1.0,0.0,0.0,1.0,0.0,0.0,0.0,1.0,1.0,0.0,0.0,0.0,0.0,1.0,1.0,0.0,1.0,0.0,1.0,0.0,-0.6485610024377235,0.0,1.0,0.0,0.0,1.0,0.0,0.0,1.0,0.0
8819-ZBYNA,0,1.0436161483629645,1.4736253292283856,1.8134347026811515,1.0,0.0,0.0,1.0,1.0,0.0,0.0,1.0,0.0,0.0,1.0,0.0,1.0,0.0,0.0,0.0,1.0,0.0,0.0,1.0,1.0,0.0,0.0,0.0,0.0,1.0,0.0,0.0,1.0,0.0,0.0,1.0,0.0,0.0,1.0,0.0,1.0,0.0,1.0,0.0,0.0,1.0,0.0,8.0,0.0,1.0,0.0,1.7376453071617746,0.0,1.0,0.0,0.0,1.0,0.0,0.0,1.0,0.0
6174-NRBTZ,0,0.5549717837226001,-1.1304105700319294,-0.3503030417835509,0.0,1.0,1.0,0.0,1.0,0.0,1.0,0.0,0.0,1.0,0.0,1.0,0.0,0.0,0.0,0.0,1.0,1.0,0.0,0.0,1.0,0.0,0.0,1.0,0.0,0.0,1.0,0.0,0.0,1.0,0.0,0.0,0.0,1.0,0.0,0.0,1.0,1.0,0.0,0.0,0.0,1.0,0.0,2.0,0.0,1.0,0.0,-0.6312087426027556,0.0,1.0,0.0,0.0,1.0,0.0,0.0,1.0,0.0
9481-IEBZY,1,1.6137012404433893,1.5999219012410113,2.5492692163487027,0.0,1.0,0.0,1.0,1.0,0.0,0.0,1.0,0.0,0.0,1.0,0.0,1.0,0.0,0.0,0.0,1.0,0.0,0.0,1.0,0.0,0.0,1.0,0.0,0.0,1.0,0.0,0.0,1.0,0.0,0.0,1.0,1.0,0.0,0.0,0.0,1.0,0.0,1.0,0.0,0.0,1.0,0.0,9.0,0.0,1.0,0.0,1.5797652951225667,0.0,1.0,0.0,0.0,1.0,0.0,0.0,1.0,0.0
1833-VGRUM,1,-1.2774445836787656,0.31369102311243185,-0.9746274236469988,1.0,0.0,1.0,0.0,1.0,0.0,0.0,1.0,0.0,0.0,1.0,0.0,1.0,0.0,1.0,0.0,0.0,1.0,0.0,0.0,1.0,0.0,0.0,1.0,0.0,0.0,1.0,0.0,0.0,1.0,0.0,0.0,1.0,0.0,0.0,0.0,1.0,0.0,0.0,1.0,0.0,0.0,1.0,3.0,1.0,0.0,0.0,0.7629508442865534,1.0,0.0,0.0,1.0,0.0,0.0,1.0,0.0,0.0
6137-NICCO,0,-1.0738427650786138,0.9734244321783826,-0.7784975360366562,1.0,0.0,0.0,1.0,0.0,1.0,0.0,1.0,0.0,0.0,1.0,0.0,1.0,0.0,1.0,0.0,0.0,0.0,0.0,1.0,0.0,0.0,1.0,1.0,0.0,0.0,0.0,0.0,1.0,1.0,0.0,0.0,1.0,0.0,0.0,0.0,1.0,0.0,0.0,0.0,1.0,1.0,0.0,6.0,1.0,0.0,0.0,0.7249641766498879,1.0,0.0,0.0,1.0,0.0,0.0,1.0,0.0,0.0
9065-ZCPQX,0,1.6137012404433893,0.46823814412788106,1.5352660059354064,0.0,1.0,0.0,1.0,1.0,0.0,0.0,1.0,0.0,0.0,1.0,1.0,0.0,0.0,0.0,0.0,1.0,0.0,0.0,1.0,0.0,0.0,1.0,0.0,0.0,1.0,1.0,0.0,0.0,0.0,0.0,1.0,0.0,0.0,1.0,1.0,0.0,1.0,0.0,0.0,0.0,1.0,0.0,8.0,0.0,1.0,0.0,0.9513942032501435,0.0,1.0,0.0,0.0,1.0,0.0,0.0,1.0,0.0
6402-EJMWF,0,-1.1552834925186746,-0.31446824295036285,-0.9021403231310179,0.0,1.0,1.0,0.0,1.0,0.0,0.0,1.0,1.0,0.0,0.0,1.0,0.0,0.0,1.0,0.0,0.0,1.0,0.0,0.0,1.0,0.0,0.0,1.0,0.0,0.0,1.0,0.0,0.0,0.0,0.0,1.0,1.0,0.0,0.0,0.0,1.0,0.0,0.0,0.0,1.0,1.0,0.0,3.0,1.0,0.0,0.0,0.7808822068116197,1.0,0.0,0.0,1.0,0.0,0.0,1.0,0.0,0.0
3620-EHIMZ,0,0.7992939660427822,-1.5093002860698053,-0.5521904258134525,1.0,0.0,0.0,1.0,0.0,1.0,0.0,1.0,1.0,0.0,0.0,0.0,0.0,1.0,0.0,1.0,0.0,0.0,1.0,0.0,0.0,1.0,0.0,0.0,1.0,0.0,0.0,1.0,0.0,0.0,1.0,0.0,0.0,0.0,1.0,1.0,0.0,0.0,0.0,0.0,1.0,1.0,0.0,1.0,0.0,1.0,0.0,-0.6908477347167868,0.0,1.0,0.0,0.0,1.0,0.0,0.0,1.0,0.0
3213-VVOLG,0,-1.318164947398796,-1.3098846460498705,,0.0,1.0,0.0,1.0,0.0,1.0,0.0,1.0,0.0,0.0,1.0,0.0,0.0,1.0,0.0,1.0,0.0,0.0,1.0,0.0,0.0,1.0,0.0,0.0,1.0,0.0,0.0,1.0,0.0,0.0,1.0,0.0,0.0,0.0,1.0,1.0,0.0,0.0,0.0,0.0,1.0,1.0,0.0,2.0,1.0,0.0,0.0,,1.0,0.0,0.0,1.0,0.0,0.0,1.0,0.0,0.0
6870-ECSHE,0,-1.2367242199587352,-1.4727407520661506,-0.9920102097719509,1.0,0.0,1.0,0.0,1.0,0.0,0.0,1.0,1.0,0.0,0.0,0.0,0.0,1.0,0.0,1.0,0.0,0.0,1.0,0.0,0.0,1.0,0.0,0.0,1.0,0.0,0.0,1.0,0.0,0.0,1.0,0.0,0.0,1.0,0.0,1.0,0.0,0.0,0.0,0.0,1.0,1.0,0.0,1.0,1.0,0.0,0.0,0.8021272598712836,1.0,0.0,0.0,1.0,0.0,0.0,1.0,0.0,0.0
8747-UDCOI,0,1.3286586944031769,-1.5093002860698053,-0.4250181389982883,1.0,0.0,0.0,1.0,1.0,0.0,0.0,1.0,1.0,0.0,0.0,0.0,0.0,1.0,0.0,1.0,0.0,0.0,1.0,0.0,0.0,1.0,0.0,0.0,1.0,0.0,0.0,1.0,0.0,0.0,1.0,0.0,0.0,0.0,1.0,1.0,0.0,1.0,0.0,0.0,0.0,1.0,0.0,1.0,0.0,1.0,0.0,-0.3198851148068565,0.0,1.0,0.0,0.0,1.0,0.0,0.0,1.0,0.0
8374-XGEJJ,1,0.43281069256250915,1.2044142152014738,0.928743538288756,0.0,1.0,0.0,1.0,1.0,0.0,0.0,1.0,0.0,0.0,1.0,0.0,1.0,0.0,1.0,0.0,0.0,0.0,0.0,1.0,1.0,0.0,0.0,1.0,0.0,0.0,0.0,0.0,1.0,0.0,0.0,1.0,1.0,0.0,0.0,0.0,1.0,0.0,0.0,1.0,0.0,0.0,1.0,6.0,0.0,0.0,1.0,2.1458424069655377,0.0,0.0,1.0,0.0,0.0,1.0,0.0,0.0,1.0
2656-TABEH,0,-1.1552834925186746,1.1778254631988159,-0.8219765607222916,0.0,1.0,0.0,1.0,1.0,0.0,0.0,1.0,0.0,0.0,1.0,0.0,1.0,0.0,1.0,0.0,0.0,0.0,0.0,1.0,1.0,0.0,0.0,1.0,0.0,0.0,0.0,0.0,1.0,0.0,0.0,1.0,1.0,0.0,0.0,0.0,1.0,0.0,0.0,1.0,0.0,0.0,1.0,6.0,1.0,0.0,0.0,0.711493383264978,1.0,0.0,0.0,1.0,0.0,0.0,1.0,0.0,0.0
6946-LMSQS,1,-0.30015585439803716,0.8072447321617703,-0.04669988767477301,0.0,1.0,0.0,1.0,1.0,0.0,0.0,1.0,0.0,0.0,1.0,0.0,1.0,0.0,0.0,0.0,1.0,1.0,0.0,0.0,1.0,0.0,0.0,1.0,0.0,0.0,1.0,0.0,0.0,0.0,0.0,1.0,0.0,1.0,0.0,0.0,1.0,0.0,0.0,1.0,0.0,0.0,1.0,5.0,0.0,0.0,1.0,0.1555854633201464,0.0,0.0,1.0,0.0,0.0,1.0,0.0,0.0,1.0
4626-OZDTJ,0,0.758573602322752,0.4615909561272169,0.7357019629341157,1.0,0.0,0.0,1.0,1.0,0.0,0.0,1.0,0.0,0.0,1.0,1.0,0.0,0.0,1.0,0.0,0.0,0.0,0.0,1.0,1.0,0.0,0.0,0.0,0.0,1.0,0.0,0.0,1.0,0.0,0.0,1.0,0.0,1.0,0.0,0.0,1.0,0.0,1.0,0.0,0.0,1.0,0.0,7.0,0.0,1.0,0.0,0.9698491493526755,0.0,1.0,0.0,0.0,1.0,0.0,0.0,1.0,0.0
9169-BSVIN,0,-0.8295205827584317,0.3319707901142591,-0.6424794405462309,0.0,1.0,1.0,0.0,1.0,0.0,0.0,1.0,0.0,0.0,1.0,1.0,0.0,0.0,1.0,0.0,0.0,1.0,0.0,0.0,0.0,0.0,1.0,1.0,0.0,0.0,0.0,0.0,1.0,0.0,0.0,1.0,1.0,0.0,0.0,1.0,0.0,1.0,0.0,0.0,0.0,1.0,0.0,6.0,1.0,0.0,0.0,0.7745189859060195,1.0,0.0,0.0,1.0,0.0,0.0,1.0,0.0,0.0
2325-ZUSFD,0,1.002895784642934,0.1774236690988095,0.7191353736195992,1.0,0.0,0.0,1.0,0.0,1.0,0.0,1.0,1.0,0.0,0.0,1.0,0.0,0.0,0.0,0.0,1.0,1.0,0.0,0.0,1.0,0.0,0.0,1.0,0.0,0.0,0.0,0.0,1.0,0.0,0.0,1.0,0.0,1.0,0.0,0.0,1.0,1.0,0.0,0.0,0.0,0.0,1.0,5.0,0.0,1.0,0.0,0.7170589253953605,0.0,1.0,0.0,0.0,1.0,0.0,0.0,1.0,0.0
8194-PEEBY,0,-0.3408762181180675,-1.491020519067978,-0.7719900209264267,1.0,0.0,0.0,1.0,0.0,1.0,0.0,1.0,1.0,0.0,0.0,0.0,0.0,1.0,0.0,1.0,0.0,0.0,1.0,0.0,0.0,1.0,0.0,0.0,1.0,0.0,0.0,1.0,0.0,0.0,1.0,0.0,0.0,1.0,0.0,1.0,0.0,0.0,0.0,0.0,1.0,1.0,0.0,1.0,0.0,0.0,1.0,2.264722441443646,0.0,0.0,1.0,0.0,0.0,1.0,0.0,0.0,1.0
6872-HXFNF,0,1.2879383306831464,-0.2130986259402292,0.6499351197186156,1.0,0.0,0.0,1.0,1.0,0.0,0.0,1.0,0.0,0.0,1.0,1.0,0.0,0.0,1.0,0.0,0.0,1.0,0.0,0.0,0.0,0.0,1.0,0.0,0.0,1.0,1.0,0.0,0.0,1.0,0.0,0.0,0.0,1.0,0.0,1.0,0.0,1.0,0.0,0.0,0.0,1.0,0.0,5.0,0.0,1.0,0.0,0.5046321739441344,0.0,1.0,0.0,0.0,1.0,0.0,0.0,1.0,0.0
3932-CMDTD,0,-1.1552834925186746,1.3589613362169235,-0.8115204177994143,1.0,0.0,1.0,0.0,1.0,0.0,0.0,1.0,1.0,0.0,0.0,0.0,1.0,0.0,1.0,0.0,0.0,0.0,0.0,1.0,0.0,0.0,1.0,0.0,0.0,1.0,0.0,0.0,1.0,0.0,0.0,1.0,0.0,1.0,0.0,0.0,1.0,0.0,0.0,1.0,0.0,0.0,1.0,7.0,1.0,0.0,0.0,0.7024426671501987,1.0,0.0,0.0,1.0,0.0,0.0,1.0,0.0,0.0
7714-YXSMB,0,-0.2594354906780068,1.1877962451998125,0.13970181633010773,1.0,0.0,1.0,0.0,1.0,0.0,0.0,1.0,0.0,0.0,1.0,0.0,1.0,0.0,1.0,0.0,0.0,1.0,0.0,0.0,0.0,0.0,1.0,1.0,0.0,0.0,0.0,0.0,1.0,0.0,0.0,1.0,1.0,0.0,0.0,0.0,1.0,1.0,0.0,0.0,0.0,1.0,0.0,6.0,0.0,0.0,1.0,-0.5384838287352746,0.0,0.0,1.0,0.0,0.0,1.0,0.0,0.0,1.0
8387-UGUSU,0,-0.7073594915983407,-1.4860351280674797,-0.8819339372294237,1.0,0.0,0.0,1.0,0.0,1.0,0.0,1.0,1.0,0.0,0.0,0.0,0.0,1.0,0.0,1.0,0.0,0.0,1.0,0.0,0.0,1.0,0.0,0.0,1.0,0.0,0.0,1.0,0.0,0.0,1.0,0.0,1.0,0.0,0.0,1.0,0.0,0.0,0.0,0.0,1.0,1.0,0.0,1.0,1.0,0.0,0.0,1.246797346617371,1.0,0.0,0.0,1.0,0.0,0.0,1.0,0.0,0.0
1080-BWSYE,1,1.2879383306831464,-1.2999138640488739,-0.23934439431082308,0.0,1.0,0.0,1.0,1.0,0.0,0.0,1.0,0.0,0.0,1.0,0.0,0.0,1.0,0.0,1.0,0.0,0.0,1.0,0.0,0.0,1.0,0.0,0.0,1.0,0.0,0.0,1.0,0.0,0.0,1.0,0.0,0.0,0.0,1.0,1.0,0.0,0.0,1.0,0.0,0.0,1.0,0.0,2.0,0.0,1.0,0.0,-0.18583529087442438,0.0,1.0,0.0,0.0,1.0,0.0,0.0,1.0,0.0
4039-HEUNW,1,0.14776814652229667,1.0548524851865226,0.5086007152737315,0.0,1.0,0.0,1.0,1.0,0.0,0.0,1.0,0.0,0.0,1.0,0.0,1.0,0.0,1.0,0.0,0.0,0.0,0.0,1.0,1.0,0.0,0.0,1.0,0.0,0.0,0.0,0.0,1.0,0.0,0.0,1.0,1.0,0.0,0.0,0.0,1.0,0.0,0.0,1.0,0.0,0.0,1.0,6.0,0.0,0.0,1.0,3.441883296526217,0.0,0.0,1.0,0.0,0.0,1.0,0.0,0.0,1.0
1194-HVAIF,0,-0.21871512695797646,1.0049985751815391,0.07908265862532536,1.0,0.0,0.0,1.0,1.0,0.0,0.0,1.0,0.0,0.0,1.0,0.0,1.0,0.0,1.0,0.0,0.0,1.0,0.0,0.0,1.0,0.0,0.0,1.0,0.0,0.0,0.0,0.0,1.0,0.0,0.0,1.0,1.0,0.0,0.0,1.0,0.0,0.0,1.0,0.0,0.0,1.0,0.0,5.0,0.0,0.0,1.0,-0.36157836783058983,0.0,0.0,1.0,0.0,0.0,1.0,0.0,0.0,1.0
0812-WUPTB,1,-1.2774445836787656,0.20235062410130134,-0.9761054016550849,0.0,1.0,0.0,1.0,1.0,0.0,0.0,1.0,1.0,0.0,0.0,0.0,1.0,0.0,1.0,0.0,0.0,1.0,0.0,0.0,1.0,0.0,0.0,1.0,0.0,0.0,1.0,0.0,0.0,1.0,0.0,0.0,1.0,0.0,0.0,1.0,0.0,0.0,0.0,0.0,1.0,0.0,1.0,2.0,1.0,0.0,0.0,0.7641078244224977,1.0,0.0,0.0,1.0,0.0,0.0,1.0,0.0,0.0
3594-UVONA,0,0.10704778280226633,0.7042133181514708,0.3647736016510306,1.0,0.0,1.0,0.0,1.0,0.0,0.0,1.0,0.0,0.0,1.0,1.0,0.0,0.0,0.0,0.0,1.0,1.0,0.0,0.0,0.0,0.0,1.0,0.0,0.0,1.0,0.0,0.0,1.0,0.0,0.0,1.0,0.0,1.0,0.0,0.0,1.0,0.0,1.0,0.0,0.0,0.0,1.0,8.0,0.0,0.0,1.0,3.4075773650055265,0.0,0.0,1.0,0.0,0.0,1.0,0.0,0.0,1.0
0004-TLHLJ,0,-1.1552834925186746,0.30372024111143525,-0.8834560339840198,0.0,1.0,1.0,0.0,1.0,0.0,0.0,1.0,1.0,0.0,0.0,0.0,1.0,0.0,1.0,0.0,0.0,1.0,0.0,0.0,0.0,0.0,1.0,1.0,0.0,0.0,1.0,0.0,0.0,1.0,0.0,0.0,1.0,0.0,0.0,0.0,1.0,0.0,0.0,1.0,0.0,0.0,1.0,3.0,1.0,0.0,0.0,0.7647093026993452,1.0,0.0,0.0,1.0,0.0,0.0,1.0,0.0,0.0
1767-TGTKO,0,-0.9924020376385531,-0.641842251983089,-0.8257045948023893,1.0,0.0,0.0,1.0,0.0,1.0,0.0,1.0,1.0,0.0,0.0,1.0,0.0,0.0,1.0,0.0,0.0,1.0,0.0,0.0,1.0,0.0,0.0,1.0,0.0,0.0,1.0,0.0,0.0,1.0,0.0,0.0,1.0,0.0,0.0,0.0,1.0,0.0,0.0,1.0,0.0,1.0,0.0,2.0,1.0,0.0,0.0,0.8320262993082675,1.0,0.0,0.0,1.0,0.0,0.0,1.0,0.0,0.0
8439-LTUGF,0,-0.9109613101984924,-1.4876969250676457,-0.9197437029885203,0.0,1.0,1.0,0.0,1.0,0.0,0.0,1.0,1.0,0.0,0.0,0.0,0.0,1.0,0.0,1.0,0.0,0.0,1.0,0.0,0.0,1.0,0.0,0.0,1.0,0.0,0.0,1.0,0.0,0.0,1.0,0.0,1.0,0.0,0.0,0.0,1.0,0.0,1.0,0.0,0.0,1.0,0.0,1.0,1.0,0.0,0.0,1.0096407966965295,1.0,0.0,0.0,1.0,0.0,0.0,1.0,0.0,0.0
8805-JNRAZ,0,-1.2367242199587352,-0.5172074769706297,-0.9616123934265397,1.0,0.0,1.0,0.0,1.0,0.0,0.0,1.0,1.0,0.0,0.0,1.0,0.0,0.0,1.0,0.0,0.0,0.0,0.0,1.0,1.0,0.0,0.0,1.0,0.0,0.0,1.0,0.0,0.0,1.0,0.0,0.0,1.0,0.0,0.0,1.0,0.0,0.0,0.0,0.0,1.0,1.0,0.0,3.0,1.0,0.0,0.0,0.7775479592844273,1.0,0.0,0.0,1.0,0.0,0.0,1.0,0.0,0.0
5089-IFSDP,0,1.0436161483629645,1.4852579082295487,1.7035349051246647,1.0,0.0,0.0,1.0,1.0,0.0,0.0,1.0,0.0,0.0,1.0,0.0,1.0,0.0,0.0,0.0,1.0,0.0,0.0,1.0,0.0,0.0,1.0,1.0,0.0,0.0,0.0,0.0,1.0,0.0,0.0,1.0,0.0,0.0,1.0,0.0,1.0,1.0,0.0,0.0,0.0,0.0,1.0,8.0,0.0,1.0,0.0,1.6323385832969919,0.0,1.0,0.0,0.0,1.0,0.0,0.0,1.0,0.0
6418-HNFED,0,0.758573602322752,0.6144762801425001,0.7968505455970186,0.0,1.0,0.0,1.0,1.0,0.0,0.0,1.0,1.0,0.0,0.0,1.0,0.0,0.0,0.0,0.0,1.0,0.0,0.0,1.0,0.0,0.0,1.0,0.0,0.0,1.0,0.0,0.0,1.0,0.0,0.0,1.0,0.0,0.0,1.0,0.0,1.0,0.0,1.0,0.0,0.0,1.0,0.0,8.0,0.0,1.0,0.0,1.0504591026593368,0.0,1.0,0.0,0.0,1.0,0.0,0.0,1.0,0.0
0206-OYVOC,0,0.5549717837226001,-1.5126238800701375,-0.6260893262177543,1.0,0.0,0.0,1.0,0.0,1.0,0.0,1.0,1.0,0.0,0.0,0.0,0.0,1.0,0.0,1.0,0.0,0.0,1.0,0.0,0.0,1.0,0.0,0.0,1.0,0.0,0.0,1.0,0.0,0.0,1.0,0.0,0.0,0.0,1.0,0.0,1.0,0.0,0.0,0.0,1.0,1.0,0.0,1.0,0.0,1.0,0.0,-1.1281462311797492,0.0,1.0,0.0,0.0,1.0,0.0,0.0,1.0,0.0
7291-CDTMJ,0,-1.2774445836787656,-1.4993295040688086,-0.9986941998682206,0.0,1.0,1.0,0.0,1.0,0.0,0.0,1.0,1.0,0.0,0.0,0.0,0.0,1.0,0.0,1.0,0.0,0.0,1.0,0.0,0.0,1.0,0.0,0.0,1.0,0.0,0.0,1.0,0.0,0.0,1.0,0.0,1.0,0.0,0.0,0.0,1.0,1.0,0.0,0.0,0.0,1.0,0.0,1.0,1.0,0.0,0.0,0.7817906253061845,1.0,0.0,0.0,1.0,0.0,0.0,1.0,0.0,0.0
7128-GGCNO,0,0.5549717837226001,0.2671607071077802,0.4262310155395038,0.0,1.0,1.0,0.0,1.0,0.0,0.0,1.0,0.0,0.0,1.0,0.0,1.0,0.0,1.0,0.0,0.0,1.0,0.0,0.0,1.0,0.0,0.0,1.0,0.0,0.0,1.0,0.0,0.0,1.0,0.0,0.0,1.0,0.0,0.0,1.0,0.0,1.0,0.0,0.0,0.0,1.0,0.0,3.0,0.0,1.0,0.0,0.7680228581721071,0.0,1.0,0.0,0.0,1.0,0.0,0.0,1.0,0.0
0237-YFUTL,0,0.7178532386027215,1.4919050962302134,1.377607665281811,1.0,0.0,0.0,1.0,1.0,0.0,0.0,1.0,0.0,0.0,1.0,0.0,1.0,0.0,0.0,0.0,1.0,0.0,0.0,1.0,1.0,0.0,0.0,0.0,0.0,1.0,0.0,0.0,1.0,0.0,0.0,1.0,1.0,0.0,0.0,0.0,1.0,1.0,0.0,0.0,0.0,1.0,0.0,8.0,0.0,1.0,0.0,1.9190658914672871,0.0,1.0,0.0,0.0,1.0,0.0,0.0,1.0,0.0
7691-KGKGP,0,0.8400143297628127,0.00792037508186511,0.4767028615469792,0.0,1.0,0.0,1.0,0.0,1.0,0.0,1.0,1.0,0.0,0.0,1.0,0.0,0.0,1.0,0.0,0.0,0.0,0.0,1.0,1.0,0.0,0.0,0.0,0.0,1.0,0.0,0.0,1.0,1.0,0.0,0.0,1.0,0.0,0.0,1.0,0.0,0.0,1.0,0.0,0.0,1.0,0.0,5.0,0.0,1.0,0.0,0.567493725591064,0.0,1.0,0.0,0.0,1.0,0.0,0.0,1.0,0.0
6710-HSJRD,0,1.1657772395230555,1.639805029244998,2.13925164565773,0.0,1.0,0.0,1.0,1.0,0.0,0.0,1.0,0.0,0.0,1.0,0.0,1.0,0.0,1.0,0.0,0.0,0.0,0.0,1.0,0.0,0.0,1.0,0.0,0.0,1.0,0.0,0.0,1.0,0.0,0.0,1.0,1.0,0.0,0.0,0.0,1.0,0.0,0.0,1.0,0.0,1.0,0.0,8.0,0.0,1.0,0.0,1.8350432425091299,0.0,1.0,0.0,0.0,1.0,0.0,0.0,1.0,0.0
3675-EQOZA,0,-1.1145631287986442,-1.4660935640654862,-0.9660904461973077,0.0,1.0,1.0,0.0,1.0,0.0,0.0,1.0,1.0,0.0,0.0,0.0,0.0,1.0,0.0,1.0,0.0,0.0,1.0,0.0,0.0,1.0,0.0,0.0,1.0,0.0,0.0,1.0,0.0,0.0,1.0,0.0,1.0,0.0,0.0,1.0,0.0,1.0,0.0,0.0,0.0,1.0,0.0,1.0,1.0,0.0,0.0,0.8667884494246898,1.0,0.0,0.0,1.0,0.0,0.0,1.0,0.0,0.0
0840-DCNZE,0,0.5956921474426305,0.7374492581547932,0.8186672657462288,0.0,1.0,1.0,0.0,1.0,0.0,0.0,1.0,1.0,0.0,0.0,1.0,0.0,0.0,0.0,0.0,1.0,0.0,0.0,1.0,0.0,0.0,1.0,0.0,0.0,1.0,0.0,0.0,1.0,0.0,0.0,1.0,0.0,1.0,0.0,0.0,1.0,1.0,0.0,0.0,0.0,1.0,0.0,8.0,0.0,1.0,0.0,1.3743126701616835,0.0,1.0,0.0,0.0,1.0,0.0,0.0,1.0,0.0
1732-FEKLD,0,0.880734693482843,0.9966895901807084,1.252288365820068,1.0,0.0,1.0,0.0,1.0,0.0,0.0,1.0,0.0,0.0,1.0,0.0,1.0,0.0,1.0,0.0,0.0,0.0,0.0,1.0,0.0,0.0,1.0,1.0,0.0,0.0,0.0,0.0,1.0,1.0,0.0,0.0,0.0,1.0,0.0,0.0,1.0,1.0,0.0,0.0,0.0,1.0,0.0,6.0,0.0,1.0,0.0,1.4218678735907695,0.0,1.0,0.0,0.0,1.0,0.0,0.0,1.0,0.0
9862-KJTYK,0,-0.5444780367182193,-1.3098846460498705,-0.7576073095641566,0.0,1.0,1.0,0.0,0.0,1.0,1.0,0.0,0.0,1.0,0.0,1.0,0.0,0.0,1.0,0.0,0.0,1.0,0.0,0.0,1.0,0.0,0.0,1.0,0.0,0.0,1.0,0.0,0.0,1.0,0.0,0.0,1.0,0.0,0.0,0.0,1.0,0.0,1.0,0.0,0.0,1.0,0.0,1.0,1.0,0.0,0.0,1.3914377779690623,1.0,0.0,0.0,1.0,0.0,0.0,1.0,0.0,0.0
0479-HMSWA,0,-0.2594354906780068,1.3523141482162588,0.1905927904294286,1.0,0.0,1.0,0.0,0.0,1.0,0.0,1.0,1.0,0.0,0.0,0.0,1.0,0.0,1.0,0.0,0.0,0.0,0.0,1.0,0.0,0.0,1.0,0.0,0.0,1.0,0.0,0.0,1.0,0.0,0.0,1.0,0.0,0.0,1.0,0.0,1.0,0.0,0.0,1.0,0.0,1.0,0.0,7.0,0.0,0.0,1.0,-0.7346442459793562,0.0,0.0,1.0,0.0,0.0,1.0,0.0,0.0,1.0
5854-KSRBJ,0,1.5322605130033284,-1.3082228490497045,-0.2211454113754353,0.0,1.0,0.0,1.0,0.0,1.0,0.0,1.0,0.0,0.0,1.0,0.0,0.0,1.0,0.0,1.0,0.0,0.0,1.0,0.0,0.0,1.0,0.0,0.0,1.0,0.0,0.0,1.0,0.0,0.0,1.0,0.0,0.0,0.0,1.0,1.0,0.0,0.0,0.0,0.0,1.0,1.0,0.0,2.0,0.0,1.0,0.0,-0.14432624837533414,0.0,1.0,0.0,0.0,1.0,0.0,0.0,1.0,0.0
0365-BZUWY,0,-0.62591876415828,1.2559299222066236,-0.2385943756201525,0.0,1.0,0.0,1.0,1.0,0.0,0.0,1.0,0.0,0.0,1.0,0.0,1.0,0.0,1.0,0.0,0.0,0.0,0.0,1.0,0.0,0.0,1.0,1.0,0.0,0.0,0.0,0.0,1.0,0.0,0.0,1.0,1.0,0.0,0.0,0.0,1.0,0.0,0.0,1.0,0.0,1.0,0.0,7.0,1.0,0.0,0.0,0.3811906421131316,1.0,0.0,0.0,1.0,0.0,0.0,1.0,0.0,0.0
4817-VYYWS,0,-0.0965540357978854,1.1778254631988159,0.30905162480886167,1.0,0.0,1.0,0.0,1.0,0.0,0.0,1.0,0.0,0.0,1.0,0.0,1.0,0.0,1.0,0.0,0.0,0.0,0.0,1.0,1.0,0.0,0.0,1.0,0.0,0.0,0.0,0.0,1.0,0.0,0.0,1.0,1.0,0.0,0.0,0.0,1.0,0.0,0.0,1.0,0.0,0.0,1.0,6.0,0.0,0.0,1.0,-3.2008151938443374,0.0,0.0,1.0,0.0,0.0,1.0,0.0,0.0,1.0
5701-SVCWR,0,-1.2774445836787656,-1.3547531650543558,-0.9967750343950342,1.0,0.0,1.0,0.0,0.0,1.0,0.0,1.0,0.0,0.0,1.0,0.0,0.0,1.0,0.0,1.0,0.0,0.0,1.0,0.0,0.0,1.0,0.0,0.0,1.0,0.0,0.0,1.0,0.0,0.0,1.0,0.0,1.0,0.0,0.0,1.0,0.0,0.0,0.0,0.0,1.0,1.0,0.0,2.0,1.0,0.0,0.0,0.7802882779654806,1.0,0.0,0.0,1.0,0.0,0.0,1.0,0.0,0.0
3129-AAQOU,0,-0.5444780367182193,-1.3015756610490399,-0.7929905442652013,1.0,0.0,0.0,1.0,0.0,1.0,0.0,1.0,0.0,0.0,1.0,0.0,0.0,1.0,0.0,1.0,0.0,0.0,1.0,0.0,0.0,1.0,0.0,0.0,1.0,0.0,0.0,1.0,0.0,0.0,1.0,0.0,0.0,0.0,1.0,1.0,0.0,0.0,0.0,0.0,1.0,1.0,0.0,2.0,1.0,0.0,0.0,1.4564233831080928,1.0,0.0,0.0,1.0,0.0,0.0,1.0,0.0,0.0
4922-CVPDX,0,-0.2594354906780068,0.29042586511010604,-0.166592581315782,1.0,0.0,0.0,1.0,1.0,0.0,0.0,1.0,1.0,0.0,0.0,1.0,0.0,0.0,1.0,0.0,0.0,0.0,0.0,1.0,0.0,0.0,1.0,1.0,0.0,0.0,0.0,0.0,1.0,0.0,0.0,1.0,0.0,0.0,1.0,0.0,1.0,0.0,1.0,0.0,0.0,1.0,0.0,6.0,0.0,0.0,1.0,0.6421348940363177,0.0,0.0,1.0,0.0,0.0,1.0,0.0,0.0,1.0
1396-QWFBJ,0,-0.46303730927815856,0.3087056321119333,-0.3165963194498872,1.0,0.0,0.0,1.0,0.0,1.0,0.0,1.0,1.0,0.0,0.0,0.0,1.0,0.0,1.0,0.0,0.0,0.0,0.0,1.0,1.0,0.0,0.0,1.0,0.0,0.0,1.0,0.0,0.0,1.0,0.0,0.0,1.0,0.0,0.0,0.0,1.0,1.0,0.0,0.0,0.0,0.0,1.0,3.0,0.0,0.0,1.0,0.6837382498257815,0.0,0.0,1.0,0.0,0.0,1.0,0.0,0.0,1.0
1357-BIJKI,0,0.7178532386027215,1.113015380192337,1.1362340031254317,0.0,1.0,0.0,1.0,1.0,0.0,0.0,1.0,0.0,0.0,1.0,0.0,1.0,0.0,1.0,0.0,0.0,0.0,0.0,1.0,1.0,0.0,0.0,1.0,0.0,0.0,0.0,0.0,1.0,0.0,0.0,1.0,0.0,1.0,0.0,0.0,1.0,0.0,0.0,1.0,0.0,1.0,0.0,6.0,0.0,1.0,0.0,1.5828221452856783,0.0,1.0,0.0,0.0,1.0,0.0,0.0,1.0,0.0
1099-BTKWT,0,1.4508197855632678,-0.34438058895335305,0.6354641708633255,1.0,0.0,0.0,1.0,1.0,0.0,1.0,0.0,0.0,1.0,0.0,1.0,0.0,0.0,0.0,0.0,1.0,1.0,0.0,0.0,0.0,0.0,1.0,1.0,0.0,0.0,0.0,0.0,1.0,0.0,0.0,1.0,0.0,1.0,0.0,0.0,1.0,0.0,0.0,1.0,0.0,1.0,0.0,5.0,0.0,1.0,0.0,0.4380035185532104,0.0,1.0,0.0,0.0,1.0,0.0,0.0,1.0,0.0
5299-SJCZT,0,-1.1960038562387048,1.222693982203301,-0.8757352533447644,0.0,1.0,1.0,0.0,1.0,0.0,0.0,1.0,0.0,0.0,1.0,0.0,1.0,0.0,1.0,0.0,0.0,1.0,0.0,0.0,0.0,0.0,1.0,1.0,0.0,0.0,0.0,0.0,1.0,0.0,0.0,1.0,1.0,0.0,0.0,0.0,1.0,1.0,0.0,0.0,0.0,0.0,1.0,6.0,1.0,0.0,0.0,0.7322177506173363,1.0,0.0,0.0,1.0,0.0,0.0,1.0,0.0,0.0
2018-PZKMU,0,-0.9516816739185228,1.2742096892084507,-0.5792131580508464,0.0,1.0,0.0,1.0,0.0,1.0,0.0,1.0,1.0,0.0,0.0,0.0,1.0,0.0,1.0,0.0,0.0,1.0,0.0,0.0,0.0,0.0,1.0,0.0,0.0,1.0,0.0,0.0,1.0,0.0,0.0,1.0,1.0,0.0,0.0,1.0,0.0,0.0,0.0,1.0,0.0,1.0,0.0,6.0,1.0,0.0,0.0,0.6086206910614894,1.0,0.0,0.0,1.0,0.0,0.0,1.0,0.0,0.0
7340-KEFQE,0,0.758573602322752,-1.0157465770204666,-0.2211674707486903,1.0,0.0,0.0,1.0,0.0,1.0,1.0,0.0,0.0,1.0,0.0,1.0,0.0,0.0,0.0,0.0,1.0,1.0,0.0,0.0,1.0,0.0,0.0,0.0,0.0,1.0,1.0,0.0,0.0,1.0,0.0,0.0,0.0,0.0,1.0,1.0,0.0,1.0,0.0,0.0,0.0,1.0,0.0,3.0,0.0,1.0,0.0,-0.2915570355618435,0.0,1.0,0.0,0.0,1.0,0.0,0.0,1.0,0.0
4570-QHXHL,0,-0.9516816739185228,-0.6983433499887373,-0.8283737789662462,1.0,0.0,1.0,0.0,1.0,0.0,0.0,1.0,1.0,0.0,0.0,1.0,0.0,0.0,1.0,0.0,0.0,1.0,0.0,0.0,1.0,0.0,0.0,1.0,0.0,0.0,1.0,0.0,0.0,1.0,0.0,0.0,1.0,0.0,0.0,0.0,1.0,0.0,0.0,1.0,0.0,1.0,0.0,2.0,1.0,0.0,0.0,0.8704315756711383,1.0,0.0,0.0,1.0,0.0,0.0,1.0,0.0,0.0
2403-BCASL,1,0.35136996512244845,1.5683477582378549,0.9933775019259514,0.0,1.0,0.0,1.0,0.0,1.0,0.0,1.0,0.0,0.0,1.0,0.0,1.0,0.0,1.0,0.0,0.0,0.0,0.0,1.0,0.0,0.0,1.0,0.0,0.0,1.0,0.0,0.0,1.0,0.0,0.0,1.0,0.0,1.0,0.0,0.0,1.0,0.0,0.0,1.0,0.0,0.0,1.0,8.0,0.0,0.0,1.0,2.827155421721292,0.0,0.0,1.0,0.0,0.0,1.0,0.0,0.0,1.0
7392-YYPYJ,0,-0.4223169455581282,1.1927816362003112,0.058523322751650786,0.0,1.0,1.0,0.0,1.0,0.0,0.0,1.0,0.0,0.0,1.0,0.0,1.0,0.0,1.0,0.0,0.0,0.0,0.0,1.0,1.0,0.0,0.0,1.0,0.0,0.0,0.0,0.0,1.0,0.0,0.0,1.0,1.0,0.0,0.0,0.0,1.0,0.0,0.0,1.0,0.0,1.0,0.0,6.0,0.0,0.0,1.0,-0.13857678070271884,0.0,0.0,1.0,0.0,0.0,1.0,0.0,0.0,1.0
2898-LSJGD,0,-0.46303730927815856,-0.2928648819482031,-0.4968875770631287,1.0,0.0,0.0,1.0,0.0,1.0,1.0,0.0,0.0,1.0,0.0,1.0,0.0,0.0,0.0,0.0,1.0,1.0,0.0,0.0,0.0,0.0,1.0,1.0,0.0,0.0,0.0,0.0,1.0,0.0,0.0,1.0,0.0,1.0,0.0,0.0,1.0,0.0,0.0,1.0,0.0,0.0,1.0,5.0,0.0,0.0,1.0,1.0731048386527215,0.0,0.0,1.0,0.0,0.0,1.0,0.0,0.0,1.0
2223-GDSHL,0,1.5729808767233588,1.7046151122514768,2.653389458112376,0.0,1.0,0.0,1.0,0.0,1.0,0.0,1.0,0.0,0.0,1.0,0.0,1.0,0.0,0.0,0.0,1.0,0.0,0.0,1.0,0.0,0.0,1.0,0.0,0.0,1.0,0.0,0.0,1.0,0.0,0.0,1.0,0.0,0.0,1.0,0.0,1.0,1.0,0.0,0.0,0.0,1.0,0.0,9.0,0.0,1.0,0.0,1.6868542379482654,0.0,1.0,0.0,0.0,1.0,0.0,0.0,1.0,0.0
7359-PTSXY,0,-1.2774445836787656,-0.6318714699820923,-0.9871792070291026,0.0,1.0,1.0,0.0,1.0,0.0,0.0,1.0,1.0,0.0,0.0,1.0,0.0,0.0,1.0,0.0,0.0,1.0,0.0,0.0,1.0,0.0,0.0,1.0,0.0,0.0,1.0,0.0,0.0,1.0,0.0,0.0,1.0,0.0,0.0,1.0,0.0,0.0,0.0,1.0,0.0,0.0,1.0,2.0,1.0,0.0,0.0,0.7727765412619613,1.0,0.0,0.0,1.0,0.0,0.0,1.0,0.0,0.0
9470-RTWDV,0,-0.2594354906780068,0.572931355138347,-0.08832592500698716,0.0,1.0,0.0,1.0,0.0,1.0,0.0,1.0,0.0,0.0,1.0,1.0,0.0,0.0,1.0,0.0,0.0,1.0,0.0,0.0,0.0,0.0,1.0,0.0,0.0,1.0,0.0,0.0,1.0,0.0,0.0,1.0,0.0,1.0,0.0,0.0,1.0,0.0,1.0,0.0,0.0,1.0,0.0,7.0,0.0,0.0,1.0,0.34045428702201397,0.0,0.0,1.0,0.0,0.0,1.0,0.0,0.0,1.0
2176-OSJUV,0,1.5729808767233588,0.012905766082363669,1.058165881175932,0.0,1.0,0.0,1.0,1.0,0.0,0.0,1.0,0.0,0.0,1.0,1.0,0.0,0.0,0.0,0.0,1.0,0.0,0.0,1.0,1.0,0.0,0.0,0.0,0.0,1.0,1.0,0.0,0.0,1.0,0.0,0.0,0.0,0.0,1.0,1.0,0.0,1.0,0.0,0.0,0.0,1.0,0.0,6.0,0.0,1.0,0.0,0.6727137607547865,0.0,1.0,0.0,0.0,1.0,0.0,0.0,1.0,0.0
9348-YVOMK,0,-1.1552834925186746,-0.6634456129852487,-0.9296263022067672,0.0,1.0,1.0,0.0,1.0,0.0,0.0,1.0,1.0,0.0,0.0,1.0,0.0,0.0,1.0,0.0,0.0,1.0,0.0,0.0,1.0,0.0,0.0,1.0,0.0,0.0,1.0,0.0,0.0,1.0,0.0,0.0,1.0,0.0,0.0,0.0,1.0,0.0,1.0,0.0,0.0,1.0,0.0,2.0,1.0,0.0,0.0,0.8046737517040565,1.0,0.0,0.0,1.0,0.0,0.0,1.0,0.0,0.0
8104-OSKWT,0,-0.8295205827584317,0.4998122871310375,-0.5656466434990118,1.0,0.0,1.0,0.0,1.0,0.0,0.0,1.0,0.0,0.0,1.0,0.0,1.0,0.0,0.0,0.0,1.0,1.0,0.0,0.0,1.0,0.0,0.0,1.0,0.0,0.0,1.0,0.0,0.0,1.0,0.0,0.0,1.0,0.0,0.0,0.0,1.0,0.0,0.0,1.0,0.0,1.0,0.0,4.0,1.0,0.0,0.0,0.6818958507552022,1.0,0.0,0.0,1.0,0.0,0.0,1.0,0.0,0.0
4521-YEEHE,0,-0.5851984004382496,0.8005975441611056,-0.30377982358872324,1.0,0.0,0.0,1.0,1.0,0.0,0.0,1.0,0.0,0.0,1.0,0.0,1.0,0.0,1.0,0.0,0.0,1.0,0.0,0.0,1.0,0.0,0.0,0.0,0.0,1.0,0.0,0.0,1.0,1.0,0.0,0.0,1.0,0.0,0.0,0.0,1.0,0.0,0.0,1.0,0.0,1.0,0.0,5.0,1.0,0.0,0.0,0.5191056970785043,1.0,0.0,0.0,1.0,0.0,0.0,1.0,0.0,0.0
4090-KPJIP,0,-1.1960038562387048,0.3386179781149237,-0.9136553159701359,1.0,0.0,1.0,0.0,1.0,0.0,0.0,1.0,0.0,0.0,1.0,0.0,1.0,0.0,1.0,0.0,0.0,1.0,0.0,0.0,1.0,0.0,0.0,1.0,0.0,0.0,1.0,0.0,0.0,1.0,0.0,0.0,1.0,0.0,0.0,0.0,1.0,0.0,0.0,1.0,0.0,1.0,0.0,3.0,1.0,0.0,0.0,0.7639233863705736,1.0,0.0,0.0,1.0,0.0,0.0,1.0,0.0,0.0
3786-WOVKF,1,1.6137012404433893,1.39884446422091,2.3798091110036736,1.0,0.0,0.0,1.0,1.0,0.0,0.0,1.0,0.0,0.0,1.0,0.0,1.0,0.0,0.0,0.0,1.0,0.0,0.0,1.0,1.0,0.0,0.0,1.0,0.0,0.0,0.0,0.0,1.0,0.0,0.0,1.0,0.0,1.0,0.0,0.0,1.0,1.0,0.0,0.0,0.0,1.0,0.0,7.0,0.0,1.0,0.0,1.4747519871458885,0.0,1.0,0.0,0.0,1.0,0.0,0.0,1.0,0.0
4503-BDXBD,0,-0.8702409464784621,0.3386179781149237,-0.6475751557681394,0.0,1.0,1.0,0.0,1.0,0.0,0.0,1.0,1.0,0.0,0.0,0.0,1.0,0.0,1.0,0.0,0.0,0.0,0.0,1.0,1.0,0.0,0.0,1.0,0.0,0.0,1.0,0.0,0.0,1.0,0.0,0.0,1.0,0.0,0.0,1.0,0.0,0.0,0.0,1.0,0.0,0.0,1.0,3.0,1.0,0.0,0.0,0.7441331718400893,1.0,0.0,0.0,1.0,0.0,0.0,1.0,0.0,0.0
6086-ESGRL,0,-1.2774445836787656,0.5114448661322006,-0.9720023582296519,1.0,0.0,1.0,0.0,1.0,0.0,0.0,1.0,1.0,0.0,0.0,0.0,1.0,0.0,1.0,0.0,0.0,1.0,0.0,0.0,1.0,0.0,0.0,1.0,0.0,0.0,1.0,0.0,0.0,0.0,0.0,1.0,1.0,0.0,0.0,1.0,0.0,0.0,1.0,0.0,0.0,0.0,1.0,3.0,1.0,0.0,0.0,0.7608959094182342,1.0,0.0,0.0,1.0,0.0,0.0,1.0,0.0,0.0
2592-HODOV,0,-0.7888002190384014,-1.5109620830699715,-0.8928092082441463,0.0,1.0,1.0,0.0,1.0,0.0,0.0,1.0,1.0,0.0,0.0,0.0,0.0,1.0,0.0,1.0,0.0,0.0,1.0,0.0,0.0,1.0,0.0,0.0,1.0,0.0,0.0,1.0,0.0,0.0,1.0,0.0,0.0,1.0,0.0,1.0,0.0,0.0,1.0,0.0,0.0,1.0,0.0,1.0,1.0,0.0,0.0,1.1318572012220518,1.0,0.0,0.0,1.0,0.0,0.0,1.0,0.0,0.0
3886-CERTZ,0,1.6137012404433893,1.478610720228884,2.5705785709130478,1.0,0.0,0.0,1.0,1.0,0.0,0.0,1.0,0.0,0.0,1.0,0.0,1.0,0.0,1.0,0.0,0.0,0.0,0.0,1.0,0.0,0.0,1.0,0.0,0.0,1.0,0.0,0.0,1.0,0.0,0.0,1.0,0.0,1.0,0.0,0.0,1.0,0.0,0.0,1.0,0.0,0.0,1.0,8.0,0.0,1.0,0.0,1.592970561395083,0.0,1.0,0.0,0.0,1.0,0.0,0.0,1.0,0.0
7995-ZHHNZ,0,0.3920903288424788,-0.28787949094770476,0.04568476751723182,0.0,1.0,0.0,1.0,1.0,0.0,0.0,1.0,0.0,0.0,1.0,1.0,0.0,0.0,0.0,0.0,1.0,1.0,0.0,0.0,1.0,0.0,0.0,1.0,0.0,0.0,1.0,0.0,0.0,1.0,0.0,0.0,0.0,1.0,0.0,1.0,0.0,0.0,1.0,0.0,0.0,1.0,0.0,4.0,0.0,0.0,1.0,0.11651592542999333,0.0,0.0,1.0,0.0,0.0,1.0,0.0,0.0,1.0
3824-RHKVR,0,-0.62591876415828,-1.4976677070686424,-0.8572053798105514,1.0,0.0,1.0,0.0,1.0,0.0,0.0,1.0,1.0,0.0,0.0,0.0,0.0,1.0,0.0,1.0,0.0,0.0,1.0,0.0,0.0,1.0,0.0,0.0,1.0,0.0,0.0,1.0,0.0,0.0,1.0,0.0,1.0,0.0,0.0,1.0,0.0,0.0,1.0,0.0,0.0,1.0,0.0,1.0,1.0,0.0,0.0,1.3695153890510057,1.0,0.0,0.0,1.0,0.0,0.0,1.0,0.0,0.0
5816-SCGFC,1,-1.0331224013585834,-0.44741200296365274,-0.8223515700676269,1.0,0.0,1.0,0.0,1.0,0.0,0.0,1.0,1.0,0.0,0.0,1.0,0.0,0.0,1.0,0.0,0.0,0.0,0.0,1.0,1.0,0.0,0.0,1.0,0.0,0.0,1.0,0.0,0.0,1.0,0.0,0.0,1.0,0.0,0.0,0.0,1.0,0.0,0.0,0.0,1.0,1.0,0.0,3.0,1.0,0.0,0.0,0.7959865829897917,1.0,0.0,0.0,1.0,0.0,0.0,1.0,0.0,0.0
5989-AXPUC,0,1.4508197855632678,1.789366759259949,2.5177463719672857,1.0,0.0,0.0,1.0,1.0,0.0,0.0,1.0,0.0,0.0,1.0,0.0,1.0,0.0,0.0,0.0,1.0,0.0,0.0,1.0,0.0,0.0,1.0,0.0,0.0,1.0,0.0,0.0,1.0,0.0,0.0,1.0,0.0,0.0,1.0,1.0,0.0,0.0,0.0,0.0,1.0,1.0,0.0,9.0,0.0,1.0,0.0,1.7353956687251775,0.0,1.0,0.0,0.0,1.0,0.0,0.0,1.0,0.0
4979-HPRFL,0,0.9621754209229036,-1.3497677740538576,-0.3887084106205328,0.0,1.0,0.0,1.0,0.0,1.0,0.0,1.0,0.0,0.0,1.0,0.0,0.0,1.0,0.0,1.0,0.0,0.0,1.0,0.0,0.0,1.0,0.0,0.0,1.0,0.0,0.0,1.0,0.0,0.0,1.0,0.0,0.0,0.0,1.0,1.0,0.0,1.0,0.0,0.0,0.0,1.0,0.0,2.0,0.0,1.0,0.0,-0.40398912939148846,0.0,1.0,0.0,0.0,1.0,0.0,0.0,1.0,0.0
8590-OHDIW,0,0.22920887396235737,-1.477726143066649,-0.6767597065845249,1.0,0.0,0.0,1.0,0.0,1.0,0.0,1.0,1.0,0.0,0.0,0.0,0.0,1.0,0.0,1.0,0.0,0.0,1.0,0.0,0.0,1.0,0.0,0.0,1.0,0.0,0.0,1.0,0.0,0.0,1.0,0.0,0.0,1.0,0.0,1.0,0.0,0.0,0.0,0.0,1.0,1.0,0.0,1.0,0.0,0.0,1.0,-2.9525894651690847,0.0,0.0,1.0,0.0,0.0,1.0,0.0,0.0,1.0
8015-IHCGW,0,1.6137012404433893,1.6863353452496495,2.70970703803243,1.0,0.0,0.0,1.0,0.0,1.0,0.0,1.0,0.0,0.0,1.0,0.0,1.0,0.0,0.0,0.0,1.0,0.0,0.0,1.0,0.0,0.0,1.0,0.0,0.0,1.0,0.0,0.0,1.0,0.0,0.0,1.0,0.0,0.0,1.0,0.0,1.0,0.0,0.0,1.0,0.0,1.0,0.0,9.0,0.0,1.0,0.0,1.6791875535076717,0.0,1.0,0.0,0.0,1.0,0.0,0.0,1.0,0.0
2332-TODQS,0,0.6364125111626608,-1.3198554280508674,-0.4905124181924292,1.0,0.0,1.0,0.0,1.0,0.0,0.0,1.0,0.0,0.0,1.0,0.0,0.0,1.0,0.0,1.0,0.0,0.0,1.0,0.0,0.0,1.0,0.0,0.0,1.0,0.0,0.0,1.0,0.0,0.0,1.0,0.0,0.0,1.0,0.0,1.0,0.0,0.0,1.0,0.0,0.0,1.0,0.0,2.0,0.0,1.0,0.0,-0.7707460327835368,0.0,1.0,0.0,0.0,1.0,0.0,0.0,1.0,0.0
9278-VZKCD,1,0.7992939660427822,1.4736253292283856,1.4844412099558508,1.0,0.0,0.0,1.0,1.0,0.0,0.0,1.0,0.0,0.0,1.0,0.0,1.0,0.0,0.0,0.0,1.0,0.0,0.0,1.0,0.0,0.0,1.0,1.0,0.0,0.0,0.0,0.0,1.0,0.0,0.0,1.0,1.0,0.0,0.0,0.0,1.0,0.0,0.0,1.0,0.0,1.0,0.0,8.0,0.0,1.0,0.0,1.8571905619470122,0.0,1.0,0.0,0.0,1.0,0.0,0.0,1.0,0.0
8008-OTEZX,0,0.10704778280226633,-1.4993295040688086,-0.6946498582943424,1.0,0.0,0.0,1.0,0.0,1.0,0.0,1.0,1.0,0.0,0.0,0.0,0.0,1.0,0.0,1.0,0.0,0.0,1.0,0.0,0.0,1.0,0.0,0.0,1.0,0.0,0.0,1.0,0.0,0.0,1.0,0.0,0.0,1.0,0.0,1.0,0.0,0.0,0.0,0.0,1.0,1.0,0.0,1.0,0.0,0.0,1.0,-6.489156899003385,0.0,0.0,1.0,0.0,0.0,1.0,0.0,0.0,1.0
2773-OVBPK,0,1.4100994218432374,1.5467443972356951,2.3311902523496197,0.0,1.0,0.0,1.0,1.0,0.0,0.0,1.0,0.0,0.0,1.0,0.0,1.0,0.0,1.0,0.0,0.0,0.0,0.0,1.0,0.0,0.0,1.0,0.0,0.0,1.0,0.0,0.0,1.0,0.0,0.0,1.0,0.0,0.0,1.0,0.0,1.0,1.0,0.0,0.0,0.0,1.0,0.0,8.0,0.0,1.0,0.0,1.6532098490632394,0.0,1.0,0.0,0.0,1.0,0.0,0.0,1.0,0.0
5999-LCXAO,0,-1.2774445836787656,-1.1586611190347533,-0.9941720283509424,1.0,0.0,1.0,0.0,1.0,0.0,1.0,0.0,0.0,1.0,0.0,1.0,0.0,0.0,0.0,0.0,1.0,1.0,0.0,0.0,1.0,0.0,0.0,1.0,0.0,0.0,1.0,0.0,0.0,1.0,0.0,0.0,1.0,0.0,0.0,1.0,0.0,0.0,0.0,0.0,1.0,1.0,0.0,2.0,1.0,0.0,0.0,0.7782506114573995,1.0,0.0,0.0,1.0,0.0,0.0,1.0,0.0,0.0
5206-XZZQI,0,0.8400143297628127,0.5264010391336954,0.910963683445214,0.0,1.0,1.0,0.0,1.0,0.0,0.0,1.0,1.0,0.0,0.0,0.0,1.0,0.0,1.0,0.0,0.0,0.0,0.0,1.0,1.0,0.0,0.0,0.0,0.0,1.0,1.0,0.0,0.0,1.0,0.0,0.0,1.0,0.0,0.0,0.0,1.0,0.0,0.0,0.0,1.0,1.0,0.0,4.0,0.0,1.0,0.0,1.0844620754296355,0.0,1.0,0.0,0.0,1.0,0.0,0.0,1.0,0.0
4803-LBYPN,0,0.06632741908223598,-1.461108173064988,-0.7268124245001549,0.0,1.0,0.0,1.0,0.0,1.0,0.0,1.0,1.0,0.0,0.0,0.0,0.0,1.0,0.0,1.0,0.0,0.0,1.0,0.0,0.0,1.0,0.0,0.0,1.0,0.0,0.0,1.0,0.0,0.0,1.0,0.0,1.0,0.0,0.0,1.0,0.0,0.0,0.0,0.0,1.0,1.0,0.0,1.0,0.0,0.0,1.0,-10.957948229509991,0.0,0.0,1.0,0.0,0.0,1.0,0.0,0.0,1.0
5759-RCVCB,0,-1.1960038562387048,-0.9825106370171443,-0.9592961592347631,1.0,0.0,1.0,0.0,1.0,0.0,1.0,0.0,0.0,1.0,0.0,1.0,0.0,0.0,1.0,0.0,0.0,1.0,0.0,0.0,1.0,0.0,0.0,1.0,0.0,0.0,0.0,0.0,1.0,1.0,0.0,0.0,1.0,0.0,0.0,1.0,0.0,0.0,1.0,0.0,0.0,0.0,1.0,2.0,1.0,0.0,0.0,0.8020845035162677,1.0,0.0,0.0,1.0,0.0,0.0,1.0,0.0,0.0
6372-RFVNS,0,-1.2774445836787656,0.466576347127715,-0.9725979613075373,1.0,0.0,0.0,1.0,1.0,0.0,0.0,1.0,1.0,0.0,0.0,0.0,1.0,0.0,1.0,0.0,0.0,1.0,0.0,0.0,1.0,0.0,0.0,1.0,0.0,0.0,0.0,0.0,1.0,1.0,0.0,0.0,1.0,0.0,0.0,1.0,0.0,0.0,0.0,1.0,0.0,0.0,1.0,3.0,1.0,0.0,0.0,0.7613621551446595,1.0,0.0,0.0,1.0,0.0,0.0,1.0,0.0,0.0
2139-FQHLM,0,-0.5444780367182193,0.8371570781647607,-0.2651097422726811,0.0,1.0,1.0,0.0,1.0,0.0,0.0,1.0,1.0,0.0,0.0,0.0,1.0,0.0,1.0,0.0,0.0,1.0,0.0,0.0,0.0,0.0,1.0,0.0,0.0,1.0,0.0,0.0,1.0,1.0,0.0,0.0,1.0,0.0,0.0,1.0,0.0,0.0,0.0,0.0,1.0,1.0,0.0,5.0,1.0,0.0,0.0,0.48690621915734295,1.0,0.0,0.0,1.0,0.0,0.0,1.0,0.0,0.0
8261-GWDBQ,1,1.125056875803025,1.7046151122514768,2.0482567309807913,1.0,0.0,0.0,1.0,1.0,0.0,0.0,1.0,0.0,0.0,1.0,0.0,1.0,0.0,0.0,0.0,1.0,0.0,0.0,1.0,0.0,0.0,1.0,0.0,0.0,1.0,0.0,0.0,1.0,0.0,0.0,1.0,0.0,0.0,1.0,0.0,1.0,1.0,0.0,0.0,0.0,1.0,0.0,9.0,0.0,1.0,0.0,1.8205806079971019,0.0,1.0,0.0,0.0,1.0,0.0,0.0,1.0,0.0
1093-YSWCA,0,-0.8702409464784621,-1.502653098069141,-0.9089125507203076,0.0,1.0,1.0,0.0,1.0,0.0,0.0,1.0,1.0,0.0,0.0,0.0,0.0,1.0,0.0,1.0,0.0,0.0,1.0,0.0,0.0,1.0,0.0,0.0,1.0,0.0,0.0,1.0,0.0,0.0,1.0,0.0,0.0,0.0,1.0,1.0,0.0,0.0,1.0,0.0,0.0,1.0,0.0,1.0,1.0,0.0,0.0,1.0444378127670675,1.0,0.0,0.0,1.0,0.0,0.0,1.0,0.0,0.0
8938-UMKPI,0,0.5956921474426305,1.3838882912194153,1.25502372810369,1.0,0.0,1.0,0.0,1.0,0.0,0.0,1.0,0.0,0.0,1.0,0.0,1.0,0.0,1.0,0.0,0.0,0.0,0.0,1.0,0.0,0.0,1.0,1.0,0.0,0.0,0.0,0.0,1.0,0.0,0.0,1.0,1.0,0.0,0.0,0.0,1.0,0.0,0.0,1.0,0.0,0.0,1.0,7.0,0.0,1.0,0.0,2.1068327549584795,0.0,1.0,0.0,0.0,1.0,0.0,0.0,1.0,0.0
0991-BRRFB,0,-0.5851984004382496,-0.5105602889699654,-0.621412739087691,0.0,1.0,1.0,0.0,1.0,0.0,0.0,1.0,1.0,0.0,0.0,1.0,0.0,0.0,0.0,0.0,1.0,1.0,0.0,0.0,1.0,0.0,0.0,1.0,0.0,0.0,1.0,0.0,0.0,1.0,0.0,0.0,1.0,0.0,0.0,1.0,0.0,0.0,0.0,1.0,0.0,0.0,1.0,3.0,1.0,0.0,0.0,1.0618838647240336,1.0,0.0,0.0,1.0,0.0,0.0,1.0,0.0,0.0
3882-IYOIJ,0,1.125056875803025,1.6780263602488188,1.9743798899497444,1.0,0.0,0.0,1.0,0.0,1.0,0.0,1.0,0.0,0.0,1.0,0.0,1.0,0.0,0.0,0.0,1.0,0.0,0.0,1.0,0.0,0.0,1.0,0.0,0.0,1.0,0.0,0.0,1.0,0.0,0.0,1.0,0.0,0.0,1.0,1.0,0.0,0.0,1.0,0.0,0.0,1.0,0.0,9.0,0.0,1.0,0.0,1.7549156246349797,0.0,1.0,0.0,0.0,1.0,0.0,0.0,1.0,0.0
8749-TZYEC,0,1.6137012404433893,-1.328164413051698,-0.18044586771993176,0.0,1.0,0.0,1.0,1.0,0.0,0.0,1.0,0.0,0.0,1.0,0.0,0.0,1.0,0.0,1.0,0.0,0.0,1.0,0.0,0.0,1.0,0.0,0.0,1.0,0.0,0.0,1.0,0.0,0.0,1.0,0.0,0.0,0.0,1.0,1.0,0.0,0.0,1.0,0.0,0.0,1.0,0.0,2.0,0.0,1.0,0.0,-0.11182111235804186,0.0,1.0,0.0,0.0,1.0,0.0,0.0,1.0,0.0
1755-FZQEC,0,0.26992923768238775,-1.491020519067978,-0.6583180705433318,0.0,1.0,1.0,0.0,1.0,0.0,0.0,1.0,1.0,0.0,0.0,0.0,0.0,1.0,0.0,1.0,0.0,0.0,1.0,0.0,0.0,1.0,0.0,0.0,1.0,0.0,0.0,1.0,0.0,0.0,1.0,0.0,0.0,1.0,0.0,1.0,0.0,0.0,0.0,0.0,1.0,1.0,0.0,1.0,0.0,0.0,1.0,-2.438854257492261,0.0,0.0,1.0,0.0,0.0,1.0,0.0,0.0,1.0
3115-JPJDD,0,1.0843365120829946,0.5480044001358552,1.0395036514021887,1.0,0.0,0.0,1.0,1.0,0.0,0.0,1.0,1.0,0.0,0.0,0.0,1.0,0.0,0.0,0.0,1.0,1.0,0.0,0.0,0.0,0.0,1.0,1.0,0.0,0.0,1.0,0.0,0.0,1.0,0.0,0.0,0.0,1.0,0.0,0.0,1.0,0.0,1.0,0.0,0.0,1.0,0.0,4.0,0.0,1.0,0.0,0.958654107667478,0.0,1.0,0.0,0.0,1.0,0.0,0.0,1.0,0.0
5600-KTXFM,0,-1.2367242199587352,0.1724382780983114,-0.9438766573295071,0.0,1.0,0.0,1.0,0.0,1.0,0.0,1.0,1.0,0.0,0.0,0.0,1.0,0.0,1.0,0.0,0.0,1.0,0.0,0.0,1.0,0.0,0.0,1.0,0.0,0.0,1.0,0.0,0.0,1.0,0.0,0.0,1.0,0.0,0.0,1.0,0.0,0.0,0.0,0.0,1.0,1.0,0.0,2.0,1.0,0.0,0.0,0.7632070611190914,1.0,0.0,0.0,1.0,0.0,0.0,1.0,0.0,0.0
3871-IKPYH,1,-1.2774445836787656,0.14418772909548702,-0.9768774797190104,0.0,1.0,1.0,0.0,1.0,0.0,0.0,1.0,1.0,0.0,0.0,0.0,1.0,0.0,1.0,0.0,0.0,1.0,0.0,0.0,1.0,0.0,0.0,1.0,0.0,0.0,1.0,0.0,0.0,1.0,0.0,0.0,1.0,0.0,0.0,1.0,0.0,0.0,0.0,1.0,0.0,0.0,1.0,2.0,1.0,0.0,0.0,0.7647122170308268,1.0,0.0,0.0,1.0,0.0,0.0,1.0,0.0,0.0
6319-IEJWJ,0,-0.5037576729981889,0.8454660631655913,-0.223571942433487,0.0,1.0,0.0,1.0,0.0,1.0,0.0,1.0,1.0,0.0,0.0,0.0,1.0,0.0,1.0,0.0,0.0,1.0,0.0,0.0,1.0,0.0,0.0,1.0,0.0,0.0,0.0,0.0,1.0,0.0,0.0,1.0,1.0,0.0,0.0,0.0,1.0,0.0,0.0,1.0,0.0,0.0,1.0,4.0,1.0,0.0,0.0,0.44380851035551533,1.0,0.0,0.0,1.0,0.0,0.0,1.0,0.0,0.0
9025-AOMKI,0,-1.0738427650786138,0.9568064621767214,-0.7707105772776357,1.0,0.0,1.0,0.0,1.0,0.0,0.0,1.0,0.0,0.0,1.0,0.0,1.0,0.0,1.0,0.0,0.0,1.0,0.0,0.0,1.0,0.0,0.0,1.0,0.0,0.0,0.0,0.0,1.0,0.0,0.0,1.0,1.0,0.0,0.0,0.0,1.0,1.0,0.0,0.0,0.0,0.0,1.0,5.0,1.0,0.0,0.0,0.7177126878730832,1.0,0.0,0.0,1.0,0.0,0.0,1.0,0.0,0.0
6339-TBELP,0,1.5729808767233588,0.719169491152966,1.715645501041668,0.0,1.0,1.0,0.0,1.0,0.0,0.0,1.0,0.0,0.0,1.0,0.0,1.0,0.0,1.0,0.0,0.0,1.0,0.0,0.0,0.0,0.0,1.0,0.0,0.0,1.0,1.0,0.0,0.0,1.0,0.0,0.0,0.0,0.0,1.0,0.0,1.0,0.0,1.0,0.0,0.0,1.0,0.0,5.0,0.0,1.0,0.0,1.0906969858498792,0.0,1.0,0.0,0.0,1.0,0.0,0.0,1.0,0.0
7964-YESJC,0,-0.3408762181180675,0.051127097086184216,-0.3193537411067641,1.0,0.0,0.0,1.0,1.0,0.0,0.0,1.0,0.0,0.0,1.0,1.0,0.0,0.0,0.0,0.0,1.0,0.0,0.0,1.0,0.0,0.0,1.0,1.0,0.0,0.0,1.0,0.0,0.0,1.0,0.0,0.0,1.0,0.0,0.0,1.0,0.0,0.0,0.0,0.0,1.0,1.0,0.0,6.0,0.0,0.0,1.0,0.9368613125018632,0.0,0.0,1.0,0.0,0.0,1.0,0.0,0.0,1.0
6173-GOLSU,1,1.4100994218432374,0.9933659961803764,1.6746150667873394,0.0,1.0,0.0,1.0,1.0,0.0,0.0,1.0,0.0,0.0,1.0,0.0,1.0,0.0,1.0,0.0,0.0,1.0,0.0,0.0,1.0,0.0,0.0,1.0,0.0,0.0,0.0,0.0,1.0,0.0,0.0,1.0,1.0,0.0,0.0,0.0,1.0,0.0,1.0,0.0,0.0,1.0,0.0,5.0,0.0,1.0,0.0,1.1875865210967433,0.0,1.0,0.0,0.0,1.0,0.0,0.0,1.0,0.0
5275-SQEIZ,0,-1.2774445836787656,0.534710024134526,-0.9716935270040817,0.0,1.0,1.0,0.0,1.0,0.0,0.0,1.0,1.0,0.0,0.0,0.0,1.0,0.0,1.0,0.0,0.0,1.0,0.0,0.0,1.0,0.0,0.0,1.0,0.0,0.0,1.0,0.0,0.0,0.0,0.0,1.0,1.0,0.0,0.0,0.0,1.0,0.0,0.0,0.0,1.0,0.0,1.0,3.0,1.0,0.0,0.0,0.7606541523749026,1.0,0.0,0.0,1.0,0.0,0.0,1.0,0.0,0.0
7716-YTYHG,0,0.6364125111626608,0.574593152138513,0.7705998914235502,1.0,0.0,0.0,1.0,0.0,1.0,0.0,1.0,0.0,0.0,1.0,0.0,1.0,0.0,1.0,0.0,0.0,1.0,0.0,0.0,1.0,0.0,0.0,1.0,0.0,0.0,1.0,0.0,0.0,0.0,0.0,1.0,0.0,1.0,0.0,0.0,1.0,0.0,0.0,0.0,1.0,0.0,1.0,4.0,0.0,1.0,0.0,1.2108496893245275,0.0,1.0,0.0,0.0,1.0,0.0,0.0,1.0,0.0
9938-ZREHM,0,0.18848851024232702,0.2438955491054544,0.16548922366522092,1.0,0.0,0.0,1.0,1.0,0.0,0.0,1.0,0.0,0.0,1.0,1.0,0.0,0.0,1.0,0.0,0.0,0.0,0.0,1.0,1.0,0.0,0.0,0.0,0.0,1.0,1.0,0.0,0.0,0.0,0.0,1.0,0.0,1.0,0.0,1.0,0.0,0.0,0.0,0.0,1.0,1.0,0.0,6.0,0.0,0.0,1.0,0.8779804320829028,0.0,0.0,1.0,0.0,0.0,1.0,0.0,0.0,1.0
7950-XWOVN,0,-0.8702409464784621,-0.9991286070188055,-0.838146081318218,0.0,1.0,1.0,0.0,1.0,0.0,1.0,0.0,0.0,1.0,0.0,1.0,0.0,0.0,1.0,0.0,0.0,0.0,0.0,1.0,0.0,0.0,1.0,1.0,0.0,0.0,1.0,0.0,0.0,1.0,0.0,0.0,1.0,0.0,0.0,1.0,0.0,0.0,0.0,0.0,1.0,1.0,0.0,3.0,1.0,0.0,0.0,0.9631195644262431,1.0,0.0,0.0,1.0,0.0,0.0,1.0,0.0,0.0
4390-KYULV,0,-1.1960038562387048,-1.4694171580658184,-0.9847967947175609,0.0,1.0,0.0,1.0,1.0,0.0,0.0,1.0,1.0,0.0,0.0,0.0,0.0,1.0,0.0,1.0,0.0,0.0,1.0,0.0,0.0,1.0,0.0,0.0,1.0,0.0,0.0,1.0,0.0,0.0,1.0,0.0,1.0,0.0,0.0,0.0,1.0,0.0,1.0,0.0,0.0,0.0,1.0,1.0,1.0,0.0,0.0,0.8234060363439246,1.0,0.0,0.0,1.0,0.0,0.0,1.0,0.0,0.0
4647-MUZON,0,-0.5851984004382496,1.0365727181846955,-0.23727081322485158,1.0,0.0,0.0,1.0,1.0,0.0,0.0,1.0,1.0,0.0,0.0,0.0,1.0,0.0,1.0,0.0,0.0,1.0,0.0,0.0,0.0,0.0,1.0,1.0,0.0,0.0,0.0,0.0,1.0,0.0,0.0,1.0,1.0,0.0,0.0,0.0,1.0,0.0,1.0,0.0,0.0,1.0,0.0,5.0,1.0,0.0,0.0,0.40545362572276633,1.0,0.0,0.0,1.0,0.0,0.0,1.0,0.0,0.0
9702-AIUJO,0,0.7178532386027215,-0.6634456129852487,-0.02314047703841645,0.0,1.0,0.0,1.0,0.0,1.0,0.0,1.0,1.0,0.0,0.0,1.0,0.0,0.0,1.0,0.0,0.0,1.0,0.0,0.0,1.0,0.0,0.0,1.0,0.0,0.0,1.0,0.0,0.0,1.0,0.0,0.0,0.0,1.0,0.0,0.0,1.0,1.0,0.0,0.0,0.0,1.0,0.0,2.0,0.0,1.0,0.0,-0.032235665723900124,0.0,1.0,0.0,0.0,1.0,0.0,0.0,1.0,0.0
8849-PRIQJ,0,1.4100994218432374,1.4835961112293827,2.2051871123169717,1.0,0.0,0.0,1.0,0.0,1.0,0.0,1.0,0.0,0.0,1.0,0.0,1.0,0.0,0.0,0.0,1.0,1.0,0.0,0.0,0.0,0.0,1.0,0.0,0.0,1.0,0.0,0.0,1.0,0.0,0.0,1.0,0.0,1.0,0.0,0.0,1.0,0.0,0.0,1.0,0.0,1.0,0.0,8.0,0.0,1.0,0.0,1.563852220742294,0.0,1.0,0.0,0.0,1.0,0.0,0.0,1.0,0.0
8851-RAGOV,0,-0.30015585439803716,0.2089978121019659,-0.19659332894260304,1.0,0.0,0.0,1.0,1.0,0.0,0.0,1.0,1.0,0.0,0.0,1.0,0.0,0.0,0.0,0.0,1.0,0.0,0.0,1.0,1.0,0.0,0.0,0.0,0.0,1.0,1.0,0.0,0.0,0.0,0.0,1.0,1.0,0.0,0.0,0.0,1.0,0.0,0.0,0.0,1.0,1.0,0.0,6.0,0.0,0.0,1.0,0.6549708295274504,0.0,0.0,1.0,0.0,0.0,1.0,0.0,0.0,1.0
1304-NECVQ,1,-1.2367242199587352,0.4582673621268844,-0.9413839481516904,1.0,0.0,1.0,0.0,1.0,0.0,0.0,1.0,0.0,0.0,1.0,0.0,1.0,0.0,1.0,0.0,0.0,1.0,0.0,0.0,0.0,0.0,1.0,1.0,0.0,0.0,1.0,0.0,0.0,1.0,0.0,0.0,1.0,0.0,0.0,0.0,1.0,0.0,0.0,1.0,0.0,0.0,1.0,4.0,1.0,0.0,0.0,0.7611914871232172,1.0,0.0,0.0,1.0,0.0,0.0,1.0,0.0,0.0
5396-IZEPB,0,-0.9516816739185228,-1.4976677070686424,-0.9276409586138159,0.0,1.0,1.0,0.0,1.0,0.0,0.0,1.0,1.0,0.0,0.0,0.0,0.0,1.0,0.0,1.0,0.0,0.0,1.0,0.0,0.0,1.0,0.0,0.0,1.0,0.0,0.0,1.0,0.0,0.0,1.0,0.0,1.0,0.0,0.0,1.0,0.0,0.0,1.0,0.0,0.0,1.0,0.0,1.0,1.0,0.0,0.0,0.9747387010136279,1.0,0.0,0.0,1.0,0.0,0.0,1.0,0.0,0.0
1729-VLAZJ,0,-0.9109613101984924,-0.8146691400003658,-0.8258369510419193,1.0,0.0,1.0,0.0,0.0,1.0,1.0,0.0,0.0,1.0,0.0,1.0,0.0,0.0,0.0,0.0,1.0,0.0,0.0,1.0,1.0,0.0,0.0,0.0,0.0,1.0,1.0,0.0,0.0,1.0,0.0,0.0,0.0,1.0,0.0,1.0,0.0,0.0,0.0,0.0,1.0,1.0,0.0,4.0,1.0,0.0,0.0,0.9065554615727588,1.0,0.0,0.0,1.0,0.0,0.0,1.0,0.0,0.0
8285-ABVLB,0,1.5322605130033284,-1.4926823160681442,-0.4213121642914457,1.0,0.0,0.0,1.0,1.0,0.0,0.0,1.0,1.0,0.0,0.0,0.0,0.0,1.0,0.0,1.0,0.0,0.0,1.0,0.0,0.0,1.0,0.0,0.0,1.0,0.0,0.0,1.0,0.0,0.0,1.0,0.0,0.0,0.0,1.0,1.0,0.0,0.0,1.0,0.0,0.0,1.0,0.0,1.0,0.0,1.0,0.0,-0.27496118363426786,0.0,1.0,0.0,0.0,1.0,0.0,0.0,1.0,0.0
0701-TJSEF,0,-0.9516816739185228,0.11593718009266311,-0.7528204255678181,0.0,1.0,1.0,0.0,1.0,0.0,0.0,1.0,1.0,0.0,0.0,1.0,0.0,0.0,0.0,0.0,1.0,1.0,0.0,0.0,0.0,0.0,1.0,0.0,0.0,1.0,1.0,0.0,0.0,0.0,0.0,1.0,1.0,0.0,0.0,0.0,1.0,1.0,0.0,0.0,0.0,1.0,0.0,6.0,1.0,0.0,0.0,0.79104226360491,1.0,0.0,0.0,1.0,0.0,0.0,1.0,0.0,0.0
5712-VBOXD,0,-1.1552834925186746,-1.4827115340671475,-0.9771642515713256,1.0,0.0,1.0,0.0,1.0,0.0,0.0,1.0,1.0,0.0,0.0,0.0,0.0,1.0,0.0,1.0,0.0,0.0,1.0,0.0,0.0,1.0,0.0,0.0,1.0,0.0,0.0,1.0,0.0,0.0,1.0,0.0,1.0,0.0,0.0,0.0,1.0,0.0,1.0,0.0,0.0,1.0,0.0,1.0,1.0,0.0,0.0,0.8458220496520513,1.0,0.0,0.0,1.0,0.0,0.0,1.0,0.0,0.0
6629-LADHQ,0,-1.2367242199587352,-0.4590445819648154,-0.9530754159768485,1.0,0.0,1.0,0.0,1.0,0.0,0.0,1.0,1.0,0.0,0.0,1.0,0.0,0.0,0.0,0.0,1.0,1.0,0.0,0.0,1.0,0.0,0.0,1.0,0.0,0.0,1.0,0.0,0.0,1.0,0.0,0.0,1.0,0.0,0.0,1.0,0.0,0.0,0.0,0.0,1.0,1.0,0.0,3.0,1.0,0.0,0.0,0.7706450642720081,1.0,0.0,0.0,1.0,0.0,0.0,1.0,0.0,0.0
8945-GRKHX,0,-1.2774445836787656,0.4615909561272169,-0.9726641394273023,1.0,0.0,1.0,0.0,0.0,1.0,0.0,1.0,1.0,0.0,0.0,0.0,1.0,0.0,1.0,0.0,0.0,1.0,0.0,0.0,1.0,0.0,0.0,1.0,0.0,0.0,1.0,0.0,0.0,0.0,0.0,1.0,1.0,0.0,0.0,1.0,0.0,0.0,0.0,1.0,0.0,0.0,1.0,3.0,1.0,0.0,0.0,0.7614139602253734,1.0,0.0,0.0,1.0,0.0,0.0,1.0,0.0,0.0
1559-DTODC,0,-0.5444780367182193,-1.3165318340505352,-0.8007333842777118,0.0,1.0,1.0,0.0,1.0,0.0,1.0,0.0,0.0,1.0,0.0,1.0,0.0,0.0,1.0,0.0,0.0,1.0,0.0,0.0,1.0,0.0,0.0,1.0,0.0,0.0,1.0,0.0,0.0,1.0,0.0,0.0,1.0,0.0,0.0,0.0,1.0,1.0,0.0,0.0,0.0,1.0,0.0,1.0,1.0,0.0,0.0,1.4706440485718084,1.0,0.0,0.0,1.0,0.0,0.0,1.0,0.0,0.0
4797-MIWUM,0,-1.0331224013585834,-1.479387940066815,-0.9302880834044177,0.0,1.0,0.0,1.0,0.0,1.0,0.0,1.0,1.0,0.0,0.0,0.0,0.0,1.0,0.0,1.0,0.0,0.0,1.0,0.0,0.0,1.0,0.0,0.0,1.0,0.0,0.0,1.0,0.0,0.0,1.0,0.0,1.0,0.0,0.0,0.0,1.0,1.0,0.0,0.0,0.0,1.0,0.0,1.0,1.0,0.0,0.0,0.9004625997665564,1.0,0.0,0.0,1.0,0.0,0.0,1.0,0.0,0.0
6959-UWKHF,0,-1.2774445836787656,-0.7265938989915613,-0.9884365913046383,0.0,1.0,1.0,0.0,1.0,0.0,0.0,1.0,1.0,0.0,0.0,1.0,0.0,0.0,1.0,0.0,0.0,1.0,0.0,0.0,1.0,0.0,0.0,1.0,0.0,0.0,1.0,0.0,0.0,1.0,0.0,0.0,1.0,0.0,0.0,0.0,1.0,0.0,0.0,1.0,0.0,0.0,1.0,2.0,1.0,0.0,0.0,0.7737608377955258,1.0,0.0,0.0,1.0,0.0,0.0,1.0,0.0,0.0
8720-RQSBJ,1,-1.2774445836787656,-0.6900343649879066,-0.9879512850930281,0.0,1.0,1.0,0.0,1.0,0.0,0.0,1.0,1.0,0.0,0.0,1.0,0.0,0.0,1.0,0.0,0.0,1.0,0.0,0.0,1.0,0.0,0.0,1.0,0.0,0.0,1.0,0.0,0.0,1.0,0.0,0.0,1.0,0.0,0.0,1.0,0.0,0.0,0.0,1.0,0.0,1.0,0.0,2.0,1.0,0.0,0.0,0.7733809338702904,1.0,0.0,0.0,1.0,0.0,0.0,1.0,0.0,0.0
4537-CIBHB,0,-0.9516816739185228,-1.479387940066815,-0.9313248739474034,1.0,0.0,0.0,1.0,0.0,1.0,0.0,1.0,1.0,0.0,0.0,0.0,0.0,1.0,0.0,1.0,0.0,0.0,1.0,0.0,0.0,1.0,0.0,0.0,1.0,0.0,0.0,1.0,0.0,0.0,1.0,0.0,0.0,1.0,0.0,1.0,0.0,0.0,0.0,0.0,1.0,1.0,0.0,1.0,1.0,0.0,0.0,0.9786096543318935,1.0,0.0,0.0,1.0,0.0,0.0,1.0,0.0,0.0
3815-SLMEF,0,-1.1960038562387048,-1.0140847800203006,-0.9458840602957136,1.0,0.0,1.0,0.0,1.0,0.0,1.0,0.0,0.0,1.0,0.0,1.0,0.0,0.0,0.0,0.0,1.0,1.0,0.0,0.0,1.0,0.0,0.0,0.0,0.0,1.0,1.0,0.0,0.0,1.0,0.0,0.0,1.0,0.0,0.0,1.0,0.0,0.0,0.0,0.0,1.0,0.0,1.0,3.0,1.0,0.0,0.0,0.7908704101259428,1.0,0.0,0.0,1.0,0.0,0.0,1.0,0.0,0.0
5154-VEKBL,0,-0.9516816739185228,-0.2081132349397309,-0.7691884805230397,1.0,0.0,1.0,0.0,1.0,0.0,1.0,0.0,0.0,1.0,0.0,1.0,0.0,0.0,0.0,0.0,1.0,1.0,0.0,0.0,0.0,0.0,1.0,0.0,0.0,1.0,0.0,0.0,1.0,0.0,0.0,1.0,1.0,0.0,0.0,1.0,0.0,0.0,0.0,0.0,1.0,0.0,1.0,6.0,1.0,0.0,0.0,0.8082413496058273,1.0,0.0,0.0,1.0,0.0,0.0,1.0,0.0,0.0
4324-AHJKS,0,-1.1145631287986442,-0.29785027294870164,-0.8748308190413087,1.0,0.0,1.0,0.0,1.0,0.0,0.0,1.0,1.0,0.0,0.0,1.0,0.0,0.0,0.0,0.0,1.0,1.0,0.0,0.0,0.0,0.0,1.0,1.0,0.0,0.0,1.0,0.0,0.0,1.0,0.0,0.0,1.0,0.0,0.0,1.0,0.0,0.0,1.0,0.0,0.0,1.0,0.0,4.0,1.0,0.0,0.0,0.78490916883664,1.0,0.0,0.0,1.0,0.0,0.0,1.0,0.0,0.0
4355-CVPVS,0,0.9621754209229036,0.8022593411612722,1.1844557930608957,1.0,0.0,0.0,1.0,0.0,1.0,0.0,1.0,1.0,0.0,0.0,0.0,1.0,0.0,1.0,0.0,0.0,1.0,0.0,0.0,1.0,0.0,0.0,1.0,0.0,0.0,0.0,0.0,1.0,0.0,0.0,1.0,0.0,1.0,0.0,1.0,0.0,1.0,0.0,0.0,0.0,1.0,0.0,4.0,0.0,1.0,0.0,1.2310185516117051,0.0,1.0,0.0,0.0,1.0,0.0,0.0,1.0,0.0
4495-LHSSK,0,-0.5851984004382496,-0.23636378394255506,-0.5693967369523645,1.0,0.0,1.0,0.0,0.0,1.0,0.0,1.0,0.0,0.0,1.0,1.0,0.0,0.0,0.0,0.0,1.0,1.0,0.0,0.0,1.0,0.0,0.0,1.0,0.0,0.0,1.0,0.0,0.0,1.0,0.0,0.0,1.0,0.0,0.0,1.0,0.0,0.0,0.0,0.0,1.0,1.0,0.0,4.0,1.0,0.0,0.0,0.9729977671264115,1.0,0.0,0.0,1.0,0.0,0.0,1.0,0.0,0.0
5655-JSMZM,1,0.6771328748826912,1.044881703185526,1.0742692236520932,0.0,1.0,1.0,0.0,1.0,0.0,0.0,1.0,0.0,0.0,1.0,0.0,1.0,0.0,1.0,0.0,0.0,1.0,0.0,0.0,1.0,0.0,0.0,1.0,0.0,0.0,0.0,0.0,1.0,0.0,0.0,1.0,1.0,0.0,0.0,0.0,1.0,0.0,0.0,1.0,0.0,0.0,1.0,5.0,0.0,1.0,0.0,1.5864969247552827,0.0,1.0,0.0,0.0,1.0,0.0,0.0,1.0,0.0
5915-ANOEI,0,1.5322605130033284,0.47820892612887816,1.4352708669704215,0.0,1.0,0.0,1.0,1.0,0.0,0.0,1.0,0.0,0.0,1.0,1.0,0.0,0.0,0.0,0.0,1.0,0.0,0.0,1.0,0.0,0.0,1.0,0.0,0.0,1.0,0.0,0.0,1.0,1.0,0.0,0.0,0.0,0.0,1.0,1.0,0.0,0.0,0.0,0.0,1.0,1.0,0.0,8.0,0.0,1.0,0.0,0.9367015953163206,0.0,1.0,0.0,0.0,1.0,0.0,0.0,1.0,0.0
9861-PDSZP,0,1.6137012404433893,1.438727592224897,2.436810531494634,1.0,0.0,1.0,0.0,1.0,0.0,0.0,1.0,0.0,0.0,1.0,0.0,1.0,0.0,1.0,0.0,0.0,0.0,0.0,1.0,0.0,0.0,1.0,0.0,0.0,1.0,0.0,0.0,1.0,0.0,0.0,1.0,0.0,0.0,1.0,0.0,1.0,0.0,1.0,0.0,0.0,1.0,0.0,8.0,0.0,1.0,0.0,1.5100753909224751,0.0,1.0,0.0,0.0,1.0,0.0,0.0,1.0,0.0
4505-EXZHB,1,-1.0738427650786138,0.32033821111309646,-0.8158440549573974,1.0,0.0,1.0,0.0,1.0,0.0,0.0,1.0,1.0,0.0,0.0,0.0,1.0,0.0,1.0,0.0,0.0,1.0,0.0,0.0,0.0,0.0,1.0,1.0,0.0,0.0,1.0,0.0,0.0,1.0,0.0,0.0,1.0,0.0,0.0,1.0,0.0,0.0,0.0,1.0,0.0,0.0,1.0,3.0,1.0,0.0,0.0,0.7597425633329766,1.0,0.0,0.0,1.0,0.0,0.0,1.0,0.0,0.0
7225-CBZPL,1,-0.62591876415828,0.9983513871808745,-0.31739045688706774,0.0,1.0,0.0,1.0,1.0,0.0,0.0,1.0,0.0,0.0,1.0,0.0,1.0,0.0,1.0,0.0,0.0,1.0,0.0,0.0,1.0,0.0,0.0,1.0,0.0,0.0,0.0,0.0,1.0,0.0,0.0,1.0,1.0,0.0,0.0,0.0,1.0,0.0,0.0,1.0,0.0,1.0,0.0,5.0,1.0,0.0,0.0,0.5070793129422898,1.0,0.0,0.0,1.0,0.0,0.0,1.0,0.0,0.0
6704-UTUKK,0,-0.13727439951791576,-0.626886078981594,-0.4195253550577894,0.0,1.0,0.0,1.0,1.0,0.0,1.0,0.0,0.0,1.0,0.0,1.0,0.0,0.0,1.0,0.0,0.0,1.0,0.0,0.0,1.0,0.0,0.0,1.0,0.0,0.0,0.0,0.0,1.0,0.0,0.0,1.0,1.0,0.0,0.0,0.0,1.0,0.0,0.0,1.0,0.0,1.0,0.0,3.0,0.0,0.0,1.0,3.0561077413639453,0.0,0.0,1.0,0.0,0.0,1.0,0.0,0.0,1.0
4587-VVTOX,0,-1.0738427650786138,1.3473287572157604,-0.7668281275847529,1.0,0.0,0.0,1.0,1.0,0.0,0.0,1.0,0.0,0.0,1.0,0.0,1.0,0.0,1.0,0.0,0.0,0.0,0.0,1.0,0.0,0.0,1.0,1.0,0.0,0.0,0.0,0.0,1.0,0.0,0.0,1.0,1.0,0.0,0.0,0.0,1.0,0.0,0.0,1.0,0.0,0.0,1.0,7.0,1.0,0.0,0.0,0.7140972147152429,1.0,0.0,0.0,1.0,0.0,0.0,1.0,0.0,0.0
2019-HDCZY,0,1.247217966963116,1.2575917192067896,1.7706836373129318,0.0,1.0,0.0,1.0,1.0,0.0,0.0,1.0,0.0,0.0,1.0,0.0,1.0,0.0,1.0,0.0,0.0,1.0,0.0,0.0,0.0,0.0,1.0,1.0,0.0,0.0,0.0,0.0,1.0,0.0,0.0,1.0,0.0,0.0,1.0,1.0,0.0,0.0,0.0,1.0,0.0,1.0,0.0,6.0,0.0,1.0,0.0,1.4197066464849093,0.0,1.0,0.0,0.0,1.0,0.0,0.0,1.0,0.0
4652-NNHNY,0,-0.6666391278783103,0.3020584441112687,-0.44079059087562433,0.0,1.0,0.0,1.0,1.0,0.0,0.0,1.0,0.0,0.0,1.0,0.0,1.0,0.0,1.0,0.0,0.0,1.0,0.0,0.0,1.0,0.0,0.0,1.0,0.0,0.0,1.0,0.0,0.0,1.0,0.0,0.0,1.0,0.0,0.0,0.0,1.0,1.0,0.0,0.0,0.0,0.0,1.0,3.0,1.0,0.0,0.0,0.6612131998289893,1.0,0.0,0.0,1.0,0.0,0.0,1.0,0.0,0.0
8788-DOXSU,0,1.0843365120829946,-0.11339080593026184,0.6009853704657363,0.0,1.0,1.0,0.0,1.0,0.0,0.0,1.0,1.0,0.0,0.0,1.0,0.0,0.0,1.0,0.0,0.0,1.0,0.0,0.0,0.0,0.0,1.0,1.0,0.0,0.0,1.0,0.0,0.0,0.0,0.0,1.0,0.0,1.0,0.0,0.0,1.0,1.0,0.0,0.0,0.0,1.0,0.0,4.0,0.0,1.0,0.0,0.5542424918545371,0.0,1.0,0.0,0.0,1.0,0.0,0.0,1.0,0.0
7404-JLKQG,0,-1.1960038562387048,-0.23968737794288733,-0.9361338173169969,1.0,0.0,1.0,0.0,1.0,0.0,0.0,1.0,1.0,0.0,0.0,1.0,0.0,0.0,1.0,0.0,0.0,1.0,0.0,0.0,0.0,0.0,1.0,1.0,0.0,0.0,0.0,0.0,1.0,1.0,0.0,0.0,1.0,0.0,0.0,1.0,0.0,0.0,0.0,1.0,0.0,1.0,0.0,4.0,1.0,0.0,0.0,0.7827180593388976,1.0,0.0,0.0,1.0,0.0,0.0,1.0,0.0,0.0
7421-ZLUPA,0,-0.9924020376385531,-1.1802644800369129,-0.9072360383529265,1.0,0.0,1.0,0.0,1.0,0.0,1.0,0.0,0.0,1.0,0.0,1.0,0.0,0.0,1.0,0.0,0.0,0.0,0.0,1.0,1.0,0.0,0.0,1.0,0.0,0.0,1.0,0.0,0.0,1.0,0.0,0.0,1.0,0.0,0.0,0.0,1.0,0.0,0.0,0.0,1.0,1.0,0.0,2.0,1.0,0.0,0.0,0.9141819584648564,1.0,0.0,0.0,1.0,0.0,0.0,1.0,0.0,0.0
8972-HJWNV,1,-1.0331224013585834,0.6576830021468192,-0.7219814217573066,1.0,0.0,0.0,1.0,1.0,0.0,0.0,1.0,0.0,0.0,1.0,0.0,1.0,0.0,1.0,0.0,0.0,1.0,0.0,0.0,1.0,0.0,0.0,1.0,0.0,0.0,1.0,0.0,0.0,0.0,0.0,1.0,1.0,0.0,0.0,0.0,1.0,0.0,0.0,1.0,0.0,0.0,1.0,4.0,1.0,0.0,0.0,0.6988343499355758,1.0,0.0,0.0,1.0,0.0,0.0,1.0,0.0,0.0
3274-NSDWE,0,1.4508197855632678,-1.5009913010689746,-0.3713256244955806,1.0,0.0,1.0,0.0,1.0,0.0,0.0,1.0,1.0,0.0,0.0,0.0,0.0,1.0,0.0,1.0,0.0,0.0,1.0,0.0,0.0,1.0,0.0,0.0,1.0,0.0,0.0,1.0,0.0,0.0,1.0,0.0,0.0,0.0,1.0,1.0,0.0,0.0,1.0,0.0,0.0,1.0,0.0,1.0,0.0,1.0,0.0,-0.25594193585622815,0.0,1.0,0.0,0.0,1.0,0.0,0.0,1.0,0.0
2632-IVXVF,0,1.4508197855632678,1.5617005702371902,2.3065278730505128,1.0,0.0,0.0,1.0,0.0,1.0,0.0,1.0,0.0,0.0,1.0,0.0,1.0,0.0,0.0,0.0,1.0,1.0,0.0,0.0,0.0,0.0,1.0,0.0,0.0,1.0,0.0,0.0,1.0,0.0,0.0,1.0,0.0,0.0,1.0,1.0,0.0,0.0,1.0,0.0,0.0,1.0,0.0,8.0,0.0,1.0,0.0,1.589810048086037,0.0,1.0,0.0,0.0,1.0,0.0,0.0,1.0,0.0
3692-JHONH,1,0.7992939660427822,1.3872118852197473,1.472926217116733,1.0,0.0,0.0,1.0,1.0,0.0,0.0,1.0,0.0,0.0,1.0,0.0,1.0,0.0,1.0,0.0,0.0,0.0,0.0,1.0,0.0,0.0,1.0,1.0,0.0,0.0,0.0,0.0,1.0,0.0,0.0,1.0,0.0,1.0,0.0,0.0,1.0,0.0,0.0,1.0,0.0,1.0,0.0,7.0,0.0,1.0,0.0,1.842784106589758,0.0,1.0,0.0,0.0,1.0,0.0,0.0,1.0,0.0
8915-NNTRC,0,1.6137012404433893,1.4270950132237343,2.486752952543989,0.0,1.0,0.0,1.0,0.0,1.0,0.0,1.0,0.0,0.0,1.0,0.0,1.0,0.0,0.0,0.0,1.0,0.0,0.0,1.0,1.0,0.0,0.0,0.0,0.0,1.0,0.0,0.0,1.0,0.0,0.0,1.0,0.0,0.0,1.0,0.0,1.0,0.0,1.0,0.0,0.0,1.0,0.0,8.0,0.0,1.0,0.0,1.5410243793706917,0.0,1.0,0.0,0.0,1.0,0.0,0.0,1.0,0.0
5914-GXMDA,0,-0.015113308357824713,-1.5109620830699715,-0.7456511292599382,1.0,0.0,0.0,1.0,1.0,0.0,0.0,1.0,1.0,0.0,0.0,0.0,0.0,1.0,0.0,1.0,0.0,0.0,1.0,0.0,0.0,1.0,0.0,0.0,1.0,0.0,0.0,1.0,0.0,0.0,1.0,0.0,0.0,1.0,0.0,1.0,0.0,0.0,0.0,0.0,1.0,1.0,0.0,1.0,0.0,0.0,1.0,49.33738607099135,0.0,0.0,1.0,0.0,0.0,1.0,0.0,0.0,1.0
7463-IFMQU,0,1.6137012404433893,-1.4860351280674797,-0.37926699886738613,1.0,0.0,0.0,1.0,1.0,0.0,0.0,1.0,1.0,0.0,0.0,0.0,0.0,1.0,0.0,1.0,0.0,0.0,1.0,0.0,0.0,1.0,0.0,0.0,1.0,0.0,0.0,1.0,0.0,0.0,1.0,0.0,0.0,0.0,1.0,1.0,0.0,1.0,0.0,0.0,0.0,1.0,0.0,1.0,0.0,1.0,0.0,-0.23502925409115796,0.0,1.0,0.0,0.0,1.0,0.0,0.0,1.0,0.0
2920-RNCEZ,0,-1.2774445836787656,0.1724382780983114,-0.9765024703736751,0.0,1.0,0.0,1.0,0.0,1.0,0.0,1.0,1.0,0.0,0.0,0.0,1.0,0.0,1.0,0.0,0.0,1.0,0.0,0.0,1.0,0.0,0.0,1.0,0.0,0.0,1.0,0.0,0.0,1.0,0.0,0.0,1.0,0.0,0.0,0.0,1.0,0.0,1.0,0.0,0.0,1.0,0.0,2.0,1.0,0.0,0.0,0.7644186549067812,1.0,0.0,0.0,1.0,0.0,0.0,1.0,0.0,0.0
2541-YGPKE,0,0.3920903288424788,-0.035286346922454,0.21179184812749832,0.0,1.0,0.0,1.0,0.0,1.0,0.0,1.0,1.0,0.0,0.0,1.0,0.0,0.0,0.0,0.0,1.0,1.0,0.0,0.0,1.0,0.0,0.0,0.0,0.0,1.0,1.0,0.0,0.0,0.0,0.0,1.0,0.0,1.0,0.0,1.0,0.0,0.0,1.0,0.0,0.0,1.0,0.0,5.0,0.0,0.0,1.0,0.5401608572002935,0.0,0.0,1.0,0.0,0.0,1.0,0.0,0.0,1.0
8515-OCTJS,0,-0.30015585439803716,-1.329826210051864,-0.7020176889615176,1.0,0.0,1.0,0.0,1.0,0.0,0.0,1.0,0.0,0.0,1.0,0.0,0.0,1.0,0.0,1.0,0.0,0.0,1.0,0.0,0.0,1.0,0.0,0.0,1.0,0.0,0.0,1.0,0.0,0.0,1.0,0.0,0.0,0.0,1.0,1.0,0.0,0.0,1.0,0.0,0.0,0.0,1.0,2.0,0.0,0.0,1.0,2.338843899511521,0.0,0.0,1.0,0.0,0.0,1.0,0.0,0.0,1.0
5382-TEMLV,0,0.5142514200025698,-0.4607063789649817,0.00672791434887462,0.0,1.0,1.0,0.0,1.0,0.0,0.0,1.0,1.0,0.0,0.0,1.0,0.0,0.0,0.0,0.0,1.0,1.0,0.0,0.0,1.0,0.0,0.0,1.0,0.0,0.0,1.0,0.0,0.0,1.0,0.0,0.0,1.0,0.0,0.0,0.0,1.0,1.0,0.0,0.0,0.0,1.0,0.0,3.0,0.0,1.0,0.0,0.013082928091556848,0.0,1.0,0.0,0.0,1.0,0.0,0.0,1.0,0.0
3441-CGZJH,0,0.43281069256250915,-0.14496494893341827,0.15761402741318045,1.0,0.0,0.0,1.0,0.0,1.0,1.0,0.0,0.0,1.0,0.0,1.0,0.0,0.0,0.0,0.0,1.0,1.0,0.0,0.0,0.0,0.0,1.0,0.0,0.0,1.0,0.0,0.0,1.0,0.0,0.0,1.0,0.0,1.0,0.0,0.0,1.0,0.0,1.0,0.0,0.0,1.0,0.0,6.0,0.0,0.0,1.0,0.3641638945655597,0.0,0.0,1.0,0.0,0.0,1.0,0.0,0.0,1.0
9592-ERDKV,0,0.18848851024232702,0.4815325201292102,0.2772861273216394,0.0,1.0,0.0,1.0,1.0,0.0,0.0,1.0,0.0,0.0,1.0,1.0,0.0,0.0,0.0,0.0,1.0,1.0,0.0,0.0,0.0,0.0,1.0,1.0,0.0,0.0,0.0,0.0,1.0,0.0,0.0,1.0,0.0,1.0,0.0,1.0,0.0,0.0,0.0,0.0,1.0,1.0,0.0,7.0,0.0,0.0,1.0,1.471103607138447,0.0,0.0,1.0,0.0,0.0,1.0,0.0,0.0,1.0
2860-RANUS,1,-0.5037576729981889,0.6992279271509723,-0.24521218759665717,1.0,0.0,1.0,0.0,1.0,0.0,0.0,1.0,0.0,0.0,1.0,0.0,1.0,0.0,1.0,0.0,0.0,1.0,0.0,0.0,1.0,0.0,0.0,1.0,0.0,0.0,1.0,0.0,0.0,0.0,0.0,1.0,1.0,0.0,0.0,0.0,1.0,0.0,1.0,0.0,0.0,0.0,1.0,4.0,1.0,0.0,0.0,0.4867661590884369,1.0,0.0,0.0,1.0,0.0,0.0,1.0,0.0,0.0
5261-QSHQM,0,-1.1552834925186746,-1.3397969920528607,-0.969156699079755,1.0,0.0,1.0,0.0,1.0,0.0,1.0,0.0,0.0,1.0,0.0,1.0,0.0,0.0,1.0,0.0,0.0,1.0,0.0,0.0,1.0,0.0,0.0,1.0,0.0,0.0,1.0,0.0,0.0,1.0,0.0,0.0,1.0,0.0,0.0,0.0,1.0,0.0,0.0,1.0,0.0,0.0,1.0,1.0,1.0,0.0,0.0,0.8388908050325051,1.0,0.0,0.0,1.0,0.0,0.0,1.0,0.0,0.0
4778-IZARL,0,1.247217966963116,1.506861269231708,1.9511072511657033,0.0,1.0,0.0,1.0,1.0,0.0,0.0,1.0,1.0,0.0,0.0,0.0,1.0,0.0,0.0,0.0,1.0,0.0,0.0,1.0,0.0,0.0,1.0,0.0,0.0,1.0,0.0,0.0,1.0,0.0,0.0,1.0,0.0,0.0,1.0,0.0,1.0,0.0,1.0,0.0,0.0,1.0,0.0,8.0,0.0,1.0,0.0,1.5643674985828706,0.0,1.0,0.0,0.0,1.0,0.0,0.0,1.0,0.0
0432-CAJZV,0,-1.1960038562387048,0.8620840331672525,-0.9025153324763531,0.0,1.0,1.0,0.0,1.0,0.0,0.0,1.0,1.0,0.0,0.0,0.0,1.0,0.0,1.0,0.0,0.0,1.0,0.0,0.0,1.0,0.0,0.0,1.0,0.0,0.0,0.0,0.0,1.0,0.0,0.0,1.0,1.0,0.0,0.0,1.0,0.0,0.0,0.0,0.0,1.0,1.0,0.0,4.0,1.0,0.0,0.0,0.7546090489328859,1.0,0.0,0.0,1.0,0.0,0.0,1.0,0.0,0.0
7008-LZVOZ,0,1.369379058123207,-1.3115464430500368,-0.26954367629693926,0.0,1.0,0.0,1.0,0.0,1.0,0.0,1.0,0.0,0.0,1.0,0.0,0.0,1.0,0.0,1.0,0.0,0.0,1.0,0.0,0.0,1.0,0.0,0.0,1.0,0.0,0.0,1.0,0.0,0.0,1.0,0.0,0.0,0.0,1.0,0.0,1.0,0.0,1.0,0.0,0.0,1.0,0.0,2.0,0.0,1.0,0.0,-0.19683642355854372,0.0,1.0,0.0,0.0,1.0,0.0,0.0,1.0,0.0
8868-WOZGU,0,-0.1779947632379461,1.3606231332170895,0.30715451870893024,0.0,1.0,1.0,0.0,1.0,0.0,0.0,1.0,0.0,0.0,1.0,0.0,1.0,0.0,1.0,0.0,0.0,0.0,0.0,1.0,0.0,0.0,1.0,1.0,0.0,0.0,0.0,0.0,1.0,0.0,0.0,1.0,1.0,0.0,0.0,0.0,1.0,0.0,0.0,1.0,0.0,0.0,1.0,7.0,0.0,0.0,1.0,-1.725637952046496,0.0,0.0,1.0,0.0,0.0,1.0,0.0,0.0,1.0
1200-TUZHR,1,-0.9924020376385531,0.6792863631489789,-0.7004073547139014,1.0,0.0,1.0,0.0,1.0,0.0,0.0,1.0,0.0,0.0,1.0,0.0,1.0,0.0,1.0,0.0,0.0,1.0,0.0,0.0,1.0,0.0,0.0,1.0,0.0,0.0,1.0,0.0,0.0,0.0,0.0,1.0,1.0,0.0,0.0,1.0,0.0,0.0,0.0,1.0,0.0,1.0,0.0,4.0,1.0,0.0,0.0,0.705769766838185,1.0,0.0,0.0,1.0,0.0,0.0,1.0,0.0,0.0
9365-CSLBQ,0,1.5729808767233588,-1.343120586053193,-0.27737475380246973,0.0,1.0,1.0,0.0,0.0,1.0,0.0,1.0,0.0,0.0,1.0,0.0,0.0,1.0,0.0,1.0,0.0,0.0,1.0,0.0,0.0,1.0,0.0,0.0,1.0,0.0,0.0,1.0,0.0,0.0,1.0,0.0,0.0,0.0,1.0,1.0,0.0,0.0,0.0,0.0,1.0,1.0,0.0,2.0,0.0,1.0,0.0,-0.1763370158576008,0.0,1.0,0.0,0.0,1.0,0.0,0.0,1.0,0.0
1334-FJSVR,0,-1.2774445836787656,-1.3464441800535252,-0.9966647375287592,0.0,1.0,1.0,0.0,1.0,0.0,1.0,0.0,0.0,1.0,0.0,1.0,0.0,0.0,1.0,0.0,0.0,1.0,0.0,0.0,1.0,0.0,0.0,1.0,0.0,0.0,1.0,0.0,0.0,1.0,0.0,0.0,1.0,0.0,0.0,0.0,1.0,0.0,0.0,1.0,0.0,0.0,1.0,1.0,1.0,0.0,0.0,0.7802019361642907,1.0,0.0,0.0,1.0,0.0,0.0,1.0,0.0,0.0
5884-FBCTL,0,1.6137012404433893,-1.3181936310507012,-0.18770340152083187,1.0,0.0,0.0,1.0,0.0,1.0,0.0,1.0,0.0,0.0,1.0,0.0,0.0,1.0,0.0,1.0,0.0,0.0,1.0,0.0,0.0,1.0,0.0,0.0,1.0,0.0,0.0,1.0,0.0,0.0,1.0,0.0,0.0,0.0,1.0,1.0,0.0,1.0,0.0,0.0,0.0,1.0,0.0,2.0,0.0,1.0,0.0,-0.11631855811752209,0.0,1.0,0.0,0.0,1.0,0.0,0.0,1.0,0.0
7130-CTCUS,1,-0.6666391278783103,-0.3393951979528547,-0.6433397561031764,0.0,1.0,0.0,1.0,1.0,0.0,0.0,1.0,1.0,0.0,0.0,1.0,0.0,0.0,0.0,0.0,1.0,0.0,0.0,1.0,1.0,0.0,0.0,1.0,0.0,0.0,1.0,0.0,0.0,1.0,0.0,0.0,1.0,0.0,0.0,0.0,1.0,1.0,0.0,0.0,0.0,1.0,0.0,4.0,1.0,0.0,0.0,0.9650494985956075,1.0,0.0,0.0,1.0,0.0,0.0,1.0,0.0,0.0
6242-FEGFD,0,1.369379058123207,1.0581760791868549,1.826935039113221,0.0,1.0,0.0,1.0,1.0,0.0,0.0,1.0,0.0,0.0,1.0,0.0,1.0,0.0,0.0,0.0,1.0,0.0,0.0,1.0,0.0,0.0,1.0,0.0,0.0,1.0,1.0,0.0,0.0,1.0,0.0,0.0,0.0,0.0,1.0,1.0,0.0,0.0,0.0,0.0,1.0,1.0,0.0,7.0,0.0,1.0,0.0,1.3341339114803714,0.0,1.0,0.0,0.0,1.0,0.0,0.0,1.0,0.0
7625-XCQRH,0,-0.8702409464784621,0.39013368512007346,-0.6376704971766374,1.0,0.0,1.0,0.0,1.0,0.0,0.0,1.0,0.0,0.0,1.0,0.0,1.0,0.0,1.0,0.0,0.0,1.0,0.0,0.0,1.0,0.0,0.0,1.0,0.0,0.0,1.0,0.0,0.0,1.0,0.0,0.0,1.0,0.0,0.0,0.0,1.0,0.0,0.0,1.0,0.0,0.0,1.0,3.0,1.0,0.0,0.0,0.7327516589021122,1.0,0.0,0.0,1.0,0.0,0.0,1.0,0.0,0.0
6194-HBGQN,0,0.758573602322752,0.544680806135523,0.813064184939455,0.0,1.0,1.0,0.0,1.0,0.0,0.0,1.0,0.0,0.0,1.0,1.0,0.0,0.0,0.0,0.0,1.0,0.0,0.0,1.0,0.0,0.0,1.0,0.0,0.0,1.0,0.0,0.0,1.0,1.0,0.0,0.0,0.0,1.0,0.0,0.0,1.0,0.0,1.0,0.0,0.0,1.0,0.0,8.0,0.0,1.0,0.0,1.071832953914891,0.0,1.0,0.0,0.0,1.0,0.0,0.0,1.0,0.0
7634-WSWDB,0,-0.9924020376385531,-0.8728320350061801,-0.8614187201022594,1.0,0.0,1.0,0.0,0.0,1.0,1.0,0.0,0.0,1.0,0.0,1.0,0.0,0.0,0.0,0.0,1.0,1.0,0.0,0.0,1.0,0.0,0.0,1.0,0.0,0.0,1.0,0.0,0.0,0.0,0.0,1.0,1.0,0.0,0.0,0.0,1.0,0.0,0.0,1.0,0.0,1.0,0.0,3.0,1.0,0.0,0.0,0.8680138567147928,1.0,0.0,0.0,1.0,0.0,0.0,1.0,0.0,0.0
6986-IXNDM,0,-0.748079855318371,0.9352031011745621,-0.4172973583590328,0.0,1.0,1.0,0.0,1.0,0.0,0.0,1.0,1.0,0.0,0.0,0.0,1.0,0.0,1.0,0.0,0.0,1.0,0.0,0.0,1.0,0.0,0.0,1.0,0.0,0.0,0.0,0.0,1.0,0.0,0.0,1.0,1.0,0.0,0.0,0.0,1.0,0.0,0.0,1.0,0.0,1.0,0.0,4.0,1.0,0.0,0.0,0.5578246164394276,1.0,0.0,0.0,1.0,0.0,0.0,1.0,0.0,0.0
1731-TVIUK,0,-1.1552834925186746,0.9551446651765553,-0.8475654336981095,1.0,0.0,1.0,0.0,1.0,0.0,0.0,1.0,0.0,0.0,1.0,0.0,1.0,0.0,1.0,0.0,0.0,0.0,0.0,1.0,1.0,0.0,0.0,0.0,0.0,1.0,1.0,0.0,0.0,0.0,0.0,1.0,1.0,0.0,0.0,0.0,1.0,0.0,0.0,1.0,0.0,0.0,1.0,6.0,1.0,0.0,0.0,0.733642815107054,1.0,0.0,0.0,1.0,0.0,0.0,1.0,0.0,0.0
2987-BJXIK,0,1.5322605130033284,0.6626683931473177,1.6358126292317672,1.0,0.0,1.0,0.0,1.0,0.0,0.0,1.0,0.0,0.0,1.0,1.0,0.0,0.0,0.0,0.0,1.0,0.0,0.0,1.0,0.0,0.0,1.0,1.0,0.0,0.0,0.0,0.0,1.0,0.0,0.0,1.0,0.0,0.0,1.0,1.0,0.0,0.0,0.0,0.0,1.0,1.0,0.0,8.0,0.0,1.0,0.0,1.0675812731253316,0.0,1.0,0.0,0.0,1.0,0.0,0.0,1.0,0.0
9769-TSBZE,0,1.5322605130033284,0.04115631508518757,1.150704951980722,1.0,0.0,1.0,0.0,0.0,1.0,0.0,1.0,0.0,0.0,1.0,1.0,0.0,0.0,0.0,0.0,1.0,0.0,0.0,1.0,1.0,0.0,0.0,0.0,0.0,1.0,1.0,0.0,0.0,1.0,0.0,0.0,0.0,0.0,1.0,1.0,0.0,0.0,0.0,1.0,0.0,1.0,0.0,6.0,0.0,1.0,0.0,0.7509851896693903,0.0,1.0,0.0,0.0,1.0,0.0,0.0,1.0,0.0
0406-BPDVR,1,0.880734693482843,1.221032185203135,1.363180835173031,1.0,0.0,0.0,1.0,1.0,0.0,0.0,1.0,0.0,0.0,1.0,0.0,1.0,0.0,1.0,0.0,0.0,0.0,0.0,1.0,1.0,0.0,0.0,1.0,0.0,0.0,0.0,0.0,1.0,0.0,0.0,1.0,0.0,1.0,0.0,0.0,1.0,0.0,1.0,0.0,0.0,0.0,1.0,6.0,0.0,1.0,0.0,1.5477769244928539,0.0,1.0,0.0,0.0,1.0,0.0,0.0,1.0,0.0
0618-XWMSS,0,-0.1779947632379461,0.33695618111475767,-0.09474520262419654,0.0,1.0,1.0,0.0,0.0,1.0,0.0,1.0,1.0,0.0,0.0,0.0,1.0,0.0,0.0,0.0,1.0,1.0,0.0,0.0,1.0,0.0,0.0,1.0,0.0,0.0,1.0,0.0,0.0,1.0,0.0,0.0,1.0,0.0,0.0,0.0,1.0,1.0,0.0,0.0,0.0,0.0,1.0,3.0,0.0,0.0,1.0,0.5322920792761735,0.0,0.0,1.0,0.0,0.0,1.0,0.0,0.0,1.0
1395-WSWXR,0,-0.3408762181180675,-1.462769970065154,-0.792483178680336,0.0,1.0,1.0,0.0,1.0,0.0,0.0,1.0,1.0,0.0,0.0,0.0,0.0,1.0,0.0,1.0,0.0,0.0,1.0,0.0,0.0,1.0,0.0,0.0,1.0,0.0,0.0,1.0,0.0,0.0,1.0,0.0,0.0,0.0,1.0,1.0,0.0,0.0,0.0,0.0,1.0,1.0,0.0,1.0,0.0,0.0,1.0,2.3248415012802326,0.0,0.0,1.0,0.0,0.0,1.0,0.0,0.0,1.0
6023-GSSXW,0,1.4915401492832983,-0.11006721192992953,0.8152701222649565,1.0,0.0,0.0,1.0,1.0,0.0,0.0,1.0,1.0,0.0,0.0,1.0,0.0,0.0,1.0,0.0,0.0,0.0,0.0,1.0,1.0,0.0,0.0,1.0,0.0,0.0,1.0,0.0,0.0,0.0,0.0,1.0,0.0,0.0,1.0,0.0,1.0,0.0,1.0,0.0,0.0,1.0,0.0,4.0,0.0,1.0,0.0,0.5465961628030617,0.0,1.0,0.0,0.0,1.0,0.0,0.0,1.0,0.0
6752-APNJL,0,0.3920903288424788,-0.3410569949530208,0.007875001758135384,0.0,1.0,0.0,1.0,0.0,1.0,0.0,1.0,1.0,0.0,0.0,1.0,0.0,0.0,0.0,0.0,1.0,0.0,0.0,1.0,1.0,0.0,0.0,1.0,0.0,0.0,1.0,0.0,0.0,1.0,0.0,0.0,1.0,0.0,0.0,1.0,0.0,0.0,0.0,0.0,1.0,1.0,0.0,4.0,0.0,0.0,1.0,0.020084662076169556,0.0,0.0,1.0,0.0,0.0,1.0,0.0,0.0,1.0
5276-KQWHG,1,-1.2367242199587352,0.16080569909714826,-0.9492812037769859,1.0,0.0,1.0,0.0,1.0,0.0,0.0,1.0,1.0,0.0,0.0,0.0,1.0,0.0,1.0,0.0,0.0,1.0,0.0,0.0,1.0,0.0,0.0,1.0,0.0,0.0,1.0,0.0,0.0,1.0,0.0,0.0,1.0,0.0,0.0,0.0,1.0,0.0,0.0,1.0,0.0,0.0,1.0,2.0,1.0,0.0,0.0,0.7675771109331552,1.0,0.0,0.0,1.0,0.0,0.0,1.0,0.0,0.0
0420-HLGXF,1,0.26992923768238775,1.1628692901973208,0.7732690755874072,1.0,0.0,1.0,0.0,1.0,0.0,0.0,1.0,0.0,0.0,1.0,0.0,1.0,0.0,1.0,0.0,0.0,1.0,0.0,0.0,0.0,0.0,1.0,1.0,0.0,0.0,0.0,0.0,1.0,0.0,0.0,1.0,1.0,0.0,0.0,0.0,1.0,0.0,0.0,1.0,0.0,1.0,0.0,6.0,0.0,0.0,1.0,2.864710330109828,0.0,0.0,1.0,0.0,0.0,1.0,0.0,0.0,1.0
7446-KQISO,0,0.5142514200025698,1.4952286902305454,1.1547418172863895,0.0,1.0,0.0,1.0,0.0,1.0,0.0,1.0,0.0,0.0,1.0,0.0,1.0,0.0,1.0,0.0,0.0,0.0,0.0,1.0,0.0,0.0,1.0,0.0,0.0,1.0,0.0,0.0,1.0,0.0,0.0,1.0,0.0,0.0,1.0,0.0,1.0,1.0,0.0,0.0,0.0,1.0,0.0,8.0,0.0,1.0,0.0,2.245481047540168,0.0,1.0,0.0,0.0,1.0,0.0,0.0,1.0,0.0
9823-EALYC,0,1.6137012404433893,0.534710024134526,1.5195156134313255,0.0,1.0,0.0,1.0,0.0,1.0,0.0,1.0,0.0,0.0,1.0,1.0,0.0,0.0,0.0,0.0,1.0,0.0,0.0,1.0,0.0,0.0,1.0,0.0,0.0,1.0,0.0,0.0,1.0,1.0,0.0,0.0,0.0,0.0,1.0,0.0,1.0,1.0,0.0,0.0,0.0,1.0,0.0,8.0,0.0,1.0,0.0,0.9416337890487183,0.0,1.0,0.0,0.0,1.0,0.0,0.0,1.0,0.0
0582-AVCLN,0,0.22920887396235737,-1.477726143066649,-0.6795391876146568,1.0,0.0,1.0,0.0,1.0,0.0,0.0,1.0,1.0,0.0,0.0,0.0,0.0,1.0,0.0,1.0,0.0,0.0,1.0,0.0,0.0,1.0,0.0,0.0,1.0,0.0,0.0,1.0,0.0,0.0,1.0,0.0,0.0,0.0,1.0,1.0,0.0,0.0,0.0,0.0,1.0,1.0,0.0,1.0,0.0,0.0,1.0,-2.964715876254671,0.0,0.0,1.0,0.0,0.0,1.0,0.0,0.0,1.0
5803-NQJZO,0,1.6137012404433893,0.10098100709116792,1.11238782063676,0.0,1.0,0.0,1.0,1.0,0.0,0.0,1.0,0.0,0.0,1.0,1.0,0.0,0.0,0.0,0.0,1.0,0.0,0.0,1.0,0.0,0.0,1.0,0.0,0.0,1.0,1.0,0.0,0.0,1.0,0.0,0.0,0.0,0.0,1.0,0.0,1.0,1.0,0.0,0.0,0.0,1.0,0.0,7.0,0.0,1.0,0.0,0.689339384984989,0.0,1.0,0.0,0.0,1.0,0.0,0.0,1.0,0.0
2565-JSLRY,0,-1.2774445836787656,-1.3530913680541898,-0.9967529750217792,0.0,1.0,1.0,0.0,1.0,0.0,0.0,1.0,0.0,0.0,1.0,0.0,0.0,1.0,0.0,1.0,0.0,0.0,1.0,0.0,0.0,1.0,0.0,0.0,1.0,0.0,0.0,1.0,0.0,0.0,1.0,0.0,1.0,0.0,0.0,0.0,1.0,0.0,0.0,0.0,1.0,0.0,1.0,2.0,1.0,0.0,0.0,0.7802710096052425,1.0,0.0,0.0,1.0,0.0,0.0,1.0,0.0,0.0
2607-DHDAK,0,1.6137012404433893,-1.4943441130683104,-0.38323768605328895,0.0,1.0,0.0,1.0,0.0,1.0,0.0,1.0,1.0,0.0,0.0,0.0,0.0,1.0,0.0,1.0,0.0,0.0,1.0,0.0,0.0,1.0,0.0,0.0,1.0,0.0,0.0,1.0,0.0,0.0,1.0,0.0,0.0,0.0,1.0,0.0,1.0,0.0,1.0,0.0,0.0,1.0,0.0,1.0,0.0,1.0,0.0,-0.237489862713366,0.0,1.0,0.0,0.0,1.0,0.0,0.0,1.0,0.0
1073-XXCZD,0,0.9214550572028734,-1.2982520670487077,-0.37044324956537994,0.0,1.0,0.0,1.0,1.0,0.0,0.0,1.0,0.0,0.0,1.0,0.0,0.0,1.0,0.0,1.0,0.0,0.0,1.0,0.0,0.0,1.0,0.0,0.0,1.0,0.0,0.0,1.0,0.0,0.0,1.0,0.0,0.0,0.0,1.0,1.0,0.0,1.0,0.0,0.0,0.0,1.0,0.0,2.0,0.0,1.0,0.0,-0.40201987787649723,0.0,1.0,0.0,0.0,1.0,0.0,0.0,1.0,0.0
0743-HRVFF,0,0.758573602322752,-0.28621769394753876,0.27161686839510024,1.0,0.0,0.0,1.0,0.0,1.0,1.0,0.0,0.0,1.0,0.0,1.0,0.0,0.0,1.0,0.0,0.0,1.0,0.0,0.0,0.0,0.0,1.0,0.0,0.0,1.0,0.0,0.0,1.0,0.0,0.0,1.0,0.0,1.0,0.0,0.0,1.0,0.0,0.0,1.0,0.0,1.0,0.0,5.0,0.0,1.0,0.0,0.35806264225832474,0.0,1.0,0.0,0.0,1.0,0.0,0.0,1.0,0.0
4006-HKYHO,0,1.247217966963116,0.7291402731539627,1.3351213123926513,0.0,1.0,1.0,0.0,1.0,0.0,0.0,1.0,1.0,0.0,0.0,1.0,0.0,0.0,0.0,0.0,1.0,0.0,0.0,1.0,0.0,0.0,1.0,0.0,0.0,1.0,0.0,0.0,1.0,0.0,0.0,1.0,0.0,0.0,1.0,0.0,1.0,1.0,0.0,0.0,0.0,1.0,0.0,8.0,0.0,1.0,0.0,1.0704795374649496,0.0,1.0,0.0,0.0,1.0,0.0,0.0,1.0,0.0
3727-JEZTU,0,-1.2774445836787656,-1.4744025490663168,-0.9983633092693953,1.0,0.0,1.0,0.0,1.0,0.0,0.0,1.0,1.0,0.0,0.0,0.0,0.0,1.0,0.0,1.0,0.0,0.0,1.0,0.0,0.0,1.0,0.0,0.0,1.0,0.0,0.0,1.0,0.0,0.0,1.0,0.0,1.0,0.0,0.0,1.0,0.0,0.0,0.0,0.0,1.0,1.0,0.0,1.0,1.0,0.0,0.0,0.7815315999026148,1.0,0.0,0.0,1.0,0.0,0.0,1.0,0.0,0.0
8143-ETQTI,0,-0.38159658183809786,-1.4993295040688086,-0.808145333691397,1.0,0.0,0.0,1.0,0.0,1.0,0.0,1.0,1.0,0.0,0.0,0.0,0.0,1.0,0.0,1.0,0.0,0.0,1.0,0.0,0.0,1.0,0.0,0.0,1.0,0.0,0.0,1.0,0.0,0.0,1.0,0.0,0.0,0.0,1.0,0.0,1.0,0.0,0.0,0.0,1.0,1.0,0.0,1.0,0.0,0.0,1.0,2.117800242860334,0.0,0.0,1.0,0.0,0.0,1.0,0.0,0.0,1.0
6689-KXGBO,0,-1.2774445836787656,-0.47233895796614456,-0.985061507196621,1.0,0.0,1.0,0.0,1.0,0.0,0.0,1.0,1.0,0.0,0.0,1.0,0.0,0.0,1.0,0.0,0.0,0.0,0.0,1.0,1.0,0.0,0.0,1.0,0.0,0.0,1.0,0.0,0.0,1.0,0.0,0.0,1.0,0.0,0.0,1.0,0.0,0.0,0.0,1.0,0.0,0.0,1.0,3.0,1.0,0.0,0.0,0.7711187786791156,1.0,0.0,0.0,1.0,0.0,0.0,1.0,0.0,0.0
9667-TKTVZ,0,-1.2367242199587352,-0.34604238595351905,-0.9557225407674504,1.0,0.0,1.0,0.0,1.0,0.0,0.0,1.0,0.0,0.0,1.0,1.0,0.0,0.0,1.0,0.0,0.0,1.0,0.0,0.0,1.0,0.0,0.0,0.0,0.0,1.0,1.0,0.0,0.0,1.0,0.0,0.0,1.0,0.0,0.0,0.0,1.0,0.0,0.0,0.0,1.0,1.0,0.0,4.0,1.0,0.0,0.0,0.7727854968339986,1.0,0.0,0.0,1.0,0.0,0.0,1.0,0.0,0.0
3657-COGMW,1,0.7992939660427822,1.440389389225063,1.5688624314027952,1.0,0.0,1.0,0.0,1.0,0.0,0.0,1.0,0.0,0.0,1.0,0.0,1.0,0.0,0.0,0.0,1.0,0.0,0.0,1.0,0.0,0.0,1.0,1.0,0.0,0.0,0.0,0.0,1.0,0.0,0.0,1.0,1.0,0.0,0.0,1.0,0.0,0.0,1.0,0.0,0.0,1.0,0.0,8.0,0.0,1.0,0.0,1.9628103026600627,0.0,1.0,0.0,0.0,1.0,0.0,0.0,1.0,0.0
8570-KLJYJ,0,0.14776814652229667,-0.3427187919531868,-0.1719750683900058,1.0,0.0,1.0,0.0,1.0,0.0,0.0,1.0,0.0,0.0,1.0,1.0,0.0,0.0,0.0,0.0,1.0,1.0,0.0,0.0,1.0,0.0,0.0,1.0,0.0,0.0,1.0,0.0,0.0,1.0,0.0,0.0,0.0,1.0,0.0,1.0,0.0,0.0,0.0,0.0,1.0,1.0,0.0,4.0,0.0,0.0,1.0,-1.1638169147912845,0.0,0.0,1.0,0.0,0.0,1.0,0.0,0.0,1.0
7754-IXRMC,0,-1.2774445836787656,-0.6451658459834212,-0.9873556820151427,1.0,0.0,1.0,0.0,1.0,0.0,0.0,1.0,1.0,0.0,0.0,1.0,0.0,0.0,1.0,0.0,0.0,1.0,0.0,0.0,1.0,0.0,0.0,1.0,0.0,0.0,1.0,0.0,0.0,1.0,0.0,0.0,1.0,0.0,0.0,1.0,0.0,0.0,0.0,0.0,1.0,1.0,0.0,2.0,1.0,0.0,0.0,0.7729146881438651,1.0,0.0,0.0,1.0,0.0,0.0,1.0,0.0,0.0
9473-CBZOP,0,-0.1779947632379461,-0.19149526493806968,-0.27744093192223473,1.0,0.0,1.0,0.0,1.0,0.0,0.0,1.0,0.0,0.0,1.0,1.0,0.0,0.0,0.0,0.0,1.0,1.0,0.0,0.0,0.0,0.0,1.0,1.0,0.0,0.0,1.0,0.0,0.0,1.0,0.0,0.0,0.0,1.0,0.0,1.0,0.0,0.0,0.0,0.0,1.0,1.0,0.0,5.0,0.0,0.0,1.0,1.5587027779651443,0.0,0.0,1.0,0.0,0.0,1.0,0.0,0.0,1.0
2969-WGHQO,0,-1.0331224013585834,0.15582030809665018,-0.7968950533313391,1.0,0.0,0.0,1.0,0.0,1.0,0.0,1.0,1.0,0.0,0.0,1.0,0.0,0.0,0.0,0.0,1.0,0.0,0.0,1.0,0.0,0.0,1.0,1.0,0.0,0.0,0.0,0.0,1.0,1.0,0.0,0.0,0.0,1.0,0.0,1.0,0.0,0.0,0.0,1.0,0.0,1.0,0.0,6.0,1.0,0.0,0.0,0.7713462144305466,1.0,0.0,0.0,1.0,0.0,0.0,1.0,0.0,0.0
6615-NGGZJ,0,-0.748079855318371,1.1894580421999785,-0.3828406173346987,0.0,1.0,1.0,0.0,1.0,0.0,0.0,1.0,0.0,0.0,1.0,0.0,1.0,0.0,1.0,0.0,0.0,0.0,0.0,1.0,1.0,0.0,0.0,1.0,0.0,0.0,0.0,0.0,1.0,0.0,0.0,1.0,1.0,0.0,0.0,0.0,1.0,0.0,0.0,1.0,0.0,0.0,1.0,6.0,1.0,0.0,0.0,0.5117643719623592,1.0,0.0,0.0,1.0,0.0,0.0,1.0,0.0,0.0
4334-HOWRP,1,1.6137012404433893,0.006258578081699082,0.998274682788565,0.0,1.0,0.0,1.0,1.0,0.0,1.0,0.0,0.0,1.0,0.0,1.0,0.0,0.0,0.0,0.0,1.0,0.0,0.0,1.0,0.0,0.0,1.0,0.0,0.0,1.0,0.0,0.0,1.0,0.0,0.0,1.0,0.0,0.0,1.0,0.0,1.0,0.0,1.0,0.0,0.0,1.0,0.0,7.0,0.0,1.0,0.0,0.6186242271923108,0.0,1.0,0.0,0.0,1.0,0.0,0.0,1.0,0.0
4255-DDUOU,0,-1.2774445836787656,-1.4710789550659844,-0.9983191905228853,1.0,0.0,0.0,1.0,0.0,1.0,0.0,1.0,1.0,0.0,0.0,0.0,0.0,1.0,0.0,1.0,0.0,0.0,1.0,0.0,0.0,1.0,0.0,0.0,1.0,0.0,0.0,1.0,0.0,0.0,1.0,0.0,1.0,0.0,0.0,0.0,1.0,0.0,0.0,0.0,1.0,0.0,1.0,1.0,1.0,0.0,0.0,0.7814970631821389,1.0,0.0,0.0,1.0,0.0,0.0,1.0,0.0,0.0
5863-OOKCL,0,-0.9109613101984924,-1.5259182560714666,-0.9353617392530713,1.0,0.0,1.0,0.0,1.0,0.0,0.0,1.0,1.0,0.0,0.0,0.0,0.0,1.0,0.0,1.0,0.0,0.0,1.0,0.0,0.0,1.0,0.0,0.0,1.0,0.0,0.0,1.0,0.0,0.0,1.0,0.0,1.0,0.0,0.0,1.0,0.0,0.0,0.0,0.0,1.0,1.0,0.0,1.0,1.0,0.0,0.0,1.0267853626508707,1.0,0.0,0.0,1.0,0.0,0.0,1.0,0.0,0.0
1686-STUHN,0,0.3920903288424788,-1.4943441130683104,-0.6323983069686887,0.0,1.0,1.0,0.0,1.0,0.0,0.0,1.0,1.0,0.0,0.0,0.0,0.0,1.0,0.0,1.0,0.0,0.0,1.0,0.0,0.0,1.0,0.0,0.0,1.0,0.0,0.0,1.0,0.0,0.0,1.0,0.0,0.0,1.0,0.0,1.0,0.0,1.0,0.0,0.0,0.0,1.0,0.0,1.0,0.0,0.0,1.0,-1.612889327914928,0.0,0.0,1.0,0.0,0.0,1.0,0.0,0.0,1.0
1329-VHWNP,0,-1.0331224013585834,-1.3198554280508674,-0.923559974561638,1.0,0.0,1.0,0.0,1.0,0.0,1.0,0.0,0.0,1.0,0.0,1.0,0.0,0.0,1.0,0.0,0.0,1.0,0.0,0.0,1.0,0.0,0.0,1.0,0.0,0.0,1.0,0.0,0.0,1.0,0.0,0.0,1.0,0.0,0.0,1.0,0.0,1.0,0.0,0.0,0.0,1.0,0.0,1.0,1.0,0.0,0.0,0.893950197331054,1.0,0.0,0.0,1.0,0.0,0.0,1.0,0.0,0.0
2984-MIIZL,0,-1.1552834925186746,0.33363258711442517,-0.865345288541652,0.0,1.0,1.0,0.0,1.0,0.0,0.0,1.0,1.0,0.0,0.0,0.0,1.0,0.0,1.0,0.0,0.0,1.0,0.0,0.0,0.0,0.0,1.0,1.0,0.0,0.0,1.0,0.0,0.0,1.0,0.0,0.0,1.0,0.0,0.0,0.0,1.0,1.0,0.0,0.0,0.0,0.0,1.0,3.0,1.0,0.0,0.0,0.7490328513697379,1.0,0.0,0.0,1.0,0.0,0.0,1.0,0.0,0.0
0266-GMEAO,0,1.6137012404433893,1.6464522172456624,2.5479677133266567,0.0,1.0,0.0,1.0,0.0,1.0,0.0,1.0,0.0,0.0,1.0,0.0,1.0,0.0,0.0,0.0,1.0,0.0,0.0,1.0,0.0,0.0,1.0,0.0,0.0,1.0,0.0,0.0,1.0,0.0,0.0,1.0,0.0,0.0,1.0,0.0,1.0,0.0,1.0,0.0,0.0,1.0,0.0,9.0,0.0,1.0,0.0,1.5789587622963985,0.0,1.0,0.0,0.0,1.0,0.0,0.0,1.0,0.0
5590-YRFJT,0,-0.5037576729981889,-1.3397969920528607,-0.7943582254070123,1.0,0.0,0.0,1.0,1.0,0.0,1.0,0.0,0.0,1.0,0.0,1.0,0.0,0.0,1.0,0.0,0.0,1.0,0.0,0.0,1.0,0.0,0.0,1.0,0.0,0.0,1.0,0.0,0.0,1.0,0.0,0.0,1.0,0.0,0.0,0.0,1.0,0.0,0.0,1.0,0.0,0.0,1.0,1.0,1.0,0.0,0.0,1.5768657590449608,1.0,0.0,0.0,1.0,0.0,0.0,1.0,0.0,0.0
5574-NXZIU,0,1.247217966963116,1.476948923228718,2.1028977985334647,0.0,1.0,1.0,0.0,1.0,0.0,0.0,1.0,1.0,0.0,0.0,0.0,1.0,0.0,0.0,0.0,1.0,0.0,0.0,1.0,0.0,0.0,1.0,0.0,0.0,1.0,0.0,0.0,1.0,0.0,0.0,1.0,0.0,0.0,1.0,1.0,0.0,0.0,1.0,0.0,0.0,1.0,0.0,8.0,0.0,1.0,0.0,1.6860708025669853,0.0,1.0,0.0,0.0,1.0,0.0,0.0,1.0,0.0
0019-GFNTW,0,0.9621754209229036,-0.6551366279844181,0.12212049584586043,1.0,0.0,1.0,0.0,1.0,0.0,1.0,0.0,0.0,1.0,0.0,1.0,0.0,0.0,0.0,0.0,1.0,0.0,0.0,1.0,0.0,0.0,1.0,0.0,0.0,1.0,1.0,0.0,0.0,1.0,0.0,0.0,0.0,0.0,1.0,1.0,0.0,1.0,0.0,0.0,0.0,1.0,0.0,5.0,0.0,1.0,0.0,0.12692123825894905,0.0,1.0,0.0,0.0,1.0,0.0,0.0,1.0,0.0
4256-ZWTZI,0,-1.1145631287986442,-0.4573827849646494,-0.880830968566673,1.0,0.0,1.0,0.0,0.0,1.0,0.0,1.0,1.0,0.0,0.0,1.0,0.0,0.0,1.0,0.0,0.0,1.0,0.0,0.0,1.0,0.0,0.0,0.0,0.0,1.0,1.0,0.0,0.0,1.0,0.0,0.0,1.0,0.0,0.0,0.0,1.0,0.0,0.0,0.0,1.0,1.0,0.0,3.0,1.0,0.0,0.0,0.7902925781477228,1.0,0.0,0.0,1.0,0.0,0.0,1.0,0.0,0.0
8309-PPCED,0,1.6137012404433893,1.5184938482328711,2.5144154066057784,1.0,0.0,0.0,1.0,1.0,0.0,0.0,1.0,0.0,0.0,1.0,0.0,1.0,0.0,1.0,0.0,0.0,0.0,0.0,1.0,0.0,0.0,1.0,0.0,0.0,1.0,0.0,0.0,1.0,0.0,0.0,1.0,0.0,0.0,1.0,0.0,1.0,1.0,0.0,0.0,0.0,1.0,0.0,8.0,0.0,1.0,0.0,1.5581666194387407,0.0,1.0,0.0,0.0,1.0,0.0,0.0,1.0,0.0
4098-NAUKP,1,1.4508197855632678,0.6610065961471517,1.500169543086677,0.0,1.0,0.0,1.0,0.0,1.0,0.0,1.0,0.0,0.0,1.0,0.0,1.0,0.0,1.0,0.0,0.0,0.0,0.0,1.0,0.0,0.0,1.0,1.0,0.0,0.0,1.0,0.0,0.0,1.0,0.0,0.0,1.0,0.0,0.0,0.0,1.0,0.0,0.0,1.0,0.0,1.0,0.0,5.0,0.0,1.0,0.0,1.0340150844470664,0.0,1.0,0.0,0.0,1.0,0.0,0.0,1.0,0.0
5196-WPYOW,0,1.4100994218432374,-0.15659752793458118,0.7547612614264493,0.0,1.0,0.0,1.0,0.0,1.0,0.0,1.0,1.0,0.0,0.0,1.0,0.0,0.0,0.0,0.0,1.0,0.0,0.0,1.0,1.0,0.0,0.0,0.0,0.0,1.0,1.0,0.0,0.0,1.0,0.0,0.0,0.0,1.0,0.0,1.0,0.0,0.0,0.0,0.0,1.0,1.0,0.0,5.0,0.0,1.0,0.0,0.5352539329743495,0.0,1.0,0.0,0.0,1.0,0.0,0.0,1.0,0.0
4608-LCIMN,0,-0.9924020376385531,-0.6684310039857471,-0.8444991808156624,0.0,1.0,0.0,1.0,0.0,1.0,0.0,1.0,1.0,0.0,0.0,1.0,0.0,0.0,1.0,0.0,0.0,1.0,0.0,0.0,1.0,0.0,0.0,1.0,0.0,0.0,1.0,0.0,0.0,1.0,0.0,0.0,1.0,0.0,0.0,1.0,0.0,1.0,0.0,0.0,0.0,1.0,0.0,2.0,1.0,0.0,0.0,0.8509647791787798,1.0,0.0,0.0,1.0,0.0,0.0,1.0,0.0,0.0
1485-YDHMM,0,0.7992939660427822,0.9468356801757247,1.0360844485476615,0.0,1.0,0.0,1.0,0.0,1.0,0.0,1.0,0.0,0.0,1.0,0.0,1.0,0.0,1.0,0.0,0.0,0.0,0.0,1.0,1.0,0.0,0.0,0.0,0.0,1.0,1.0,0.0,0.0,0.0,0.0,1.0,1.0,0.0,0.0,0.0,1.0,1.0,0.0,0.0,0.0,1.0,0.0,6.0,0.0,1.0,0.0,1.2962495559389786,0.0,1.0,0.0,0.0,1.0,0.0,0.0,1.0,0.0
4054-CUMIA,0,-0.5851984004382496,-1.479387940066815,-0.8300282319603723,1.0,0.0,0.0,1.0,0.0,1.0,0.0,1.0,1.0,0.0,0.0,0.0,0.0,1.0,0.0,1.0,0.0,0.0,1.0,0.0,0.0,1.0,0.0,0.0,1.0,0.0,0.0,1.0,0.0,0.0,1.0,0.0,1.0,0.0,0.0,0.0,1.0,0.0,0.0,0.0,1.0,1.0,0.0,1.0,1.0,0.0,0.0,1.4183706437658956,1.0,0.0,0.0,1.0,0.0,0.0,1.0,0.0,0.0
0603-TPMIB,0,1.0843365120829946,-1.3065610520495383,-0.33055990272031205,1.0,0.0,0.0,1.0,0.0,1.0,0.0,1.0,0.0,0.0,1.0,0.0,0.0,1.0,0.0,1.0,0.0,0.0,1.0,0.0,0.0,1.0,0.0,0.0,1.0,0.0,0.0,1.0,0.0,0.0,1.0,0.0,0.0,0.0,1.0,1.0,0.0,0.0,0.0,0.0,1.0,1.0,0.0,2.0,0.0,1.0,0.0,-0.30484992346638895,0.0,1.0,0.0,0.0,1.0,0.0,0.0,1.0,0.0
2525-GVKQU,0,1.125056875803025,-1.4677553610656522,-0.5251456342028035,1.0,0.0,1.0,0.0,1.0,0.0,0.0,1.0,1.0,0.0,0.0,0.0,0.0,1.0,0.0,1.0,0.0,0.0,1.0,0.0,0.0,1.0,0.0,0.0,1.0,0.0,0.0,1.0,0.0,0.0,1.0,0.0,0.0,0.0,1.0,1.0,0.0,0.0,0.0,0.0,1.0,1.0,0.0,1.0,0.0,1.0,0.0,-0.4667725210140807,0.0,1.0,0.0,0.0,1.0,0.0,0.0,1.0,0.0
8161-QYMTT,0,-1.0331224013585834,0.9750862291785486,-0.6979587642825947,0.0,1.0,1.0,0.0,1.0,0.0,0.0,1.0,0.0,0.0,1.0,0.0,1.0,0.0,1.0,0.0,0.0,1.0,0.0,0.0,1.0,0.0,0.0,1.0,0.0,0.0,0.0,0.0,1.0,0.0,0.0,1.0,1.0,0.0,0.0,0.0,1.0,0.0,0.0,1.0,0.0,1.0,0.0,5.0,1.0,0.0,0.0,0.6755818704199623,1.0,0.0,0.0,1.0,0.0,0.0,1.0,0.0,0.0
9581-GVBXT,0,1.0843365120829946,-0.9958050130184734,-0.13367999641929895,0.0,1.0,0.0,1.0,0.0,1.0,1.0,0.0,0.0,1.0,0.0,1.0,0.0,0.0,0.0,0.0,1.0,1.0,0.0,0.0,0.0,0.0,1.0,1.0,0.0,0.0,1.0,0.0,0.0,1.0,0.0,0.0,0.0,1.0,0.0,1.0,0.0,0.0,0.0,0.0,1.0,1.0,0.0,3.0,0.0,1.0,0.0,-0.1232827585621936,0.0,1.0,0.0,0.0,1.0,0.0,0.0,1.0,0.0
5862-BRIXZ,0,0.5549717837226001,-0.13333236993225536,0.26916827796379367,0.0,1.0,1.0,0.0,1.0,0.0,1.0,0.0,0.0,1.0,0.0,1.0,0.0,0.0,0.0,0.0,1.0,1.0,0.0,0.0,0.0,0.0,1.0,0.0,0.0,1.0,0.0,0.0,1.0,0.0,0.0,1.0,0.0,0.0,1.0,0.0,1.0,1.0,0.0,0.0,0.0,1.0,0.0,6.0,0.0,1.0,0.0,0.48501254632854646,0.0,1.0,0.0,0.0,1.0,0.0,0.0,1.0,0.0
5404-GGUKR,0,-1.1145631287986442,-0.44575020596348647,-0.8916400614616306,0.0,1.0,1.0,0.0,1.0,0.0,0.0,1.0,1.0,0.0,0.0,1.0,0.0,0.0,1.0,0.0,0.0,0.0,0.0,1.0,1.0,0.0,0.0,1.0,0.0,0.0,1.0,0.0,0.0,1.0,0.0,0.0,1.0,0.0,0.0,0.0,1.0,0.0,0.0,1.0,0.0,1.0,0.0,3.0,1.0,0.0,0.0,0.7999906316860705,1.0,0.0,0.0,1.0,0.0,0.0,1.0,0.0,0.0
3308-JSGML,1,1.0843365120829946,-0.023653767921291324,0.707465965167696,0.0,1.0,0.0,1.0,1.0,0.0,1.0,0.0,0.0,1.0,0.0,1.0,0.0,0.0,0.0,0.0,1.0,1.0,0.0,0.0,0.0,0.0,1.0,0.0,0.0,1.0,0.0,0.0,1.0,0.0,0.0,1.0,0.0,0.0,1.0,0.0,1.0,0.0,1.0,0.0,0.0,1.0,0.0,6.0,0.0,1.0,0.0,0.6524413383523019,0.0,1.0,0.0,0.0,1.0,0.0,0.0,1.0,0.0
2126-GSEGL,0,1.5322605130033284,0.6659919871476498,1.6033853505468945,1.0,0.0,0.0,1.0,1.0,0.0,0.0,1.0,0.0,0.0,1.0,1.0,0.0,0.0,1.0,0.0,0.0,0.0,0.0,1.0,0.0,0.0,1.0,0.0,0.0,1.0,0.0,0.0,1.0,0.0,0.0,1.0,0.0,0.0,1.0,0.0,1.0,1.0,0.0,0.0,0.0,1.0,0.0,8.0,0.0,1.0,0.0,1.0464182408539373,0.0,1.0,0.0,0.0,1.0,0.0,0.0,1.0,0.0
3677-TNKIO,0,-0.748079855318371,0.2073360151017999,-0.6041181904557589,1.0,0.0,1.0,0.0,1.0,0.0,0.0,1.0,1.0,0.0,0.0,0.0,1.0,0.0,1.0,0.0,0.0,1.0,0.0,0.0,1.0,0.0,0.0,1.0,0.0,0.0,1.0,0.0,0.0,1.0,0.0,0.0,1.0,0.0,0.0,0.0,1.0,0.0,1.0,0.0,0.0,0.0,1.0,2.0,1.0,0.0,0.0,0.8075584259633027,1.0,0.0,0.0,1.0,0.0,0.0,1.0,0.0,0.0
0440-QEXBZ,0,0.47353105628253944,-0.4856333339674735,-0.06361942696136984,1.0,0.0,1.0,0.0,1.0,0.0,0.0,1.0,0.0,0.0,1.0,1.0,0.0,0.0,1.0,0.0,0.0,1.0,0.0,0.0,1.0,0.0,0.0,1.0,0.0,0.0,1.0,0.0,0.0,1.0,0.0,0.0,1.0,0.0,0.0,0.0,1.0,0.0,0.0,0.0,1.0,1.0,0.0,3.0,0.0,0.0,1.0,-0.13435111830006424,0.0,0.0,1.0,0.0,0.0,1.0,0.0,0.0,1.0
2434-EEVDB,0,1.2879383306831464,0.9917041991802098,1.617128340084769,1.0,0.0,0.0,1.0,1.0,0.0,0.0,1.0,0.0,0.0,1.0,0.0,1.0,0.0,0.0,0.0,1.0,1.0,0.0,0.0,0.0,0.0,1.0,1.0,0.0,0.0,0.0,0.0,1.0,1.0,0.0,0.0,0.0,0.0,1.0,0.0,1.0,0.0,1.0,0.0,0.0,1.0,0.0,6.0,0.0,1.0,0.0,1.2555945432783369,0.0,1.0,0.0,0.0,1.0,0.0,0.0,1.0,0.0
6762-QVYJO,0,1.0436161483629645,-0.16656830993557784,0.5916542555788648,1.0,0.0,0.0,1.0,0.0,1.0,1.0,0.0,0.0,1.0,0.0,1.0,0.0,0.0,0.0,0.0,1.0,1.0,0.0,0.0,0.0,0.0,1.0,0.0,0.0,1.0,0.0,0.0,1.0,0.0,0.0,1.0,0.0,0.0,1.0,1.0,0.0,0.0,0.0,0.0,1.0,1.0,0.0,6.0,0.0,1.0,0.0,0.5669270799488342,0.0,1.0,0.0,0.0,1.0,0.0,0.0,1.0,0.0
6199-IWKGC,1,0.5549717837226001,1.1794872601989819,1.0899754974096645,1.0,0.0,0.0,1.0,1.0,0.0,0.0,1.0,0.0,0.0,1.0,0.0,1.0,0.0,1.0,0.0,0.0,1.0,0.0,0.0,1.0,0.0,0.0,0.0,0.0,1.0,0.0,0.0,1.0,0.0,0.0,1.0,0.0,1.0,0.0,1.0,0.0,0.0,0.0,1.0,0.0,1.0,0.0,6.0,0.0,1.0,0.0,1.964019666186278,0.0,1.0,0.0,0.0,1.0,0.0,0.0,1.0,0.0
2675-DHUTR,1,1.0436161483629645,1.1346187411944968,1.543008845947917,0.0,1.0,0.0,1.0,1.0,0.0,0.0,1.0,0.0,0.0,1.0,0.0,1.0,0.0,1.0,0.0,0.0,0.0,0.0,1.0,1.0,0.0,0.0,1.0,0.0,0.0,0.0,0.0,1.0,0.0,0.0,1.0,1.0,0.0,0.0,0.0,1.0,0.0,0.0,1.0,0.0,1.0,0.0,6.0,0.0,1.0,0.0,1.478521435652667,0.0,1.0,0.0,0.0,1.0,0.0,0.0,1.0,0.0
8152-VETUR,0,1.6137012404433893,1.0947356131905097,2.0234619954421538,1.0,0.0,0.0,1.0,1.0,0.0,0.0,1.0,0.0,0.0,1.0,0.0,1.0,0.0,1.0,0.0,0.0,0.0,0.0,1.0,1.0,0.0,0.0,1.0,0.0,0.0,0.0,0.0,1.0,0.0,0.0,1.0,0.0,0.0,1.0,0.0,1.0,0.0,1.0,0.0,0.0,1.0,0.0,6.0,0.0,1.0,0.0,1.2539260333506197,0.0,1.0,0.0,0.0,1.0,0.0,0.0,1.0,0.0
9667-EQRXU,1,-0.0965540357978854,-0.8130073430001998,-0.4898726963680337,1.0,0.0,1.0,0.0,1.0,0.0,1.0,0.0,0.0,1.0,0.0,1.0,0.0,0.0,1.0,0.0,0.0,1.0,0.0,0.0,0.0,0.0,1.0,1.0,0.0,0.0,0.0,0.0,1.0,1.0,0.0,0.0,1.0,0.0,0.0,0.0,1.0,0.0,0.0,1.0,0.0,0.0,1.0,3.0,0.0,0.0,1.0,5.073560025947276,0.0,0.0,1.0,0.0,0.0,1.0,0.0,0.0,1.0
7446-YPODE,1,-0.8702409464784621,-0.1499503399339166,-0.7148783035691916,0.0,1.0,1.0,0.0,1.0,0.0,0.0,1.0,0.0,0.0,1.0,1.0,0.0,0.0,0.0,0.0,1.0,0.0,0.0,1.0,1.0,0.0,0.0,1.0,0.0,0.0,1.0,0.0,0.0,1.0,0.0,0.0,1.0,0.0,0.0,1.0,0.0,1.0,0.0,0.0,0.0,1.0,0.0,5.0,1.0,0.0,0.0,0.8214716929397948,1.0,0.0,0.0,1.0,0.0,0.0,1.0,0.0,0.0
9522-BNTHX,1,0.06632741908223598,-0.28289409994720643,-0.22824852956355024,1.0,0.0,1.0,0.0,1.0,0.0,1.0,0.0,0.0,1.0,0.0,1.0,0.0,0.0,1.0,0.0,0.0,0.0,0.0,1.0,0.0,0.0,1.0,1.0,0.0,0.0,0.0,0.0,1.0,0.0,0.0,1.0,1.0,0.0,0.0,0.0,1.0,0.0,0.0,1.0,0.0,1.0,0.0,5.0,0.0,0.0,1.0,-3.4412394258934835,0.0,0.0,1.0,0.0,0.0,1.0,0.0,0.0,1.0
4676-WLUHT,0,0.880734693482843,-0.6169152969805971,0.06558232219325574,0.0,1.0,1.0,0.0,1.0,0.0,1.0,0.0,0.0,1.0,0.0,1.0,0.0,0.0,0.0,0.0,1.0,0.0,0.0,1.0,1.0,0.0,0.0,1.0,0.0,0.0,1.0,0.0,0.0,0.0,0.0,1.0,0.0,0.0,1.0,1.0,0.0,1.0,0.0,0.0,0.0,1.0,0.0,4.0,0.0,1.0,0.0,0.07446319837125084,0.0,1.0,0.0,0.0,1.0,0.0,0.0,1.0,0.0
3329-WDIOK,0,-1.1960038562387048,-0.47067716096597834,-0.9388250608541087,1.0,0.0,1.0,0.0,1.0,0.0,1.0,0.0,0.0,1.0,0.0,1.0,0.0,0.0,1.0,0.0,0.0,0.0,0.0,1.0,1.0,0.0,0.0,1.0,0.0,0.0,0.0,0.0,1.0,0.0,0.0,1.0,1.0,0.0,0.0,0.0,1.0,0.0,0.0,1.0,0.0,0.0,1.0,4.0,1.0,0.0,0.0,0.7849682557099824,1.0,0.0,0.0,1.0,0.0,0.0,1.0,0.0,0.0
7980-MHFLQ,0,1.6137012404433893,-1.3248408190513656,-0.1871077984429464,1.0,0.0,0.0,1.0,0.0,1.0,0.0,1.0,0.0,0.0,1.0,0.0,0.0,1.0,0.0,1.0,0.0,0.0,1.0,0.0,0.0,1.0,0.0,0.0,1.0,0.0,0.0,1.0,0.0,0.0,1.0,0.0,0.0,0.0,1.0,1.0,0.0,0.0,0.0,0.0,1.0,1.0,0.0,2.0,0.0,1.0,0.0,-0.11594946682419086,0.0,1.0,0.0,0.0,1.0,0.0,0.0,1.0,0.0
2873-ZLIWT,0,0.3106496014024181,0.6676537841478158,0.44990072304213546,1.0,0.0,0.0,1.0,0.0,1.0,0.0,1.0,0.0,0.0,1.0,0.0,1.0,0.0,1.0,0.0,0.0,1.0,0.0,0.0,0.0,0.0,1.0,0.0,0.0,1.0,1.0,0.0,0.0,1.0,0.0,0.0,1.0,0.0,0.0,0.0,1.0,0.0,0.0,1.0,0.0,0.0,1.0,5.0,0.0,0.0,1.0,1.4482578474624543,0.0,0.0,1.0,0.0,0.0,1.0,0.0,0.0,1.0
3415-TAILE,0,-1.2367242199587352,0.03118553308419093,-0.9480899976212152,1.0,0.0,0.0,1.0,0.0,1.0,0.0,1.0,1.0,0.0,0.0,1.0,0.0,0.0,1.0,0.0,0.0,1.0,0.0,0.0,1.0,0.0,0.0,1.0,0.0,0.0,0.0,0.0,1.0,0.0,0.0,1.0,1.0,0.0,0.0,1.0,0.0,0.0,0.0,0.0,1.0,0.0,1.0,4.0,1.0,0.0,0.0,0.7666139162802595,1.0,0.0,0.0,1.0,0.0,0.0,1.0,0.0,0.0
0757-WCUUZ,0,0.880734693482843,-0.046918925923616905,0.4966886537160231,0.0,1.0,0.0,1.0,0.0,1.0,0.0,1.0,0.0,0.0,1.0,1.0,0.0,0.0,1.0,0.0,0.0,1.0,0.0,0.0,0.0,0.0,1.0,1.0,0.0,0.0,1.0,0.0,0.0,0.0,0.0,1.0,0.0,0.0,1.0,1.0,0.0,0.0,1.0,0.0,0.0,1.0,0.0,5.0,0.0,1.0,0.0,0.5639480962784382,0.0,1.0,0.0,0.0,1.0,0.0,0.0,1.0,0.0
1629-DQQVB,0,-0.748079855318371,-0.48729513096763954,-0.6943410270687722,1.0,0.0,1.0,0.0,1.0,0.0,0.0,1.0,1.0,0.0,0.0,1.0,0.0,0.0,0.0,0.0,1.0,1.0,0.0,0.0,1.0,0.0,0.0,1.0,0.0,0.0,1.0,0.0,0.0,1.0,0.0,0.0,1.0,0.0,0.0,1.0,0.0,1.0,0.0,0.0,0.0,1.0,0.0,3.0,1.0,0.0,0.0,0.9281643157912222,1.0,0.0,0.0,1.0,0.0,0.0,1.0,0.0,0.0
1915-IOFGU,0,-1.2774445836787656,0.19071804510013865,-0.9762598172678699,1.0,0.0,1.0,0.0,1.0,0.0,0.0,1.0,1.0,0.0,0.0,0.0,1.0,0.0,1.0,0.0,0.0,1.0,0.0,0.0,1.0,0.0,0.0,1.0,0.0,0.0,1.0,0.0,0.0,1.0,0.0,0.0,1.0,0.0,0.0,1.0,0.0,0.0,0.0,1.0,0.0,0.0,1.0,2.0,1.0,0.0,0.0,0.7642287029441635,1.0,0.0,0.0,1.0,0.0,0.0,1.0,0.0,0.0
3045-XETSH,0,-0.9109613101984924,1.0000131841810405,-0.5867133449575517,1.0,0.0,1.0,0.0,1.0,0.0,0.0,1.0,0.0,0.0,1.0,0.0,1.0,0.0,1.0,0.0,0.0,0.0,0.0,1.0,0.0,0.0,1.0,1.0,0.0,0.0,1.0,0.0,0.0,0.0,0.0,1.0,1.0,0.0,0.0,0.0,1.0,0.0,0.0,1.0,0.0,0.0,1.0,6.0,1.0,0.0,0.0,0.6440595647577072,1.0,0.0,0.0,1.0,0.0,0.0,1.0,0.0,0.0
0374-AACSZ,0,-1.2774445836787656,-0.4856333339674735,-0.9852379821826611,1.0,0.0,1.0,0.0,1.0,0.0,0.0,1.0,1.0,0.0,0.0,1.0,0.0,0.0,0.0,0.0,1.0,1.0,0.0,0.0,1.0,0.0,0.0,1.0,0.0,0.0,1.0,0.0,0.0,1.0,0.0,0.0,1.0,0.0,0.0,1.0,0.0,0.0,0.0,1.0,0.0,1.0,0.0,3.0,1.0,0.0,0.0,0.7712569255610194,1.0,0.0,0.0,1.0,0.0,0.0,1.0,0.0,0.0
7239-HZZCX,0,-1.2774445836787656,-1.4960059100684764,-0.9986500811217106,0.0,1.0,1.0,0.0,1.0,0.0,0.0,1.0,1.0,0.0,0.0,0.0,0.0,1.0,0.0,1.0,0.0,0.0,1.0,0.0,0.0,1.0,0.0,0.0,1.0,0.0,0.0,1.0,0.0,0.0,1.0,0.0,1.0,0.0,0.0,1.0,0.0,0.0,0.0,0.0,1.0,0.0,1.0,1.0,1.0,0.0,0.0,0.7817560885857086,1.0,0.0,0.0,1.0,0.0,0.0,1.0,0.0,0.0
4872-VXRIL,0,0.9621754209229036,-0.003712203919297562,0.6098311791409976,0.0,1.0,1.0,0.0,1.0,0.0,0.0,1.0,0.0,0.0,1.0,1.0,0.0,0.0,0.0,0.0,1.0,0.0,0.0,1.0,1.0,0.0,0.0,0.0,0.0,1.0,1.0,0.0,0.0,1.0,0.0,0.0,0.0,1.0,0.0,0.0,1.0,1.0,0.0,0.0,0.0,1.0,0.0,6.0,0.0,1.0,0.0,0.6338045702269728,0.0,1.0,0.0,0.0,1.0,0.0,0.0,1.0,0.0
9140-CZQZZ,0,1.4508197855632678,0.4931650991303729,1.4261382864428451,1.0,0.0,0.0,1.0,1.0,0.0,0.0,1.0,1.0,0.0,0.0,1.0,0.0,0.0,0.0,0.0,1.0,0.0,0.0,1.0,1.0,0.0,0.0,0.0,0.0,1.0,0.0,0.0,1.0,0.0,0.0,1.0,0.0,0.0,1.0,0.0,1.0,1.0,0.0,0.0,0.0,1.0,0.0,7.0,0.0,1.0,0.0,0.9829878945917184,0.0,1.0,0.0,0.0,1.0,0.0,0.0,1.0,0.0
3423-HHXAO,0,-0.748079855318371,-1.504314895069307,-0.8873605430501575,1.0,0.0,0.0,1.0,0.0,1.0,0.0,1.0,1.0,0.0,0.0,0.0,0.0,1.0,0.0,1.0,0.0,0.0,1.0,0.0,0.0,1.0,0.0,0.0,1.0,0.0,0.0,1.0,0.0,0.0,1.0,0.0,0.0,1.0,0.0,0.0,1.0,0.0,0.0,0.0,1.0,1.0,0.0,1.0,1.0,0.0,0.0,1.1861842512421497,1.0,0.0,0.0,1.0,0.0,0.0,1.0,0.0,0.0
9938-TKDGL,0,1.4508197855632678,1.156222102196656,1.9344744837314216,0.0,1.0,0.0,1.0,0.0,1.0,0.0,1.0,1.0,0.0,0.0,0.0,1.0,0.0,0.0,0.0,1.0,1.0,0.0,0.0,1.0,0.0,0.0,0.0,0.0,1.0,0.0,0.0,1.0,0.0,0.0,1.0,0.0,0.0,1.0,0.0,1.0,0.0,0.0,1.0,0.0,1.0,0.0,6.0,0.0,1.0,0.0,1.333366489057343,0.0,1.0,0.0,0.0,1.0,0.0,0.0,1.0,0.0
0531-ZZJWQ,1,0.9214550572028734,0.3070438351117673,0.7805045500150523,0.0,1.0,0.0,1.0,1.0,0.0,0.0,1.0,0.0,0.0,1.0,0.0,1.0,0.0,1.0,0.0,0.0,1.0,0.0,0.0,1.0,0.0,0.0,1.0,0.0,0.0,1.0,0.0,0.0,1.0,0.0,0.0,1.0,0.0,0.0,0.0,1.0,0.0,0.0,1.0,0.0,1.0,0.0,3.0,0.0,1.0,0.0,0.8470348541841162,0.0,1.0,0.0,0.0,1.0,0.0,0.0,1.0,0.0
6537-QLGEX,0,-0.6666391278783103,-0.8595376590048512,-0.714238581744796,1.0,0.0,1.0,0.0,1.0,0.0,1.0,0.0,0.0,1.0,0.0,1.0,0.0,0.0,0.0,0.0,1.0,1.0,0.0,0.0,1.0,0.0,0.0,1.0,0.0,0.0,0.0,0.0,1.0,1.0,0.0,0.0,1.0,0.0,0.0,0.0,1.0,0.0,0.0,1.0,0.0,1.0,0.0,3.0,1.0,0.0,0.0,1.07140213029196,1.0,0.0,0.0,1.0,0.0,0.0,1.0,0.0,0.0
2688-BHGOG,1,-0.9516816739185228,0.4915033021302069,-0.6903482805096144,0.0,1.0,1.0,0.0,1.0,0.0,0.0,1.0,1.0,0.0,0.0,0.0,1.0,0.0,1.0,0.0,0.0,1.0,0.0,0.0,1.0,0.0,0.0,1.0,0.0,0.0,1.0,0.0,0.0,0.0,0.0,1.0,1.0,0.0,0.0,0.0,1.0,0.0,0.0,1.0,0.0,1.0,0.0,3.0,1.0,0.0,0.0,0.7253983127227034,1.0,0.0,0.0,1.0,0.0,0.0,1.0,0.0,0.0
7683-CBDKJ,0,-0.748079855318371,0.022876548083360315,-0.5937061662793917,0.0,1.0,0.0,1.0,0.0,1.0,0.0,1.0,1.0,0.0,0.0,1.0,0.0,0.0,0.0,0.0,1.0,0.0,0.0,1.0,1.0,0.0,0.0,1.0,0.0,0.0,0.0,0.0,1.0,1.0,0.0,0.0,1.0,0.0,0.0,0.0,1.0,0.0,0.0,1.0,0.0,0.0,1.0,5.0,1.0,0.0,0.0,0.7936400934452642,1.0,0.0,0.0,1.0,0.0,0.0,1.0,0.0,0.0
0946-CLJTI,1,1.0436161483629645,1.1279715531938321,1.557082726084617,0.0,1.0,0.0,1.0,1.0,0.0,0.0,1.0,0.0,0.0,1.0,0.0,1.0,0.0,1.0,0.0,0.0,1.0,0.0,0.0,0.0,0.0,1.0,1.0,0.0,0.0,0.0,0.0,1.0,0.0,0.0,1.0,1.0,0.0,0.0,0.0,1.0,0.0,0.0,1.0,0.0,0.0,1.0,6.0,0.0,1.0,0.0,1.4920071220889841,0.0,1.0,0.0,0.0,1.0,0.0,0.0,1.0,0.0
3160-TYXLT,0,0.8400143297628127,-0.613591702980265,0.11627476193328133,0.0,1.0,1.0,0.0,1.0,0.0,1.0,0.0,0.0,1.0,0.0,1.0,0.0,0.0,0.0,0.0,1.0,0.0,0.0,1.0,1.0,0.0,0.0,1.0,0.0,0.0,1.0,0.0,0.0,0.0,0.0,1.0,1.0,0.0,0.0,0.0,1.0,1.0,0.0,0.0,0.0,1.0,0.0,4.0,0.0,1.0,0.0,0.13841997429509661,0.0,1.0,0.0,0.0,1.0,0.0,0.0,1.0,0.0
1325-USMEC,0,1.5322605130033284,1.1495749141959914,2.0564628178316573,0.0,1.0,0.0,1.0,1.0,0.0,0.0,1.0,0.0,0.0,1.0,0.0,1.0,0.0,0.0,0.0,1.0,0.0,0.0,1.0,0.0,0.0,1.0,1.0,0.0,0.0,0.0,0.0,1.0,1.0,0.0,0.0,0.0,0.0,1.0,0.0,1.0,0.0,1.0,0.0,0.0,1.0,0.0,7.0,0.0,1.0,0.0,1.3421104312091545,0.0,1.0,0.0,0.0,1.0,0.0,0.0,1.0,0.0
0916-QOFDP,1,-0.748079855318371,1.0315873271841969,-0.41339284929289516,1.0,0.0,0.0,1.0,0.0,1.0,0.0,1.0,0.0,0.0,1.0,0.0,1.0,0.0,1.0,0.0,0.0,1.0,0.0,0.0,1.0,0.0,0.0,1.0,0.0,0.0,0.0,0.0,1.0,0.0,0.0,1.0,1.0,0.0,0.0,0.0,1.0,0.0,0.0,1.0,0.0,1.0,0.0,5.0,1.0,0.0,0.0,0.5526052417451632,1.0,0.0,0.0,1.0,0.0,0.0,1.0,0.0,0.0
0628-CNQRM,0,-0.4223169455581282,0.09101022509017127,-0.3261480280693089,0.0,1.0,0.0,1.0,0.0,1.0,0.0,1.0,1.0,0.0,0.0,1.0,0.0,0.0,0.0,0.0,1.0,1.0,0.0,0.0,0.0,0.0,1.0,0.0,0.0,1.0,0.0,0.0,1.0,1.0,0.0,0.0,0.0,1.0,0.0,0.0,1.0,1.0,0.0,0.0,0.0,0.0,1.0,6.0,0.0,0.0,1.0,0.7722825984126122,0.0,0.0,1.0,0.0,0.0,1.0,0.0,0.0,1.0
5606-AMZBO,0,-0.9109613101984924,0.4449729861255557,-0.6697889446359399,1.0,0.0,0.0,1.0,1.0,0.0,0.0,1.0,0.0,0.0,1.0,0.0,1.0,0.0,0.0,0.0,1.0,1.0,0.0,0.0,1.0,0.0,0.0,1.0,0.0,0.0,1.0,0.0,0.0,1.0,0.0,0.0,1.0,0.0,0.0,0.0,1.0,0.0,1.0,0.0,0.0,1.0,0.0,4.0,1.0,0.0,0.0,0.735255094961165,1.0,0.0,0.0,1.0,0.0,0.0,1.0,0.0,0.0
6199-IPCAO,0,-0.13727439951791576,-1.2849576910473786,-0.7018191546022224,1.0,0.0,0.0,1.0,0.0,1.0,0.0,1.0,0.0,0.0,1.0,0.0,0.0,1.0,0.0,1.0,0.0,0.0,1.0,0.0,0.0,1.0,0.0,0.0,1.0,0.0,0.0,1.0,0.0,0.0,1.0,0.0,0.0,0.0,1.0,1.0,0.0,0.0,0.0,0.0,1.0,1.0,0.0,2.0,0.0,0.0,1.0,5.112527587568341,0.0,0.0,1.0,0.0,0.0,1.0,0.0,0.0,1.0
7665-TOALD,0,-1.2774445836787656,0.16080569909714826,-0.9766568859864602,1.0,0.0,1.0,0.0,1.0,0.0,0.0,1.0,1.0,0.0,0.0,0.0,1.0,0.0,1.0,0.0,0.0,1.0,0.0,0.0,1.0,0.0,0.0,1.0,0.0,0.0,1.0,0.0,0.0,1.0,0.0,0.0,1.0,0.0,0.0,0.0,1.0,0.0,0.0,1.0,0.0,0.0,1.0,2.0,1.0,0.0,0.0,0.764539533428447,1.0,0.0,0.0,1.0,0.0,0.0,1.0,0.0,0.0
0112-QWPNC,0,0.6771328748826912,0.6510358141461546,0.7835708028974994,0.0,1.0,0.0,1.0,1.0,0.0,0.0,1.0,0.0,0.0,1.0,1.0,0.0,0.0,0.0,0.0,1.0,1.0,0.0,0.0,0.0,0.0,1.0,0.0,0.0,1.0,0.0,0.0,1.0,0.0,0.0,1.0,0.0,1.0,0.0,1.0,0.0,0.0,0.0,1.0,0.0,0.0,1.0,8.0,0.0,1.0,0.0,1.157189130764398,0.0,1.0,0.0,0.0,1.0,0.0,0.0,1.0,0.0
0324-BRPCJ,1,1.4508197855632678,1.1778254631988159,2.0154985616970933,1.0,0.0,0.0,1.0,1.0,0.0,0.0,1.0,0.0,0.0,1.0,0.0,1.0,0.0,1.0,0.0,0.0,0.0,0.0,1.0,1.0,0.0,0.0,1.0,0.0,0.0,0.0,0.0,1.0,0.0,0.0,1.0,1.0,0.0,0.0,0.0,1.0,0.0,0.0,1.0,0.0,0.0,1.0,6.0,0.0,1.0,0.0,1.389213589277454,0.0,1.0,0.0,0.0,1.0,0.0,0.0,1.0,0.0
2777-PHDEI,0,-1.2774445836787656,0.44164939212522314,-0.9729288519063625,1.0,0.0,1.0,0.0,1.0,0.0,0.0,1.0,1.0,0.0,0.0,0.0,1.0,0.0,1.0,0.0,0.0,1.0,0.0,0.0,1.0,0.0,0.0,1.0,0.0,0.0,0.0,0.0,1.0,1.0,0.0,0.0,1.0,0.0,0.0,1.0,0.0,0.0,0.0,1.0,0.0,0.0,1.0,3.0,1.0,0.0,0.0,0.7616211805482291,1.0,0.0,0.0,1.0,0.0,0.0,1.0,0.0,0.0
5640-CAXOA,0,-0.0965540357978854,-0.8113455460000336,-0.48365195311011944,1.0,0.0,1.0,0.0,1.0,0.0,1.0,0.0,0.0,1.0,0.0,1.0,0.0,0.0,1.0,0.0,0.0,1.0,0.0,0.0,1.0,0.0,0.0,0.0,0.0,1.0,1.0,0.0,0.0,0.0,0.0,1.0,0.0,1.0,0.0,0.0,1.0,0.0,1.0,0.0,0.0,1.0,0.0,3.0,0.0,0.0,1.0,5.009132441885062,0.0,0.0,1.0,0.0,0.0,1.0,0.0,0.0,1.0
2235-EZAIK,0,1.6137012404433893,0.47987072312904416,1.3758870341679197,1.0,0.0,0.0,1.0,1.0,0.0,0.0,1.0,0.0,0.0,1.0,1.0,0.0,0.0,0.0,0.0,1.0,0.0,0.0,1.0,0.0,0.0,1.0,0.0,0.0,1.0,0.0,0.0,1.0,1.0,0.0,0.0,0.0,0.0,1.0,1.0,0.0,0.0,1.0,0.0,0.0,1.0,0.0,8.0,0.0,1.0,0.0,0.8526281071642936,0.0,1.0,0.0,0.0,1.0,0.0,0.0,1.0,0.0
3847-BAERP,0,-0.9109613101984924,-1.4577845790646555,-0.8983902296776652,1.0,0.0,1.0,0.0,1.0,0.0,0.0,1.0,1.0,0.0,0.0,0.0,0.0,1.0,0.0,1.0,0.0,0.0,1.0,0.0,0.0,1.0,0.0,0.0,1.0,0.0,0.0,1.0,0.0,0.0,1.0,0.0,1.0,0.0,0.0,0.0,1.0,0.0,0.0,0.0,1.0,1.0,0.0,1.0,1.0,0.0,0.0,0.986200203696809,1.0,0.0,0.0,1.0,0.0,0.0,1.0,0.0,0.0
1196-AMORA,0,-1.0331224013585834,0.2937494591104381,-0.7779460517052807,0.0,1.0,1.0,0.0,1.0,0.0,0.0,1.0,0.0,0.0,1.0,0.0,1.0,0.0,1.0,0.0,0.0,1.0,0.0,0.0,1.0,0.0,0.0,1.0,0.0,0.0,1.0,0.0,0.0,1.0,0.0,0.0,1.0,0.0,0.0,1.0,0.0,0.0,0.0,1.0,0.0,0.0,1.0,3.0,1.0,0.0,0.0,0.7530047269154759,1.0,0.0,0.0,1.0,0.0,0.0,1.0,0.0,0.0
4282-YMKNA,0,-0.9516816739185228,0.3319707901142591,-0.695620470717563,1.0,0.0,1.0,0.0,1.0,0.0,0.0,1.0,0.0,0.0,1.0,0.0,1.0,0.0,1.0,0.0,0.0,1.0,0.0,0.0,1.0,0.0,0.0,1.0,0.0,0.0,1.0,0.0,0.0,1.0,0.0,0.0,1.0,0.0,0.0,0.0,1.0,0.0,0.0,1.0,0.0,0.0,1.0,3.0,1.0,0.0,0.0,0.7309381800464488,1.0,0.0,0.0,1.0,0.0,0.0,1.0,0.0,0.0
1453-RZFON,0,-1.2774445836787656,-0.49394231896830415,-0.9853482790489362,1.0,0.0,1.0,0.0,0.0,1.0,0.0,1.0,1.0,0.0,0.0,1.0,0.0,0.0,0.0,0.0,1.0,1.0,0.0,0.0,1.0,0.0,0.0,1.0,0.0,0.0,1.0,0.0,0.0,1.0,0.0,0.0,1.0,0.0,0.0,1.0,0.0,0.0,0.0,0.0,1.0,1.0,0.0,3.0,1.0,0.0,0.0,0.7713432673622093,1.0,0.0,0.0,1.0,0.0,0.0,1.0,0.0,0.0
8263-OKETD,0,-0.5037576729981889,0.13754054109482292,-0.4027822907572327,1.0,0.0,1.0,0.0,1.0,0.0,0.0,1.0,0.0,0.0,1.0,1.0,0.0,0.0,1.0,0.0,0.0,0.0,0.0,1.0,1.0,0.0,0.0,0.0,0.0,1.0,1.0,0.0,0.0,0.0,0.0,1.0,1.0,0.0,0.0,0.0,1.0,0.0,1.0,0.0,0.0,1.0,0.0,6.0,1.0,0.0,0.0,0.7995556442049089,1.0,0.0,0.0,1.0,0.0,0.0,1.0,0.0,0.0
0670-KDOMA,0,-1.2774445836787656,-1.479387940066815,-0.9984294873891605,1.0,0.0,1.0,0.0,1.0,0.0,0.0,1.0,1.0,0.0,0.0,0.0,0.0,1.0,0.0,1.0,0.0,0.0,1.0,0.0,0.0,1.0,0.0,0.0,1.0,0.0,0.0,1.0,0.0,0.0,1.0,0.0,1.0,0.0,0.0,0.0,1.0,0.0,0.0,0.0,1.0,1.0,0.0,1.0,1.0,0.0,0.0,0.7815834049833288,1.0,0.0,0.0,1.0,0.0,0.0,1.0,0.0,0.0
2476-YGEFM,0,-0.13727439951791576,0.3735157151184122,-0.030023001493981235,1.0,0.0,1.0,0.0,1.0,0.0,0.0,1.0,0.0,0.0,1.0,0.0,1.0,0.0,1.0,0.0,0.0,1.0,0.0,0.0,1.0,0.0,0.0,1.0,0.0,0.0,1.0,0.0,0.0,1.0,0.0,0.0,1.0,0.0,0.0,0.0,1.0,0.0,1.0,0.0,0.0,1.0,0.0,3.0,0.0,0.0,1.0,0.21870794262744464,0.0,0.0,1.0,0.0,0.0,1.0,0.0,0.0,1.0
8687-BAFGU,0,-1.2774445836787656,0.3070438351117673,-0.9747156611400188,0.0,1.0,1.0,0.0,1.0,0.0,0.0,1.0,1.0,0.0,0.0,0.0,1.0,0.0,1.0,0.0,0.0,1.0,0.0,0.0,1.0,0.0,0.0,0.0,0.0,1.0,1.0,0.0,0.0,1.0,0.0,0.0,1.0,0.0,0.0,1.0,0.0,0.0,0.0,1.0,0.0,1.0,0.0,3.0,1.0,0.0,0.0,0.7630199177275052,1.0,0.0,0.0,1.0,0.0,0.0,1.0,0.0,0.0
0641-EVBOJ,0,-1.1960038562387048,0.5829021371393436,-0.9127729410399353,0.0,1.0,1.0,0.0,1.0,0.0,0.0,1.0,1.0,0.0,0.0,0.0,1.0,0.0,0.0,0.0,1.0,1.0,0.0,0.0,1.0,0.0,0.0,0.0,0.0,1.0,1.0,0.0,0.0,1.0,0.0,0.0,1.0,0.0,0.0,0.0,1.0,0.0,0.0,0.0,1.0,1.0,0.0,4.0,1.0,0.0,0.0,0.7631856170685785,1.0,0.0,0.0,1.0,0.0,0.0,1.0,0.0,0.0
0829-XXPLX,0,-0.5037576729981889,0.8188773111629334,-0.18183560823499767,1.0,0.0,1.0,0.0,1.0,0.0,0.0,1.0,1.0,0.0,0.0,0.0,1.0,0.0,0.0,0.0,1.0,1.0,0.0,0.0,0.0,0.0,1.0,1.0,0.0,0.0,0.0,0.0,1.0,1.0,0.0,0.0,1.0,0.0,0.0,0.0,1.0,1.0,0.0,0.0,0.0,1.0,0.0,5.0,1.0,0.0,0.0,0.3609584885383005,1.0,0.0,0.0,1.0,0.0,0.0,1.0,0.0,0.0
9974-JFBHQ,0,1.2879383306831464,1.1429277261953275,1.7152925510695878,0.0,1.0,1.0,0.0,0.0,1.0,0.0,1.0,1.0,0.0,0.0,0.0,1.0,0.0,1.0,0.0,0.0,0.0,0.0,1.0,1.0,0.0,0.0,0.0,0.0,1.0,0.0,0.0,1.0,0.0,0.0,1.0,1.0,0.0,0.0,0.0,1.0,0.0,1.0,0.0,0.0,1.0,0.0,6.0,0.0,1.0,0.0,1.3318126421159968,0.0,1.0,0.0,0.0,1.0,0.0,0.0,1.0,0.0
5356-RHIPP,0,-1.2774445836787656,-1.481049737066981,-0.9984515467624155,0.0,1.0,1.0,0.0,1.0,0.0,0.0,1.0,1.0,0.0,0.0,0.0,0.0,1.0,0.0,1.0,0.0,0.0,1.0,0.0,0.0,1.0,0.0,0.0,1.0,0.0,0.0,1.0,0.0,0.0,1.0,0.0,1.0,0.0,0.0,0.0,1.0,0.0,0.0,0.0,1.0,0.0,1.0,1.0,1.0,0.0,0.0,0.7816006733435669,1.0,0.0,0.0,1.0,0.0,0.0,1.0,0.0,0.0
6624-JDRDS,0,-1.0738427650786138,-1.1736172920362484,-0.9361338173169969,1.0,0.0,1.0,0.0,1.0,0.0,1.0,0.0,0.0,1.0,0.0,1.0,0.0,0.0,0.0,0.0,1.0,1.0,0.0,0.0,1.0,0.0,0.0,1.0,0.0,0.0,1.0,0.0,0.0,1.0,0.0,0.0,1.0,0.0,0.0,1.0,0.0,1.0,0.0,0.0,0.0,1.0,0.0,2.0,1.0,0.0,0.0,0.8717606038426533,1.0,0.0,0.0,1.0,0.0,0.0,1.0,0.0,0.0
0608-JDVEC,0,0.7178532386027215,-1.4943441130683104,-0.5603523939178081,0.0,1.0,0.0,1.0,1.0,0.0,0.0,1.0,1.0,0.0,0.0,0.0,0.0,1.0,0.0,1.0,0.0,0.0,1.0,0.0,0.0,1.0,0.0,0.0,1.0,0.0,0.0,1.0,0.0,0.0,1.0,0.0,0.0,0.0,1.0,1.0,0.0,0.0,0.0,1.0,0.0,1.0,0.0,1.0,0.0,1.0,0.0,-0.7805946449562813,0.0,1.0,0.0,0.0,1.0,0.0,0.0,1.0,0.0
9780-FKVVF,0,-1.0738427650786138,-0.18650987393757135,-0.8588157140581675,0.0,1.0,1.0,0.0,1.0,0.0,0.0,1.0,1.0,0.0,0.0,1.0,0.0,0.0,0.0,0.0,1.0,1.0,0.0,0.0,1.0,0.0,0.0,1.0,0.0,0.0,1.0,0.0,0.0,0.0,0.0,1.0,1.0,0.0,0.0,0.0,1.0,1.0,0.0,0.0,0.0,1.0,0.0,4.0,1.0,0.0,0.0,0.7997592776027088,1.0,0.0,0.0,1.0,0.0,0.0,1.0,0.0,0.0
1919-RTPQD,0,-1.0331224013585834,-0.6651074099854147,-0.8601613358267234,0.0,1.0,0.0,1.0,0.0,1.0,0.0,1.0,1.0,0.0,0.0,1.0,0.0,0.0,1.0,0.0,0.0,1.0,0.0,0.0,1.0,0.0,0.0,1.0,0.0,0.0,1.0,0.0,0.0,1.0,0.0,0.0,1.0,0.0,0.0,1.0,0.0,0.0,0.0,1.0,0.0,1.0,0.0,2.0,1.0,0.0,0.0,0.8325841494634019,1.0,0.0,0.0,1.0,0.0,0.0,1.0,0.0,0.0
5214-NLTIT,0,1.6137012404433893,0.8654076271675846,1.8655610016827533,0.0,1.0,0.0,1.0,0.0,1.0,0.0,1.0,0.0,0.0,1.0,0.0,1.0,0.0,1.0,0.0,0.0,1.0,0.0,0.0,0.0,0.0,1.0,1.0,0.0,0.0,1.0,0.0,0.0,0.0,0.0,1.0,0.0,0.0,1.0,0.0,1.0,0.0,1.0,0.0,0.0,1.0,0.0,5.0,0.0,1.0,0.0,1.1560758304741476,0.0,1.0,0.0,0.0,1.0,0.0,0.0,1.0,0.0
3345-PBBFH,0,-0.9924020376385531,-0.5055748979694671,-0.833778325413725,0.0,1.0,0.0,1.0,1.0,0.0,0.0,1.0,1.0,0.0,0.0,1.0,0.0,0.0,1.0,0.0,0.0,0.0,0.0,1.0,1.0,0.0,0.0,1.0,0.0,0.0,1.0,0.0,0.0,1.0,0.0,0.0,1.0,0.0,0.0,0.0,1.0,1.0,0.0,0.0,0.0,1.0,0.0,3.0,1.0,0.0,0.0,0.8401618434779947,1.0,0.0,0.0,1.0,0.0,0.0,1.0,0.0,0.0
5055-BRMNE,0,1.4100994218432374,1.393859073220412,2.0851400030631773,1.0,0.0,0.0,1.0,0.0,1.0,0.0,1.0,0.0,0.0,1.0,0.0,1.0,0.0,0.0,0.0,1.0,1.0,0.0,0.0,1.0,0.0,0.0,0.0,0.0,1.0,0.0,0.0,1.0,0.0,0.0,1.0,0.0,0.0,1.0,1.0,0.0,0.0,1.0,0.0,0.0,1.0,0.0,7.0,0.0,1.0,0.0,1.4787184298945022,0.0,1.0,0.0,0.0,1.0,0.0,0.0,1.0,0.0
9189-JWSHV,1,-0.3408762181180675,0.9568064621767214,-0.008493053197086054,1.0,0.0,0.0,1.0,1.0,0.0,0.0,1.0,0.0,0.0,1.0,0.0,1.0,0.0,1.0,0.0,0.0,1.0,0.0,0.0,1.0,0.0,0.0,1.0,0.0,0.0,0.0,0.0,1.0,0.0,0.0,1.0,1.0,0.0,0.0,0.0,1.0,0.0,0.0,1.0,0.0,0.0,1.0,5.0,0.0,0.0,1.0,0.02491535855441919,0.0,0.0,1.0,0.0,0.0,1.0,0.0,0.0,1.0
2190-PHBHR,0,1.6137012404433893,0.9867188081797118,2.04640374362737,1.0,0.0,0.0,1.0,1.0,0.0,0.0,1.0,0.0,0.0,1.0,0.0,1.0,0.0,0.0,0.0,1.0,0.0,0.0,1.0,1.0,0.0,0.0,1.0,0.0,0.0,1.0,0.0,0.0,0.0,0.0,1.0,0.0,0.0,1.0,0.0,1.0,0.0,1.0,0.0,0.0,1.0,0.0,6.0,0.0,1.0,0.0,1.2681428831678219,0.0,1.0,0.0,0.0,1.0,0.0,0.0,1.0,0.0
2650-GYRYL,0,0.025607055362205634,-1.505976692069473,-0.7425407576309809,0.0,1.0,0.0,1.0,0.0,1.0,0.0,1.0,1.0,0.0,0.0,0.0,0.0,1.0,0.0,1.0,0.0,0.0,1.0,0.0,0.0,1.0,0.0,0.0,1.0,0.0,0.0,1.0,0.0,0.0,1.0,0.0,0.0,1.0,0.0,0.0,1.0,1.0,0.0,0.0,0.0,1.0,0.0,1.0,0.0,0.0,1.0,-28.99750662963471,0.0,0.0,1.0,0.0,0.0,1.0,0.0,0.0,1.0
0746-JTRFU,0,-1.2367242199587352,-1.3198554280508674,-0.9825026198990393,0.0,1.0,1.0,0.0,1.0,0.0,1.0,0.0,0.0,1.0,0.0,1.0,0.0,0.0,1.0,0.0,0.0,1.0,0.0,0.0,1.0,0.0,0.0,1.0,0.0,0.0,1.0,0.0,0.0,1.0,0.0,0.0,1.0,0.0,0.0,0.0,1.0,0.0,0.0,1.0,0.0,0.0,1.0,1.0,1.0,0.0,0.0,0.7944395395861349,1.0,0.0,0.0,1.0,0.0,0.0,1.0,0.0,0.0
5208-FVQKB,0,1.5322605130033284,0.10596639809166647,1.0504009817901663,0.0,1.0,0.0,1.0,1.0,0.0,0.0,1.0,1.0,0.0,0.0,1.0,0.0,0.0,0.0,0.0,1.0,0.0,0.0,1.0,1.0,0.0,0.0,0.0,0.0,1.0,1.0,0.0,0.0,0.0,0.0,1.0,0.0,0.0,1.0,1.0,0.0,0.0,0.0,0.0,1.0,1.0,0.0,6.0,0.0,1.0,0.0,0.6855237558339954,0.0,1.0,0.0,0.0,1.0,0.0,0.0,1.0,0.0
7184-LRUUR,0,-0.4223169455581282,0.016229360082695727,-0.3712594463758156,1.0,0.0,1.0,0.0,1.0,0.0,0.0,1.0,1.0,0.0,0.0,1.0,0.0,0.0,1.0,0.0,0.0,0.0,0.0,1.0,0.0,0.0,1.0,1.0,0.0,0.0,0.0,0.0,1.0,1.0,0.0,0.0,0.0,1.0,0.0,1.0,0.0,1.0,0.0,0.0,0.0,1.0,0.0,5.0,0.0,0.0,1.0,0.8791014669922,0.0,0.0,1.0,0.0,0.0,1.0,0.0,0.0,1.0
6627-CFOSN,0,1.0843365120829946,1.1528985081963241,1.4737424139271684,1.0,0.0,1.0,0.0,1.0,0.0,0.0,1.0,0.0,0.0,1.0,0.0,1.0,0.0,0.0,0.0,1.0,0.0,0.0,1.0,0.0,0.0,1.0,1.0,0.0,0.0,1.0,0.0,0.0,0.0,0.0,1.0,1.0,0.0,0.0,0.0,1.0,1.0,0.0,0.0,0.0,1.0,0.0,7.0,0.0,1.0,0.0,1.3591190534533701,0.0,1.0,0.0,0.0,1.0,0.0,0.0,1.0,0.0
3982-JGSFD,0,0.14776814652229667,-1.4760643460664828,-0.7003632359673915,0.0,1.0,1.0,0.0,1.0,0.0,0.0,1.0,1.0,0.0,0.0,0.0,0.0,1.0,0.0,1.0,0.0,0.0,1.0,0.0,0.0,1.0,0.0,0.0,1.0,0.0,0.0,1.0,0.0,0.0,1.0,0.0,0.0,1.0,0.0,0.0,1.0,0.0,1.0,0.0,0.0,1.0,0.0,1.0,0.0,0.0,1.0,-4.739608991858837,0.0,0.0,1.0,0.0,0.0,1.0,0.0,0.0,1.0
1574-DYCWE,0,0.758573602322752,-1.4893587220678117,-0.5534919288354984,1.0,0.0,0.0,1.0,0.0,1.0,0.0,1.0,1.0,0.0,0.0,0.0,0.0,1.0,0.0,1.0,0.0,0.0,1.0,0.0,0.0,1.0,0.0,0.0,1.0,0.0,0.0,1.0,0.0,0.0,1.0,0.0,0.0,0.0,1.0,1.0,0.0,0.0,0.0,0.0,1.0,1.0,0.0,1.0,0.0,1.0,0.0,-0.7296482861263645,0.0,1.0,0.0,0.0,1.0,0.0,0.0,1.0,0.0
7247-XOZPB,0,0.8400143297628127,0.4200460311230638,0.8261895120261892,0.0,1.0,0.0,1.0,1.0,0.0,0.0,1.0,0.0,0.0,1.0,1.0,0.0,0.0,0.0,0.0,1.0,1.0,0.0,0.0,0.0,0.0,1.0,0.0,0.0,1.0,0.0,0.0,1.0,1.0,0.0,0.0,0.0,1.0,0.0,1.0,0.0,1.0,0.0,0.0,0.0,1.0,0.0,7.0,0.0,1.0,0.0,0.9835421644050679,0.0,1.0,0.0,0.0,1.0,0.0,0.0,1.0,0.0
2466-FCCPT,0,-0.5037576729981889,-1.4976677070686424,-0.8328297723637593,1.0,0.0,0.0,1.0,0.0,1.0,0.0,1.0,1.0,0.0,0.0,0.0,0.0,1.0,0.0,1.0,0.0,0.0,1.0,0.0,0.0,1.0,0.0,0.0,1.0,0.0,0.0,1.0,0.0,0.0,1.0,0.0,0.0,1.0,0.0,1.0,0.0,1.0,0.0,0.0,0.0,1.0,0.0,1.0,1.0,0.0,0.0,1.6532349123479329,1.0,0.0,0.0,1.0,0.0,0.0,1.0,0.0,0.0
6211-WWLTF,0,1.247217966963116,1.1612074931971548,1.785529595513557,0.0,1.0,0.0,1.0,1.0,0.0,0.0,1.0,1.0,0.0,0.0,0.0,1.0,0.0,0.0,0.0,1.0,1.0,0.0,0.0,0.0,0.0,1.0,1.0,0.0,0.0,0.0,0.0,1.0,0.0,0.0,1.0,0.0,0.0,1.0,1.0,0.0,0.0,1.0,0.0,0.0,1.0,0.0,6.0,0.0,1.0,0.0,1.4316099052527202,0.0,1.0,0.0,0.0,1.0,0.0,0.0,1.0,0.0
4826-TZEVA,0,0.3106496014024181,0.33363258711442517,0.3037132564811478,1.0,0.0,1.0,0.0,1.0,0.0,0.0,1.0,1.0,0.0,0.0,0.0,1.0,0.0,1.0,0.0,0.0,0.0,0.0,1.0,1.0,0.0,0.0,1.0,0.0,0.0,1.0,0.0,0.0,1.0,0.0,0.0,1.0,0.0,0.0,1.0,0.0,0.0,1.0,0.0,0.0,1.0,0.0,3.0,0.0,0.0,1.0,0.9776714829507058,0.0,0.0,1.0,0.0,0.0,1.0,0.0,0.0,1.0
6016-NXBNJ,0,0.10704778280226633,-1.51594747407047,-0.7258859308234443,0.0,1.0,1.0,0.0,1.0,0.0,0.0,1.0,1.0,0.0,0.0,0.0,0.0,1.0,0.0,1.0,0.0,0.0,1.0,0.0,0.0,1.0,0.0,0.0,1.0,0.0,0.0,1.0,0.0,0.0,1.0,0.0,0.0,1.0,0.0,0.0,1.0,0.0,0.0,0.0,1.0,1.0,0.0,1.0,0.0,0.0,1.0,-6.780952503839028,0.0,0.0,1.0,0.0,0.0,1.0,0.0,0.0,1.0
9138-EFSMO,0,-0.2594354906780068,0.47156173812821356,-0.10987793267713725,0.0,1.0,0.0,1.0,0.0,1.0,0.0,1.0,1.0,0.0,0.0,0.0,1.0,0.0,1.0,0.0,0.0,1.0,0.0,0.0,1.0,0.0,0.0,1.0,0.0,0.0,1.0,0.0,0.0,0.0,0.0,1.0,0.0,1.0,0.0,1.0,0.0,1.0,0.0,0.0,0.0,1.0,0.0,3.0,0.0,0.0,1.0,0.42352699081372047,0.0,0.0,1.0,0.0,0.0,1.0,0.0,0.0,1.0
0576-WNXXC,1,-0.21871512695797646,1.0232783421833662,0.10010524133735495,0.0,1.0,0.0,1.0,1.0,0.0,0.0,1.0,0.0,0.0,1.0,0.0,1.0,0.0,1.0,0.0,0.0,0.0,0.0,1.0,0.0,0.0,1.0,1.0,0.0,0.0,1.0,0.0,0.0,0.0,0.0,1.0,1.0,0.0,0.0,0.0,1.0,0.0,0.0,1.0,0.0,0.0,1.0,6.0,0.0,0.0,1.0,-0.45769692626970876,0.0,0.0,1.0,0.0,0.0,1.0,0.0,0.0,1.0
4632-XJMEX,0,0.8400143297628127,-0.06353689592527814,0.5012770033530664,0.0,1.0,1.0,0.0,0.0,1.0,0.0,1.0,1.0,0.0,0.0,1.0,0.0,0.0,0.0,0.0,1.0,0.0,0.0,1.0,1.0,0.0,0.0,0.0,0.0,1.0,1.0,0.0,0.0,1.0,0.0,0.0,0.0,1.0,0.0,1.0,0.0,0.0,1.0,0.0,0.0,1.0,0.0,5.0,0.0,1.0,0.0,0.5967481572541834,0.0,1.0,0.0,0.0,1.0,0.0,0.0,1.0,0.0
8910-LEDAG,1,0.06632741908223598,0.22561578210362715,0.06355285985379436,0.0,1.0,0.0,1.0,1.0,0.0,0.0,1.0,1.0,0.0,0.0,0.0,1.0,0.0,1.0,0.0,0.0,1.0,0.0,0.0,1.0,0.0,0.0,1.0,0.0,0.0,1.0,0.0,0.0,1.0,0.0,0.0,1.0,0.0,0.0,1.0,0.0,0.0,1.0,0.0,0.0,1.0,0.0,2.0,0.0,0.0,1.0,0.9581687442865584,0.0,0.0,1.0,0.0,0.0,1.0,0.0,0.0,1.0
3452-GWUIN,1,-0.5444780367182193,1.003336778181373,-0.23076329811462204,1.0,0.0,0.0,1.0,1.0,0.0,0.0,1.0,0.0,0.0,1.0,0.0,1.0,0.0,1.0,0.0,0.0,1.0,0.0,0.0,1.0,0.0,0.0,1.0,0.0,0.0,0.0,0.0,1.0,0.0,0.0,1.0,1.0,0.0,0.0,0.0,1.0,0.0,0.0,1.0,0.0,1.0,0.0,5.0,1.0,0.0,0.0,0.42382480569009195,1.0,0.0,0.0,1.0,0.0,0.0,1.0,0.0,0.0
2716-GFZOR,0,0.43281069256250915,0.7091987091519689,0.5595799268660723,0.0,1.0,0.0,1.0,1.0,0.0,0.0,1.0,1.0,0.0,0.0,0.0,1.0,0.0,0.0,0.0,1.0,0.0,0.0,1.0,0.0,0.0,1.0,1.0,0.0,0.0,1.0,0.0,0.0,1.0,0.0,0.0,1.0,0.0,0.0,0.0,1.0,0.0,1.0,0.0,0.0,1.0,0.0,5.0,0.0,0.0,1.0,1.292897648976762,0.0,0.0,1.0,0.0,0.0,1.0,0.0,0.0,1.0
3724-UCSHY,0,-1.0738427650786138,-1.502653098069141,-0.9531415940966136,0.0,1.0,0.0,1.0,0.0,1.0,0.0,1.0,1.0,0.0,0.0,0.0,0.0,1.0,0.0,1.0,0.0,0.0,1.0,0.0,0.0,1.0,0.0,0.0,1.0,0.0,0.0,1.0,0.0,0.0,1.0,0.0,1.0,0.0,0.0,1.0,0.0,0.0,0.0,0.0,1.0,1.0,0.0,1.0,1.0,0.0,0.0,0.8875988413693285,1.0,0.0,0.0,1.0,0.0,0.0,1.0,0.0,0.0
8626-XHBIE,0,0.9621754209229036,-1.328164413051698,-0.379024345761581,0.0,1.0,1.0,0.0,0.0,1.0,0.0,1.0,0.0,0.0,1.0,0.0,0.0,1.0,0.0,1.0,0.0,0.0,1.0,0.0,0.0,1.0,0.0,0.0,1.0,0.0,0.0,1.0,0.0,0.0,1.0,0.0,0.0,0.0,1.0,0.0,1.0,0.0,0.0,0.0,1.0,1.0,0.0,2.0,0.0,1.0,0.0,-0.3939243692153628,0.0,1.0,0.0,0.0,1.0,0.0,0.0,1.0,0.0
4628-CTTLA,0,1.002895784642934,-0.8462432830035223,-0.07581826037139343,0.0,1.0,1.0,0.0,1.0,0.0,1.0,0.0,0.0,1.0,0.0,1.0,0.0,0.0,1.0,0.0,0.0,0.0,0.0,1.0,1.0,0.0,0.0,1.0,0.0,0.0,0.0,0.0,1.0,1.0,0.0,0.0,1.0,0.0,0.0,0.0,1.0,0.0,0.0,1.0,0.0,0.0,1.0,3.0,0.0,1.0,0.0,-0.07559934096082314,0.0,1.0,0.0,0.0,1.0,0.0,0.0,1.0,0.0
3192-LNKRK,0,0.06632741908223598,0.641065032145158,0.27646993051120367,0.0,1.0,0.0,1.0,0.0,1.0,0.0,1.0,1.0,0.0,0.0,0.0,1.0,0.0,1.0,0.0,0.0,1.0,0.0,0.0,0.0,0.0,1.0,1.0,0.0,0.0,0.0,0.0,1.0,1.0,0.0,0.0,1.0,0.0,0.0,0.0,1.0,0.0,0.0,0.0,1.0,1.0,0.0,4.0,0.0,0.0,1.0,4.168260039915358,0.0,0.0,1.0,0.0,0.0,1.0,0.0,0.0,1.0
4439-YRNVD,0,-0.9109613101984924,-0.9476129000136557,-0.8423594216099259,1.0,0.0,1.0,0.0,1.0,0.0,1.0,0.0,0.0,1.0,0.0,1.0,0.0,0.0,1.0,0.0,0.0,0.0,0.0,1.0,1.0,0.0,0.0,0.0,0.0,1.0,1.0,0.0,0.0,1.0,0.0,0.0,1.0,0.0,0.0,1.0,0.0,0.0,0.0,1.0,0.0,1.0,0.0,3.0,1.0,0.0,0.0,0.9246928625611789,1.0,0.0,0.0,1.0,0.0,0.0,1.0,0.0,0.0
2876-VBBBL,0,-1.2774445836787656,-1.479387940066815,-0.9984294873891605,1.0,0.0,1.0,0.0,1.0,0.0,0.0,1.0,1.0,0.0,0.0,0.0,0.0,1.0,0.0,1.0,0.0,0.0,1.0,0.0,0.0,1.0,0.0,0.0,1.0,0.0,0.0,1.0,0.0,0.0,1.0,0.0,1.0,0.0,0.0,0.0,1.0,0.0,0.0,0.0,1.0,0.0,1.0,1.0,1.0,0.0,0.0,0.7815834049833288,1.0,0.0,0.0,1.0,0.0,0.0,1.0,0.0,0.0
6834-NXDCA,0,-0.7888002190384014,-1.3580767590546883,-0.8746543440552687,1.0,0.0,1.0,0.0,1.0,0.0,1.0,0.0,0.0,1.0,0.0,1.0,0.0,0.0,1.0,0.0,0.0,1.0,0.0,0.0,1.0,0.0,0.0,1.0,0.0,0.0,1.0,0.0,0.0,1.0,0.0,0.0,1.0,0.0,0.0,0.0,1.0,0.0,0.0,1.0,0.0,0.0,1.0,1.0,1.0,0.0,0.0,1.1088414061567187,1.0,0.0,0.0,1.0,0.0,0.0,1.0,0.0,0.0
2208-UGTGR,0,0.9621754209229036,1.1246479591934997,1.4549257685406403,0.0,1.0,1.0,0.0,1.0,0.0,0.0,1.0,0.0,0.0,1.0,0.0,1.0,0.0,1.0,0.0,0.0,0.0,0.0,1.0,1.0,0.0,0.0,1.0,0.0,0.0,0.0,0.0,1.0,0.0,0.0,1.0,1.0,0.0,0.0,1.0,0.0,0.0,0.0,1.0,0.0,1.0,0.0,6.0,0.0,1.0,0.0,1.5121211131594883,0.0,1.0,0.0,0.0,1.0,0.0,0.0,1.0,0.0
3005-TYFRD,0,0.9214550572028734,1.2924894562102784,1.4971032902042296,1.0,0.0,0.0,1.0,1.0,0.0,0.0,1.0,0.0,0.0,1.0,0.0,1.0,0.0,1.0,0.0,0.0,0.0,0.0,1.0,0.0,0.0,1.0,1.0,0.0,0.0,0.0,0.0,1.0,0.0,0.0,1.0,1.0,0.0,0.0,0.0,1.0,0.0,1.0,0.0,0.0,1.0,0.0,7.0,0.0,1.0,0.0,1.6247165594258797,0.0,1.0,0.0,0.0,1.0,0.0,0.0,1.0,0.0
8670-MEFCP,0,0.14776814652229667,0.9352031011745621,0.48351920788277897,1.0,0.0,0.0,1.0,0.0,1.0,0.0,1.0,0.0,0.0,1.0,1.0,0.0,0.0,0.0,0.0,1.0,0.0,0.0,1.0,0.0,0.0,1.0,0.0,0.0,1.0,0.0,0.0,1.0,0.0,0.0,1.0,0.0,0.0,1.0,0.0,1.0,0.0,1.0,0.0,0.0,1.0,0.0,9.0,0.0,0.0,1.0,3.2721477480927934,0.0,0.0,1.0,0.0,0.0,1.0,0.0,0.0,1.0
3079-BCHLN,0,0.5956921474426305,-1.491020519067978,-0.5913458133411049,0.0,1.0,0.0,1.0,1.0,0.0,0.0,1.0,1.0,0.0,0.0,0.0,0.0,1.0,0.0,1.0,0.0,0.0,1.0,0.0,0.0,1.0,0.0,0.0,1.0,0.0,0.0,1.0,0.0,0.0,1.0,0.0,0.0,1.0,0.0,1.0,0.0,1.0,0.0,0.0,0.0,1.0,0.0,1.0,0.0,1.0,0.0,-0.9927037243646993,0.0,1.0,0.0,0.0,1.0,0.0,0.0,1.0,0.0
7777-UNYHB,0,-0.8295205827584317,-1.4843733310673135,-0.9048315666681297,1.0,0.0,0.0,1.0,0.0,1.0,0.0,1.0,1.0,0.0,0.0,0.0,0.0,1.0,0.0,1.0,0.0,0.0,1.0,0.0,0.0,1.0,0.0,0.0,1.0,0.0,0.0,1.0,0.0,0.0,1.0,0.0,1.0,0.0,0.0,0.0,1.0,0.0,1.0,0.0,0.0,1.0,0.0,1.0,1.0,0.0,0.0,1.0907885656788214,1.0,0.0,0.0,1.0,0.0,0.0,1.0,0.0,0.0
5597-GLBUC,0,-1.2774445836787656,0.6875953481498096,-0.9696640646646203,1.0,0.0,1.0,0.0,1.0,0.0,0.0,1.0,1.0,0.0,0.0,0.0,1.0,0.0,1.0,0.0,0.0,1.0,0.0,0.0,0.0,0.0,1.0,1.0,0.0,0.0,0.0,0.0,1.0,1.0,0.0,0.0,1.0,0.0,0.0,0.0,1.0,0.0,0.0,1.0,0.0,0.0,1.0,4.0,1.0,0.0,0.0,0.7590654632330088,1.0,0.0,0.0,1.0,0.0,0.0,1.0,0.0,0.0
7278-CKDNC,1,-0.3408762181180675,0.5230774451333633,-0.08596557206870055,0.0,1.0,1.0,0.0,1.0,0.0,0.0,1.0,0.0,0.0,1.0,0.0,1.0,0.0,1.0,0.0,0.0,0.0,0.0,1.0,1.0,0.0,0.0,1.0,0.0,0.0,1.0,0.0,0.0,1.0,0.0,0.0,1.0,0.0,0.0,0.0,1.0,0.0,0.0,1.0,0.0,1.0,0.0,4.0,0.0,0.0,1.0,0.25218999595602504,0.0,0.0,1.0,0.0,0.0,1.0,0.0,0.0,1.0
2748-MYRVK,0,1.247217966963116,1.1678546811978192,1.7002039397631572,1.0,0.0,1.0,0.0,1.0,0.0,0.0,1.0,0.0,0.0,1.0,0.0,1.0,0.0,1.0,0.0,0.0,0.0,0.0,1.0,1.0,0.0,0.0,1.0,0.0,0.0,0.0,0.0,1.0,0.0,0.0,1.0,0.0,1.0,0.0,1.0,0.0,1.0,0.0,0.0,0.0,0.0,1.0,6.0,0.0,1.0,0.0,1.3631971193479746,0.0,1.0,0.0,0.0,1.0,0.0,0.0,1.0,0.0
8450-UYIBU,1,0.10704778280226633,-0.8279635160016948,-0.3744359961245378,1.0,0.0,1.0,0.0,1.0,0.0,1.0,0.0,0.0,1.0,0.0,1.0,0.0,0.0,1.0,0.0,0.0,1.0,0.0,0.0,0.0,0.0,1.0,1.0,0.0,0.0,0.0,0.0,1.0,1.0,0.0,0.0,1.0,0.0,0.0,0.0,1.0,0.0,0.0,1.0,0.0,1.0,0.0,3.0,0.0,0.0,1.0,-3.4978398087532416,0.0,0.0,1.0,0.0,0.0,1.0,0.0,0.0,1.0
2969-VAPYH,0,1.4100994218432374,-0.14164135493308597,0.7000319563807558,1.0,0.0,1.0,0.0,1.0,0.0,0.0,1.0,1.0,0.0,0.0,1.0,0.0,0.0,0.0,0.0,1.0,0.0,0.0,1.0,1.0,0.0,0.0,0.0,0.0,1.0,1.0,0.0,0.0,1.0,0.0,0.0,0.0,1.0,0.0,1.0,0.0,0.0,1.0,0.0,0.0,1.0,0.0,5.0,0.0,1.0,0.0,0.49644155974881266,0.0,1.0,0.0,0.0,1.0,0.0,0.0,1.0,0.0
4822-YCXMX,0,-0.30015585439803716,0.6659919871476498,-0.10581900799821438,0.0,1.0,1.0,0.0,1.0,0.0,0.0,1.0,0.0,0.0,1.0,0.0,1.0,0.0,1.0,0.0,0.0,1.0,0.0,0.0,1.0,0.0,0.0,1.0,0.0,0.0,1.0,0.0,0.0,0.0,0.0,1.0,1.0,0.0,0.0,0.0,1.0,0.0,0.0,1.0,0.0,0.0,1.0,4.0,0.0,0.0,1.0,0.35254687339160684,0.0,0.0,1.0,0.0,0.0,1.0,0.0,0.0,1.0
7181-OQCUT,0,-0.46303730927815856,1.2991366442109427,-0.030133298360256314,0.0,1.0,1.0,0.0,1.0,0.0,0.0,1.0,0.0,0.0,1.0,0.0,1.0,0.0,0.0,0.0,1.0,1.0,0.0,0.0,0.0,0.0,1.0,1.0,0.0,0.0,0.0,0.0,1.0,0.0,0.0,1.0,1.0,0.0,0.0,1.0,0.0,0.0,0.0,0.0,1.0,1.0,0.0,7.0,0.0,0.0,1.0,0.06507747379413537,0.0,0.0,1.0,0.0,0.0,1.0,0.0,0.0,1.0
8474-UMLNT,0,-0.7888002190384014,0.10098100709116792,-0.635773391076706,1.0,0.0,1.0,0.0,1.0,0.0,0.0,1.0,1.0,0.0,0.0,1.0,0.0,0.0,0.0,0.0,1.0,0.0,0.0,1.0,1.0,0.0,0.0,0.0,0.0,1.0,1.0,0.0,0.0,0.0,0.0,1.0,1.0,0.0,0.0,1.0,0.0,1.0,0.0,0.0,0.0,1.0,0.0,6.0,1.0,0.0,0.0,0.8060005255218553,1.0,0.0,0.0,1.0,0.0,0.0,1.0,0.0,0.0
9821-POOTN,0,0.10704778280226633,0.3469269631157543,0.12922361403397536,0.0,1.0,0.0,1.0,1.0,0.0,0.0,1.0,0.0,0.0,1.0,0.0,1.0,0.0,1.0,0.0,0.0,1.0,0.0,0.0,1.0,0.0,0.0,1.0,0.0,0.0,1.0,0.0,0.0,1.0,0.0,0.0,1.0,0.0,0.0,0.0,1.0,0.0,0.0,1.0,0.0,0.0,1.0,3.0,0.0,0.0,1.0,1.2071582488791122,0.0,0.0,1.0,0.0,0.0,1.0,0.0,0.0,1.0
3836-FZSDJ,1,1.5729808767233588,-1.3265026160515319,-0.16866616240175347,0.0,1.0,0.0,1.0,1.0,0.0,0.0,1.0,0.0,0.0,1.0,0.0,0.0,1.0,0.0,1.0,0.0,0.0,1.0,0.0,0.0,1.0,0.0,0.0,1.0,0.0,0.0,1.0,0.0,0.0,1.0,0.0,0.0,0.0,1.0,1.0,0.0,1.0,0.0,0.0,0.0,1.0,0.0,2.0,0.0,1.0,0.0,-0.10722709023208099,0.0,1.0,0.0,0.0,1.0,0.0,0.0,1.0,0.0
9142-XMYJH,0,-0.13727439951791576,-1.5093002860698053,-0.7419451545530956,1.0,0.0,1.0,0.0,1.0,0.0,0.0,1.0,1.0,0.0,0.0,0.0,0.0,1.0,0.0,1.0,0.0,0.0,1.0,0.0,0.0,1.0,0.0,0.0,1.0,0.0,0.0,1.0,0.0,0.0,1.0,0.0,1.0,0.0,0.0,1.0,0.0,0.0,1.0,0.0,0.0,1.0,0.0,1.0,0.0,0.0,1.0,5.404832635645687,0.0,0.0,1.0,0.0,0.0,1.0,0.0,0.0,1.0
6559-ILWKJ,0,1.5729808767233588,-0.5122220859701314,0.543520703136421,0.0,1.0,0.0,1.0,1.0,0.0,1.0,0.0,0.0,1.0,0.0,1.0,0.0,0.0,1.0,0.0,0.0,0.0,0.0,1.0,1.0,0.0,0.0,1.0,0.0,0.0,0.0,0.0,1.0,0.0,0.0,1.0,0.0,0.0,1.0,1.0,0.0,0.0,0.0,1.0,0.0,0.0,1.0,4.0,0.0,1.0,0.0,0.3455354805511792,0.0,1.0,0.0,0.0,1.0,0.0,0.0,1.0,0.0
0187-QSXOE,1,-1.0331224013585834,0.8055829351616043,-0.7402465828124594,0.0,1.0,0.0,1.0,1.0,0.0,0.0,1.0,1.0,0.0,0.0,0.0,1.0,0.0,1.0,0.0,0.0,1.0,0.0,0.0,1.0,0.0,0.0,1.0,0.0,0.0,0.0,0.0,1.0,0.0,0.0,1.0,1.0,0.0,0.0,0.0,1.0,0.0,0.0,1.0,0.0,1.0,0.0,4.0,1.0,0.0,0.0,0.7165139211375298,1.0,0.0,0.0,1.0,0.0,0.0,1.0,0.0,0.0
7733-UDMTP,1,1.002895784642934,-0.3244390249513595,0.35769254283617075,1.0,0.0,1.0,0.0,1.0,0.0,1.0,0.0,0.0,1.0,0.0,1.0,0.0,0.0,1.0,0.0,0.0,0.0,0.0,1.0,0.0,0.0,1.0,1.0,0.0,0.0,0.0,0.0,1.0,0.0,0.0,1.0,1.0,0.0,0.0,0.0,1.0,0.0,0.0,1.0,0.0,1.0,0.0,5.0,0.0,1.0,0.0,0.3566597330584272,0.0,1.0,0.0,0.0,1.0,0.0,0.0,1.0,0.0
2649-HWLYB,0,1.3286586944031769,0.37850110611891075,1.1674921350277887,0.0,1.0,0.0,1.0,1.0,0.0,0.0,1.0,0.0,0.0,1.0,1.0,0.0,0.0,0.0,0.0,1.0,1.0,0.0,0.0,0.0,0.0,1.0,0.0,0.0,1.0,1.0,0.0,0.0,0.0,0.0,1.0,0.0,0.0,1.0,1.0,0.0,1.0,0.0,0.0,0.0,1.0,0.0,7.0,0.0,1.0,0.0,0.8786998045063914,0.0,1.0,0.0,0.0,1.0,0.0,0.0,1.0,0.0
5214-CHIWJ,0,-0.21871512695797646,-1.477726143066649,-0.7448349324495026,0.0,1.0,1.0,0.0,1.0,0.0,0.0,1.0,1.0,0.0,0.0,0.0,0.0,1.0,0.0,1.0,0.0,0.0,1.0,0.0,0.0,1.0,0.0,0.0,1.0,0.0,0.0,1.0,0.0,0.0,1.0,0.0,0.0,1.0,0.0,1.0,0.0,0.0,0.0,0.0,1.0,1.0,0.0,1.0,0.0,0.0,1.0,3.405502595129663,0.0,0.0,1.0,0.0,0.0,1.0,0.0,0.0,1.0
4229-CZMLL,0,-1.0738427650786138,0.33695618111475767,-0.8000936624533164,0.0,1.0,1.0,0.0,1.0,0.0,0.0,1.0,0.0,0.0,1.0,0.0,1.0,0.0,1.0,0.0,0.0,1.0,0.0,0.0,1.0,0.0,0.0,1.0,0.0,0.0,1.0,0.0,0.0,1.0,0.0,0.0,1.0,0.0,0.0,0.0,1.0,0.0,0.0,1.0,0.0,0.0,1.0,3.0,1.0,0.0,0.0,0.7450752460903745,1.0,0.0,0.0,1.0,0.0,0.0,1.0,0.0,0.0
6904-JLBGY,1,1.6137012404433893,1.7478218342557958,2.714604218895044,1.0,0.0,1.0,0.0,1.0,0.0,0.0,1.0,0.0,0.0,1.0,0.0,1.0,0.0,0.0,0.0,1.0,0.0,0.0,1.0,0.0,0.0,1.0,0.0,0.0,1.0,0.0,0.0,1.0,0.0,0.0,1.0,0.0,0.0,1.0,0.0,1.0,0.0,1.0,0.0,0.0,1.0,0.0,9.0,0.0,1.0,0.0,1.6822223041417286,0.0,1.0,0.0,0.0,1.0,0.0,0.0,1.0,0.0
2465-BLLEU,0,-1.2774445836787656,-1.4960059100684764,-0.9986500811217106,0.0,1.0,1.0,0.0,1.0,0.0,0.0,1.0,1.0,0.0,0.0,0.0,0.0,1.0,0.0,1.0,0.0,0.0,1.0,0.0,0.0,1.0,0.0,0.0,1.0,0.0,0.0,1.0,0.0,0.0,1.0,0.0,1.0,0.0,0.0,0.0,1.0,0.0,0.0,0.0,1.0,1.0,0.0,1.0,1.0,0.0,0.0,0.7817560885857086,1.0,0.0,0.0,1.0,0.0,0.0,1.0,0.0,0.0
1685-VAYJF,0,-0.8702409464784621,-0.6501512369839195,-0.7902993007280895,0.0,1.0,1.0,0.0,1.0,0.0,0.0,1.0,1.0,0.0,0.0,1.0,0.0,0.0,1.0,0.0,0.0,1.0,0.0,0.0,1.0,0.0,0.0,1.0,0.0,0.0,1.0,0.0,0.0,1.0,0.0,0.0,1.0,0.0,0.0,1.0,0.0,0.0,1.0,0.0,0.0,1.0,0.0,2.0,1.0,0.0,0.0,0.9081384919040337,1.0,0.0,0.0,1.0,0.0,0.0,1.0,0.0,0.0
8874-EJNSR,0,0.26992923768238775,-1.3148700370503688,-0.571492377411591,0.0,1.0,0.0,1.0,0.0,1.0,0.0,1.0,0.0,0.0,1.0,0.0,0.0,1.0,0.0,1.0,0.0,0.0,1.0,0.0,0.0,1.0,0.0,0.0,1.0,0.0,0.0,1.0,0.0,0.0,1.0,0.0,0.0,0.0,1.0,1.0,0.0,0.0,0.0,0.0,1.0,1.0,0.0,2.0,0.0,0.0,1.0,-2.1171933145087363,0.0,0.0,1.0,0.0,0.0,1.0,0.0,0.0,1.0
6917-YACBP,1,1.0843365120829946,0.830509890164096,1.417799843352449,1.0,0.0,1.0,0.0,1.0,0.0,0.0,1.0,0.0,0.0,1.0,0.0,1.0,0.0,0.0,0.0,1.0,0.0,0.0,1.0,0.0,0.0,1.0,1.0,0.0,0.0,1.0,0.0,0.0,1.0,0.0,0.0,1.0,0.0,0.0,0.0,1.0,0.0,0.0,1.0,0.0,1.0,0.0,6.0,0.0,1.0,0.0,1.3075275318626651,0.0,1.0,0.0,0.0,1.0,0.0,0.0,1.0,0.0
5049-MUBWG,0,-0.2594354906780068,0.3402797751150897,-0.16542343453326624,0.0,1.0,1.0,0.0,1.0,0.0,0.0,1.0,1.0,0.0,0.0,1.0,0.0,0.0,0.0,0.0,1.0,1.0,0.0,0.0,1.0,0.0,0.0,0.0,0.0,1.0,0.0,0.0,1.0,0.0,0.0,1.0,0.0,1.0,0.0,1.0,0.0,1.0,0.0,0.0,0.0,1.0,0.0,6.0,0.0,0.0,1.0,0.6376283911694188,0.0,0.0,1.0,0.0,0.0,1.0,0.0,0.0,1.0
4223-WOZCM,1,-1.2367242199587352,-0.4922805219681379,-0.9601123560451986,0.0,1.0,1.0,0.0,1.0,0.0,0.0,1.0,1.0,0.0,0.0,1.0,0.0,0.0,1.0,0.0,0.0,1.0,0.0,0.0,0.0,0.0,1.0,1.0,0.0,0.0,1.0,0.0,0.0,1.0,0.0,0.0,1.0,0.0,0.0,1.0,0.0,0.0,0.0,0.0,1.0,1.0,0.0,3.0,1.0,0.0,0.0,0.7763350474992994,1.0,0.0,0.0,1.0,0.0,0.0,1.0,0.0,0.0
0769-MURVM,0,1.6137012404433893,0.03118553308419093,1.0112235348892593,1.0,0.0,0.0,1.0,0.0,1.0,1.0,0.0,0.0,1.0,0.0,1.0,0.0,0.0,0.0,0.0,1.0,0.0,0.0,1.0,0.0,0.0,1.0,0.0,0.0,1.0,0.0,0.0,1.0,0.0,0.0,1.0,0.0,0.0,1.0,1.0,0.0,1.0,0.0,0.0,0.0,1.0,0.0,7.0,0.0,1.0,0.0,0.6266485453102894,0.0,1.0,0.0,0.0,1.0,0.0,0.0,1.0,0.0
9253-VIFJQ,0,1.3286586944031769,0.07605405208867606,0.8939559066655969,0.0,1.0,0.0,1.0,1.0,0.0,0.0,1.0,0.0,0.0,1.0,1.0,0.0,0.0,0.0,0.0,1.0,0.0,0.0,1.0,0.0,0.0,1.0,1.0,0.0,0.0,1.0,0.0,0.0,1.0,0.0,0.0,0.0,1.0,0.0,1.0,0.0,0.0,1.0,0.0,0.0,1.0,0.0,6.0,0.0,1.0,0.0,0.6728258434098118,0.0,1.0,0.0,0.0,1.0,0.0,0.0,1.0,0.0
7030-FZTFM,0,1.6137012404433893,1.5334500212343665,2.4880544555660347,0.0,1.0,0.0,1.0,0.0,1.0,0.0,1.0,0.0,0.0,1.0,0.0,1.0,0.0,1.0,0.0,0.0,0.0,0.0,1.0,0.0,0.0,1.0,0.0,0.0,1.0,0.0,0.0,1.0,0.0,0.0,1.0,0.0,0.0,1.0,1.0,0.0,0.0,1.0,0.0,0.0,1.0,0.0,8.0,0.0,1.0,0.0,1.5418309121968596,0.0,1.0,0.0,0.0,1.0,0.0,0.0,1.0,0.0
9741-YLNTD,0,-1.0738427650786138,0.7706851981581158,-0.7769092611622951,0.0,1.0,1.0,0.0,1.0,0.0,0.0,1.0,0.0,0.0,1.0,0.0,1.0,0.0,1.0,0.0,0.0,1.0,0.0,0.0,1.0,0.0,0.0,0.0,0.0,1.0,1.0,0.0,0.0,0.0,0.0,1.0,1.0,0.0,0.0,0.0,1.0,1.0,0.0,0.0,0.0,1.0,0.0,5.0,1.0,0.0,0.0,0.7234851194489532,1.0,0.0,0.0,1.0,0.0,0.0,1.0,0.0,0.0
5917-RYRMG,1,-0.015113308357824713,-1.4943441130683104,-0.7480776603179898,0.0,1.0,1.0,0.0,1.0,0.0,0.0,1.0,1.0,0.0,0.0,0.0,0.0,1.0,0.0,1.0,0.0,0.0,1.0,0.0,0.0,1.0,0.0,0.0,1.0,0.0,0.0,1.0,0.0,0.0,1.0,0.0,0.0,1.0,0.0,1.0,0.0,0.0,1.0,0.0,0.0,1.0,0.0,1.0,0.0,0.0,1.0,49.49794198638729,0.0,0.0,1.0,0.0,0.0,1.0,0.0,0.0,1.0
5120-ZBLAI,0,0.7178532386027215,0.36354493311741554,0.7027673186643776,1.0,0.0,0.0,1.0,1.0,0.0,0.0,1.0,0.0,0.0,1.0,1.0,0.0,0.0,1.0,0.0,0.0,1.0,0.0,0.0,0.0,0.0,1.0,1.0,0.0,0.0,0.0,0.0,1.0,0.0,0.0,1.0,0.0,1.0,0.0,1.0,0.0,1.0,0.0,0.0,0.0,1.0,0.0,6.0,0.0,1.0,0.0,0.9789846738482253,0.0,1.0,0.0,0.0,1.0,0.0,0.0,1.0,0.0
1194-BHJYC,0,1.1657772395230555,-0.08680205392760396,0.6598177189368626,0.0,1.0,0.0,1.0,1.0,0.0,1.0,0.0,0.0,1.0,0.0,1.0,0.0,0.0,0.0,0.0,1.0,1.0,0.0,0.0,0.0,0.0,1.0,0.0,0.0,1.0,0.0,0.0,1.0,0.0,0.0,1.0,0.0,0.0,1.0,0.0,1.0,0.0,0.0,0.0,1.0,1.0,0.0,6.0,0.0,1.0,0.0,0.5659895360513371,0.0,1.0,0.0,0.0,1.0,0.0,0.0,1.0,0.0
3663-MITLP,0,-0.7073594915983407,1.2127232002023045,-0.3644431000400158,1.0,0.0,1.0,0.0,1.0,0.0,0.0,1.0,1.0,0.0,0.0,0.0,1.0,0.0,1.0,0.0,0.0,0.0,0.0,1.0,0.0,0.0,1.0,1.0,0.0,0.0,0.0,0.0,1.0,0.0,0.0,1.0,1.0,0.0,0.0,0.0,1.0,0.0,0.0,1.0,0.0,0.0,1.0,6.0,1.0,0.0,0.0,0.515216243464161,1.0,0.0,0.0,1.0,0.0,0.0,1.0,0.0,0.0
0906-QVPMS,0,1.6137012404433893,1.6747027662484868,2.676309146924337,0.0,1.0,0.0,1.0,1.0,0.0,0.0,1.0,0.0,0.0,1.0,0.0,1.0,0.0,0.0,0.0,1.0,0.0,0.0,1.0,0.0,0.0,1.0,0.0,0.0,1.0,0.0,0.0,1.0,0.0,0.0,1.0,0.0,0.0,1.0,1.0,0.0,1.0,0.0,0.0,0.0,1.0,0.0,9.0,0.0,1.0,0.0,1.6584911009853223,0.0,1.0,0.0,0.0,1.0,0.0,0.0,1.0,0.0
9025-ZRPVR,0,-0.9516816739185228,-1.5225946620711341,-0.9254791400348243,0.0,1.0,1.0,0.0,1.0,0.0,0.0,1.0,1.0,0.0,0.0,0.0,0.0,1.0,0.0,1.0,0.0,0.0,1.0,0.0,0.0,1.0,0.0,0.0,1.0,0.0,0.0,1.0,0.0,0.0,1.0,0.0,1.0,0.0,0.0,0.0,1.0,0.0,0.0,0.0,1.0,0.0,1.0,1.0,1.0,0.0,0.0,0.9724671236172804,1.0,0.0,0.0,1.0,0.0,0.0,1.0,0.0,0.0
1905-OEILC,0,-1.2774445836787656,-1.504314895069307,-0.9987603779879857,1.0,0.0,1.0,0.0,1.0,0.0,0.0,1.0,1.0,0.0,0.0,0.0,0.0,1.0,0.0,1.0,0.0,0.0,1.0,0.0,0.0,1.0,0.0,0.0,1.0,0.0,0.0,1.0,0.0,0.0,1.0,0.0,1.0,0.0,0.0,1.0,0.0,0.0,0.0,0.0,1.0,1.0,0.0,1.0,1.0,0.0,0.0,0.7818424303868984,1.0,0.0,0.0,1.0,0.0,0.0,1.0,0.0,0.0
7858-GTZSP,0,-0.8295205827584317,0.7241548821534641,-0.5366606270419215,1.0,0.0,1.0,0.0,1.0,0.0,0.0,1.0,0.0,0.0,1.0,0.0,1.0,0.0,1.0,0.0,0.0,1.0,0.0,0.0,1.0,0.0,0.0,1.0,0.0,0.0,1.0,0.0,0.0,0.0,0.0,1.0,1.0,0.0,0.0,0.0,1.0,0.0,0.0,1.0,0.0,1.0,0.0,4.0,1.0,0.0,0.0,0.6469527558404236,1.0,0.0,0.0,1.0,0.0,0.0,1.0,0.0,0.0
3285-UCQVC,0,0.18848851024232702,-1.2018678410390724,-0.5778454769090354,1.0,0.0,1.0,0.0,1.0,0.0,1.0,0.0,0.0,1.0,0.0,1.0,0.0,0.0,1.0,0.0,0.0,1.0,0.0,0.0,1.0,0.0,0.0,0.0,0.0,1.0,1.0,0.0,0.0,1.0,0.0,0.0,1.0,0.0,0.0,1.0,0.0,0.0,1.0,0.0,0.0,0.0,1.0,2.0,0.0,0.0,1.0,-3.0656801105072042,0.0,0.0,1.0,0.0,0.0,1.0,0.0,0.0,1.0
6248-BSHKG,0,1.1657772395230555,-1.4744025490663168,-0.4662691669851672,0.0,1.0,0.0,1.0,0.0,1.0,0.0,1.0,1.0,0.0,0.0,0.0,0.0,1.0,0.0,1.0,0.0,0.0,1.0,0.0,0.0,1.0,0.0,0.0,1.0,0.0,0.0,1.0,0.0,0.0,1.0,0.0,0.0,1.0,0.0,1.0,0.0,0.0,0.0,0.0,1.0,1.0,0.0,1.0,0.0,1.0,0.0,-0.39996420514774156,0.0,1.0,0.0,0.0,1.0,0.0,0.0,1.0,0.0
4685-TFLLS,0,-0.5851984004382496,-1.4943441130683104,-0.8563450642536058,0.0,1.0,0.0,1.0,0.0,1.0,0.0,1.0,1.0,0.0,0.0,0.0,0.0,1.0,0.0,1.0,0.0,0.0,1.0,0.0,0.0,1.0,0.0,0.0,1.0,0.0,0.0,1.0,0.0,0.0,1.0,0.0,0.0,1.0,0.0,1.0,0.0,1.0,0.0,0.0,0.0,1.0,0.0,1.0,1.0,0.0,0.0,1.463341430209476,1.0,0.0,0.0,1.0,0.0,0.0,1.0,0.0,0.0
3470-BTGQO,0,-0.46303730927815856,-0.6351950639824246,-0.5727718210603819,0.0,1.0,1.0,0.0,0.0,1.0,0.0,1.0,1.0,0.0,0.0,1.0,0.0,0.0,1.0,0.0,0.0,1.0,0.0,0.0,1.0,0.0,0.0,1.0,0.0,0.0,1.0,0.0,0.0,1.0,0.0,0.0,1.0,0.0,0.0,1.0,0.0,0.0,0.0,0.0,1.0,1.0,0.0,2.0,0.0,0.0,1.0,1.2369884879326278,0.0,0.0,1.0,0.0,0.0,1.0,0.0,0.0,1.0
1209-VFFOC,0,1.4508197855632678,-0.2779087089467081,0.734643113017875,0.0,1.0,0.0,1.0,0.0,1.0,1.0,0.0,0.0,1.0,0.0,1.0,0.0,0.0,0.0,0.0,1.0,0.0,0.0,1.0,0.0,0.0,1.0,0.0,0.0,1.0,1.0,0.0,0.0,0.0,0.0,1.0,0.0,0.0,1.0,0.0,1.0,0.0,0.0,0.0,1.0,1.0,0.0,6.0,0.0,1.0,0.0,0.5063641400042366,0.0,1.0,0.0,0.0,1.0,0.0,0.0,1.0,0.0
8224-DWCKX,1,-0.8295205827584317,0.2837786771094415,-0.6420382530811305,0.0,1.0,1.0,0.0,1.0,0.0,0.0,1.0,0.0,0.0,1.0,0.0,1.0,0.0,1.0,0.0,0.0,1.0,0.0,0.0,1.0,0.0,0.0,1.0,0.0,0.0,1.0,0.0,0.0,1.0,0.0,0.0,1.0,0.0,0.0,0.0,1.0,0.0,1.0,0.0,0.0,1.0,0.0,3.0,1.0,0.0,0.0,0.7739871275359316,1.0,0.0,0.0,1.0,0.0,0.0,1.0,0.0,0.0
5482-PLVPE,1,-1.2367242199587352,-1.343120586053193,-0.9888998381429938,1.0,0.0,1.0,0.0,1.0,0.0,1.0,0.0,0.0,1.0,0.0,1.0,0.0,0.0,1.0,0.0,0.0,1.0,0.0,0.0,1.0,0.0,0.0,1.0,0.0,0.0,1.0,0.0,0.0,1.0,0.0,0.0,1.0,0.0,0.0,1.0,0.0,0.0,0.0,1.0,0.0,0.0,1.0,1.0,1.0,0.0,0.0,0.799612251610945,1.0,0.0,0.0,1.0,0.0,0.0,1.0,0.0,0.0
4553-DVPZG,0,1.2064976032430856,1.2160467942026365,1.7124248325464357,1.0,0.0,0.0,1.0,1.0,0.0,0.0,1.0,0.0,0.0,1.0,0.0,1.0,0.0,1.0,0.0,0.0,1.0,0.0,0.0,0.0,0.0,1.0,1.0,0.0,0.0,0.0,0.0,1.0,0.0,0.0,1.0,1.0,0.0,0.0,0.0,1.0,0.0,0.0,1.0,0.0,1.0,0.0,6.0,0.0,1.0,0.0,1.4193354615404201,0.0,1.0,0.0,0.0,1.0,0.0,0.0,1.0,0.0
4902-OHLSK,1,-0.13727439951791576,1.1263097561936661,0.2556458821584691,1.0,0.0,1.0,0.0,1.0,0.0,0.0,1.0,0.0,0.0,1.0,0.0,1.0,0.0,1.0,0.0,0.0,1.0,0.0,0.0,1.0,0.0,0.0,0.0,0.0,1.0,0.0,0.0,1.0,0.0,0.0,1.0,1.0,0.0,0.0,1.0,0.0,0.0,0.0,1.0,0.0,0.0,1.0,6.0,0.0,0.0,1.0,-1.862298309489998,0.0,0.0,1.0,0.0,0.0,1.0,0.0,0.0,1.0
6917-IAYHD,0,-1.2774445836787656,-1.03568814102246,-0.9925396347300713,0.0,1.0,1.0,0.0,0.0,1.0,1.0,0.0,0.0,1.0,0.0,1.0,0.0,0.0,1.0,0.0,0.0,0.0,0.0,1.0,1.0,0.0,0.0,0.0,0.0,1.0,1.0,0.0,0.0,1.0,0.0,0.0,1.0,0.0,0.0,1.0,0.0,0.0,0.0,0.0,1.0,1.0,0.0,3.0,1.0,0.0,0.0,0.7769727527997894,1.0,0.0,0.0,1.0,0.0,0.0,1.0,0.0,0.0
0495-ZBNGW,1,-1.1145631287986442,0.50313588113137,-0.8556171049361903,0.0,1.0,0.0,1.0,1.0,0.0,0.0,1.0,0.0,0.0,1.0,0.0,1.0,0.0,1.0,0.0,0.0,1.0,0.0,0.0,0.0,0.0,1.0,1.0,0.0,0.0,1.0,0.0,0.0,1.0,0.0,0.0,1.0,0.0,0.0,0.0,1.0,1.0,0.0,0.0,0.0,0.0,1.0,4.0,1.0,0.0,0.0,0.767670383873577,1.0,0.0,0.0,1.0,0.0,0.0,1.0,0.0,0.0
8620-RJPZN,0,-1.2774445836787656,-1.46443176706532,-0.9982309530298654,1.0,0.0,1.0,0.0,1.0,0.0,0.0,1.0,1.0,0.0,0.0,0.0,0.0,1.0,0.0,1.0,0.0,0.0,1.0,0.0,0.0,1.0,0.0,0.0,1.0,0.0,0.0,1.0,0.0,0.0,1.0,0.0,1.0,0.0,0.0,1.0,0.0,0.0,0.0,1.0,0.0,1.0,0.0,1.0,1.0,0.0,0.0,0.7814279897411871,1.0,0.0,0.0,1.0,0.0,0.0,1.0,0.0,0.0
7572-KPVKK,0,1.2064976032430856,1.3057838322116073,1.9002824551861477,0.0,1.0,1.0,0.0,0.0,1.0,0.0,1.0,0.0,0.0,1.0,0.0,1.0,0.0,1.0,0.0,0.0,1.0,0.0,0.0,0.0,0.0,1.0,0.0,0.0,1.0,0.0,0.0,1.0,0.0,0.0,1.0,0.0,0.0,1.0,0.0,1.0,0.0,0.0,1.0,0.0,1.0,0.0,7.0,0.0,1.0,0.0,1.5750403897016927,0.0,1.0,0.0,0.0,1.0,0.0,0.0,1.0,0.0
2642-MAWLJ,0,0.14776814652229667,-1.479387940066815,-0.6906129929886745,1.0,0.0,0.0,1.0,0.0,1.0,0.0,1.0,1.0,0.0,0.0,0.0,0.0,1.0,0.0,1.0,0.0,0.0,1.0,0.0,0.0,1.0,0.0,0.0,1.0,0.0,0.0,1.0,0.0,0.0,1.0,0.0,0.0,0.0,1.0,1.0,0.0,1.0,0.0,0.0,0.0,1.0,0.0,1.0,0.0,0.0,1.0,-4.673625603637576,0.0,0.0,1.0,0.0,0.0,1.0,0.0,0.0,1.0
2357-COQEK,1,-0.1779947632379461,1.2808568772091153,0.26795501243476777,1.0,0.0,1.0,0.0,1.0,0.0,0.0,1.0,0.0,0.0,1.0,0.0,1.0,0.0,1.0,0.0,0.0,1.0,0.0,0.0,0.0,0.0,1.0,0.0,0.0,1.0,0.0,0.0,1.0,0.0,0.0,1.0,1.0,0.0,0.0,0.0,1.0,0.0,0.0,1.0,0.0,0.0,1.0,7.0,0.0,0.0,1.0,-1.505409527563243,0.0,0.0,1.0,0.0,0.0,1.0,0.0,0.0,1.0
7103-ZGVNT,0,1.4915401492832983,0.29707305311077065,1.1482122428029053,1.0,0.0,0.0,1.0,0.0,1.0,0.0,1.0,0.0,0.0,1.0,1.0,0.0,0.0,0.0,0.0,1.0,0.0,0.0,1.0,1.0,0.0,0.0,0.0,0.0,1.0,0.0,0.0,1.0,1.0,0.0,0.0,0.0,1.0,0.0,1.0,0.0,0.0,1.0,0.0,0.0,1.0,0.0,7.0,0.0,1.0,0.0,0.7698165170777563,0.0,1.0,0.0,0.0,1.0,0.0,0.0,1.0,0.0
3737-GCSPV,0,-0.8702409464784621,1.044881703185526,-0.46821039183160856,1.0,0.0,0.0,1.0,1.0,0.0,0.0,1.0,0.0,0.0,1.0,0.0,1.0,0.0,0.0,0.0,1.0,1.0,0.0,0.0,1.0,0.0,0.0,0.0,0.0,1.0,0.0,0.0,1.0,1.0,0.0,0.0,1.0,0.0,0.0,0.0,1.0,0.0,1.0,0.0,0.0,0.0,1.0,6.0,1.0,0.0,0.0,0.5380238584799761,1.0,0.0,0.0,1.0,0.0,0.0,1.0,0.0,0.0
2027-WKXMW,0,1.247217966963116,1.461992750227223,2.0243443703723547,1.0,0.0,0.0,1.0,1.0,0.0,0.0,1.0,0.0,0.0,1.0,0.0,1.0,0.0,1.0,0.0,0.0,0.0,0.0,1.0,0.0,0.0,1.0,0.0,0.0,1.0,0.0,0.0,1.0,0.0,0.0,1.0,1.0,0.0,0.0,0.0,1.0,0.0,0.0,1.0,0.0,1.0,0.0,8.0,0.0,1.0,0.0,1.6230878835890123,0.0,1.0,0.0,0.0,1.0,0.0,0.0,1.0,0.0
7137-NAXML,0,-0.38159658183809786,-1.4827115340671475,-0.8284178977127562,0.0,1.0,1.0,0.0,1.0,0.0,0.0,1.0,1.0,0.0,0.0,0.0,0.0,1.0,0.0,1.0,0.0,0.0,1.0,0.0,0.0,1.0,0.0,0.0,1.0,0.0,0.0,1.0,0.0,0.0,1.0,0.0,0.0,1.0,0.0,1.0,0.0,1.0,0.0,0.0,0.0,1.0,0.0,1.0,0.0,0.0,1.0,2.1709258865013465,0.0,0.0,1.0,0.0,0.0,1.0,0.0,0.0,1.0
2428-ZMCTB,0,-0.9109613101984924,-1.4960059100684764,-0.9154862439503023,0.0,1.0,1.0,0.0,1.0,0.0,0.0,1.0,1.0,0.0,0.0,0.0,0.0,1.0,0.0,1.0,0.0,0.0,1.0,0.0,0.0,1.0,0.0,0.0,1.0,0.0,0.0,1.0,0.0,0.0,1.0,0.0,1.0,0.0,0.0,1.0,0.0,0.0,1.0,0.0,0.0,1.0,0.0,1.0,1.0,0.0,0.0,1.0049672073897673,1.0,0.0,0.0,1.0,0.0,0.0,1.0,0.0,0.0
2961-VNFKL,0,1.5729808767233588,-1.289943082047877,-0.2123878401931941,1.0,0.0,0.0,1.0,1.0,0.0,0.0,1.0,0.0,0.0,1.0,0.0,0.0,1.0,0.0,1.0,0.0,0.0,1.0,0.0,0.0,1.0,0.0,0.0,1.0,0.0,0.0,1.0,0.0,0.0,1.0,0.0,0.0,0.0,1.0,0.0,1.0,0.0,1.0,0.0,0.0,1.0,0.0,2.0,0.0,1.0,0.0,-0.13502251892318898,0.0,1.0,0.0,0.0,1.0,0.0,0.0,1.0,0.0
1768-HNVGJ,1,0.5142514200025698,0.17576187209864347,0.34375101893900084,1.0,0.0,1.0,0.0,1.0,0.0,0.0,1.0,0.0,0.0,1.0,1.0,0.0,0.0,0.0,0.0,1.0,1.0,0.0,0.0,1.0,0.0,0.0,0.0,0.0,1.0,1.0,0.0,0.0,0.0,0.0,1.0,1.0,0.0,0.0,0.0,1.0,0.0,0.0,1.0,0.0,1.0,0.0,6.0,0.0,1.0,0.0,0.6684493334744375,0.0,1.0,0.0,0.0,1.0,0.0,0.0,1.0,0.0
6963-KQYQB,0,1.5322605130033284,-1.3530913680541898,-0.22877795452167063,1.0,0.0,0.0,1.0,0.0,1.0,0.0,1.0,0.0,0.0,1.0,0.0,0.0,1.0,0.0,1.0,0.0,0.0,1.0,0.0,0.0,1.0,0.0,0.0,1.0,0.0,0.0,1.0,0.0,0.0,1.0,0.0,0.0,0.0,1.0,1.0,0.0,0.0,0.0,0.0,1.0,1.0,0.0,2.0,0.0,1.0,0.0,-0.14930747910043785,0.0,1.0,0.0,0.0,1.0,0.0,0.0,1.0,0.0
5934-RMPOV,0,-0.4223169455581282,0.6643301901474837,-0.20583620633645455,1.0,0.0,1.0,0.0,0.0,1.0,0.0,1.0,0.0,0.0,1.0,0.0,1.0,0.0,1.0,0.0,0.0,1.0,0.0,0.0,1.0,0.0,0.0,1.0,0.0,0.0,1.0,0.0,0.0,0.0,0.0,1.0,1.0,0.0,0.0,0.0,1.0,0.0,0.0,1.0,0.0,1.0,0.0,4.0,0.0,0.0,1.0,0.48739745942333496,0.0,0.0,1.0,0.0,0.0,1.0,0.0,0.0,1.0
1207-BLKSA,0,0.7992939660427822,-1.3863273080575123,-0.4536291461100434,1.0,0.0,0.0,1.0,0.0,1.0,0.0,1.0,0.0,0.0,1.0,0.0,0.0,1.0,0.0,1.0,0.0,0.0,1.0,0.0,0.0,1.0,0.0,0.0,1.0,0.0,0.0,1.0,0.0,0.0,1.0,0.0,0.0,0.0,1.0,1.0,0.0,0.0,0.0,0.0,1.0,1.0,0.0,2.0,0.0,1.0,0.0,-0.5675373084022042,0.0,1.0,0.0,0.0,1.0,0.0,0.0,1.0,0.0
4088-YLDSU,0,0.9214550572028734,1.3091074262119398,1.5263981378868905,0.0,1.0,0.0,1.0,1.0,0.0,0.0,1.0,0.0,0.0,1.0,0.0,1.0,0.0,1.0,0.0,0.0,1.0,0.0,0.0,0.0,0.0,1.0,0.0,0.0,1.0,0.0,0.0,1.0,0.0,0.0,1.0,0.0,1.0,0.0,0.0,1.0,0.0,0.0,1.0,0.0,0.0,1.0,7.0,0.0,1.0,0.0,1.6565085035404272,0.0,1.0,0.0,0.0,1.0,0.0,0.0,1.0,0.0
8316-BBQAY,0,1.3286586944031769,-0.15992112193491323,0.7225766358473815,1.0,0.0,1.0,0.0,1.0,0.0,1.0,0.0,0.0,1.0,0.0,1.0,0.0,0.0,0.0,0.0,1.0,1.0,0.0,0.0,0.0,0.0,1.0,0.0,0.0,1.0,0.0,0.0,1.0,0.0,0.0,1.0,0.0,0.0,1.0,1.0,0.0,0.0,1.0,0.0,0.0,1.0,0.0,6.0,0.0,1.0,0.0,0.5438391656872853,0.0,1.0,0.0,0.0,1.0,0.0,0.0,1.0,0.0
1166-PQLGG,0,1.6137012404433893,-1.502653098069141,-0.36170773775639387,1.0,0.0,0.0,1.0,0.0,1.0,0.0,1.0,1.0,0.0,0.0,0.0,0.0,1.0,0.0,1.0,0.0,0.0,1.0,0.0,0.0,1.0,0.0,0.0,1.0,0.0,0.0,1.0,0.0,0.0,1.0,0.0,0.0,0.0,1.0,1.0,0.0,1.0,0.0,0.0,0.0,1.0,0.0,1.0,0.0,1.0,0.0,-0.22414789596183807,0.0,1.0,0.0,0.0,1.0,0.0,0.0,1.0,0.0
3146-JTQHR,0,-0.9109613101984924,-1.5009913010689746,-0.9237805682941882,0.0,1.0,0.0,1.0,1.0,0.0,0.0,1.0,1.0,0.0,0.0,0.0,0.0,1.0,0.0,1.0,0.0,0.0,1.0,0.0,0.0,1.0,0.0,0.0,1.0,0.0,0.0,1.0,0.0,0.0,1.0,0.0,0.0,1.0,0.0,1.0,0.0,1.0,0.0,0.0,0.0,1.0,0.0,1.0,1.0,0.0,0.0,1.0140722311169315,1.0,0.0,0.0,1.0,0.0,0.0,1.0,0.0,0.0
4291-YZODP,0,-1.0331224013585834,-1.4860351280674797,-0.9646565869357316,1.0,0.0,1.0,0.0,0.0,1.0,0.0,1.0,1.0,0.0,0.0,0.0,0.0,1.0,0.0,1.0,0.0,0.0,1.0,0.0,0.0,1.0,0.0,0.0,1.0,0.0,0.0,1.0,0.0,0.0,1.0,0.0,0.0,1.0,0.0,1.0,0.0,0.0,0.0,0.0,1.0,1.0,0.0,1.0,1.0,0.0,0.0,0.9337292325354505,1.0,0.0,0.0,1.0,0.0,0.0,1.0,0.0,0.0
4395-PZMSN,1,-1.1145631287986442,0.6909189421501416,-0.8271384540639652,0.0,1.0,1.0,0.0,1.0,0.0,0.0,1.0,1.0,0.0,0.0,0.0,1.0,0.0,1.0,0.0,0.0,0.0,0.0,1.0,1.0,0.0,0.0,1.0,0.0,0.0,1.0,0.0,0.0,0.0,0.0,1.0,1.0,0.0,0.0,0.0,1.0,0.0,0.0,1.0,0.0,1.0,0.0,4.0,1.0,0.0,0.0,0.7421189815919303,1.0,0.0,0.0,1.0,0.0,0.0,1.0,0.0,0.0
6427-FEFIG,0,-0.3408762181180675,0.4599291591270504,-0.19264470112995524,1.0,0.0,0.0,1.0,0.0,1.0,0.0,1.0,0.0,0.0,1.0,1.0,0.0,0.0,0.0,0.0,1.0,1.0,0.0,0.0,0.0,0.0,1.0,1.0,0.0,0.0,0.0,0.0,1.0,0.0,0.0,1.0,0.0,0.0,1.0,1.0,0.0,0.0,1.0,0.0,0.0,1.0,0.0,7.0,0.0,0.0,1.0,0.5651456185283947,0.0,0.0,1.0,0.0,0.0,1.0,0.0,0.0,1.0
0017-IUDMW,0,1.6137012404433893,1.7295420672539685,2.7236485619296,1.0,0.0,0.0,1.0,0.0,1.0,0.0,1.0,0.0,0.0,1.0,0.0,1.0,0.0,0.0,0.0,1.0,0.0,0.0,1.0,0.0,0.0,1.0,0.0,0.0,1.0,0.0,0.0,1.0,0.0,0.0,1.0,0.0,0.0,1.0,0.0,1.0,0.0,1.0,0.0,0.0,1.0,0.0,9.0,0.0,1.0,0.0,1.6878270237812023,0.0,1.0,0.0,0.0,1.0,0.0,0.0,1.0,0.0
8706-HRADD,0,-0.46303730927815856,-0.7049905379894018,-0.5611024126084787,0.0,1.0,1.0,0.0,1.0,0.0,1.0,0.0,0.0,1.0,0.0,1.0,0.0,0.0,0.0,0.0,1.0,1.0,0.0,0.0,1.0,0.0,0.0,0.0,0.0,1.0,0.0,0.0,1.0,1.0,0.0,0.0,1.0,0.0,0.0,0.0,1.0,0.0,0.0,0.0,1.0,1.0,0.0,4.0,0.0,0.0,1.0,1.2117866127962702,0.0,0.0,1.0,0.0,0.0,1.0,0.0,0.0,1.0
9955-QOPOY,0,1.4915401492832983,-0.13167057293208934,0.8735951051512174,0.0,1.0,0.0,1.0,1.0,0.0,1.0,0.0,0.0,1.0,0.0,1.0,0.0,0.0,1.0,0.0,0.0,0.0,0.0,1.0,0.0,0.0,1.0,0.0,0.0,1.0,0.0,0.0,1.0,0.0,0.0,1.0,0.0,1.0,0.0,0.0,1.0,0.0,1.0,0.0,0.0,1.0,0.0,6.0,0.0,1.0,0.0,0.5857000266275029,0.0,1.0,0.0,0.0,1.0,0.0,0.0,1.0,0.0
4385-ZKVNW,0,0.47353105628253944,-0.32776261895169184,0.11726743372975702,0.0,1.0,0.0,1.0,0.0,1.0,0.0,1.0,1.0,0.0,0.0,1.0,0.0,0.0,1.0,0.0,0.0,0.0,0.0,1.0,1.0,0.0,0.0,0.0,0.0,1.0,1.0,0.0,0.0,1.0,0.0,0.0,1.0,0.0,0.0,0.0,1.0,1.0,0.0,0.0,0.0,1.0,0.0,4.0,0.0,0.0,1.0,0.24764465218050585,0.0,0.0,1.0,0.0,0.0,1.0,0.0,0.0,1.0
5446-DKWYW,1,1.1657772395230555,0.014567563082529699,0.7419668249385403,1.0,0.0,0.0,1.0,0.0,1.0,0.0,1.0,0.0,0.0,1.0,1.0,0.0,0.0,1.0,0.0,0.0,1.0,0.0,0.0,0.0,0.0,1.0,1.0,0.0,0.0,0.0,0.0,1.0,1.0,0.0,0.0,0.0,1.0,0.0,0.0,1.0,0.0,0.0,1.0,0.0,1.0,0.0,5.0,0.0,1.0,0.0,0.6364567773188768,0.0,1.0,0.0,0.0,1.0,0.0,0.0,1.0,0.0
2034-CGRHZ,1,-0.3408762181180675,1.2692242982079527,0.09414921055850077,0.0,1.0,1.0,0.0,1.0,0.0,0.0,1.0,0.0,0.0,1.0,0.0,1.0,0.0,1.0,0.0,0.0,0.0,0.0,1.0,0.0,0.0,1.0,1.0,0.0,0.0,0.0,0.0,1.0,0.0,0.0,1.0,1.0,0.0,0.0,0.0,1.0,0.0,1.0,0.0,0.0,0.0,1.0,7.0,0.0,0.0,1.0,-0.27619765050869816,0.0,0.0,1.0,0.0,0.0,1.0,0.0,0.0,1.0
5797-APWZC,0,-1.2774445836787656,0.85876043916692,-0.9673919492193537,1.0,0.0,1.0,0.0,1.0,0.0,0.0,1.0,1.0,0.0,0.0,0.0,1.0,0.0,1.0,0.0,0.0,1.0,0.0,0.0,1.0,0.0,0.0,1.0,0.0,0.0,0.0,0.0,1.0,0.0,0.0,1.0,1.0,0.0,0.0,1.0,0.0,0.0,0.0,1.0,0.0,0.0,1.0,4.0,1.0,0.0,0.0,0.7572868221284973,1.0,0.0,0.0,1.0,0.0,0.0,1.0,0.0,0.0
3683-QKIUE,0,-1.0738427650786138,-0.46402997296531395,-0.8802794842352976,1.0,0.0,1.0,0.0,1.0,0.0,0.0,1.0,1.0,0.0,0.0,1.0,0.0,0.0,1.0,0.0,0.0,1.0,0.0,0.0,1.0,0.0,0.0,0.0,0.0,1.0,1.0,0.0,0.0,1.0,0.0,0.0,1.0,0.0,0.0,0.0,1.0,1.0,0.0,0.0,0.0,0.0,1.0,3.0,1.0,0.0,0.0,0.8197470922764509,1.0,0.0,0.0,1.0,0.0,0.0,1.0,0.0,0.0
4228-ZGYUW,0,-1.1552834925186746,0.8404806721650927,-0.8449624276540179,0.0,1.0,1.0,0.0,1.0,0.0,0.0,1.0,0.0,0.0,1.0,0.0,1.0,0.0,1.0,0.0,0.0,0.0,0.0,1.0,1.0,0.0,0.0,1.0,0.0,0.0,1.0,0.0,0.0,0.0,0.0,1.0,1.0,0.0,0.0,0.0,1.0,0.0,0.0,1.0,0.0,0.0,1.0,5.0,1.0,0.0,0.0,0.7313896832472567,1.0,0.0,0.0,1.0,0.0,0.0,1.0,0.0,0.0
9031-ZVQPT,0,1.6137012404433893,1.4437129832253957,2.4518109053080446,0.0,1.0,0.0,1.0,1.0,0.0,0.0,1.0,0.0,0.0,1.0,0.0,1.0,0.0,1.0,0.0,0.0,0.0,0.0,1.0,0.0,0.0,1.0,0.0,0.0,1.0,0.0,0.0,1.0,0.0,0.0,1.0,0.0,0.0,1.0,0.0,1.0,0.0,0.0,1.0,0.0,1.0,0.0,8.0,0.0,1.0,0.0,1.519371023495261,0.0,1.0,0.0,0.0,1.0,0.0,0.0,1.0,0.0
2990-IAJSV,0,1.6137012404433893,0.9052907551715716,1.9189226255866356,0.0,1.0,1.0,0.0,1.0,0.0,0.0,1.0,0.0,0.0,1.0,1.0,0.0,0.0,0.0,0.0,1.0,0.0,0.0,1.0,0.0,0.0,1.0,0.0,0.0,1.0,0.0,0.0,1.0,0.0,0.0,1.0,0.0,0.0,1.0,1.0,0.0,1.0,0.0,0.0,0.0,1.0,0.0,9.0,0.0,1.0,0.0,1.189143676347043,0.0,1.0,0.0,0.0,1.0,0.0,0.0,1.0,0.0
8107-KNCIM,1,-0.748079855318371,0.3436033691154218,-0.5602862157980432,0.0,1.0,0.0,1.0,1.0,0.0,0.0,1.0,0.0,0.0,1.0,0.0,1.0,0.0,1.0,0.0,0.0,1.0,0.0,0.0,1.0,0.0,0.0,1.0,0.0,0.0,1.0,0.0,0.0,1.0,0.0,0.0,1.0,0.0,0.0,0.0,1.0,0.0,0.0,1.0,0.0,1.0,0.0,3.0,1.0,0.0,0.0,0.7489657846214749,1.0,0.0,0.0,1.0,0.0,0.0,1.0,0.0,0.0
9027-YFHQJ,0,-1.0331224013585834,-1.3198554280508674,-0.9398839107703495,0.0,1.0,1.0,0.0,1.0,0.0,0.0,1.0,0.0,0.0,1.0,0.0,0.0,1.0,0.0,1.0,0.0,0.0,1.0,0.0,0.0,1.0,0.0,0.0,1.0,0.0,0.0,1.0,0.0,0.0,1.0,0.0,1.0,0.0,0.0,0.0,1.0,1.0,0.0,0.0,0.0,1.0,0.0,2.0,1.0,0.0,0.0,0.9097507802893222,1.0,0.0,0.0,1.0,0.0,0.0,1.0,0.0,0.0
5176-LDKUH,0,0.6364125111626608,0.34526516611558833,0.6570823566532407,1.0,0.0,1.0,0.0,1.0,0.0,0.0,1.0,1.0,0.0,0.0,0.0,1.0,0.0,1.0,0.0,0.0,0.0,0.0,1.0,1.0,0.0,0.0,1.0,0.0,0.0,1.0,0.0,0.0,1.0,0.0,0.0,0.0,1.0,0.0,1.0,0.0,0.0,0.0,1.0,0.0,1.0,0.0,3.0,0.0,1.0,0.0,1.0324786913016812,0.0,1.0,0.0,0.0,1.0,0.0,0.0,1.0,0.0
4644-OBGFZ,0,0.9214550572028734,-1.504314895069307,-0.5545507787517392,0.0,1.0,0.0,1.0,0.0,1.0,0.0,1.0,1.0,0.0,0.0,0.0,0.0,1.0,0.0,1.0,0.0,0.0,1.0,0.0,0.0,1.0,0.0,0.0,1.0,0.0,0.0,1.0,0.0,0.0,1.0,0.0,0.0,1.0,0.0,1.0,0.0,0.0,0.0,0.0,1.0,1.0,0.0,1.0,0.0,1.0,0.0,-0.6018207555722881,0.0,1.0,0.0,0.0,1.0,0.0,0.0,1.0,0.0
7926-IJOOU,0,-1.2774445836787656,-1.5109620830699715,-0.9988486154810057,0.0,1.0,1.0,0.0,1.0,0.0,0.0,1.0,1.0,0.0,0.0,0.0,0.0,1.0,0.0,1.0,0.0,0.0,1.0,0.0,0.0,1.0,0.0,0.0,1.0,0.0,0.0,1.0,0.0,0.0,1.0,0.0,1.0,0.0,0.0,1.0,0.0,0.0,1.0,0.0,0.0,1.0,0.0,1.0,1.0,0.0,0.0,0.7819115038278502,1.0,0.0,0.0,1.0,0.0,0.0,1.0,0.0,0.0
6480-YAGIY,0,0.5142514200025698,1.5766567432386855,1.2126256127075505,0.0,1.0,1.0,0.0,1.0,0.0,0.0,1.0,1.0,0.0,0.0,0.0,1.0,0.0,0.0,0.0,1.0,0.0,0.0,1.0,0.0,0.0,1.0,0.0,0.0,1.0,0.0,0.0,1.0,0.0,0.0,1.0,0.0,1.0,0.0,1.0,0.0,0.0,1.0,0.0,0.0,1.0,0.0,8.0,0.0,1.0,0.0,2.3580403778009806,0.0,1.0,0.0,0.0,1.0,0.0,0.0,1.0,0.0
4029-HPFVY,0,-1.1960038562387048,0.18407085709947407,-0.9101258162493334,0.0,1.0,1.0,0.0,1.0,0.0,0.0,1.0,1.0,0.0,0.0,0.0,1.0,0.0,1.0,0.0,0.0,1.0,0.0,0.0,1.0,0.0,0.0,1.0,0.0,0.0,1.0,0.0,0.0,1.0,0.0,0.0,1.0,0.0,0.0,0.0,1.0,0.0,0.0,0.0,1.0,1.0,0.0,2.0,1.0,0.0,0.0,0.7609723091625933,1.0,0.0,0.0,1.0,0.0,0.0,1.0,0.0,0.0
7602-DBTOU,0,1.5729808767233588,-1.5009913010689746,-0.3824214892428534,1.0,0.0,0.0,1.0,1.0,0.0,0.0,1.0,1.0,0.0,0.0,0.0,0.0,1.0,0.0,1.0,0.0,0.0,1.0,0.0,0.0,1.0,0.0,0.0,1.0,0.0,0.0,1.0,0.0,0.0,1.0,0.0,0.0,0.0,1.0,1.0,0.0,0.0,0.0,0.0,1.0,1.0,0.0,1.0,0.0,1.0,0.0,-0.24311896915076744,0.0,1.0,0.0,0.0,1.0,0.0,0.0,1.0,0.0
5345-BMKWB,0,-0.9924020376385531,-1.479387940066815,-0.9375014984588077,0.0,1.0,0.0,1.0,1.0,0.0,0.0,1.0,1.0,0.0,0.0,0.0,0.0,1.0,0.0,1.0,0.0,0.0,1.0,0.0,0.0,1.0,0.0,0.0,1.0,0.0,0.0,1.0,0.0,0.0,1.0,0.0,1.0,0.0,0.0,1.0,0.0,0.0,0.0,0.0,1.0,1.0,0.0,1.0,1.0,0.0,0.0,0.9446791349699537,1.0,0.0,0.0,1.0,0.0,0.0,1.0,0.0,0.0
3519-ZKXGG,0,-1.1960038562387048,0.36853032411791364,-0.8941548300127024,1.0,0.0,0.0,1.0,1.0,0.0,0.0,1.0,0.0,0.0,1.0,0.0,1.0,0.0,1.0,0.0,0.0,1.0,0.0,0.0,1.0,0.0,0.0,1.0,0.0,0.0,1.0,0.0,0.0,1.0,0.0,0.0,1.0,0.0,0.0,0.0,1.0,0.0,0.0,1.0,0.0,0.0,1.0,3.0,1.0,0.0,0.0,0.747618684796483,1.0,0.0,0.0,1.0,0.0,0.0,1.0,0.0,0.0
5457-COLHT,0,1.4915401492832983,0.5280628361338618,1.4379400511342784,0.0,1.0,0.0,1.0,0.0,1.0,0.0,1.0,1.0,0.0,0.0,1.0,0.0,0.0,0.0,0.0,1.0,0.0,0.0,1.0,1.0,0.0,0.0,0.0,0.0,1.0,0.0,0.0,1.0,0.0,0.0,1.0,0.0,0.0,1.0,1.0,0.0,1.0,0.0,0.0,0.0,1.0,0.0,7.0,0.0,1.0,0.0,0.9640639253493944,0.0,1.0,0.0,0.0,1.0,0.0,0.0,1.0,0.0
6416-TVAIH,0,-1.2774445836787656,0.12424616509349373,-0.9771421921980705,0.0,1.0,0.0,1.0,0.0,1.0,0.0,1.0,1.0,0.0,0.0,0.0,1.0,0.0,1.0,0.0,0.0,1.0,0.0,0.0,1.0,0.0,0.0,1.0,0.0,0.0,1.0,0.0,0.0,1.0,0.0,0.0,1.0,0.0,0.0,0.0,1.0,0.0,0.0,1.0,0.0,0.0,1.0,2.0,1.0,0.0,0.0,0.7649194373536825,1.0,0.0,0.0,1.0,0.0,0.0,1.0,0.0,0.0
5451-YHYPW,1,1.6137012404433893,1.6946443302504801,2.7178910655100412,1.0,0.0,0.0,1.0,1.0,0.0,0.0,1.0,0.0,0.0,1.0,0.0,1.0,0.0,0.0,0.0,1.0,0.0,0.0,1.0,0.0,0.0,1.0,0.0,0.0,1.0,0.0,0.0,1.0,0.0,0.0,1.0,0.0,0.0,1.0,0.0,1.0,0.0,1.0,0.0,0.0,1.0,0.0,9.0,0.0,1.0,0.0,1.684259141279001,0.0,1.0,0.0,0.0,1.0,0.0,0.0,1.0,0.0
5108-ADXWO,0,-0.8702409464784621,0.29042586511010604,-0.6580533580642717,0.0,1.0,1.0,0.0,1.0,0.0,0.0,1.0,1.0,0.0,0.0,0.0,1.0,0.0,0.0,0.0,1.0,1.0,0.0,0.0,1.0,0.0,0.0,1.0,0.0,0.0,1.0,0.0,0.0,1.0,0.0,0.0,1.0,0.0,0.0,0.0,1.0,0.0,0.0,1.0,0.0,0.0,1.0,3.0,1.0,0.0,0.0,0.7561737478880605,1.0,0.0,0.0,1.0,0.0,0.0,1.0,0.0,0.0
7998-WNZEM,0,1.5729808767233588,0.5264010391336954,1.5110227547281445,0.0,1.0,1.0,0.0,1.0,0.0,0.0,1.0,0.0,0.0,1.0,1.0,0.0,0.0,0.0,0.0,1.0,0.0,0.0,1.0,0.0,0.0,1.0,0.0,0.0,1.0,1.0,0.0,0.0,0.0,0.0,1.0,0.0,0.0,1.0,1.0,0.0,1.0,0.0,0.0,0.0,1.0,0.0,8.0,0.0,1.0,0.0,0.9606110138323627,0.0,1.0,0.0,0.0,1.0,0.0,0.0,1.0,0.0
3066-RRJIO,0,-1.2774445836787656,0.1724382780983114,-0.9765024703736751,1.0,0.0,1.0,0.0,1.0,0.0,0.0,1.0,1.0,0.0,0.0,0.0,1.0,0.0,1.0,0.0,0.0,1.0,0.0,0.0,1.0,0.0,0.0,1.0,0.0,0.0,1.0,0.0,0.0,1.0,0.0,0.0,1.0,0.0,0.0,0.0,1.0,0.0,0.0,0.0,1.0,0.0,1.0,2.0,1.0,0.0,0.0,0.7644186549067812,1.0,0.0,0.0,1.0,0.0,0.0,1.0,0.0,0.0
4664-NJCMS,0,0.025607055362205634,-0.1732154979362424,-0.11779724767568782,1.0,0.0,0.0,1.0,1.0,0.0,1.0,0.0,0.0,1.0,0.0,1.0,0.0,0.0,0.0,0.0,1.0,1.0,0.0,0.0,0.0,0.0,1.0,0.0,0.0,1.0,0.0,0.0,1.0,0.0,0.0,1.0,0.0,0.0,1.0,1.0,0.0,1.0,0.0,0.0,0.0,1.0,0.0,6.0,0.0,0.0,1.0,-4.600187175349689,0.0,0.0,1.0,0.0,0.0,1.0,0.0,0.0,1.0
0307-BCOPK,0,-0.6666391278783103,-1.5192710680708021,-0.8632496480824255,1.0,0.0,1.0,0.0,1.0,0.0,0.0,1.0,1.0,0.0,0.0,0.0,0.0,1.0,0.0,1.0,0.0,0.0,1.0,0.0,0.0,1.0,0.0,0.0,1.0,0.0,0.0,1.0,0.0,0.0,1.0,0.0,0.0,1.0,0.0,1.0,0.0,0.0,0.0,0.0,1.0,1.0,0.0,1.0,1.0,0.0,0.0,1.2949279632443131,1.0,0.0,0.0,1.0,0.0,0.0,1.0,0.0,0.0
7629-WFGLW,1,0.9621754209229036,1.0266019361836989,1.4067039786051765,1.0,0.0,0.0,1.0,1.0,0.0,0.0,1.0,0.0,0.0,1.0,0.0,1.0,0.0,0.0,0.0,1.0,0.0,0.0,1.0,0.0,0.0,1.0,0.0,0.0,1.0,1.0,0.0,0.0,1.0,0.0,0.0,0.0,1.0,0.0,1.0,0.0,0.0,0.0,1.0,0.0,1.0,0.0,7.0,0.0,1.0,0.0,1.462003651325751,0.0,1.0,0.0,0.0,1.0,0.0,0.0,1.0,0.0
2542-HYGIQ,0,-1.2774445836787656,-1.4893587220678117,-0.9985618436286906,1.0,0.0,1.0,0.0,1.0,0.0,0.0,1.0,1.0,0.0,0.0,0.0,0.0,1.0,0.0,1.0,0.0,0.0,1.0,0.0,0.0,1.0,0.0,0.0,1.0,0.0,0.0,1.0,0.0,0.0,1.0,0.0,1.0,0.0,0.0,1.0,0.0,0.0,1.0,0.0,0.0,1.0,0.0,1.0,1.0,0.0,0.0,0.7816870151447567,1.0,0.0,0.0,1.0,0.0,0.0,1.0,0.0,0.0
6715-OFDBP,0,-1.1145631287986442,0.17576187209864347,-0.8545361956466945,0.0,1.0,1.0,0.0,1.0,0.0,0.0,1.0,1.0,0.0,0.0,1.0,0.0,0.0,1.0,0.0,0.0,1.0,0.0,0.0,0.0,0.0,1.0,1.0,0.0,0.0,0.0,0.0,1.0,0.0,0.0,1.0,1.0,0.0,0.0,0.0,1.0,0.0,0.0,1.0,0.0,0.0,1.0,5.0,1.0,0.0,0.0,0.7667005785197423,1.0,0.0,0.0,1.0,0.0,0.0,1.0,0.0,0.0
5016-LIPDW,0,1.002895784642934,-1.5076384890696393,-0.5389989206069532,0.0,1.0,0.0,1.0,0.0,1.0,0.0,1.0,1.0,0.0,0.0,0.0,0.0,1.0,0.0,1.0,0.0,0.0,1.0,0.0,0.0,1.0,0.0,0.0,1.0,0.0,0.0,1.0,0.0,0.0,1.0,0.0,0.0,1.0,0.0,1.0,0.0,0.0,0.0,0.0,1.0,1.0,0.0,1.0,0.0,1.0,0.0,-0.5374426025719667,0.0,1.0,0.0,0.0,1.0,0.0,0.0,1.0,0.0
6481-LXPWL,0,0.9621754209229036,-0.952598291014154,-0.13756244611218166,0.0,1.0,0.0,1.0,0.0,1.0,1.0,0.0,0.0,1.0,0.0,1.0,0.0,0.0,1.0,0.0,0.0,0.0,0.0,1.0,0.0,0.0,1.0,1.0,0.0,0.0,1.0,0.0,0.0,1.0,0.0,0.0,0.0,1.0,0.0,0.0,1.0,0.0,1.0,0.0,0.0,1.0,0.0,3.0,0.0,1.0,0.0,-0.1429702350744253,0.0,1.0,0.0,0.0,1.0,0.0,0.0,1.0,0.0
1567-DSCIC,0,-0.9924020376385531,0.9717626351782166,-0.6660388511825873,0.0,1.0,1.0,0.0,1.0,0.0,0.0,1.0,0.0,0.0,1.0,0.0,1.0,0.0,1.0,0.0,0.0,0.0,0.0,1.0,0.0,0.0,1.0,1.0,0.0,0.0,0.0,0.0,1.0,1.0,0.0,0.0,1.0,0.0,0.0,0.0,1.0,0.0,0.0,1.0,0.0,0.0,1.0,6.0,1.0,0.0,0.0,0.6711381334599478,1.0,0.0,0.0,1.0,0.0,0.0,1.0,0.0,0.0
2150-UWTFY,0,-0.4223169455581282,-0.12003799393092641,-0.3799728988115467,1.0,0.0,0.0,1.0,0.0,1.0,0.0,1.0,1.0,0.0,0.0,1.0,0.0,0.0,0.0,0.0,1.0,0.0,0.0,1.0,0.0,0.0,1.0,1.0,0.0,0.0,1.0,0.0,0.0,1.0,0.0,0.0,1.0,0.0,0.0,1.0,0.0,0.0,0.0,0.0,1.0,0.0,1.0,5.0,0.0,0.0,1.0,0.8997339623902134,0.0,0.0,1.0,0.0,0.0,1.0,0.0,0.0,1.0
6124-ACRHJ,0,-1.2774445836787656,-1.4960059100684764,-0.9986500811217106,1.0,0.0,1.0,0.0,1.0,0.0,0.0,1.0,1.0,0.0,0.0,0.0,0.0,1.0,0.0,1.0,0.0,0.0,1.0,0.0,0.0,1.0,0.0,0.0,1.0,0.0,0.0,1.0,0.0,0.0,1.0,0.0,1.0,0.0,0.0,1.0,0.0,0.0,0.0,0.0,1.0,1.0,0.0,1.0,1.0,0.0,0.0,0.7817560885857086,1.0,0.0,0.0,1.0,0.0,0.0,1.0,0.0,0.0
9362-MWODR,0,0.3106496014024181,-0.021991970921125294,0.07811204620210456,1.0,0.0,1.0,0.0,0.0,1.0,0.0,1.0,1.0,0.0,0.0,1.0,0.0,0.0,0.0,0.0,1.0,1.0,0.0,0.0,1.0,0.0,0.0,0.0,0.0,1.0,0.0,0.0,1.0,1.0,0.0,0.0,1.0,0.0,0.0,0.0,1.0,0.0,1.0,0.0,0.0,1.0,0.0,5.0,0.0,0.0,1.0,0.25144743740043485,0.0,0.0,1.0,0.0,0.0,1.0,0.0,0.0,1.0
9975-GPKZU,0,0.5549717837226001,-1.4960059100684764,-0.6294864696990267,0.0,1.0,0.0,1.0,0.0,1.0,0.0,1.0,1.0,0.0,0.0,0.0,0.0,1.0,0.0,1.0,0.0,0.0,1.0,0.0,0.0,1.0,0.0,0.0,1.0,0.0,0.0,1.0,0.0,0.0,1.0,0.0,0.0,0.0,1.0,1.0,0.0,0.0,1.0,0.0,0.0,1.0,0.0,1.0,0.0,1.0,0.0,-1.1342675216325453,0.0,1.0,0.0,0.0,1.0,0.0,0.0,1.0,0.0
9625-RZFUK,0,1.247217966963116,-1.4976677070686424,-0.444474506209212,0.0,1.0,0.0,1.0,0.0,1.0,0.0,1.0,1.0,0.0,0.0,0.0,0.0,1.0,0.0,1.0,0.0,0.0,1.0,0.0,0.0,1.0,0.0,0.0,1.0,0.0,0.0,1.0,0.0,0.0,1.0,0.0,0.0,0.0,1.0,1.0,0.0,0.0,0.0,0.0,1.0,1.0,0.0,1.0,0.0,1.0,0.0,-0.3563727575954303,0.0,1.0,0.0,0.0,1.0,0.0,0.0,1.0,0.0
5153-LXKDT,0,1.4508197855632678,1.5101848632320405,2.287203862079119,0.0,1.0,0.0,1.0,0.0,1.0,0.0,1.0,0.0,0.0,1.0,0.0,1.0,0.0,0.0,0.0,1.0,0.0,0.0,1.0,0.0,0.0,1.0,1.0,0.0,0.0,0.0,0.0,1.0,0.0,0.0,1.0,0.0,0.0,1.0,0.0,1.0,0.0,0.0,1.0,0.0,1.0,0.0,8.0,0.0,1.0,0.0,1.5764906743335683,0.0,1.0,0.0,0.0,1.0,0.0,0.0,1.0,0.0
5161-UBZXI,0,1.4915401492832983,1.3822264942192488,2.19642954113473,0.0,1.0,0.0,1.0,0.0,1.0,0.0,1.0,1.0,0.0,0.0,0.0,1.0,0.0,0.0,0.0,1.0,0.0,0.0,1.0,1.0,0.0,0.0,0.0,0.0,1.0,0.0,0.0,1.0,0.0,0.0,1.0,0.0,0.0,1.0,0.0,1.0,0.0,1.0,0.0,0.0,1.0,0.0,7.0,0.0,1.0,0.0,1.4725916309997684,0.0,1.0,0.0,0.0,1.0,0.0,0.0,1.0,0.0
1020-JPQOW,0,0.9621754209229036,0.8570986421667539,1.2500162503748018,1.0,0.0,0.0,1.0,1.0,0.0,0.0,1.0,0.0,0.0,1.0,0.0,1.0,0.0,1.0,0.0,0.0,0.0,0.0,1.0,0.0,0.0,1.0,0.0,0.0,1.0,1.0,0.0,0.0,1.0,0.0,0.0,1.0,0.0,0.0,1.0,0.0,0.0,0.0,1.0,0.0,1.0,0.0,6.0,0.0,1.0,0.0,1.299156290207253,0.0,1.0,0.0,0.0,1.0,0.0,0.0,1.0,0.0
7919-ZODZZ,0,-0.9109613101984924,0.03783272108485552,-0.7161577472179825,1.0,0.0,0.0,1.0,0.0,1.0,0.0,1.0,1.0,0.0,0.0,1.0,0.0,0.0,1.0,0.0,0.0,0.0,0.0,1.0,0.0,0.0,1.0,1.0,0.0,0.0,1.0,0.0,0.0,0.0,0.0,1.0,0.0,1.0,0.0,0.0,1.0,0.0,0.0,0.0,1.0,1.0,0.0,5.0,1.0,0.0,0.0,0.7861560520741946,1.0,0.0,0.0,1.0,0.0,0.0,1.0,0.0,0.0
0565-JUPYD,0,1.247217966963116,1.3207400052131024,1.9004148114256778,0.0,1.0,1.0,0.0,1.0,0.0,0.0,1.0,0.0,0.0,1.0,0.0,1.0,0.0,0.0,0.0,1.0,0.0,0.0,1.0,0.0,0.0,1.0,0.0,0.0,1.0,0.0,0.0,1.0,1.0,0.0,0.0,0.0,1.0,0.0,1.0,0.0,0.0,1.0,0.0,0.0,1.0,0.0,8.0,0.0,1.0,0.0,1.5237230875153667,0.0,1.0,0.0,0.0,1.0,0.0,0.0,1.0,0.0
6867-ACCZI,0,-0.3408762181180675,-0.40752887495966567,-0.47434289759650283,1.0,0.0,0.0,1.0,0.0,1.0,1.0,0.0,0.0,1.0,0.0,1.0,0.0,0.0,0.0,0.0,1.0,0.0,0.0,1.0,0.0,0.0,1.0,0.0,0.0,1.0,1.0,0.0,0.0,0.0,0.0,1.0,0.0,0.0,1.0,0.0,1.0,0.0,0.0,0.0,1.0,1.0,0.0,6.0,0.0,0.0,1.0,1.3915400147751205,0.0,0.0,1.0,0.0,0.0,1.0,0.0,0.0,1.0
5939-XAIXZ,0,-0.5444780367182193,-0.28787949094770476,-0.5512198133902317,1.0,0.0,1.0,0.0,1.0,0.0,0.0,1.0,0.0,0.0,1.0,1.0,0.0,0.0,1.0,0.0,0.0,1.0,0.0,0.0,0.0,0.0,1.0,1.0,0.0,0.0,1.0,0.0,0.0,1.0,0.0,0.0,1.0,0.0,0.0,0.0,1.0,0.0,0.0,0.0,1.0,1.0,0.0,4.0,1.0,0.0,0.0,1.0123820911356642,1.0,0.0,0.0,1.0,0.0,0.0,1.0,0.0,0.0
9054-FOWNV,0,-0.4223169455581282,0.7972739501607736,-0.17565898372359334,0.0,1.0,0.0,1.0,0.0,1.0,0.0,1.0,0.0,0.0,1.0,0.0,1.0,0.0,1.0,0.0,0.0,1.0,0.0,0.0,0.0,0.0,1.0,1.0,0.0,0.0,0.0,0.0,1.0,1.0,0.0,0.0,1.0,0.0,0.0,0.0,1.0,0.0,0.0,1.0,0.0,1.0,0.0,5.0,0.0,0.0,1.0,0.4159411209309749,0.0,0.0,1.0,0.0,0.0,1.0,0.0,0.0,1.0
2683-BPJSO,0,-0.13727439951791576,0.6543594081464871,0.08109006159153165,0.0,1.0,0.0,1.0,1.0,0.0,0.0,1.0,0.0,0.0,1.0,0.0,1.0,0.0,0.0,0.0,1.0,0.0,0.0,1.0,1.0,0.0,0.0,1.0,0.0,0.0,1.0,0.0,0.0,1.0,0.0,0.0,1.0,0.0,0.0,0.0,1.0,0.0,0.0,1.0,0.0,0.0,1.0,5.0,0.0,0.0,1.0,-0.590715106941324,0.0,0.0,1.0,0.0,0.0,1.0,0.0,0.0,1.0
2157-MXBJS,0,-0.7888002190384014,0.3502505571160864,-0.5708305962139405,0.0,1.0,0.0,1.0,1.0,0.0,0.0,1.0,0.0,0.0,1.0,1.0,0.0,0.0,1.0,0.0,0.0,1.0,0.0,0.0,0.0,0.0,1.0,1.0,0.0,0.0,0.0,0.0,1.0,0.0,0.0,1.0,0.0,1.0,0.0,0.0,1.0,0.0,0.0,0.0,1.0,0.0,1.0,6.0,1.0,0.0,0.0,0.7236694189941022,1.0,0.0,0.0,1.0,0.0,0.0,1.0,0.0,0.0
8207-VVMYB,0,1.5322605130033284,-1.288281285047711,-0.12192235047437568,1.0,0.0,0.0,1.0,1.0,0.0,0.0,1.0,0.0,0.0,1.0,0.0,0.0,1.0,0.0,1.0,0.0,0.0,1.0,0.0,0.0,1.0,0.0,0.0,1.0,0.0,0.0,1.0,0.0,0.0,1.0,0.0,0.0,0.0,1.0,0.0,1.0,1.0,0.0,0.0,0.0,1.0,0.0,2.0,0.0,1.0,0.0,-0.07957024894898589,0.0,1.0,0.0,0.0,1.0,0.0,0.0,1.0,0.0
9732-EQMWY,0,0.6771328748826912,1.1512367111961581,1.2096034785716132,1.0,0.0,0.0,1.0,1.0,0.0,0.0,1.0,1.0,0.0,0.0,0.0,1.0,0.0,1.0,0.0,0.0,0.0,0.0,1.0,0.0,0.0,1.0,1.0,0.0,0.0,0.0,0.0,1.0,0.0,0.0,1.0,1.0,0.0,0.0,1.0,0.0,0.0,0.0,1.0,0.0,1.0,0.0,6.0,0.0,1.0,0.0,1.786360585108453,0.0,1.0,0.0,0.0,1.0,0.0,0.0,1.0,0.0
9360-AHGNL,1,0.43281069256250915,1.4885815022298807,1.1236822197433278,1.0,0.0,0.0,1.0,1.0,0.0,0.0,1.0,0.0,0.0,1.0,0.0,1.0,0.0,0.0,0.0,1.0,1.0,0.0,0.0,0.0,0.0,1.0,0.0,0.0,1.0,0.0,0.0,1.0,0.0,0.0,1.0,0.0,1.0,0.0,0.0,1.0,0.0,0.0,0.0,1.0,0.0,1.0,8.0,0.0,0.0,1.0,2.596244129484021,0.0,0.0,1.0,0.0,0.0,1.0,0.0,0.0,1.0
1087-UDSIH,0,-1.1960038562387048,-1.5009913010689746,-0.9810025825176982,1.0,0.0,1.0,0.0,1.0,0.0,0.0,1.0,1.0,0.0,0.0,0.0,0.0,1.0,0.0,1.0,0.0,0.0,1.0,0.0,0.0,1.0,0.0,0.0,1.0,0.0,0.0,1.0,0.0,0.0,1.0,0.0,1.0,0.0,0.0,0.0,1.0,0.0,0.0,0.0,1.0,0.0,1.0,1.0,1.0,0.0,0.0,0.8202336283453459,1.0,0.0,0.0,1.0,0.0,0.0,1.0,0.0,0.0
5269-NRGDP,0,0.3920903288424788,0.2787932861089434,0.3551336555385889,0.0,1.0,0.0,1.0,0.0,1.0,0.0,1.0,1.0,0.0,0.0,1.0,0.0,0.0,1.0,0.0,0.0,1.0,0.0,0.0,0.0,0.0,1.0,0.0,0.0,1.0,0.0,0.0,1.0,0.0,0.0,1.0,0.0,1.0,0.0,1.0,0.0,0.0,0.0,1.0,0.0,1.0,0.0,6.0,0.0,0.0,1.0,0.9057444915486881,0.0,0.0,1.0,0.0,0.0,1.0,0.0,0.0,1.0
6195-MELTI,0,1.002895784642934,-0.33607160395252245,0.3756268132924982,0.0,1.0,1.0,0.0,1.0,0.0,0.0,1.0,1.0,0.0,0.0,1.0,0.0,0.0,1.0,0.0,0.0,0.0,0.0,1.0,1.0,0.0,0.0,0.0,0.0,1.0,1.0,0.0,0.0,1.0,0.0,0.0,0.0,1.0,0.0,0.0,1.0,0.0,0.0,0.0,1.0,1.0,0.0,4.0,0.0,1.0,0.0,0.3745422196846051,0.0,1.0,0.0,0.0,1.0,0.0,0.0,1.0,0.0
5485-WUYWF,1,-1.2367242199587352,0.05445069108651675,-0.9656492587322074,0.0,1.0,1.0,0.0,1.0,0.0,0.0,1.0,1.0,0.0,0.0,1.0,0.0,0.0,0.0,0.0,1.0,1.0,0.0,0.0,0.0,0.0,1.0,1.0,0.0,0.0,0.0,0.0,1.0,1.0,0.0,0.0,1.0,0.0,0.0,1.0,0.0,1.0,0.0,0.0,0.0,0.0,1.0,5.0,1.0,0.0,0.0,0.7808121189414625,1.0,0.0,0.0,1.0,0.0,0.0,1.0,0.0,0.0
2121-JAFOM,0,1.6137012404433893,1.6879971422498155,2.65996315134237,1.0,0.0,0.0,1.0,1.0,0.0,0.0,1.0,0.0,0.0,1.0,0.0,1.0,0.0,0.0,0.0,1.0,0.0,0.0,1.0,0.0,0.0,1.0,0.0,0.0,1.0,0.0,0.0,1.0,0.0,0.0,1.0,0.0,0.0,1.0,0.0,1.0,0.0,1.0,0.0,0.0,1.0,0.0,9.0,0.0,1.0,0.0,1.6483615954905657,0.0,1.0,0.0,0.0,1.0,0.0,0.0,1.0,0.0
8818-DOPVL,1,0.5549717837226001,1.3190782082129364,1.1385061185706984,1.0,0.0,1.0,0.0,1.0,0.0,0.0,1.0,0.0,0.0,1.0,0.0,1.0,0.0,1.0,0.0,0.0,0.0,0.0,1.0,0.0,0.0,1.0,1.0,0.0,0.0,0.0,0.0,1.0,0.0,0.0,1.0,1.0,0.0,0.0,0.0,1.0,0.0,0.0,1.0,0.0,1.0,0.0,7.0,0.0,1.0,0.0,2.0514666726547937,0.0,1.0,0.0,0.0,1.0,0.0,0.0,1.0,0.0
2632-UCGVD,1,1.369379058123207,1.1728400721983174,2.0244326078653745,0.0,1.0,0.0,1.0,1.0,0.0,0.0,1.0,0.0,0.0,1.0,0.0,1.0,0.0,1.0,0.0,0.0,1.0,0.0,0.0,1.0,0.0,0.0,0.0,0.0,1.0,0.0,0.0,1.0,0.0,0.0,1.0,1.0,0.0,0.0,0.0,1.0,0.0,1.0,0.0,0.0,0.0,1.0,6.0,0.0,1.0,0.0,1.4783580892787616,0.0,1.0,0.0,0.0,1.0,0.0,0.0,1.0,0.0
5445-PZWGX,0,1.2064976032430856,1.2376501552047963,1.8732597229487535,0.0,1.0,1.0,0.0,1.0,0.0,0.0,1.0,0.0,0.0,1.0,0.0,1.0,0.0,0.0,0.0,1.0,0.0,0.0,1.0,1.0,0.0,0.0,0.0,0.0,1.0,1.0,0.0,0.0,0.0,0.0,1.0,0.0,1.0,0.0,1.0,0.0,0.0,0.0,1.0,0.0,0.0,1.0,7.0,0.0,1.0,0.0,1.5526427221350463,0.0,1.0,0.0,0.0,1.0,0.0,0.0,1.0,0.0
1227-UDMZR,0,1.6137012404433893,0.8770402061687477,1.9211947410319021,1.0,0.0,0.0,1.0,1.0,0.0,0.0,1.0,0.0,0.0,1.0,1.0,0.0,0.0,0.0,0.0,1.0,0.0,0.0,1.0,0.0,0.0,1.0,0.0,0.0,1.0,0.0,0.0,1.0,0.0,0.0,1.0,0.0,0.0,1.0,0.0,1.0,1.0,0.0,0.0,0.0,1.0,0.0,9.0,0.0,1.0,0.0,1.190551691280862,0.0,1.0,0.0,0.0,1.0,0.0,0.0,1.0,0.0
5198-HQAEN,0,0.10704778280226633,0.82884809316393,0.3892595059640978,0.0,1.0,0.0,1.0,0.0,1.0,0.0,1.0,1.0,0.0,0.0,0.0,1.0,0.0,1.0,0.0,0.0,0.0,0.0,1.0,1.0,0.0,0.0,0.0,0.0,1.0,0.0,0.0,1.0,1.0,0.0,0.0,0.0,1.0,0.0,0.0,1.0,0.0,0.0,1.0,0.0,1.0,0.0,5.0,0.0,0.0,1.0,3.636315445067366,0.0,0.0,1.0,0.0,0.0,1.0,0.0,0.0,1.0
9170-CCKOU,0,-0.62591876415828,0.8454660631655913,-0.3658107811818267,0.0,1.0,0.0,1.0,1.0,0.0,0.0,1.0,0.0,0.0,1.0,0.0,1.0,0.0,0.0,0.0,1.0,0.0,0.0,1.0,0.0,0.0,1.0,1.0,0.0,0.0,1.0,0.0,0.0,1.0,0.0,0.0,1.0,0.0,0.0,1.0,0.0,0.0,1.0,0.0,0.0,0.0,1.0,6.0,1.0,0.0,0.0,0.5844381126259411,1.0,0.0,0.0,1.0,0.0,0.0,1.0,0.0,0.0
2167-FQSTQ,0,1.6137012404433893,0.9185851311729007,1.9865787233597683,1.0,0.0,0.0,1.0,1.0,0.0,0.0,1.0,0.0,0.0,1.0,1.0,0.0,0.0,0.0,0.0,1.0,0.0,0.0,1.0,0.0,0.0,1.0,0.0,0.0,1.0,0.0,0.0,1.0,0.0,0.0,1.0,0.0,0.0,1.0,0.0,1.0,0.0,0.0,1.0,0.0,1.0,0.0,9.0,0.0,1.0,0.0,1.2310697132598876,0.0,1.0,0.0,0.0,1.0,0.0,0.0,1.0,0.0
2819-GWENI,0,-0.1779947632379461,-1.491020519067978,-0.7677987400079737,1.0,0.0,0.0,1.0,0.0,1.0,0.0,1.0,1.0,0.0,0.0,0.0,0.0,1.0,0.0,1.0,0.0,0.0,1.0,0.0,0.0,1.0,0.0,0.0,1.0,0.0,0.0,1.0,0.0,0.0,1.0,0.0,0.0,1.0,0.0,1.0,0.0,0.0,0.0,0.0,1.0,1.0,0.0,1.0,0.0,0.0,1.0,4.313602973709786,0.0,0.0,1.0,0.0,0.0,1.0,0.0,0.0,1.0
1043-YCUTE,0,0.9621754209229036,-1.3165318340505352,-0.421841589249566,0.0,1.0,0.0,1.0,1.0,0.0,0.0,1.0,0.0,0.0,1.0,0.0,0.0,1.0,0.0,1.0,0.0,0.0,1.0,0.0,0.0,1.0,0.0,0.0,1.0,0.0,0.0,1.0,0.0,0.0,1.0,0.0,0.0,0.0,1.0,0.0,1.0,0.0,1.0,0.0,0.0,0.0,1.0,2.0,0.0,1.0,0.0,-0.4384248236615129,0.0,1.0,0.0,0.0,1.0,0.0,0.0,1.0,0.0
3814-MLAXC,0,-0.055833672077855064,0.5014740841312035,0.05331731066346725,1.0,0.0,1.0,0.0,1.0,0.0,0.0,1.0,0.0,0.0,1.0,0.0,1.0,0.0,1.0,0.0,0.0,1.0,0.0,0.0,1.0,0.0,0.0,0.0,0.0,1.0,1.0,0.0,0.0,1.0,0.0,0.0,1.0,0.0,0.0,0.0,1.0,0.0,1.0,0.0,0.0,0.0,1.0,4.0,0.0,0.0,1.0,-0.9549311137752328,0.0,0.0,1.0,0.0,0.0,1.0,0.0,0.0,1.0
3572-UUHRS,0,0.5142514200025698,-1.5259182560714666,-0.6247216450759433,0.0,1.0,1.0,0.0,1.0,0.0,0.0,1.0,1.0,0.0,0.0,0.0,0.0,1.0,0.0,1.0,0.0,0.0,1.0,0.0,0.0,1.0,0.0,0.0,1.0,0.0,0.0,1.0,0.0,0.0,1.0,0.0,0.0,1.0,0.0,1.0,0.0,1.0,0.0,0.0,0.0,1.0,0.0,1.0,0.0,1.0,0.0,-1.2148175401690118,0.0,1.0,0.0,0.0,1.0,0.0,0.0,1.0,0.0
2692-PFYTJ,0,-1.2774445836787656,-1.2965902700485417,-0.9960029563311087,1.0,0.0,1.0,0.0,1.0,0.0,0.0,1.0,0.0,0.0,1.0,0.0,0.0,1.0,0.0,1.0,0.0,0.0,1.0,0.0,0.0,1.0,0.0,0.0,1.0,0.0,0.0,1.0,0.0,0.0,1.0,0.0,1.0,0.0,0.0,0.0,1.0,0.0,0.0,0.0,1.0,1.0,0.0,2.0,1.0,0.0,0.0,0.7796838853571514,1.0,0.0,0.0,1.0,0.0,0.0,1.0,0.0,0.0
1226-UDFZR,0,-1.2367242199587352,-0.5039131009693008,-0.9567593313104363,1.0,0.0,1.0,0.0,1.0,0.0,0.0,1.0,1.0,0.0,0.0,1.0,0.0,0.0,1.0,0.0,0.0,0.0,0.0,1.0,1.0,0.0,0.0,1.0,0.0,0.0,1.0,0.0,0.0,1.0,0.0,0.0,1.0,0.0,0.0,0.0,1.0,0.0,0.0,0.0,1.0,0.0,1.0,3.0,1.0,0.0,0.0,0.7736238329207783,1.0,0.0,0.0,1.0,0.0,0.0,1.0,0.0,0.0
5955-EPOAZ,0,-1.0738427650786138,-1.4561227820644893,-0.9590535061289578,1.0,0.0,1.0,0.0,1.0,0.0,0.0,1.0,1.0,0.0,0.0,0.0,0.0,1.0,0.0,1.0,0.0,0.0,1.0,0.0,0.0,1.0,0.0,0.0,1.0,0.0,0.0,1.0,0.0,0.0,1.0,0.0,1.0,0.0,0.0,0.0,1.0,0.0,0.0,0.0,1.0,1.0,0.0,1.0,1.0,0.0,0.0,0.8931042209505854,1.0,0.0,0.0,1.0,0.0,0.0,1.0,0.0,0.0
6821-JPCDC,0,0.6364125111626608,1.07313225218835,1.0631071807850554,1.0,0.0,0.0,1.0,1.0,0.0,0.0,1.0,1.0,0.0,0.0,0.0,1.0,0.0,1.0,0.0,0.0,0.0,0.0,1.0,0.0,0.0,1.0,1.0,0.0,0.0,0.0,0.0,1.0,0.0,0.0,1.0,0.0,1.0,0.0,0.0,1.0,0.0,0.0,1.0,0.0,1.0,0.0,6.0,0.0,1.0,0.0,1.6704687009418888,0.0,1.0,0.0,0.0,1.0,0.0,0.0,1.0,0.0
8815-LMFLX,0,-0.30015585439803716,-1.3082228490497045,-0.7661001682673375,0.0,1.0,0.0,1.0,0.0,1.0,0.0,1.0,0.0,0.0,1.0,0.0,0.0,1.0,0.0,1.0,0.0,0.0,1.0,0.0,0.0,1.0,0.0,0.0,1.0,0.0,0.0,1.0,0.0,0.0,1.0,0.0,1.0,0.0,0.0,0.0,1.0,1.0,0.0,0.0,0.0,1.0,0.0,2.0,0.0,0.0,1.0,2.5523412488613695,0.0,0.0,1.0,0.0,0.0,1.0,0.0,0.0,1.0
9135-HSWOC,0,1.2879383306831464,-1.4976677070686424,-0.4452686436463925,0.0,1.0,0.0,1.0,0.0,1.0,0.0,1.0,1.0,0.0,0.0,0.0,0.0,1.0,0.0,1.0,0.0,0.0,1.0,0.0,0.0,1.0,0.0,0.0,1.0,0.0,0.0,1.0,0.0,0.0,1.0,0.0,0.0,0.0,1.0,0.0,1.0,1.0,0.0,0.0,0.0,1.0,0.0,1.0,0.0,1.0,0.0,-0.3457220218069088,0.0,1.0,0.0,0.0,1.0,0.0,0.0,1.0,0.0
8582-KRHPJ,0,0.7178532386027215,-0.9891578250178088,-0.22099099576265013,0.0,1.0,1.0,0.0,1.0,0.0,1.0,0.0,0.0,1.0,0.0,1.0,0.0,0.0,0.0,0.0,1.0,0.0,0.0,1.0,1.0,0.0,0.0,1.0,0.0,0.0,1.0,0.0,0.0,1.0,0.0,0.0,1.0,0.0,0.0,0.0,1.0,0.0,0.0,0.0,1.0,1.0,0.0,3.0,0.0,1.0,0.0,-0.3078498276232647,0.0,1.0,0.0,0.0,1.0,0.0,0.0,1.0,0.0
5811-IWXYM,0,0.7992939660427822,1.2127232002023045,1.3314153376858089,1.0,0.0,0.0,1.0,0.0,1.0,0.0,1.0,0.0,0.0,1.0,0.0,1.0,0.0,1.0,0.0,0.0,1.0,0.0,0.0,0.0,0.0,1.0,1.0,0.0,0.0,0.0,0.0,1.0,0.0,0.0,1.0,0.0,1.0,0.0,1.0,0.0,1.0,0.0,0.0,0.0,1.0,0.0,6.0,0.0,1.0,0.0,1.665739257707026,0.0,1.0,0.0,0.0,1.0,0.0,0.0,1.0,0.0
7044-YAACC,1,-1.1552834925186746,0.18074726309914202,-0.88367662771657,0.0,1.0,0.0,1.0,1.0,0.0,0.0,1.0,1.0,0.0,0.0,0.0,1.0,0.0,1.0,0.0,0.0,1.0,0.0,0.0,1.0,0.0,0.0,1.0,0.0,0.0,1.0,0.0,0.0,1.0,0.0,0.0,1.0,0.0,0.0,0.0,1.0,0.0,0.0,1.0,0.0,1.0,0.0,2.0,1.0,0.0,0.0,0.7649002460772941,1.0,0.0,0.0,1.0,0.0,0.0,1.0,0.0,0.0
8189-XRIKE,1,-0.015113308357824713,0.8703930181680831,0.27117568092999994,1.0,0.0,1.0,0.0,1.0,0.0,0.0,1.0,1.0,0.0,0.0,0.0,1.0,0.0,1.0,0.0,0.0,1.0,0.0,0.0,1.0,0.0,0.0,1.0,0.0,0.0,0.0,0.0,1.0,0.0,0.0,1.0,1.0,0.0,0.0,1.0,0.0,0.0,0.0,1.0,0.0,1.0,0.0,4.0,0.0,0.0,1.0,-17.942840476063097,0.0,0.0,1.0,0.0,0.0,1.0,0.0,0.0,1.0
1506-YJTYT,0,0.5142514200025698,0.3020584441112687,0.4798794112957014,0.0,1.0,0.0,1.0,0.0,1.0,0.0,1.0,0.0,0.0,1.0,1.0,0.0,0.0,0.0,0.0,1.0,0.0,0.0,1.0,1.0,0.0,0.0,0.0,0.0,1.0,0.0,0.0,1.0,1.0,0.0,0.0,0.0,0.0,1.0,1.0,0.0,0.0,1.0,0.0,0.0,1.0,0.0,7.0,0.0,1.0,0.0,0.9331610815839911,0.0,1.0,0.0,0.0,1.0,0.0,0.0,1.0,0.0
4123-DVHPH,0,-0.9516816739185228,0.7740087921584478,-0.6538400177725637,0.0,1.0,0.0,1.0,1.0,0.0,0.0,1.0,0.0,0.0,1.0,0.0,1.0,0.0,0.0,0.0,1.0,1.0,0.0,0.0,1.0,0.0,0.0,1.0,0.0,0.0,1.0,0.0,0.0,0.0,0.0,1.0,1.0,0.0,0.0,0.0,1.0,0.0,0.0,1.0,0.0,1.0,0.0,5.0,1.0,0.0,0.0,0.6870364699578544,1.0,0.0,0.0,1.0,0.0,0.0,1.0,0.0,0.0
6425-YQLLO,1,1.369379058123207,1.3689321182179202,2.0700293323834917,1.0,0.0,0.0,1.0,1.0,0.0,0.0,1.0,0.0,0.0,1.0,0.0,1.0,0.0,1.0,0.0,0.0,1.0,0.0,0.0,0.0,0.0,1.0,0.0,0.0,1.0,0.0,0.0,1.0,0.0,0.0,1.0,0.0,1.0,0.0,0.0,1.0,0.0,1.0,0.0,0.0,0.0,1.0,7.0,0.0,1.0,0.0,1.511655461724788,0.0,1.0,0.0,0.0,1.0,0.0,0.0,1.0,0.0
5442-UTCVD,0,-1.1960038562387048,0.9003053641710731,-0.8939562956534072,0.0,1.0,1.0,0.0,0.0,1.0,0.0,1.0,0.0,0.0,1.0,0.0,1.0,0.0,1.0,0.0,0.0,1.0,0.0,0.0,0.0,0.0,1.0,1.0,0.0,0.0,1.0,0.0,0.0,0.0,0.0,1.0,1.0,0.0,0.0,1.0,0.0,0.0,0.0,1.0,0.0,0.0,1.0,5.0,1.0,0.0,0.0,0.747452686703534,1.0,0.0,0.0,1.0,0.0,0.0,1.0,0.0,0.0
2228-BZDEE,0,0.880734693482843,-1.4843733310673135,-0.5311237243549126,1.0,0.0,1.0,0.0,1.0,0.0,0.0,1.0,1.0,0.0,0.0,0.0,0.0,1.0,0.0,1.0,0.0,0.0,1.0,0.0,0.0,1.0,0.0,0.0,1.0,0.0,0.0,1.0,0.0,0.0,1.0,0.0,0.0,0.0,1.0,1.0,0.0,0.0,0.0,0.0,1.0,1.0,0.0,1.0,0.0,1.0,0.0,-0.6030462161704989,0.0,1.0,0.0,0.0,1.0,0.0,0.0,1.0,0.0
7734-DBOAI,0,-1.2774445836787656,-0.8196545310008642,-0.9896719162069193,1.0,0.0,0.0,1.0,0.0,1.0,1.0,0.0,0.0,1.0,0.0,1.0,0.0,0.0,1.0,0.0,0.0,1.0,0.0,0.0,1.0,0.0,0.0,0.0,0.0,1.0,0.0,0.0,1.0,1.0,0.0,0.0,1.0,0.0,0.0,1.0,0.0,0.0,0.0,1.0,0.0,0.0,1.0,3.0,1.0,0.0,0.0,0.7747278659688526,1.0,0.0,0.0,1.0,0.0,0.0,1.0,0.0,0.0
2789-CZANW,0,1.2879383306831464,1.5135084572323727,2.0797575159889536,1.0,0.0,0.0,1.0,0.0,1.0,0.0,1.0,0.0,0.0,1.0,0.0,1.0,0.0,0.0,0.0,1.0,0.0,0.0,1.0,1.0,0.0,0.0,0.0,0.0,1.0,0.0,0.0,1.0,0.0,0.0,1.0,0.0,0.0,1.0,1.0,0.0,1.0,0.0,0.0,0.0,1.0,0.0,8.0,0.0,1.0,0.0,1.6147958845869674,0.0,1.0,0.0,0.0,1.0,0.0,0.0,1.0,0.0
2091-RFFBA,1,-0.055833672077855064,0.30372024111143525,-0.029184745310290607,1.0,0.0,1.0,0.0,1.0,0.0,0.0,1.0,0.0,0.0,1.0,0.0,1.0,0.0,1.0,0.0,0.0,1.0,0.0,0.0,1.0,0.0,0.0,1.0,0.0,0.0,1.0,0.0,0.0,1.0,0.0,0.0,1.0,0.0,0.0,0.0,1.0,0.0,0.0,1.0,0.0,0.0,1.0,3.0,0.0,0.0,1.0,0.52270868499559,0.0,0.0,1.0,0.0,0.0,1.0,0.0,0.0,1.0
2114-MGINA,0,-0.748079855318371,0.8321716871642622,-0.5092187667126824,1.0,0.0,1.0,0.0,1.0,0.0,0.0,1.0,1.0,0.0,0.0,0.0,1.0,0.0,1.0,0.0,0.0,1.0,0.0,0.0,1.0,0.0,0.0,1.0,0.0,0.0,0.0,0.0,1.0,0.0,0.0,1.0,1.0,0.0,0.0,0.0,1.0,0.0,0.0,0.0,1.0,0.0,1.0,4.0,1.0,0.0,0.0,0.6807010816993153,1.0,0.0,0.0,1.0,0.0,0.0,1.0,0.0,0.0
7596-LDUXP,0,-0.8295205827584317,0.677624566148813,-0.5754189458509837,1.0,0.0,1.0,0.0,1.0,0.0,0.0,1.0,1.0,0.0,0.0,0.0,1.0,0.0,0.0,0.0,1.0,1.0,0.0,0.0,1.0,0.0,0.0,1.0,0.0,0.0,0.0,0.0,1.0,1.0,0.0,0.0,0.0,1.0,0.0,0.0,1.0,0.0,1.0,0.0,0.0,1.0,0.0,4.0,1.0,0.0,0.0,0.6936765136526504,1.0,0.0,0.0,1.0,0.0,0.0,1.0,0.0,0.0
3740-RLMVT,1,1.4100994218432374,-0.12668518193159078,0.8100641101767728,0.0,1.0,0.0,1.0,1.0,0.0,0.0,1.0,1.0,0.0,0.0,1.0,0.0,0.0,0.0,0.0,1.0,0.0,0.0,1.0,1.0,0.0,0.0,0.0,0.0,1.0,1.0,0.0,0.0,1.0,0.0,0.0,0.0,1.0,0.0,0.0,1.0,1.0,0.0,0.0,0.0,1.0,0.0,5.0,0.0,1.0,0.0,0.5744730461047084,0.0,1.0,0.0,0.0,1.0,0.0,0.0,1.0,0.0
4489-SNOJF,0,0.10704778280226633,0.24888094010595296,0.12584852992595816,1.0,0.0,0.0,1.0,0.0,1.0,0.0,1.0,0.0,0.0,1.0,1.0,0.0,0.0,0.0,0.0,1.0,1.0,0.0,0.0,0.0,0.0,1.0,0.0,0.0,1.0,0.0,0.0,1.0,1.0,0.0,0.0,1.0,0.0,0.0,1.0,0.0,0.0,0.0,1.0,0.0,0.0,1.0,7.0,0.0,0.0,1.0,1.1756294864922114,0.0,0.0,1.0,0.0,0.0,1.0,0.0,0.0,1.0
2192-OZITF,0,0.5142514200025698,0.2920876621102721,0.4702174058100046,1.0,0.0,1.0,0.0,1.0,0.0,0.0,1.0,0.0,0.0,1.0,1.0,0.0,0.0,0.0,0.0,1.0,1.0,0.0,0.0,1.0,0.0,0.0,0.0,0.0,1.0,1.0,0.0,0.0,0.0,0.0,1.0,0.0,0.0,1.0,1.0,0.0,0.0,0.0,0.0,1.0,1.0,0.0,6.0,0.0,1.0,0.0,0.9143725958163709,0.0,1.0,0.0,0.0,1.0,0.0,0.0,1.0,0.0
5651-CPDND,0,-0.9109613101984924,-0.6235624849812617,-0.7902551819815795,0.0,1.0,1.0,0.0,1.0,0.0,0.0,1.0,1.0,0.0,0.0,1.0,0.0,0.0,1.0,0.0,0.0,1.0,0.0,0.0,1.0,0.0,0.0,1.0,0.0,0.0,1.0,0.0,0.0,1.0,0.0,0.0,1.0,0.0,0.0,1.0,0.0,0.0,0.0,0.0,1.0,1.0,0.0,2.0,1.0,0.0,0.0,0.8674958784027702,1.0,0.0,0.0,1.0,0.0,0.0,1.0,0.0,0.0
2186-QZEYA,1,-0.13727439951791576,-0.20645143793956489,-0.24898434042326478,1.0,0.0,1.0,0.0,1.0,0.0,0.0,1.0,0.0,0.0,1.0,1.0,0.0,0.0,0.0,0.0,1.0,0.0,0.0,1.0,1.0,0.0,0.0,1.0,0.0,0.0,1.0,0.0,0.0,1.0,0.0,0.0,1.0,0.0,0.0,0.0,1.0,1.0,0.0,0.0,0.0,1.0,0.0,5.0,0.0,0.0,1.0,1.8137711131693546,0.0,0.0,1.0,0.0,0.0,1.0,0.0,0.0,1.0
1131-ALZWV,0,-0.3408762181180675,-1.3348116010523623,-0.7403348203054794,1.0,0.0,1.0,0.0,1.0,0.0,0.0,1.0,0.0,0.0,1.0,0.0,0.0,1.0,0.0,1.0,0.0,0.0,1.0,0.0,0.0,1.0,0.0,0.0,1.0,0.0,0.0,1.0,0.0,0.0,1.0,0.0,0.0,1.0,0.0,1.0,0.0,1.0,0.0,0.0,0.0,1.0,0.0,2.0,0.0,0.0,1.0,2.171858231685302,0.0,0.0,1.0,0.0,0.0,1.0,0.0,0.0,1.0
7729-XBTWX,0,1.369379058123207,-1.4960059100684764,-0.41418698673007565,0.0,1.0,0.0,1.0,0.0,1.0,0.0,1.0,1.0,0.0,0.0,0.0,0.0,1.0,0.0,1.0,0.0,0.0,1.0,0.0,0.0,1.0,0.0,0.0,1.0,0.0,0.0,1.0,0.0,0.0,1.0,0.0,0.0,0.0,1.0,0.0,1.0,0.0,0.0,0.0,1.0,1.0,0.0,1.0,0.0,1.0,0.0,-0.30246335685733117,0.0,1.0,0.0,0.0,1.0,0.0,0.0,1.0,0.0
9134-WYRVP,0,0.758573602322752,0.7175076941527995,0.8752495581453436,0.0,1.0,1.0,0.0,1.0,0.0,0.0,1.0,1.0,0.0,0.0,0.0,1.0,0.0,0.0,0.0,1.0,1.0,0.0,0.0,1.0,0.0,0.0,1.0,0.0,0.0,0.0,0.0,1.0,1.0,0.0,0.0,0.0,1.0,0.0,1.0,0.0,0.0,0.0,0.0,1.0,1.0,0.0,4.0,0.0,1.0,0.0,1.1538096704991183,0.0,1.0,0.0,0.0,1.0,0.0,0.0,1.0,0.0
3284-SVCRO,0,0.5142514200025698,-1.304899255049372,-0.5127703258067399,1.0,0.0,0.0,1.0,1.0,0.0,0.0,1.0,0.0,0.0,1.0,0.0,0.0,1.0,0.0,1.0,0.0,0.0,1.0,0.0,0.0,1.0,0.0,0.0,1.0,0.0,0.0,1.0,0.0,0.0,1.0,0.0,0.0,0.0,1.0,1.0,0.0,0.0,0.0,0.0,1.0,1.0,0.0,2.0,0.0,1.0,0.0,-0.9971199025647366,0.0,1.0,0.0,0.0,1.0,0.0,0.0,1.0,0.0
9732-OUYRN,0,0.6771328748826912,-1.5209328650709681,-0.6020446093697874,1.0,0.0,0.0,1.0,1.0,0.0,0.0,1.0,1.0,0.0,0.0,0.0,0.0,1.0,0.0,1.0,0.0,0.0,1.0,0.0,0.0,1.0,0.0,0.0,1.0,0.0,0.0,1.0,0.0,0.0,1.0,0.0,0.0,1.0,0.0,1.0,0.0,0.0,1.0,0.0,0.0,1.0,0.0,1.0,0.0,1.0,0.0,-0.8891085216828198,0.0,1.0,0.0,0.0,1.0,0.0,0.0,1.0,0.0
0559-CKHUS,0,-0.13727439951791576,-1.502653098069141,-0.7771519142681003,1.0,0.0,0.0,1.0,1.0,0.0,0.0,1.0,1.0,0.0,0.0,0.0,0.0,1.0,0.0,1.0,0.0,0.0,1.0,0.0,0.0,1.0,0.0,0.0,1.0,0.0,0.0,1.0,0.0,0.0,1.0,0.0,0.0,0.0,1.0,0.0,1.0,0.0,0.0,0.0,1.0,1.0,0.0,1.0,0.0,0.0,1.0,5.661302595366107,0.0,0.0,1.0,0.0,0.0,1.0,0.0,0.0,1.0
2931-SVLTV,0,0.3106496014024181,1.506861269231708,0.9643473667223513,0.0,1.0,0.0,1.0,0.0,1.0,0.0,1.0,0.0,0.0,1.0,0.0,1.0,0.0,0.0,0.0,1.0,0.0,0.0,1.0,1.0,0.0,0.0,0.0,0.0,1.0,0.0,0.0,1.0,0.0,0.0,1.0,1.0,0.0,0.0,0.0,1.0,0.0,1.0,0.0,0.0,1.0,0.0,8.0,0.0,0.0,1.0,3.104292947323398,0.0,0.0,1.0,0.0,0.0,1.0,0.0,0.0,1.0
6899-PPEEA,1,0.18848851024232702,1.0565142821866886,0.5722199477411962,1.0,0.0,1.0,0.0,1.0,0.0,0.0,1.0,0.0,0.0,1.0,0.0,1.0,0.0,1.0,0.0,0.0,1.0,0.0,0.0,1.0,0.0,0.0,1.0,0.0,0.0,0.0,0.0,1.0,0.0,0.0,1.0,1.0,0.0,0.0,0.0,1.0,0.0,0.0,1.0,0.0,0.0,1.0,5.0,0.0,0.0,1.0,3.035834635254592,0.0,0.0,1.0,0.0,0.0,1.0,0.0,0.0,1.0
7504-UWHNB,0,-0.30015585439803716,0.1657910900976468,-0.24439599078622162,0.0,1.0,1.0,0.0,1.0,0.0,0.0,1.0,1.0,0.0,0.0,0.0,1.0,0.0,1.0,0.0,0.0,1.0,0.0,0.0,1.0,0.0,0.0,1.0,0.0,0.0,1.0,0.0,0.0,1.0,0.0,0.0,1.0,0.0,0.0,1.0,0.0,0.0,0.0,1.0,0.0,1.0,0.0,2.0,0.0,0.0,1.0,0.8142302980441878,0.0,0.0,1.0,0.0,0.0,1.0,0.0,0.0,1.0
2582-FFFZR,0,-0.4223169455581282,-0.47067716096597834,-0.5338370272652796,1.0,0.0,1.0,0.0,1.0,0.0,1.0,0.0,0.0,1.0,0.0,1.0,0.0,0.0,1.0,0.0,0.0,1.0,0.0,0.0,0.0,0.0,1.0,1.0,0.0,0.0,0.0,0.0,1.0,0.0,0.0,1.0,1.0,0.0,0.0,0.0,1.0,0.0,0.0,1.0,0.0,1.0,0.0,4.0,0.0,0.0,1.0,1.264067267203233,0.0,0.0,1.0,0.0,0.0,1.0,0.0,0.0,1.0
8908-NMQTX,0,1.6137012404433893,0.0278619390838584,1.0073190258231213,0.0,1.0,1.0,0.0,1.0,0.0,1.0,0.0,0.0,1.0,0.0,1.0,0.0,0.0,0.0,0.0,1.0,0.0,0.0,1.0,0.0,0.0,1.0,0.0,0.0,1.0,0.0,0.0,1.0,0.0,0.0,1.0,0.0,0.0,1.0,0.0,1.0,1.0,0.0,0.0,0.0,1.0,0.0,7.0,0.0,1.0,0.0,0.6242289468317845,0.0,1.0,0.0,0.0,1.0,0.0,0.0,1.0,0.0
2187-LZGPL,0,-1.0331224013585834,-0.8196545310008642,-0.8779632500435209,1.0,0.0,1.0,0.0,1.0,0.0,1.0,0.0,0.0,1.0,0.0,1.0,0.0,0.0,1.0,0.0,0.0,0.0,0.0,1.0,1.0,0.0,0.0,1.0,0.0,0.0,1.0,0.0,0.0,0.0,0.0,1.0,1.0,0.0,0.0,0.0,1.0,0.0,1.0,0.0,0.0,0.0,1.0,3.0,1.0,0.0,0.0,0.8498153257435672,1.0,0.0,0.0,1.0,0.0,0.0,1.0,0.0,0.0
1431-AIDJQ,0,0.025607055362205634,0.576254949138679,0.14109155684517374,0.0,1.0,0.0,1.0,0.0,1.0,0.0,1.0,1.0,0.0,0.0,1.0,0.0,0.0,1.0,0.0,0.0,0.0,0.0,1.0,0.0,0.0,1.0,0.0,0.0,1.0,0.0,0.0,1.0,0.0,0.0,1.0,0.0,0.0,1.0,1.0,0.0,0.0,1.0,0.0,0.0,1.0,0.0,7.0,0.0,0.0,1.0,5.509870418502543,0.0,0.0,1.0,0.0,0.0,1.0,0.0,0.0,1.0
6288-LBEAR,0,-0.38159658183809786,0.47654712912871167,-0.22039539268476477,1.0,0.0,1.0,0.0,1.0,0.0,0.0,1.0,1.0,0.0,0.0,0.0,1.0,0.0,1.0,0.0,0.0,0.0,0.0,1.0,1.0,0.0,0.0,0.0,0.0,1.0,1.0,0.0,0.0,1.0,0.0,0.0,1.0,0.0,0.0,0.0,1.0,0.0,0.0,0.0,1.0,1.0,0.0,4.0,0.0,0.0,1.0,0.5775612339690013,0.0,0.0,1.0,0.0,0.0,1.0,0.0,0.0,1.0
4597-NUCQV,1,-0.3408762181180675,1.2127232002023045,0.0692000594070784,0.0,1.0,1.0,0.0,1.0,0.0,0.0,1.0,0.0,0.0,1.0,0.0,1.0,0.0,1.0,0.0,0.0,0.0,0.0,1.0,1.0,0.0,0.0,1.0,0.0,0.0,0.0,0.0,1.0,0.0,0.0,1.0,1.0,0.0,0.0,0.0,1.0,0.0,0.0,1.0,0.0,0.0,1.0,6.0,0.0,0.0,1.0,-0.2030064161974184,0.0,0.0,1.0,0.0,0.0,1.0,0.0,0.0,1.0
9019-QVLZD,0,-1.2774445836787656,0.4915033021302069,-0.972267070708712,1.0,0.0,1.0,0.0,1.0,0.0,0.0,1.0,1.0,0.0,0.0,0.0,1.0,0.0,1.0,0.0,0.0,1.0,0.0,0.0,1.0,0.0,0.0,1.0,0.0,0.0,0.0,0.0,1.0,1.0,0.0,0.0,1.0,0.0,0.0,1.0,0.0,0.0,0.0,1.0,0.0,0.0,1.0,3.0,1.0,0.0,0.0,0.7611031297410898,1.0,0.0,0.0,1.0,0.0,0.0,1.0,0.0,0.0
8413-YNHNV,0,1.4915401492832983,0.8604222361670865,1.7818677395532247,0.0,1.0,1.0,0.0,1.0,0.0,0.0,1.0,0.0,0.0,1.0,1.0,0.0,0.0,0.0,0.0,1.0,0.0,0.0,1.0,0.0,0.0,1.0,0.0,0.0,1.0,0.0,0.0,1.0,0.0,0.0,1.0,0.0,0.0,1.0,1.0,0.0,0.0,0.0,0.0,1.0,1.0,0.0,9.0,0.0,1.0,0.0,1.1946495308285414,0.0,1.0,0.0,0.0,1.0,0.0,0.0,1.0,0.0
5808-TOTXO,0,-1.1960038562387048,-1.4694171580658184,-0.9820393730606839,1.0,0.0,1.0,0.0,0.0,1.0,0.0,1.0,1.0,0.0,0.0,0.0,0.0,1.0,0.0,1.0,0.0,0.0,1.0,0.0,0.0,1.0,0.0,0.0,1.0,0.0,0.0,1.0,0.0,0.0,1.0,0.0,0.0,1.0,0.0,0.0,1.0,0.0,1.0,0.0,0.0,1.0,0.0,1.0,1.0,0.0,0.0,0.82110050727519,1.0,0.0,0.0,1.0,0.0,0.0,1.0,0.0,0.0
4369-NYSCF,0,0.9621754209229036,0.3652067301175816,0.882970338784599,0.0,1.0,1.0,0.0,1.0,0.0,0.0,1.0,1.0,0.0,0.0,1.0,0.0,0.0,1.0,0.0,0.0,0.0,0.0,1.0,1.0,0.0,0.0,0.0,0.0,1.0,0.0,0.0,1.0,0.0,0.0,1.0,0.0,1.0,0.0,0.0,1.0,1.0,0.0,0.0,0.0,1.0,0.0,6.0,0.0,1.0,0.0,0.9176812456274008,0.0,1.0,0.0,0.0,1.0,0.0,0.0,1.0,0.0
6333-YDVLT,0,1.3286586944031769,1.503537675231376,2.142119364180882,0.0,1.0,1.0,0.0,1.0,0.0,0.0,1.0,0.0,0.0,1.0,0.0,1.0,0.0,0.0,0.0,1.0,1.0,0.0,0.0,0.0,0.0,1.0,0.0,0.0,1.0,0.0,0.0,1.0,0.0,0.0,1.0,0.0,1.0,0.0,0.0,1.0,0.0,1.0,0.0,0.0,1.0,0.0,8.0,0.0,1.0,0.0,1.6122420100845427,0.0,1.0,0.0,0.0,1.0,0.0,0.0,1.0,0.0
5324-KTGCG,0,1.5729808767233588,-1.4594463760648215,-0.32804513416924025,0.0,1.0,0.0,1.0,1.0,0.0,0.0,1.0,1.0,0.0,0.0,0.0,0.0,1.0,0.0,1.0,0.0,0.0,1.0,0.0,0.0,1.0,0.0,0.0,1.0,0.0,0.0,1.0,0.0,0.0,1.0,0.0,0.0,1.0,0.0,1.0,0.0,0.0,0.0,1.0,0.0,1.0,0.0,1.0,0.0,1.0,0.0,-0.20854998240829456,0.0,1.0,0.0,0.0,1.0,0.0,0.0,1.0,0.0
5599-HVLTW,1,-0.748079855318371,0.5180920541328647,-0.5405430767348043,1.0,0.0,1.0,0.0,1.0,0.0,0.0,1.0,0.0,0.0,1.0,0.0,1.0,0.0,1.0,0.0,0.0,1.0,0.0,0.0,0.0,0.0,1.0,1.0,0.0,0.0,1.0,0.0,0.0,1.0,0.0,0.0,1.0,0.0,0.0,0.0,1.0,1.0,0.0,0.0,0.0,1.0,0.0,4.0,1.0,0.0,0.0,0.7225740312239228,1.0,0.0,0.0,1.0,0.0,0.0,1.0,0.0,0.0
7394-LWLYN,0,-1.2367242199587352,0.179085466098976,-0.9527445253780233,1.0,0.0,1.0,0.0,1.0,0.0,0.0,1.0,1.0,0.0,0.0,0.0,1.0,0.0,1.0,0.0,0.0,1.0,0.0,0.0,1.0,0.0,0.0,1.0,0.0,0.0,1.0,0.0,0.0,1.0,0.0,0.0,1.0,0.0,0.0,0.0,1.0,0.0,0.0,1.0,0.0,1.0,0.0,2.0,1.0,0.0,0.0,0.7703775102017594,1.0,0.0,0.0,1.0,0.0,0.0,1.0,0.0,0.0
3707-LRWZD,0,-0.015113308357824713,0.641065032145158,0.21995381623185406,1.0,0.0,1.0,0.0,1.0,0.0,0.0,1.0,0.0,0.0,1.0,0.0,1.0,0.0,1.0,0.0,0.0,1.0,0.0,0.0,1.0,0.0,0.0,1.0,0.0,0.0,0.0,0.0,1.0,1.0,0.0,0.0,0.0,1.0,0.0,1.0,0.0,0.0,0.0,1.0,0.0,0.0,1.0,4.0,0.0,0.0,1.0,-14.553651061977831,0.0,0.0,1.0,0.0,0.0,1.0,0.0,0.0,1.0
6873-UDNLD,0,0.3106496014024181,0.08934842809000525,0.19751943363150334,0.0,1.0,1.0,0.0,1.0,0.0,0.0,1.0,1.0,0.0,0.0,1.0,0.0,0.0,0.0,0.0,1.0,1.0,0.0,0.0,0.0,0.0,1.0,1.0,0.0,0.0,1.0,0.0,0.0,0.0,0.0,1.0,1.0,0.0,0.0,1.0,0.0,0.0,0.0,1.0,0.0,1.0,0.0,5.0,0.0,0.0,1.0,0.6358270950286365,0.0,0.0,1.0,0.0,0.0,1.0,0.0,0.0,1.0
2700-LUEVA,0,-1.2774445836787656,-1.462769970065154,-0.9982088936566103,0.0,1.0,1.0,0.0,1.0,0.0,0.0,1.0,1.0,0.0,0.0,0.0,0.0,1.0,0.0,1.0,0.0,0.0,1.0,0.0,0.0,1.0,0.0,0.0,1.0,0.0,0.0,1.0,0.0,0.0,1.0,0.0,1.0,0.0,0.0,1.0,0.0,0.0,1.0,0.0,0.0,1.0,0.0,1.0,1.0,0.0,0.0,0.781410721380949,1.0,0.0,0.0,1.0,0.0,0.0,1.0,0.0,0.0
1455-ESIQH,0,-1.2774445836787656,0.8089065291619363,-0.9680537304170042,0.0,1.0,1.0,0.0,1.0,0.0,0.0,1.0,1.0,0.0,0.0,0.0,1.0,0.0,1.0,0.0,0.0,1.0,0.0,0.0,1.0,0.0,0.0,1.0,0.0,0.0,0.0,0.0,1.0,0.0,0.0,1.0,1.0,0.0,0.0,0.0,1.0,0.0,0.0,1.0,0.0,0.0,1.0,4.0,1.0,0.0,0.0,0.7578048729356366,1.0,0.0,0.0,1.0,0.0,0.0,1.0,0.0,0.0
0958-YHXGP,0,-1.0331224013585834,0.17077648109814536,-0.7879610071630578,1.0,0.0,1.0,0.0,1.0,0.0,0.0,1.0,1.0,0.0,0.0,0.0,1.0,0.0,1.0,0.0,0.0,1.0,0.0,0.0,1.0,0.0,0.0,1.0,0.0,0.0,1.0,0.0,0.0,1.0,0.0,0.0,1.0,0.0,0.0,0.0,1.0,0.0,0.0,0.0,1.0,1.0,0.0,2.0,1.0,0.0,0.0,0.7626985980817648,1.0,0.0,0.0,1.0,0.0,0.0,1.0,0.0,0.0
1101-SSWAG,0,-0.7073594915983407,-0.45405919096431707,-0.6936130677513566,1.0,0.0,0.0,1.0,1.0,0.0,0.0,1.0,0.0,0.0,1.0,1.0,0.0,0.0,1.0,0.0,0.0,1.0,0.0,0.0,1.0,0.0,0.0,1.0,0.0,0.0,1.0,0.0,0.0,1.0,0.0,0.0,1.0,0.0,0.0,0.0,1.0,0.0,0.0,1.0,0.0,1.0,0.0,3.0,1.0,0.0,0.0,0.9805665662081909,1.0,0.0,0.0,1.0,0.0,0.0,1.0,0.0,0.0
2979-SXESE,0,-0.62591876415828,0.9850570111795457,-0.29828703964822434,1.0,0.0,0.0,1.0,0.0,1.0,0.0,1.0,0.0,0.0,1.0,0.0,1.0,0.0,0.0,0.0,1.0,1.0,0.0,0.0,0.0,0.0,1.0,1.0,0.0,0.0,0.0,0.0,1.0,1.0,0.0,0.0,1.0,0.0,0.0,1.0,0.0,0.0,0.0,1.0,0.0,0.0,1.0,6.0,1.0,0.0,0.0,0.47655871133589256,1.0,0.0,0.0,1.0,0.0,0.0,1.0,0.0,0.0
4013-TLDHQ,0,-0.5444780367182193,0.44829658012588774,-0.34957508246613533,0.0,1.0,1.0,0.0,1.0,0.0,0.0,1.0,1.0,0.0,0.0,0.0,1.0,0.0,1.0,0.0,0.0,0.0,0.0,1.0,0.0,0.0,1.0,1.0,0.0,0.0,1.0,0.0,0.0,1.0,0.0,0.0,1.0,0.0,0.0,0.0,1.0,0.0,0.0,1.0,0.0,0.0,1.0,4.0,1.0,0.0,0.0,0.6420370683327471,1.0,0.0,0.0,1.0,0.0,0.0,1.0,0.0,0.0
5743-KHMNA,0,1.5729808767233588,-1.303237458049206,-0.1699456060505444,0.0,1.0,1.0,0.0,1.0,0.0,0.0,1.0,0.0,0.0,1.0,0.0,0.0,1.0,0.0,1.0,0.0,0.0,1.0,0.0,0.0,1.0,0.0,0.0,1.0,0.0,0.0,1.0,0.0,0.0,1.0,0.0,0.0,0.0,1.0,1.0,0.0,1.0,0.0,0.0,0.0,1.0,0.0,2.0,0.0,1.0,0.0,-0.10804047815543331,0.0,1.0,0.0,0.0,1.0,0.0,0.0,1.0,0.0
4194-FJARJ,0,0.880734693482843,-0.1582593249347472,0.4370621678077163,1.0,0.0,0.0,1.0,0.0,1.0,0.0,1.0,0.0,0.0,1.0,1.0,0.0,0.0,0.0,0.0,1.0,1.0,0.0,0.0,1.0,0.0,0.0,0.0,0.0,1.0,1.0,0.0,0.0,1.0,0.0,0.0,0.0,0.0,1.0,1.0,0.0,1.0,0.0,0.0,0.0,1.0,0.0,5.0,0.0,1.0,0.0,0.4962472479417894,0.0,1.0,0.0,0.0,1.0,0.0,0.0,1.0,0.0
5325-UWTWJ,0,-0.055833672077855064,0.8570986421667539,0.28520544232018985,0.0,1.0,0.0,1.0,1.0,0.0,0.0,1.0,0.0,0.0,1.0,0.0,1.0,0.0,0.0,0.0,1.0,0.0,0.0,1.0,1.0,0.0,0.0,0.0,0.0,1.0,1.0,0.0,0.0,1.0,0.0,0.0,1.0,0.0,0.0,0.0,1.0,0.0,1.0,0.0,0.0,1.0,0.0,6.0,0.0,0.0,1.0,-5.108126184544989,0.0,0.0,1.0,0.0,0.0,1.0,0.0,0.0,1.0
3969-GYXEL,0,-0.8702409464784621,0.3868100911197414,-0.6373396065778122,1.0,0.0,1.0,0.0,1.0,0.0,0.0,1.0,1.0,0.0,0.0,0.0,1.0,0.0,0.0,0.0,1.0,1.0,0.0,0.0,1.0,0.0,0.0,1.0,0.0,0.0,1.0,0.0,0.0,1.0,0.0,0.0,1.0,0.0,0.0,1.0,0.0,0.0,0.0,1.0,0.0,1.0,0.0,3.0,1.0,0.0,0.0,0.732371430184808,1.0,0.0,0.0,1.0,0.0,0.0,1.0,0.0,0.0
9208-OLGAQ,1,-0.5851984004382496,0.6709773781481484,-0.37044324956537994,1.0,0.0,1.0,0.0,1.0,0.0,0.0,1.0,1.0,0.0,0.0,0.0,1.0,0.0,1.0,0.0,0.0,1.0,0.0,0.0,0.0,0.0,1.0,1.0,0.0,0.0,1.0,0.0,0.0,0.0,0.0,1.0,1.0,0.0,0.0,0.0,1.0,0.0,0.0,1.0,0.0,1.0,0.0,4.0,1.0,0.0,0.0,0.633021637256627,1.0,0.0,0.0,1.0,0.0,0.0,1.0,0.0,0.0
3244-CQPHU,1,1.6137012404433893,1.506861269231708,2.410383402335125,1.0,0.0,1.0,0.0,1.0,0.0,0.0,1.0,0.0,0.0,1.0,0.0,1.0,0.0,0.0,0.0,1.0,0.0,0.0,1.0,1.0,0.0,0.0,0.0,0.0,1.0,0.0,0.0,1.0,0.0,0.0,1.0,0.0,0.0,1.0,0.0,1.0,1.0,0.0,0.0,0.0,1.0,0.0,8.0,0.0,1.0,0.0,1.4936986735368905,0.0,1.0,0.0,0.0,1.0,0.0,0.0,1.0,0.0
2674-MLXMN,1,1.5729808767233588,1.1595456961969886,2.059396714474574,1.0,0.0,1.0,0.0,1.0,0.0,0.0,1.0,0.0,0.0,1.0,0.0,1.0,0.0,1.0,0.0,0.0,0.0,0.0,1.0,1.0,0.0,0.0,1.0,0.0,0.0,0.0,0.0,1.0,0.0,0.0,1.0,1.0,0.0,0.0,0.0,1.0,0.0,1.0,0.0,0.0,1.0,0.0,6.0,0.0,1.0,0.0,1.3092318825671023,0.0,1.0,0.0,0.0,1.0,0.0,0.0,1.0,0.0
9708-HPXWZ,1,-1.1145631287986442,-0.6435040489832552,-0.9126185254271503,0.0,1.0,1.0,0.0,1.0,0.0,1.0,0.0,0.0,1.0,0.0,1.0,0.0,0.0,1.0,0.0,0.0,1.0,0.0,0.0,0.0,0.0,1.0,0.0,0.0,1.0,0.0,0.0,1.0,1.0,0.0,0.0,1.0,0.0,0.0,1.0,0.0,0.0,1.0,0.0,0.0,1.0,0.0,4.0,1.0,0.0,0.0,0.8188127723288637,1.0,0.0,0.0,1.0,0.0,0.0,1.0,0.0,0.0
6992-TKNYO,0,0.22920887396235737,0.14086413509515497,0.17036434515457924,0.0,1.0,0.0,1.0,1.0,0.0,0.0,1.0,0.0,0.0,1.0,1.0,0.0,0.0,1.0,0.0,0.0,1.0,0.0,0.0,0.0,0.0,1.0,0.0,0.0,1.0,1.0,0.0,0.0,0.0,0.0,1.0,0.0,1.0,0.0,1.0,0.0,0.0,1.0,0.0,0.0,1.0,0.0,6.0,0.0,0.0,1.0,0.7432711579158053,0.0,0.0,1.0,0.0,0.0,1.0,0.0,0.0,1.0
4468-YDOVK,0,-1.1145631287986442,-0.5354872439724572,-0.903596241765849,0.0,1.0,1.0,0.0,0.0,1.0,0.0,1.0,1.0,0.0,0.0,1.0,0.0,0.0,1.0,0.0,0.0,1.0,0.0,0.0,1.0,0.0,0.0,0.0,0.0,1.0,1.0,0.0,0.0,1.0,0.0,0.0,1.0,0.0,0.0,0.0,1.0,1.0,0.0,0.0,0.0,1.0,0.0,3.0,1.0,0.0,0.0,0.8107178664162429,1.0,0.0,0.0,1.0,0.0,0.0,1.0,0.0,0.0
3754-DXMRT,1,-1.2367242199587352,-0.6850489739874083,-0.966487514915898,0.0,1.0,1.0,0.0,1.0,0.0,0.0,1.0,1.0,0.0,0.0,1.0,0.0,0.0,1.0,0.0,0.0,1.0,0.0,0.0,1.0,0.0,0.0,1.0,0.0,0.0,1.0,0.0,0.0,1.0,0.0,0.0,1.0,0.0,0.0,0.0,1.0,0.0,0.0,1.0,0.0,0.0,1.0,2.0,1.0,0.0,0.0,0.7814899225860928,1.0,0.0,0.0,1.0,0.0,0.0,1.0,0.0,0.0
5792-JALQC,1,0.7992939660427822,-0.16324471593524553,0.3617514675150935,1.0,0.0,1.0,0.0,1.0,0.0,0.0,1.0,0.0,0.0,1.0,1.0,0.0,0.0,0.0,0.0,1.0,1.0,0.0,0.0,0.0,0.0,1.0,1.0,0.0,0.0,1.0,0.0,0.0,1.0,0.0,0.0,0.0,0.0,1.0,1.0,0.0,1.0,0.0,0.0,0.0,1.0,0.0,5.0,0.0,1.0,0.0,0.45258876318819946,0.0,1.0,0.0,0.0,1.0,0.0,0.0,1.0,0.0
7130-VTEWQ,1,-0.9924020376385531,0.3652067301175816,-0.7398936328403791,1.0,0.0,1.0,0.0,1.0,0.0,0.0,1.0,0.0,0.0,1.0,0.0,1.0,0.0,1.0,0.0,0.0,1.0,0.0,0.0,1.0,0.0,0.0,1.0,0.0,0.0,1.0,0.0,0.0,1.0,0.0,0.0,1.0,0.0,0.0,0.0,1.0,0.0,0.0,1.0,0.0,0.0,1.0,3.0,1.0,0.0,0.0,0.7455583571764681,1.0,0.0,0.0,1.0,0.0,0.0,1.0,0.0,0.0
2200-DSAAL,0,1.4508197855632678,0.5280628361338618,1.3442538929202275,1.0,0.0,1.0,0.0,1.0,0.0,0.0,1.0,0.0,0.0,1.0,1.0,0.0,0.0,1.0,0.0,0.0,0.0,0.0,1.0,0.0,0.0,1.0,1.0,0.0,0.0,0.0,0.0,1.0,0.0,0.0,1.0,0.0,0.0,1.0,0.0,1.0,0.0,0.0,1.0,0.0,1.0,0.0,7.0,0.0,1.0,0.0,0.9265478085538603,0.0,1.0,0.0,0.0,1.0,0.0,0.0,1.0,0.0
4302-ZYFEL,0,1.4915401492832983,-1.4694171580658184,-0.38833340127519755,0.0,1.0,0.0,1.0,0.0,1.0,0.0,1.0,1.0,0.0,0.0,0.0,0.0,1.0,0.0,1.0,0.0,0.0,1.0,0.0,0.0,1.0,0.0,0.0,1.0,0.0,0.0,1.0,0.0,0.0,1.0,0.0,0.0,1.0,0.0,0.0,1.0,0.0,1.0,0.0,0.0,1.0,0.0,1.0,0.0,1.0,0.0,-0.2603573235771066,0.0,1.0,0.0,0.0,1.0,0.0,0.0,1.0,0.0
9351-LZYGF,0,0.3920903288424788,0.05445069108651675,0.19610763374318244,1.0,0.0,0.0,1.0,1.0,0.0,0.0,1.0,0.0,0.0,1.0,1.0,0.0,0.0,0.0,0.0,1.0,0.0,0.0,1.0,1.0,0.0,0.0,0.0,0.0,1.0,1.0,0.0,0.0,1.0,0.0,0.0,1.0,0.0,0.0,0.0,1.0,0.0,1.0,0.0,0.0,1.0,0.0,6.0,0.0,0.0,1.0,0.5001593238020623,0.0,0.0,1.0,0.0,0.0,1.0,0.0,0.0,1.0
4366-CTOUZ,0,0.7178532386027215,1.1778254631988159,1.2155374499772122,1.0,0.0,1.0,0.0,1.0,0.0,0.0,1.0,1.0,0.0,0.0,0.0,1.0,0.0,1.0,0.0,0.0,0.0,0.0,1.0,1.0,0.0,0.0,0.0,0.0,1.0,0.0,0.0,1.0,0.0,0.0,1.0,0.0,0.0,1.0,0.0,1.0,0.0,0.0,0.0,1.0,1.0,0.0,6.0,0.0,1.0,0.0,1.6932952093985354,0.0,1.0,0.0,0.0,1.0,0.0,0.0,1.0,0.0
6121-VZNQB,0,-1.2774445836787656,-1.517609271070636,-0.9989368529740258,1.0,0.0,1.0,0.0,1.0,0.0,0.0,1.0,1.0,0.0,0.0,0.0,0.0,1.0,0.0,1.0,0.0,0.0,1.0,0.0,0.0,1.0,0.0,0.0,1.0,0.0,0.0,1.0,0.0,0.0,1.0,0.0,1.0,0.0,0.0,0.0,1.0,0.0,0.0,0.0,1.0,0.0,1.0,1.0,1.0,0.0,0.0,0.7819805772688022,1.0,0.0,0.0,1.0,0.0,0.0,1.0,0.0,0.0
7903-CMPEY,1,-1.2774445836787656,0.5164302571326987,-0.9719361801098868,0.0,1.0,0.0,1.0,1.0,0.0,0.0,1.0,0.0,0.0,1.0,0.0,1.0,0.0,0.0,0.0,1.0,1.0,0.0,0.0,1.0,0.0,0.0,1.0,0.0,0.0,1.0,0.0,0.0,1.0,0.0,0.0,1.0,0.0,0.0,0.0,1.0,0.0,0.0,1.0,0.0,0.0,1.0,4.0,1.0,0.0,0.0,0.7608441043375203,1.0,0.0,0.0,1.0,0.0,0.0,1.0,0.0,0.0
1518-OMDIK,0,0.025607055362205634,-0.6717545979860794,-0.36208274710172916,0.0,1.0,0.0,1.0,1.0,0.0,0.0,1.0,1.0,0.0,0.0,1.0,0.0,0.0,1.0,0.0,0.0,1.0,0.0,0.0,1.0,0.0,0.0,1.0,0.0,0.0,1.0,0.0,0.0,1.0,0.0,0.0,1.0,0.0,0.0,0.0,1.0,0.0,1.0,0.0,0.0,1.0,0.0,2.0,0.0,0.0,1.0,-14.139960334374877,0.0,0.0,1.0,0.0,0.0,1.0,0.0,0.0,1.0
6671-NGWON,0,-1.0331224013585834,-1.4760643460664828,-0.9409207013133352,1.0,0.0,1.0,0.0,1.0,0.0,0.0,1.0,1.0,0.0,0.0,0.0,0.0,1.0,0.0,1.0,0.0,0.0,1.0,0.0,0.0,1.0,0.0,0.0,1.0,0.0,0.0,1.0,0.0,0.0,1.0,0.0,1.0,0.0,0.0,1.0,0.0,0.0,0.0,0.0,1.0,1.0,0.0,1.0,1.0,0.0,0.0,0.9107543308285635,1.0,0.0,0.0,1.0,0.0,0.0,1.0,0.0,0.0
0595-ITUDF,0,1.2879383306831464,0.898643567170907,1.6223343521729527,0.0,1.0,0.0,1.0,0.0,1.0,0.0,1.0,0.0,0.0,1.0,0.0,1.0,0.0,0.0,0.0,1.0,0.0,0.0,1.0,0.0,0.0,1.0,1.0,0.0,0.0,1.0,0.0,0.0,1.0,0.0,0.0,1.0,0.0,0.0,0.0,1.0,0.0,0.0,1.0,0.0,1.0,0.0,6.0,0.0,1.0,0.0,1.259636671666132,0.0,1.0,0.0,0.0,1.0,0.0,0.0,1.0,0.0
6996-KNSML,0,-1.2774445836787656,0.33695618111475767,-0.9743185924214285,1.0,0.0,1.0,0.0,1.0,0.0,0.0,1.0,1.0,0.0,0.0,0.0,1.0,0.0,1.0,0.0,0.0,1.0,0.0,0.0,0.0,0.0,1.0,1.0,0.0,0.0,1.0,0.0,0.0,1.0,0.0,0.0,1.0,0.0,0.0,0.0,1.0,0.0,0.0,1.0,0.0,0.0,1.0,3.0,1.0,0.0,0.0,0.7627090872432216,1.0,0.0,0.0,1.0,0.0,0.0,1.0,0.0,0.0
1955-IBMMB,0,1.0843365120829946,-1.481049737066981,-0.4813357189183428,0.0,1.0,1.0,0.0,1.0,0.0,0.0,1.0,1.0,0.0,0.0,0.0,0.0,1.0,0.0,1.0,0.0,0.0,1.0,0.0,0.0,1.0,0.0,0.0,1.0,0.0,0.0,1.0,0.0,0.0,1.0,0.0,0.0,0.0,1.0,0.0,1.0,1.0,0.0,0.0,0.0,1.0,0.0,1.0,0.0,1.0,0.0,-0.4438988391101061,0.0,1.0,0.0,0.0,1.0,0.0,0.0,1.0,0.0
0096-BXERS,0,-1.0738427650786138,-0.47898614596680894,-0.8685880164101394,1.0,0.0,0.0,1.0,1.0,0.0,0.0,1.0,0.0,0.0,1.0,1.0,0.0,0.0,1.0,0.0,0.0,1.0,0.0,0.0,1.0,0.0,0.0,1.0,0.0,0.0,1.0,0.0,0.0,1.0,0.0,0.0,1.0,0.0,0.0,1.0,0.0,0.0,0.0,1.0,0.0,1.0,0.0,3.0,1.0,0.0,0.0,0.8088595878806819,1.0,0.0,0.0,1.0,0.0,0.0,1.0,0.0,0.0
3806-YAZOV,0,-1.1960038562387048,-1.5275800530716328,-0.9826570355118244,1.0,0.0,1.0,0.0,1.0,0.0,0.0,1.0,1.0,0.0,0.0,0.0,0.0,1.0,0.0,1.0,0.0,0.0,1.0,0.0,0.0,1.0,0.0,0.0,1.0,0.0,0.0,1.0,0.0,0.0,1.0,0.0,1.0,0.0,0.0,1.0,0.0,0.0,0.0,0.0,1.0,1.0,0.0,1.0,1.0,0.0,0.0,0.8216169457865866,1.0,0.0,0.0,1.0,0.0,0.0,1.0,0.0,0.0
7998-ZLXWN,0,-0.7073594915983407,-1.4727407520661506,-0.8614187201022594,1.0,0.0,0.0,1.0,1.0,0.0,0.0,1.0,1.0,0.0,0.0,0.0,0.0,1.0,0.0,1.0,0.0,0.0,1.0,0.0,0.0,1.0,0.0,0.0,1.0,0.0,0.0,1.0,0.0,0.0,1.0,0.0,1.0,0.0,0.0,1.0,0.0,0.0,1.0,0.0,0.0,1.0,0.0,1.0,1.0,0.0,0.0,1.2177948134346914,1.0,0.0,0.0,1.0,0.0,0.0,1.0,0.0,0.0
6253-WRFHY,0,-0.7888002190384014,-0.00038860991896550476,-0.6202877110516852,0.0,1.0,0.0,1.0,0.0,1.0,0.0,1.0,1.0,0.0,0.0,1.0,0.0,0.0,1.0,0.0,0.0,1.0,0.0,0.0,1.0,0.0,0.0,1.0,0.0,0.0,0.0,0.0,1.0,0.0,0.0,1.0,0.0,1.0,0.0,0.0,1.0,0.0,0.0,1.0,0.0,1.0,0.0,4.0,1.0,0.0,0.0,0.7863685836799794,1.0,0.0,0.0,1.0,0.0,0.0,1.0,0.0,0.0
9133-AYJZG,0,-0.38159658183809786,1.1279715531938321,-0.015088805800335801,1.0,0.0,1.0,0.0,1.0,0.0,0.0,1.0,0.0,0.0,1.0,0.0,1.0,0.0,1.0,0.0,0.0,0.0,0.0,1.0,1.0,0.0,0.0,1.0,0.0,0.0,0.0,0.0,1.0,0.0,0.0,1.0,1.0,0.0,0.0,0.0,1.0,0.0,1.0,0.0,0.0,1.0,0.0,6.0,0.0,0.0,1.0,0.039541249891849435,0.0,0.0,1.0,0.0,0.0,1.0,0.0,0.0,1.0
2675-OTVVJ,1,-0.055833672077855064,0.8205391081630994,0.2313364528314421,0.0,1.0,0.0,1.0,1.0,0.0,0.0,1.0,0.0,0.0,1.0,0.0,1.0,0.0,0.0,0.0,1.0,1.0,0.0,0.0,1.0,0.0,0.0,1.0,0.0,0.0,0.0,0.0,1.0,1.0,0.0,0.0,1.0,0.0,0.0,1.0,0.0,0.0,0.0,1.0,0.0,1.0,0.0,5.0,0.0,0.0,1.0,-4.143314315935805,0.0,0.0,1.0,0.0,0.0,1.0,0.0,0.0,1.0
8680-CGLTP,0,-0.13727439951791576,-0.19980424993890028,-0.2590213552542968,0.0,1.0,1.0,0.0,1.0,0.0,0.0,1.0,1.0,0.0,0.0,1.0,0.0,0.0,0.0,0.0,1.0,0.0,0.0,1.0,1.0,0.0,0.0,0.0,0.0,1.0,1.0,0.0,0.0,1.0,0.0,0.0,0.0,1.0,0.0,0.0,1.0,0.0,0.0,1.0,0.0,1.0,0.0,5.0,0.0,0.0,1.0,1.886887549054562,0.0,0.0,1.0,0.0,0.0,1.0,0.0,0.0,1.0
8430-TWCBX,0,0.6771328748826912,-1.46443176706532,-0.5520360102006674,1.0,0.0,0.0,1.0,1.0,0.0,0.0,1.0,1.0,0.0,0.0,0.0,0.0,1.0,0.0,1.0,0.0,0.0,1.0,0.0,0.0,1.0,0.0,0.0,1.0,0.0,0.0,1.0,0.0,0.0,1.0,0.0,0.0,1.0,0.0,1.0,0.0,0.0,1.0,0.0,0.0,1.0,0.0,1.0,0.0,1.0,0.0,-0.8152550713127079,0.0,1.0,0.0,0.0,1.0,0.0,0.0,1.0,0.0
5018-GWURO,0,0.9621754209229036,0.6925807391503077,1.1556903703363555,1.0,0.0,0.0,1.0,1.0,0.0,0.0,1.0,0.0,0.0,1.0,0.0,1.0,0.0,1.0,0.0,0.0,1.0,0.0,0.0,1.0,0.0,0.0,1.0,0.0,0.0,0.0,0.0,1.0,1.0,0.0,0.0,1.0,0.0,0.0,0.0,1.0,1.0,0.0,0.0,0.0,1.0,0.0,4.0,0.0,1.0,0.0,1.2011223163732818,0.0,1.0,0.0,0.0,1.0,0.0,0.0,1.0,0.0
6741-QRLUP,0,1.247217966963116,0.5164302571326987,1.1965222702313891,1.0,0.0,1.0,0.0,1.0,0.0,0.0,1.0,0.0,0.0,1.0,1.0,0.0,0.0,0.0,0.0,1.0,0.0,0.0,1.0,0.0,0.0,1.0,0.0,0.0,1.0,1.0,0.0,0.0,0.0,0.0,1.0,0.0,0.0,1.0,0.0,1.0,0.0,1.0,0.0,0.0,1.0,0.0,8.0,0.0,1.0,0.0,0.959352977527122,0.0,1.0,0.0,0.0,1.0,0.0,0.0,1.0,0.0
4737-HOBAX,0,1.247217966963116,0.4998122871310375,1.213596225130771,0.0,1.0,0.0,1.0,1.0,0.0,0.0,1.0,0.0,0.0,1.0,1.0,0.0,0.0,1.0,0.0,0.0,1.0,0.0,0.0,0.0,0.0,1.0,0.0,0.0,1.0,0.0,0.0,1.0,0.0,0.0,1.0,0.0,0.0,1.0,1.0,0.0,0.0,1.0,0.0,0.0,1.0,0.0,7.0,0.0,1.0,0.0,0.9730426094532526,0.0,1.0,0.0,0.0,1.0,0.0,0.0,1.0,0.0
0537-QYZZN,1,-0.3408762181180675,0.5014740841312035,-0.18774752026734184,0.0,1.0,0.0,1.0,0.0,1.0,0.0,1.0,0.0,0.0,1.0,0.0,1.0,0.0,0.0,0.0,1.0,1.0,0.0,0.0,1.0,0.0,0.0,1.0,0.0,0.0,1.0,0.0,0.0,1.0,0.0,0.0,1.0,0.0,0.0,0.0,1.0,0.0,0.0,1.0,0.0,1.0,0.0,4.0,0.0,0.0,1.0,0.5507791693532363,0.0,0.0,1.0,0.0,0.0,1.0,0.0,0.0,1.0
3340-QBBFM,1,0.14776814652229667,-0.3543513709543497,-0.1281430937322901,0.0,1.0,0.0,1.0,1.0,0.0,0.0,1.0,1.0,0.0,0.0,1.0,0.0,0.0,1.0,0.0,0.0,1.0,0.0,0.0,0.0,0.0,1.0,0.0,0.0,1.0,1.0,0.0,0.0,1.0,0.0,0.0,0.0,1.0,0.0,1.0,0.0,0.0,1.0,0.0,0.0,1.0,0.0,4.0,0.0,0.0,1.0,-0.8671902351631287,0.0,0.0,1.0,0.0,0.0,1.0,0.0,0.0,1.0
1704-NRWYE,1,-0.9516816739185228,0.534710024134526,-0.6757449754147941,1.0,0.0,1.0,0.0,1.0,0.0,0.0,1.0,1.0,0.0,0.0,0.0,1.0,0.0,1.0,0.0,0.0,1.0,0.0,0.0,1.0,0.0,0.0,1.0,0.0,0.0,0.0,0.0,1.0,1.0,0.0,0.0,1.0,0.0,0.0,0.0,1.0,0.0,0.0,1.0,0.0,0.0,1.0,3.0,1.0,0.0,0.0,0.7100535756167637,1.0,0.0,0.0,1.0,0.0,0.0,1.0,0.0,0.0
2592-SEIFQ,0,-1.1960038562387048,-1.329826210051864,-0.9778260327689761,0.0,1.0,1.0,0.0,1.0,0.0,1.0,0.0,0.0,1.0,0.0,1.0,0.0,0.0,1.0,0.0,0.0,1.0,0.0,0.0,1.0,0.0,0.0,1.0,0.0,0.0,1.0,0.0,0.0,1.0,0.0,0.0,1.0,0.0,0.0,1.0,0.0,0.0,0.0,1.0,0.0,0.0,1.0,1.0,1.0,0.0,0.0,0.8175776588581637,1.0,0.0,0.0,1.0,0.0,0.0,1.0,0.0,0.0
8200-KLNYW,0,-0.46303730927815856,0.5363718211346925,-0.25074909028366604,1.0,0.0,0.0,1.0,1.0,0.0,0.0,1.0,1.0,0.0,0.0,1.0,0.0,0.0,0.0,0.0,1.0,1.0,0.0,0.0,0.0,0.0,1.0,0.0,0.0,1.0,0.0,0.0,1.0,0.0,0.0,1.0,0.0,1.0,0.0,1.0,0.0,0.0,0.0,0.0,1.0,1.0,0.0,7.0,0.0,0.0,1.0,0.5415310715988861,0.0,0.0,1.0,0.0,0.0,1.0,0.0,0.0,1.0
3372-CDXFJ,0,-0.7888002190384014,-1.3381351950526947,-0.8557715205489754,0.0,1.0,0.0,1.0,0.0,1.0,0.0,1.0,0.0,0.0,1.0,0.0,0.0,1.0,0.0,1.0,0.0,0.0,1.0,0.0,0.0,1.0,0.0,0.0,1.0,0.0,0.0,1.0,0.0,0.0,1.0,0.0,0.0,1.0,0.0,1.0,0.0,1.0,0.0,0.0,0.0,1.0,0.0,2.0,1.0,0.0,0.0,1.0849027420304427,1.0,0.0,0.0,1.0,0.0,0.0,1.0,0.0,0.0
4781-ZXYGU,0,-1.2774445836787656,-1.4827115340671475,-0.9984736061356704,0.0,1.0,0.0,1.0,0.0,1.0,0.0,1.0,1.0,0.0,0.0,0.0,0.0,1.0,0.0,1.0,0.0,0.0,1.0,0.0,0.0,1.0,0.0,0.0,1.0,0.0,0.0,1.0,0.0,0.0,1.0,0.0,1.0,0.0,0.0,0.0,1.0,1.0,0.0,0.0,0.0,1.0,0.0,1.0,1.0,0.0,0.0,0.7816179417038046,1.0,0.0,0.0,1.0,0.0,0.0,1.0,0.0,0.0
7632-YUTXB,0,-0.30015585439803716,-1.4860351280674797,-0.7779019329587709,1.0,0.0,0.0,1.0,0.0,1.0,0.0,1.0,1.0,0.0,0.0,0.0,0.0,1.0,0.0,1.0,0.0,0.0,1.0,0.0,0.0,1.0,0.0,0.0,1.0,0.0,0.0,1.0,0.0,0.0,1.0,0.0,0.0,1.0,0.0,1.0,0.0,0.0,0.0,0.0,1.0,1.0,0.0,1.0,0.0,0.0,1.0,2.5916600378122023,0.0,0.0,1.0,0.0,0.0,1.0,0.0,0.0,1.0
2718-YSKCS,0,1.5729808767233588,-1.5009913010689746,-0.39523798510401736,0.0,1.0,0.0,1.0,0.0,1.0,0.0,1.0,1.0,0.0,0.0,0.0,0.0,1.0,0.0,1.0,0.0,0.0,1.0,0.0,0.0,1.0,0.0,0.0,1.0,0.0,0.0,1.0,0.0,0.0,1.0,0.0,0.0,0.0,1.0,0.0,1.0,1.0,0.0,0.0,0.0,1.0,0.0,1.0,0.0,1.0,0.0,-0.2512668723140034,0.0,1.0,0.0,0.0,1.0,0.0,0.0,1.0,0.0
9896-UYMIE,0,1.369379058123207,1.6464522172456624,2.250232352503713,0.0,1.0,1.0,0.0,1.0,0.0,0.0,1.0,0.0,0.0,1.0,0.0,1.0,0.0,0.0,0.0,1.0,0.0,0.0,1.0,0.0,0.0,1.0,0.0,0.0,1.0,0.0,0.0,1.0,0.0,0.0,1.0,0.0,1.0,0.0,0.0,1.0,1.0,0.0,0.0,0.0,1.0,0.0,9.0,0.0,1.0,0.0,1.6432501571827403,0.0,1.0,0.0,0.0,1.0,0.0,0.0,1.0,0.0
0853-NWIFK,0,0.5142514200025698,1.1811490571991479,0.9708990005790907,1.0,0.0,1.0,0.0,1.0,0.0,0.0,1.0,1.0,0.0,0.0,0.0,1.0,0.0,0.0,0.0,1.0,0.0,0.0,1.0,1.0,0.0,0.0,1.0,0.0,0.0,0.0,0.0,1.0,0.0,0.0,1.0,0.0,1.0,0.0,0.0,1.0,0.0,0.0,1.0,0.0,1.0,0.0,6.0,0.0,1.0,0.0,1.8879850649206547,0.0,1.0,0.0,0.0,1.0,0.0,0.0,1.0,0.0
8212-CRQXP,0,-0.4223169455581282,0.5064594751317021,-0.25449918373701863,1.0,0.0,0.0,1.0,1.0,0.0,0.0,1.0,1.0,0.0,0.0,0.0,1.0,0.0,1.0,0.0,0.0,1.0,0.0,0.0,1.0,0.0,0.0,1.0,0.0,0.0,0.0,0.0,1.0,1.0,0.0,0.0,1.0,0.0,0.0,0.0,1.0,0.0,1.0,0.0,0.0,1.0,0.0,3.0,0.0,0.0,1.0,0.6026260286588218,0.0,0.0,1.0,0.0,0.0,1.0,0.0,0.0,1.0
6980-CDGFC,0,1.4100994218432374,-1.4594463760648215,-0.42173129238329093,1.0,0.0,0.0,1.0,1.0,0.0,0.0,1.0,1.0,0.0,0.0,0.0,0.0,1.0,0.0,1.0,0.0,0.0,1.0,0.0,0.0,1.0,0.0,0.0,1.0,0.0,0.0,1.0,0.0,0.0,1.0,0.0,0.0,1.0,0.0,0.0,1.0,1.0,0.0,0.0,0.0,1.0,0.0,1.0,0.0,1.0,0.0,-0.29907911871349974,0.0,1.0,0.0,0.0,1.0,0.0,0.0,1.0,0.0
7691-XVTZH,0,1.4508197855632678,0.8371570781647607,1.628422739191337,1.0,0.0,0.0,1.0,1.0,0.0,0.0,1.0,0.0,0.0,1.0,0.0,1.0,0.0,1.0,0.0,0.0,1.0,0.0,0.0,0.0,0.0,1.0,1.0,0.0,0.0,0.0,0.0,1.0,1.0,0.0,0.0,0.0,0.0,1.0,0.0,1.0,1.0,0.0,0.0,0.0,1.0,0.0,5.0,0.0,1.0,0.0,1.122415585585026,0.0,1.0,0.0,0.0,1.0,0.0,0.0,1.0,0.0
2520-SGTTA,0,-1.318164947398796,-1.4876969250676457,,1.0,0.0,0.0,1.0,0.0,1.0,0.0,1.0,1.0,0.0,0.0,0.0,0.0,1.0,0.0,1.0,0.0,0.0,1.0,0.0,0.0,1.0,0.0,0.0,1.0,0.0,0.0,1.0,0.0,0.0,1.0,0.0,0.0,0.0,1.0,1.0,0.0,0.0,0.0,0.0,1.0,1.0,0.0,1.0,1.0,0.0,0.0,,1.0,0.0,0.0,1.0,0.0,0.0,1.0,0.0,0.0
7481-ATQQS,1,0.6771328748826912,0.8670694241677506,0.9849728807157908,1.0,0.0,1.0,0.0,1.0,0.0,0.0,1.0,0.0,0.0,1.0,0.0,1.0,0.0,1.0,0.0,0.0,1.0,0.0,0.0,0.0,0.0,1.0,1.0,0.0,0.0,1.0,0.0,0.0,0.0,0.0,1.0,1.0,0.0,0.0,0.0,1.0,0.0,1.0,0.0,0.0,0.0,1.0,5.0,0.0,1.0,0.0,1.454622744297315,0.0,1.0,0.0,0.0,1.0,0.0,0.0,1.0,0.0
2277-VWCNI,1,-1.1552834925186746,-0.532163649972125,-0.9280159679591511,1.0,0.0,1.0,0.0,1.0,0.0,0.0,1.0,0.0,0.0,1.0,1.0,0.0,0.0,1.0,0.0,0.0,1.0,0.0,0.0,1.0,0.0,0.0,1.0,0.0,0.0,1.0,0.0,0.0,1.0,0.0,0.0,1.0,0.0,0.0,1.0,0.0,0.0,0.0,0.0,1.0,1.0,0.0,3.0,1.0,0.0,0.0,0.8032798650450294,1.0,0.0,0.0,1.0,0.0,0.0,1.0,0.0,0.0
1088-CNNKB,0,1.247217966963116,0.5064594751317021,1.2163095280411378,0.0,1.0,0.0,1.0,1.0,0.0,0.0,1.0,0.0,0.0,1.0,1.0,0.0,0.0,0.0,0.0,1.0,0.0,0.0,1.0,0.0,0.0,1.0,0.0,0.0,1.0,1.0,0.0,0.0,0.0,0.0,1.0,0.0,1.0,0.0,1.0,0.0,0.0,1.0,0.0,0.0,1.0,0.0,8.0,0.0,1.0,0.0,0.9752180935965523,0.0,1.0,0.0,0.0,1.0,0.0,0.0,1.0,0.0
8642-GVWRF,0,-1.2367242199587352,0.4964886931307054,-0.9345676018158906,1.0,0.0,0.0,1.0,1.0,0.0,0.0,1.0,1.0,0.0,0.0,0.0,1.0,0.0,1.0,0.0,0.0,0.0,0.0,1.0,0.0,0.0,1.0,1.0,0.0,0.0,1.0,0.0,0.0,1.0,0.0,0.0,1.0,0.0,0.0,1.0,0.0,1.0,0.0,0.0,0.0,0.0,1.0,4.0,1.0,0.0,0.0,0.7556798732760919,1.0,0.0,0.0,1.0,0.0,0.0,1.0,0.0,0.0
1930-BZLHI,0,-0.46303730927815856,-1.4760643460664828,-0.8208735920595409,0.0,1.0,1.0,0.0,1.0,0.0,0.0,1.0,1.0,0.0,0.0,0.0,0.0,1.0,0.0,1.0,0.0,0.0,1.0,0.0,0.0,1.0,0.0,0.0,1.0,0.0,0.0,1.0,0.0,0.0,1.0,0.0,0.0,1.0,0.0,0.0,1.0,0.0,0.0,0.0,1.0,1.0,0.0,1.0,0.0,0.0,1.0,1.7728022680056237,0.0,0.0,1.0,0.0,0.0,1.0,0.0,0.0,1.0
3400-ESFUW,0,0.9214550572028734,-0.23968737794288733,0.33666996012414097,0.0,1.0,0.0,1.0,0.0,1.0,0.0,1.0,1.0,0.0,0.0,1.0,0.0,0.0,0.0,0.0,1.0,0.0,0.0,1.0,1.0,0.0,0.0,0.0,0.0,1.0,1.0,0.0,0.0,1.0,0.0,0.0,0.0,0.0,1.0,1.0,0.0,1.0,0.0,0.0,0.0,0.0,1.0,5.0,0.0,1.0,0.0,0.3653677490751647,0.0,1.0,0.0,0.0,1.0,0.0,0.0,1.0,0.0
5868-YTYKS,0,-1.2774445836787656,-1.479387940066815,-0.9984294873891605,0.0,1.0,1.0,0.0,0.0,1.0,0.0,1.0,1.0,0.0,0.0,0.0,0.0,1.0,0.0,1.0,0.0,0.0,1.0,0.0,0.0,1.0,0.0,0.0,1.0,0.0,0.0,1.0,0.0,0.0,1.0,0.0,1.0,0.0,0.0,0.0,1.0,0.0,0.0,0.0,1.0,1.0,0.0,1.0,1.0,0.0,0.0,0.7815834049833288,1.0,0.0,0.0,1.0,0.0,0.0,1.0,0.0,0.0
3525-DVKFN,0,-0.62591876415828,-1.5076384890696393,-0.8493963616782759,1.0,0.0,1.0,0.0,1.0,0.0,0.0,1.0,1.0,0.0,0.0,0.0,0.0,1.0,0.0,1.0,0.0,0.0,1.0,0.0,0.0,1.0,0.0,0.0,1.0,0.0,0.0,1.0,0.0,0.0,1.0,0.0,0.0,0.0,1.0,1.0,0.0,0.0,0.0,0.0,1.0,1.0,0.0,1.0,1.0,0.0,0.0,1.35703930017264,1.0,0.0,0.0,1.0,0.0,0.0,1.0,0.0,0.0
1482-OXZSY,0,-0.0965540357978854,1.1844726511994805,0.28807316084334184,0.0,1.0,1.0,0.0,1.0,0.0,0.0,1.0,0.0,0.0,1.0,0.0,1.0,0.0,0.0,0.0,1.0,1.0,0.0,0.0,1.0,0.0,0.0,1.0,0.0,0.0,0.0,0.0,1.0,0.0,0.0,1.0,1.0,0.0,0.0,0.0,1.0,1.0,0.0,0.0,0.0,1.0,0.0,6.0,0.0,0.0,1.0,-2.9835434475919733,0.0,0.0,1.0,0.0,0.0,1.0,0.0,0.0,1.0
0377-JBKKT,0,-0.4223169455581282,-0.22639300194155818,-0.4462613154428682,0.0,1.0,0.0,1.0,0.0,1.0,0.0,1.0,1.0,0.0,0.0,1.0,0.0,0.0,0.0,0.0,1.0,0.0,0.0,1.0,1.0,0.0,0.0,0.0,0.0,1.0,1.0,0.0,0.0,1.0,0.0,0.0,1.0,0.0,0.0,0.0,1.0,0.0,0.0,0.0,1.0,1.0,0.0,5.0,0.0,0.0,1.0,1.056697629911808,0.0,0.0,1.0,0.0,0.0,1.0,0.0,0.0,1.0
5778-BVOFB,0,-0.9516816739185228,-0.17487729493640844,-0.7735121176810227,1.0,0.0,1.0,0.0,1.0,0.0,0.0,1.0,1.0,0.0,0.0,1.0,0.0,0.0,1.0,0.0,0.0,1.0,0.0,0.0,1.0,0.0,0.0,0.0,0.0,1.0,0.0,0.0,1.0,1.0,0.0,0.0,1.0,0.0,0.0,0.0,1.0,1.0,0.0,0.0,0.0,1.0,0.0,4.0,1.0,0.0,0.0,0.8127845043985223,1.0,0.0,0.0,1.0,0.0,0.0,1.0,0.0,0.0
3373-YZZYM,0,-1.2774445836787656,-1.5142856770703037,-0.9988927342275158,0.0,1.0,0.0,1.0,0.0,1.0,0.0,1.0,1.0,0.0,0.0,0.0,0.0,1.0,0.0,1.0,0.0,0.0,1.0,0.0,0.0,1.0,0.0,0.0,1.0,0.0,0.0,1.0,0.0,0.0,1.0,0.0,1.0,0.0,0.0,1.0,0.0,0.0,0.0,0.0,1.0,1.0,0.0,1.0,1.0,0.0,0.0,0.7819460405483263,1.0,0.0,0.0,1.0,0.0,0.0,1.0,0.0,0.0
2057-ZBLPD,0,-0.46303730927815856,0.722493085153298,-0.20938776543051202,1.0,0.0,0.0,1.0,1.0,0.0,0.0,1.0,0.0,0.0,1.0,0.0,1.0,0.0,1.0,0.0,0.0,1.0,0.0,0.0,1.0,0.0,0.0,1.0,0.0,0.0,1.0,0.0,0.0,0.0,0.0,1.0,1.0,0.0,0.0,0.0,1.0,0.0,0.0,1.0,0.0,0.0,1.0,4.0,0.0,0.0,1.0,0.45220495462219296,0.0,0.0,1.0,0.0,0.0,1.0,0.0,0.0,1.0
0228-MAUWC,0,-0.5444780367182193,-0.1732154979362424,-0.5023803610036276,0.0,1.0,1.0,0.0,1.0,0.0,0.0,1.0,0.0,0.0,1.0,1.0,0.0,0.0,1.0,0.0,0.0,1.0,0.0,0.0,0.0,0.0,1.0,0.0,0.0,1.0,1.0,0.0,0.0,1.0,0.0,0.0,1.0,0.0,0.0,1.0,0.0,0.0,0.0,1.0,0.0,1.0,0.0,5.0,1.0,0.0,0.0,0.9226825089799201,1.0,0.0,0.0,1.0,0.0,0.0,1.0,0.0,0.0
5502-RLUYV,0,1.4915401492832983,1.302460238211275,2.2781154002980526,1.0,0.0,0.0,1.0,0.0,1.0,0.0,1.0,0.0,0.0,1.0,0.0,1.0,0.0,1.0,0.0,0.0,0.0,0.0,1.0,0.0,0.0,1.0,1.0,0.0,0.0,0.0,0.0,1.0,0.0,0.0,1.0,1.0,0.0,0.0,0.0,1.0,0.0,0.0,1.0,0.0,0.0,1.0,7.0,0.0,1.0,0.0,1.5273577458794607,0.0,1.0,0.0,0.0,1.0,0.0,0.0,1.0,0.0
0023-HGHWL,1,-1.2774445836787656,-1.3181936310507012,-0.996289728183424,0.0,1.0,1.0,0.0,1.0,0.0,1.0,0.0,0.0,1.0,0.0,1.0,0.0,0.0,1.0,0.0,0.0,1.0,0.0,0.0,1.0,0.0,0.0,1.0,0.0,0.0,1.0,0.0,0.0,1.0,0.0,0.0,1.0,0.0,0.0,0.0,1.0,0.0,0.0,1.0,0.0,0.0,1.0,1.0,1.0,0.0,0.0,0.7799083740402452,1.0,0.0,0.0,1.0,0.0,0.0,1.0,0.0,0.0
7663-YJHSN,0,1.6137012404433893,1.302460238211275,2.3266460214590863,1.0,0.0,0.0,1.0,1.0,0.0,0.0,1.0,0.0,0.0,1.0,0.0,1.0,0.0,0.0,0.0,1.0,0.0,0.0,1.0,0.0,0.0,1.0,0.0,0.0,1.0,0.0,0.0,1.0,1.0,0.0,0.0,0.0,0.0,1.0,0.0,1.0,1.0,0.0,0.0,0.0,1.0,0.0,8.0,0.0,1.0,0.0,1.4418071717041034,0.0,1.0,0.0,0.0,1.0,0.0,0.0,1.0,0.0
4915-BFSXL,0,1.5322605130033284,0.13920233809498894,1.1362340031254317,0.0,1.0,0.0,1.0,0.0,1.0,0.0,1.0,0.0,0.0,1.0,1.0,0.0,0.0,0.0,0.0,1.0,1.0,0.0,0.0,0.0,0.0,1.0,1.0,0.0,0.0,0.0,0.0,1.0,1.0,0.0,0.0,0.0,0.0,1.0,1.0,0.0,0.0,1.0,0.0,0.0,1.0,0.0,6.0,0.0,1.0,0.0,0.7415410065605231,0.0,1.0,0.0,0.0,1.0,0.0,0.0,1.0,0.0
3086-RUCRN,0,1.369379058123207,1.2742096892084507,1.902267798779099,1.0,0.0,1.0,0.0,1.0,0.0,0.0,1.0,0.0,0.0,1.0,0.0,1.0,0.0,0.0,0.0,1.0,0.0,0.0,1.0,0.0,0.0,1.0,0.0,0.0,1.0,1.0,0.0,0.0,0.0,0.0,1.0,1.0,0.0,0.0,0.0,1.0,1.0,0.0,0.0,0.0,1.0,0.0,8.0,0.0,1.0,0.0,1.3891462612158236,0.0,1.0,0.0,0.0,1.0,0.0,0.0,1.0,0.0
5215-LNLDJ,0,-1.0331224013585834,-1.33148800705203,-0.9416045418842405,1.0,0.0,0.0,1.0,0.0,1.0,1.0,0.0,0.0,1.0,0.0,1.0,0.0,0.0,1.0,0.0,0.0,1.0,0.0,0.0,1.0,0.0,0.0,1.0,0.0,0.0,1.0,0.0,0.0,1.0,0.0,0.0,1.0,0.0,0.0,0.0,1.0,0.0,0.0,1.0,0.0,1.0,0.0,1.0,1.0,0.0,0.0,0.9114162471416799,1.0,0.0,0.0,1.0,0.0,0.0,1.0,0.0,0.0
7576-JMYWV,1,0.5549717837226001,1.5101848632320405,1.186264661667807,1.0,0.0,0.0,1.0,0.0,1.0,0.0,1.0,0.0,0.0,1.0,0.0,1.0,0.0,0.0,0.0,1.0,0.0,0.0,1.0,1.0,0.0,0.0,0.0,0.0,1.0,0.0,0.0,1.0,0.0,0.0,1.0,1.0,0.0,0.0,0.0,1.0,0.0,0.0,1.0,0.0,1.0,0.0,8.0,0.0,1.0,0.0,2.1375224767476744,0.0,1.0,0.0,0.0,1.0,0.0,0.0,1.0,0.0
9039-RBEEE,0,0.26992923768238775,-0.5255164619714603,-0.17755608982352475,0.0,1.0,1.0,0.0,1.0,0.0,1.0,0.0,0.0,1.0,0.0,1.0,0.0,0.0,0.0,0.0,1.0,0.0,0.0,1.0,1.0,0.0,0.0,0.0,0.0,1.0,0.0,0.0,1.0,1.0,0.0,0.0,1.0,0.0,0.0,0.0,1.0,0.0,1.0,0.0,0.0,0.0,1.0,5.0,0.0,0.0,1.0,-0.6577875422018793,0.0,0.0,1.0,0.0,0.0,1.0,0.0,0.0,1.0
0257-KXZGU,0,-0.015113308357824713,-0.07683127192660708,-0.10489251432150376,1.0,0.0,0.0,1.0,0.0,1.0,0.0,1.0,0.0,0.0,1.0,1.0,0.0,0.0,1.0,0.0,0.0,0.0,0.0,1.0,0.0,0.0,1.0,1.0,0.0,0.0,1.0,0.0,0.0,1.0,0.0,0.0,1.0,0.0,0.0,1.0,0.0,1.0,0.0,0.0,0.0,1.0,0.0,5.0,0.0,0.0,1.0,6.940407211846311,0.0,0.0,1.0,0.0,0.0,1.0,0.0,0.0,1.0
1307-ATKGB,0,-0.3408762181180675,0.8238627021634315,-0.04242036926329989,0.0,1.0,1.0,0.0,1.0,0.0,0.0,1.0,1.0,0.0,0.0,0.0,1.0,0.0,1.0,0.0,0.0,0.0,0.0,1.0,0.0,0.0,1.0,1.0,0.0,0.0,1.0,0.0,0.0,0.0,0.0,1.0,1.0,0.0,0.0,0.0,1.0,0.0,0.0,1.0,0.0,1.0,0.0,5.0,0.0,0.0,1.0,0.1244450830201565,0.0,0.0,1.0,0.0,0.0,1.0,0.0,0.0,1.0
8417-FMLZI,0,-1.0738427650786138,0.6244470621434968,-0.7966744595987889,0.0,1.0,0.0,1.0,0.0,1.0,0.0,1.0,1.0,0.0,0.0,0.0,1.0,0.0,1.0,0.0,0.0,0.0,0.0,1.0,1.0,0.0,0.0,1.0,0.0,0.0,1.0,0.0,0.0,0.0,0.0,1.0,1.0,0.0,0.0,0.0,1.0,0.0,1.0,0.0,0.0,0.0,1.0,4.0,1.0,0.0,0.0,0.7418911646161401,1.0,0.0,0.0,1.0,0.0,0.0,1.0,0.0,0.0
3714-XPXBW,0,0.18848851024232702,0.46989994112804756,0.3060294906729244,1.0,0.0,1.0,0.0,1.0,0.0,0.0,1.0,0.0,0.0,1.0,1.0,0.0,0.0,0.0,0.0,1.0,0.0,0.0,1.0,0.0,0.0,1.0,0.0,0.0,1.0,0.0,0.0,1.0,1.0,0.0,0.0,1.0,0.0,0.0,0.0,1.0,0.0,1.0,0.0,0.0,1.0,0.0,8.0,0.0,0.0,1.0,1.6235975884125926,0.0,0.0,1.0,0.0,0.0,1.0,0.0,0.0,1.0
1850-AKQEP,0,-0.9924020376385531,-1.4760643460664828,-0.9285233335440165,0.0,1.0,1.0,0.0,0.0,1.0,0.0,1.0,1.0,0.0,0.0,0.0,0.0,1.0,0.0,1.0,0.0,0.0,1.0,0.0,0.0,1.0,0.0,0.0,1.0,0.0,0.0,1.0,0.0,0.0,1.0,0.0,1.0,0.0,0.0,1.0,0.0,0.0,0.0,0.0,1.0,1.0,0.0,1.0,1.0,0.0,0.0,0.9356322320271151,1.0,0.0,0.0,1.0,0.0,0.0,1.0,0.0,0.0
2824-DXNKN,0,1.6137012404433893,0.2222921881032951,1.2099784879169486,1.0,0.0,0.0,1.0,0.0,1.0,0.0,1.0,0.0,0.0,1.0,1.0,0.0,0.0,0.0,0.0,1.0,1.0,0.0,0.0,0.0,0.0,1.0,1.0,0.0,0.0,0.0,0.0,1.0,1.0,0.0,0.0,0.0,0.0,1.0,0.0,1.0,1.0,0.0,0.0,0.0,1.0,0.0,6.0,0.0,1.0,0.0,0.749815676899702,0.0,1.0,0.0,0.0,1.0,0.0,0.0,1.0,0.0
5227-JSCFE,1,1.5729808767233588,-0.6119299059800988,0.472114511909936,0.0,1.0,0.0,1.0,1.0,0.0,1.0,0.0,0.0,1.0,0.0,1.0,0.0,0.0,0.0,0.0,1.0,0.0,0.0,1.0,0.0,0.0,1.0,0.0,0.0,1.0,1.0,0.0,0.0,1.0,0.0,0.0,0.0,0.0,1.0,1.0,0.0,0.0,1.0,0.0,0.0,1.0,0.0,5.0,0.0,1.0,0.0,0.300140020070293,0.0,1.0,0.0,0.0,1.0,0.0,0.0,1.0,0.0
0848-ZGQIJ,0,-0.6666391278783103,0.9933659961803764,-0.36272246892612453,1.0,0.0,0.0,1.0,1.0,0.0,0.0,1.0,1.0,0.0,0.0,0.0,1.0,0.0,1.0,0.0,0.0,0.0,0.0,1.0,1.0,0.0,0.0,1.0,0.0,0.0,0.0,0.0,1.0,0.0,0.0,1.0,1.0,0.0,0.0,0.0,1.0,1.0,0.0,0.0,0.0,1.0,0.0,5.0,1.0,0.0,0.0,0.5441061794265648,1.0,0.0,0.0,1.0,0.0,0.0,1.0,0.0,0.0
3621-CHYVB,0,1.002895784642934,-0.49394231896830415,0.2201964693376593,1.0,0.0,0.0,1.0,1.0,0.0,1.0,0.0,0.0,1.0,0.0,1.0,0.0,0.0,0.0,0.0,1.0,1.0,0.0,0.0,0.0,0.0,1.0,0.0,0.0,1.0,1.0,0.0,0.0,0.0,0.0,1.0,1.0,0.0,0.0,0.0,1.0,1.0,0.0,0.0,0.0,1.0,0.0,5.0,0.0,1.0,0.0,0.2195606689243957,0.0,1.0,0.0,0.0,1.0,0.0,0.0,1.0,0.0
8042-RNLKO,0,1.369379058123207,-1.3065610520495383,-0.2577198522322509,0.0,1.0,1.0,0.0,1.0,0.0,0.0,1.0,0.0,0.0,1.0,0.0,0.0,1.0,0.0,1.0,0.0,0.0,1.0,0.0,0.0,1.0,0.0,0.0,1.0,0.0,0.0,1.0,0.0,0.0,1.0,0.0,0.0,1.0,0.0,1.0,0.0,1.0,0.0,0.0,0.0,1.0,0.0,2.0,0.0,1.0,0.0,-0.18820198155028534,0.0,1.0,0.0,0.0,1.0,0.0,0.0,1.0,0.0
1792-UXAFY,1,-0.62591876415828,0.8105683261621028,-0.3469500170487885,1.0,0.0,1.0,0.0,1.0,0.0,0.0,1.0,1.0,0.0,0.0,0.0,1.0,0.0,1.0,0.0,0.0,0.0,0.0,1.0,0.0,0.0,1.0,1.0,0.0,0.0,0.0,0.0,1.0,1.0,0.0,0.0,1.0,0.0,0.0,0.0,1.0,0.0,0.0,1.0,0.0,0.0,1.0,5.0,1.0,0.0,0.0,0.5543051860976852,1.0,0.0,0.0,1.0,0.0,0.0,1.0,0.0,0.0
5372-FBKBN,0,-0.46303730927815856,-1.462769970065154,-0.8078585618390818,1.0,0.0,1.0,0.0,0.0,1.0,0.0,1.0,1.0,0.0,0.0,0.0,0.0,1.0,0.0,1.0,0.0,0.0,1.0,0.0,0.0,1.0,0.0,0.0,1.0,0.0,0.0,1.0,0.0,0.0,1.0,0.0,1.0,0.0,0.0,1.0,0.0,0.0,0.0,0.0,1.0,1.0,0.0,1.0,0.0,0.0,1.0,1.7446943165302908,0.0,0.0,1.0,0.0,0.0,1.0,0.0,0.0,1.0
0420-TXVSG,0,1.369379058123207,0.04447990908551963,0.9464130962660235,0.0,1.0,0.0,1.0,1.0,0.0,0.0,1.0,0.0,0.0,1.0,1.0,0.0,0.0,0.0,0.0,1.0,0.0,0.0,1.0,0.0,0.0,1.0,1.0,0.0,0.0,1.0,0.0,0.0,1.0,0.0,0.0,0.0,0.0,1.0,0.0,1.0,0.0,1.0,0.0,0.0,1.0,0.0,6.0,0.0,1.0,0.0,0.6911257264026831,0.0,1.0,0.0,0.0,1.0,0.0,0.0,1.0,0.0
6217-TOWGS,0,-0.62591876415828,0.35357415111641893,-0.4238710515890275,1.0,0.0,0.0,1.0,1.0,0.0,0.0,1.0,0.0,0.0,1.0,1.0,0.0,0.0,1.0,0.0,0.0,0.0,0.0,1.0,1.0,0.0,0.0,1.0,0.0,0.0,0.0,0.0,1.0,0.0,0.0,1.0,1.0,0.0,0.0,0.0,1.0,1.0,0.0,0.0,0.0,1.0,0.0,6.0,1.0,0.0,0.0,0.6771981858684789,1.0,0.0,0.0,1.0,0.0,0.0,1.0,0.0,0.0
0515-YPMCW,0,-1.2774445836787656,0.18905624809997262,-0.976281876641125,0.0,1.0,1.0,0.0,0.0,1.0,0.0,1.0,1.0,0.0,0.0,0.0,1.0,0.0,1.0,0.0,0.0,1.0,0.0,0.0,1.0,0.0,0.0,1.0,0.0,0.0,1.0,0.0,0.0,1.0,0.0,0.0,1.0,0.0,0.0,0.0,1.0,0.0,0.0,0.0,1.0,0.0,1.0,2.0,1.0,0.0,0.0,0.7642459713044015,1.0,0.0,0.0,1.0,0.0,0.0,1.0,0.0,0.0
0378-XSZPU,0,1.0436161483629645,-0.14828854293375057,0.5649403545670412,0.0,1.0,0.0,1.0,1.0,0.0,0.0,1.0,1.0,0.0,0.0,1.0,0.0,0.0,0.0,0.0,1.0,0.0,0.0,1.0,0.0,0.0,1.0,1.0,0.0,0.0,1.0,0.0,0.0,1.0,0.0,0.0,0.0,1.0,0.0,1.0,0.0,0.0,1.0,0.0,0.0,0.0,1.0,5.0,0.0,1.0,0.0,0.5413296406472984,0.0,1.0,0.0,0.0,1.0,0.0,0.0,1.0,0.0
1045-LTCYT,0,-0.9924020376385531,-1.4527991880641573,-0.9457075853096735,1.0,0.0,0.0,1.0,0.0,1.0,0.0,1.0,1.0,0.0,0.0,0.0,0.0,1.0,0.0,1.0,0.0,0.0,1.0,0.0,0.0,1.0,0.0,0.0,1.0,0.0,0.0,1.0,0.0,0.0,1.0,0.0,1.0,0.0,0.0,1.0,0.0,0.0,1.0,0.0,0.0,1.0,0.0,1.0,1.0,0.0,0.0,0.9529480487162337,1.0,0.0,0.0,1.0,0.0,0.0,1.0,0.0,0.0
1544-JJMYL,0,-0.21871512695797646,0.15249671409631763,-0.15706293206961536,0.0,1.0,1.0,0.0,1.0,0.0,0.0,1.0,1.0,0.0,0.0,1.0,0.0,0.0,0.0,0.0,1.0,1.0,0.0,0.0,0.0,0.0,1.0,0.0,0.0,1.0,0.0,0.0,1.0,1.0,0.0,0.0,0.0,1.0,0.0,1.0,0.0,0.0,1.0,0.0,0.0,1.0,0.0,6.0,0.0,0.0,1.0,0.7181164570285674,0.0,0.0,1.0,0.0,0.0,1.0,0.0,0.0,1.0
4636-JGAAI,0,0.06632741908223598,0.8005975441611056,0.31630915860976166,0.0,1.0,0.0,1.0,1.0,0.0,0.0,1.0,0.0,0.0,1.0,0.0,1.0,0.0,1.0,0.0,0.0,0.0,0.0,1.0,1.0,0.0,0.0,1.0,0.0,0.0,1.0,0.0,0.0,0.0,0.0,1.0,1.0,0.0,0.0,1.0,0.0,0.0,0.0,0.0,1.0,1.0,0.0,5.0,0.0,0.0,1.0,4.76890497152597,0.0,0.0,1.0,0.0,0.0,1.0,0.0,0.0,1.0
6874-SGLHU,0,-0.0965540357978854,1.071470455188184,0.32559615475012327,0.0,1.0,1.0,0.0,1.0,0.0,0.0,1.0,1.0,0.0,0.0,0.0,1.0,0.0,1.0,0.0,0.0,0.0,0.0,1.0,1.0,0.0,0.0,1.0,0.0,0.0,0.0,0.0,1.0,0.0,0.0,1.0,0.0,1.0,0.0,0.0,1.0,1.0,0.0,0.0,0.0,1.0,0.0,5.0,0.0,0.0,1.0,-3.3721651514566107,0.0,0.0,1.0,0.0,0.0,1.0,0.0,0.0,1.0
5951-AOFIH,0,0.025607055362205634,0.05445069108651675,-0.016721199421206867,0.0,1.0,1.0,0.0,1.0,0.0,0.0,1.0,1.0,0.0,0.0,1.0,0.0,0.0,1.0,0.0,0.0,0.0,0.0,1.0,0.0,0.0,1.0,1.0,0.0,0.0,0.0,0.0,1.0,1.0,0.0,0.0,1.0,0.0,0.0,0.0,1.0,0.0,1.0,0.0,0.0,1.0,0.0,5.0,0.0,0.0,1.0,-0.6529918877703635,0.0,0.0,1.0,0.0,0.0,1.0,0.0,0.0,1.0
4729-XKASR,0,-1.2774445836787656,-1.329826210051864,-0.996444143796209,0.0,1.0,1.0,0.0,0.0,1.0,1.0,0.0,0.0,1.0,0.0,1.0,0.0,0.0,1.0,0.0,0.0,1.0,0.0,0.0,1.0,0.0,0.0,1.0,0.0,0.0,1.0,0.0,0.0,1.0,0.0,0.0,1.0,0.0,0.0,1.0,0.0,0.0,0.0,1.0,0.0,0.0,1.0,1.0,1.0,0.0,0.0,0.780029252561911,1.0,0.0,0.0,1.0,0.0,0.0,1.0,0.0,0.0
3059-NGMXB,0,-0.748079855318371,0.14751132309581955,-0.5905957946504343,0.0,1.0,0.0,1.0,0.0,1.0,0.0,1.0,0.0,0.0,1.0,1.0,0.0,0.0,0.0,0.0,1.0,0.0,0.0,1.0,1.0,0.0,0.0,1.0,0.0,0.0,1.0,0.0,0.0,0.0,0.0,1.0,1.0,0.0,0.0,1.0,0.0,0.0,0.0,0.0,1.0,1.0,0.0,6.0,1.0,0.0,0.0,0.7894822864854262,1.0,0.0,0.0,1.0,0.0,0.0,1.0,0.0,0.0
8652-YHIYU,0,-0.6666391278783103,0.4898415051300408,-0.4496143401776305,1.0,0.0,1.0,0.0,0.0,1.0,0.0,1.0,0.0,0.0,1.0,0.0,1.0,0.0,1.0,0.0,0.0,1.0,0.0,0.0,1.0,0.0,0.0,0.0,0.0,1.0,1.0,0.0,0.0,1.0,0.0,0.0,0.0,1.0,0.0,0.0,1.0,0.0,1.0,0.0,0.0,1.0,0.0,4.0,1.0,0.0,0.0,0.6744493705441545,1.0,0.0,0.0,1.0,0.0,0.0,1.0,0.0,0.0
5278-PNYOX,0,0.6771328748826912,1.1927816362003112,1.162286122939605,1.0,0.0,1.0,0.0,1.0,0.0,0.0,1.0,1.0,0.0,0.0,0.0,1.0,0.0,1.0,0.0,0.0,1.0,0.0,0.0,0.0,0.0,1.0,0.0,0.0,1.0,0.0,0.0,1.0,0.0,0.0,1.0,0.0,0.0,1.0,1.0,0.0,0.0,1.0,0.0,0.0,1.0,0.0,6.0,0.0,1.0,0.0,1.71648160361578,0.0,1.0,0.0,0.0,1.0,0.0,0.0,1.0,0.0
5449-FIBXJ,0,-0.5444780367182193,1.2808568772091153,-0.11938552255004889,0.0,1.0,0.0,1.0,0.0,1.0,0.0,1.0,0.0,0.0,1.0,0.0,1.0,0.0,1.0,0.0,0.0,1.0,0.0,0.0,0.0,0.0,1.0,0.0,0.0,1.0,0.0,0.0,1.0,0.0,0.0,1.0,1.0,0.0,0.0,1.0,0.0,0.0,0.0,1.0,0.0,0.0,1.0,7.0,1.0,0.0,0.0,0.21926600248126046,1.0,0.0,0.0,1.0,0.0,0.0,1.0,0.0,0.0
3486-HOOGQ,0,1.5322605130033284,0.4964886931307054,1.5265084347531654,1.0,0.0,0.0,1.0,0.0,1.0,0.0,1.0,0.0,0.0,1.0,1.0,0.0,0.0,0.0,0.0,1.0,0.0,0.0,1.0,0.0,0.0,1.0,0.0,0.0,1.0,0.0,0.0,1.0,1.0,0.0,0.0,0.0,0.0,1.0,1.0,0.0,1.0,0.0,0.0,0.0,1.0,0.0,8.0,0.0,1.0,0.0,0.9962460180880804,0.0,1.0,0.0,0.0,1.0,0.0,0.0,1.0,0.0
5061-PBXFW,0,-0.015113308357824713,-0.11172900893009581,-0.18470332675814968,1.0,0.0,0.0,1.0,0.0,1.0,0.0,1.0,1.0,0.0,0.0,1.0,0.0,0.0,0.0,0.0,1.0,0.0,0.0,1.0,1.0,0.0,0.0,0.0,0.0,1.0,1.0,0.0,0.0,1.0,0.0,0.0,1.0,0.0,0.0,1.0,0.0,1.0,0.0,0.0,0.0,1.0,0.0,5.0,0.0,0.0,1.0,12.221237229141957,0.0,0.0,1.0,0.0,0.0,1.0,0.0,0.0,1.0
8630-FJLIB,0,-0.5851984004382496,0.16745288709781284,-0.46838686681764863,1.0,0.0,1.0,0.0,1.0,0.0,0.0,1.0,1.0,0.0,0.0,0.0,1.0,0.0,1.0,0.0,0.0,1.0,0.0,0.0,1.0,0.0,0.0,1.0,0.0,0.0,1.0,0.0,0.0,1.0,0.0,0.0,1.0,0.0,0.0,0.0,1.0,0.0,0.0,1.0,0.0,1.0,0.0,2.0,1.0,0.0,0.0,0.8003898617406987,1.0,0.0,0.0,1.0,0.0,0.0,1.0,0.0,0.0
3891-NLXJB,0,0.18848851024232702,-0.8046983579993692,-0.3937379477226764,0.0,1.0,1.0,0.0,1.0,0.0,1.0,0.0,0.0,1.0,0.0,1.0,0.0,0.0,0.0,0.0,1.0,0.0,0.0,1.0,1.0,0.0,0.0,0.0,0.0,1.0,1.0,0.0,0.0,1.0,0.0,0.0,0.0,0.0,1.0,0.0,1.0,0.0,0.0,0.0,1.0,1.0,0.0,4.0,0.0,0.0,1.0,-2.0889228060451748,0.0,0.0,1.0,0.0,0.0,1.0,0.0,0.0,1.0
4749-OJKQU,0,-1.1552834925186746,0.36188313611724954,-0.8739705034843632,1.0,0.0,1.0,0.0,1.0,0.0,0.0,1.0,0.0,0.0,1.0,0.0,1.0,0.0,1.0,0.0,0.0,1.0,0.0,0.0,1.0,0.0,0.0,1.0,0.0,0.0,1.0,0.0,0.0,1.0,0.0,0.0,1.0,0.0,0.0,0.0,1.0,0.0,0.0,1.0,0.0,1.0,0.0,3.0,1.0,0.0,0.0,0.7564987374475413,1.0,0.0,0.0,1.0,0.0,0.0,1.0,0.0,0.0
0577-WHMEV,0,-0.6666391278783103,0.8620840331672525,-0.4007748877910262,1.0,0.0,0.0,1.0,1.0,0.0,0.0,1.0,0.0,0.0,1.0,0.0,1.0,0.0,0.0,0.0,1.0,0.0,0.0,1.0,0.0,0.0,1.0,1.0,0.0,0.0,1.0,0.0,0.0,1.0,0.0,0.0,1.0,0.0,0.0,1.0,0.0,0.0,0.0,1.0,0.0,1.0,0.0,6.0,1.0,0.0,0.0,0.6011871656357148,1.0,0.0,0.0,1.0,0.0,0.0,1.0,0.0,0.0
5453-AXEPF,0,-0.62591876415828,0.5230774451333633,-0.417540011464838,0.0,1.0,0.0,1.0,1.0,0.0,0.0,1.0,0.0,0.0,1.0,0.0,1.0,0.0,1.0,0.0,0.0,0.0,0.0,1.0,1.0,0.0,0.0,1.0,0.0,0.0,1.0,0.0,0.0,1.0,0.0,0.0,1.0,0.0,0.0,0.0,1.0,1.0,0.0,0.0,0.0,1.0,0.0,4.0,1.0,0.0,0.0,0.6670833906478829,1.0,0.0,0.0,1.0,0.0,0.0,1.0,0.0,0.0
3639-XJHKQ,0,-0.5444780367182193,-0.1383177609327537,-0.4347904413502601,1.0,0.0,1.0,0.0,0.0,1.0,0.0,1.0,1.0,0.0,0.0,1.0,0.0,0.0,0.0,0.0,1.0,0.0,0.0,1.0,0.0,0.0,1.0,1.0,0.0,0.0,1.0,0.0,0.0,1.0,0.0,0.0,1.0,0.0,0.0,0.0,1.0,0.0,0.0,1.0,0.0,1.0,0.0,5.0,1.0,0.0,0.0,0.7985454178664599,1.0,0.0,0.0,1.0,0.0,0.0,1.0,0.0,0.0
3716-LRGXK,0,1.125056875803025,1.2093996062019723,1.6694972921921756,0.0,1.0,0.0,1.0,1.0,0.0,0.0,1.0,0.0,0.0,1.0,0.0,1.0,0.0,1.0,0.0,0.0,1.0,0.0,0.0,0.0,0.0,1.0,1.0,0.0,0.0,0.0,0.0,1.0,0.0,0.0,1.0,0.0,0.0,1.0,1.0,0.0,0.0,1.0,0.0,0.0,1.0,0.0,6.0,0.0,1.0,0.0,1.4839225714704856,0.0,1.0,0.0,0.0,1.0,0.0,0.0,1.0,0.0
2263-SFSQZ,0,0.758573602322752,-1.3231790220511994,-0.4681221543385885,0.0,1.0,0.0,1.0,0.0,1.0,0.0,1.0,0.0,0.0,1.0,0.0,0.0,1.0,0.0,1.0,0.0,0.0,1.0,0.0,0.0,1.0,0.0,0.0,1.0,0.0,0.0,1.0,0.0,0.0,1.0,0.0,0.0,0.0,1.0,0.0,1.0,0.0,0.0,0.0,1.0,1.0,0.0,2.0,0.0,1.0,0.0,-0.6171084162501815,0.0,1.0,0.0,0.0,1.0,0.0,0.0,1.0,0.0
9950-MTGYX,0,-0.1779947632379461,-1.477726143066649,-0.7920861099617457,0.0,1.0,0.0,1.0,0.0,1.0,0.0,1.0,1.0,0.0,0.0,0.0,0.0,1.0,0.0,1.0,0.0,0.0,1.0,0.0,0.0,1.0,0.0,0.0,1.0,0.0,0.0,1.0,0.0,0.0,1.0,0.0,0.0,0.0,1.0,0.0,1.0,0.0,1.0,0.0,0.0,1.0,0.0,1.0,0.0,0.0,1.0,4.450052886684497,0.0,0.0,1.0,0.0,0.0,1.0,0.0,0.0,1.0
3397-AVTKU,0,0.43281069256250915,-0.1582593249347472,0.11702478062395198,0.0,1.0,1.0,0.0,1.0,0.0,0.0,1.0,1.0,0.0,0.0,1.0,0.0,0.0,1.0,0.0,0.0,0.0,0.0,1.0,1.0,0.0,0.0,1.0,0.0,0.0,1.0,0.0,0.0,0.0,0.0,1.0,0.0,0.0,1.0,0.0,1.0,0.0,0.0,1.0,0.0,1.0,0.0,4.0,0.0,0.0,1.0,0.2703832937469551,0.0,0.0,1.0,0.0,0.0,1.0,0.0,0.0,1.0
4825-FUREZ,0,0.3920903288424788,-1.479387940066815,-0.6387514064661332,0.0,1.0,0.0,1.0,1.0,0.0,0.0,1.0,1.0,0.0,0.0,0.0,0.0,1.0,0.0,1.0,0.0,0.0,1.0,0.0,0.0,1.0,0.0,0.0,1.0,0.0,0.0,1.0,0.0,0.0,1.0,0.0,0.0,0.0,1.0,1.0,0.0,0.0,0.0,1.0,0.0,1.0,0.0,1.0,0.0,0.0,1.0,-1.6290924806838318,0.0,0.0,1.0,0.0,0.0,1.0,0.0,0.0,1.0
9837-BMCLM,0,-1.1960038562387048,0.45660556512671835,-0.9005741076299119,0.0,1.0,1.0,0.0,1.0,0.0,0.0,1.0,1.0,0.0,0.0,0.0,1.0,0.0,1.0,0.0,0.0,1.0,0.0,0.0,1.0,0.0,0.0,1.0,0.0,0.0,0.0,0.0,1.0,1.0,0.0,0.0,1.0,0.0,0.0,0.0,1.0,0.0,0.0,1.0,0.0,0.0,1.0,3.0,1.0,0.0,0.0,0.752985956468497,1.0,0.0,0.0,1.0,0.0,0.0,1.0,0.0,0.0
2672-OJQZP,0,-1.2774445836787656,-0.6651074099854147,-0.9876203944942028,1.0,0.0,1.0,0.0,1.0,0.0,0.0,1.0,1.0,0.0,0.0,1.0,0.0,0.0,1.0,0.0,0.0,1.0,0.0,0.0,1.0,0.0,0.0,1.0,0.0,0.0,1.0,0.0,0.0,1.0,0.0,0.0,1.0,0.0,0.0,1.0,0.0,0.0,0.0,0.0,1.0,1.0,0.0,2.0,1.0,0.0,0.0,0.7731219084667208,1.0,0.0,0.0,1.0,0.0,0.0,1.0,0.0,0.0
0137-UDEUO,0,-1.1960038562387048,-1.4926823160681442,-0.979237832657297,1.0,0.0,1.0,0.0,1.0,0.0,0.0,1.0,1.0,0.0,0.0,0.0,0.0,1.0,0.0,1.0,0.0,0.0,1.0,0.0,0.0,1.0,0.0,0.0,1.0,0.0,0.0,1.0,0.0,0.0,1.0,0.0,1.0,0.0,0.0,1.0,0.0,0.0,0.0,0.0,1.0,0.0,1.0,1.0,1.0,0.0,0.0,0.8187580897413558,1.0,0.0,0.0,1.0,0.0,0.0,1.0,0.0,0.0
3134-DSHVC,0,1.247217966963116,1.1047063951915064,1.7361386587955774,1.0,0.0,1.0,0.0,1.0,0.0,0.0,1.0,0.0,0.0,1.0,0.0,1.0,0.0,0.0,0.0,1.0,0.0,0.0,1.0,0.0,0.0,1.0,1.0,0.0,0.0,0.0,0.0,1.0,1.0,0.0,0.0,0.0,0.0,1.0,1.0,0.0,0.0,1.0,0.0,0.0,1.0,0.0,7.0,0.0,1.0,0.0,1.392009019099482,0.0,1.0,0.0,0.0,1.0,0.0,0.0,1.0,0.0
6161-UUUTA,1,-1.1960038562387048,0.50313588113137,-0.8922577239127709,0.0,1.0,1.0,0.0,1.0,0.0,0.0,1.0,1.0,0.0,0.0,0.0,1.0,0.0,1.0,0.0,0.0,1.0,0.0,0.0,1.0,0.0,0.0,1.0,0.0,0.0,0.0,0.0,1.0,1.0,0.0,0.0,1.0,0.0,0.0,0.0,1.0,0.0,0.0,1.0,0.0,0.0,1.0,3.0,1.0,0.0,0.0,0.7460324807971935,1.0,0.0,0.0,1.0,0.0,0.0,1.0,0.0,0.0
7821-DPRQE,0,1.4508197855632678,1.4270950132237343,2.2225257796954137,0.0,1.0,0.0,1.0,1.0,0.0,0.0,1.0,0.0,0.0,1.0,0.0,1.0,0.0,0.0,0.0,1.0,0.0,0.0,1.0,1.0,0.0,0.0,0.0,0.0,1.0,0.0,0.0,1.0,0.0,0.0,1.0,1.0,0.0,0.0,0.0,1.0,0.0,0.0,1.0,0.0,1.0,0.0,8.0,0.0,1.0,0.0,1.5319103046506481,0.0,1.0,0.0,0.0,1.0,0.0,0.0,1.0,0.0
6543-XRMYR,1,-0.0965540357978854,1.1612074931971548,0.30179409100796145,1.0,0.0,1.0,0.0,1.0,0.0,0.0,1.0,0.0,0.0,1.0,0.0,1.0,0.0,1.0,0.0,0.0,0.0,0.0,1.0,1.0,0.0,0.0,1.0,0.0,0.0,0.0,0.0,1.0,0.0,0.0,1.0,1.0,0.0,0.0,0.0,1.0,0.0,0.0,1.0,0.0,0.0,1.0,6.0,0.0,0.0,1.0,-3.1256496791050856,0.0,0.0,1.0,0.0,0.0,1.0,0.0,0.0,1.0
2001-EWBQU,0,1.125056875803025,1.327387193213767,1.7870296328948982,1.0,0.0,1.0,0.0,1.0,0.0,0.0,1.0,0.0,0.0,1.0,0.0,1.0,0.0,1.0,0.0,0.0,0.0,0.0,1.0,0.0,0.0,1.0,1.0,0.0,0.0,0.0,0.0,1.0,0.0,0.0,1.0,0.0,0.0,1.0,1.0,0.0,0.0,0.0,1.0,0.0,1.0,0.0,7.0,0.0,1.0,0.0,1.5883904816984304,0.0,1.0,0.0,0.0,1.0,0.0,0.0,1.0,0.0
4925-LMHOK,0,-0.7073594915983407,-0.2047896409393986,-0.5927796726026809,0.0,1.0,1.0,0.0,1.0,0.0,0.0,1.0,0.0,0.0,1.0,1.0,0.0,0.0,1.0,0.0,0.0,0.0,0.0,1.0,1.0,0.0,0.0,0.0,0.0,1.0,1.0,0.0,0.0,1.0,0.0,0.0,1.0,0.0,0.0,0.0,1.0,0.0,1.0,0.0,0.0,0.0,1.0,5.0,1.0,0.0,0.0,0.8380175563393423,1.0,0.0,0.0,1.0,0.0,0.0,1.0,0.0,0.0
1608-GMEWB,1,0.5142514200025698,0.9684390411778845,0.845734116730133,0.0,1.0,1.0,0.0,1.0,0.0,0.0,1.0,0.0,0.0,1.0,0.0,1.0,0.0,1.0,0.0,0.0,1.0,0.0,0.0,1.0,0.0,0.0,1.0,0.0,0.0,0.0,0.0,1.0,0.0,0.0,1.0,1.0,0.0,0.0,0.0,1.0,1.0,0.0,0.0,0.0,1.0,0.0,5.0,0.0,1.0,0.0,1.6445926716661408,0.0,1.0,0.0,0.0,1.0,0.0,0.0,1.0,0.0
6695-AMZUF,0,1.5322605130033284,0.720831288153132,1.6177901212824193,1.0,0.0,0.0,1.0,1.0,0.0,0.0,1.0,1.0,0.0,0.0,1.0,0.0,0.0,0.0,0.0,1.0,0.0,0.0,1.0,0.0,0.0,1.0,0.0,0.0,1.0,0.0,0.0,1.0,0.0,0.0,1.0,0.0,0.0,1.0,1.0,0.0,0.0,1.0,0.0,0.0,1.0,0.0,8.0,0.0,1.0,0.0,1.055819234101026,0.0,1.0,0.0,0.0,1.0,0.0,0.0,1.0,0.0
1455-UGQVH,0,-0.9109613101984924,1.1213243651931677,-0.5495212416495956,0.0,1.0,0.0,1.0,1.0,0.0,0.0,1.0,0.0,0.0,1.0,0.0,1.0,0.0,1.0,0.0,0.0,1.0,0.0,0.0,0.0,0.0,1.0,1.0,0.0,0.0,0.0,0.0,1.0,0.0,0.0,1.0,1.0,0.0,0.0,0.0,1.0,0.0,0.0,1.0,0.0,0.0,1.0,6.0,1.0,0.0,0.0,0.6032322509172849,1.0,0.0,0.0,1.0,0.0,0.0,1.0,0.0,0.0
8410-BGQXN,0,-1.1552834925186746,-1.5076384890696393,-0.9661566243170727,0.0,1.0,1.0,0.0,1.0,0.0,0.0,1.0,1.0,0.0,0.0,0.0,0.0,1.0,0.0,1.0,0.0,0.0,1.0,0.0,0.0,1.0,0.0,0.0,1.0,0.0,0.0,1.0,0.0,0.0,1.0,0.0,1.0,0.0,0.0,1.0,0.0,0.0,0.0,0.0,1.0,1.0,0.0,1.0,1.0,0.0,0.0,0.8362939750923994,1.0,0.0,0.0,1.0,0.0,0.0,1.0,0.0,0.0
8280-MQRQN,0,-1.2774445836787656,-0.4756625519664766,-0.9851056259431312,1.0,0.0,1.0,0.0,1.0,0.0,0.0,1.0,1.0,0.0,0.0,1.0,0.0,0.0,1.0,0.0,0.0,1.0,0.0,0.0,0.0,0.0,1.0,1.0,0.0,0.0,1.0,0.0,0.0,1.0,0.0,0.0,1.0,0.0,0.0,0.0,1.0,0.0,0.0,0.0,1.0,0.0,1.0,3.0,1.0,0.0,0.0,0.7711533153995918,1.0,0.0,0.0,1.0,0.0,0.0,1.0,0.0,0.0
1619-YWUBB,0,1.4508197855632678,-1.3231790220511994,-0.29488989616695194,1.0,0.0,0.0,1.0,1.0,0.0,0.0,1.0,0.0,0.0,1.0,0.0,0.0,1.0,0.0,1.0,0.0,0.0,1.0,0.0,0.0,1.0,0.0,0.0,1.0,0.0,0.0,1.0,0.0,0.0,1.0,0.0,0.0,0.0,1.0,0.0,1.0,0.0,1.0,0.0,0.0,1.0,0.0,2.0,0.0,1.0,0.0,-0.20325742666410052,0.0,1.0,0.0,0.0,1.0,0.0,0.0,1.0,0.0
7611-YKYTC,0,-0.4223169455581282,0.3402797751150897,-0.31295652286280967,0.0,1.0,0.0,1.0,0.0,1.0,0.0,1.0,1.0,0.0,0.0,0.0,1.0,0.0,0.0,0.0,1.0,1.0,0.0,0.0,1.0,0.0,0.0,1.0,0.0,0.0,1.0,0.0,0.0,1.0,0.0,0.0,1.0,0.0,0.0,1.0,0.0,1.0,0.0,0.0,0.0,1.0,0.0,3.0,0.0,0.0,1.0,0.741046567404987,0.0,0.0,1.0,0.0,0.0,1.0,0.0,0.0,1.0
2037-SGXHH,0,0.22920887396235737,0.9933659961803764,0.5916321962056098,0.0,1.0,0.0,1.0,0.0,1.0,0.0,1.0,0.0,0.0,1.0,0.0,1.0,0.0,1.0,0.0,0.0,0.0,0.0,1.0,0.0,0.0,1.0,1.0,0.0,0.0,0.0,0.0,1.0,1.0,0.0,0.0,1.0,0.0,0.0,0.0,1.0,0.0,0.0,1.0,0.0,0.0,1.0,6.0,0.0,0.0,1.0,2.581192368244751,0.0,0.0,1.0,0.0,0.0,1.0,0.0,0.0,1.0
3178-FESZO,0,-1.2774445836787656,1.1794872601989819,-0.9631344901811357,1.0,0.0,1.0,0.0,1.0,0.0,0.0,1.0,0.0,0.0,1.0,0.0,1.0,0.0,1.0,0.0,0.0,0.0,0.0,1.0,1.0,0.0,0.0,1.0,0.0,0.0,0.0,0.0,1.0,0.0,0.0,1.0,1.0,0.0,0.0,0.0,1.0,0.0,1.0,0.0,0.0,0.0,1.0,6.0,1.0,0.0,0.0,0.7539540286025681,1.0,0.0,0.0,1.0,0.0,0.0,1.0,0.0,0.0
0365-GXEZS,0,-0.5851984004382496,0.44663478312572175,-0.35936944419136224,0.0,1.0,0.0,1.0,1.0,0.0,0.0,1.0,1.0,0.0,0.0,0.0,1.0,0.0,1.0,0.0,0.0,1.0,0.0,0.0,0.0,0.0,1.0,0.0,0.0,1.0,1.0,0.0,0.0,1.0,0.0,0.0,1.0,0.0,0.0,1.0,0.0,0.0,0.0,1.0,0.0,1.0,0.0,4.0,1.0,0.0,0.0,0.6140984731370316,1.0,0.0,0.0,1.0,0.0,0.0,1.0,0.0,0.0
0082-OQIQY,0,-0.13727439951791576,0.9784098231788811,0.14307690043812513,0.0,1.0,1.0,0.0,1.0,0.0,0.0,1.0,1.0,0.0,0.0,0.0,1.0,0.0,1.0,0.0,0.0,1.0,0.0,0.0,1.0,0.0,0.0,0.0,0.0,1.0,0.0,0.0,1.0,0.0,0.0,1.0,1.0,0.0,0.0,0.0,1.0,0.0,0.0,1.0,0.0,1.0,0.0,5.0,0.0,0.0,1.0,-1.0422693593312866,0.0,0.0,1.0,0.0,0.0,1.0,0.0,0.0,1.0
6087-MVHJH,0,-0.6666391278783103,0.787303168159777,-0.3799508394382917,1.0,0.0,1.0,0.0,1.0,0.0,0.0,1.0,0.0,0.0,1.0,0.0,1.0,0.0,1.0,0.0,0.0,1.0,0.0,0.0,0.0,0.0,1.0,1.0,0.0,0.0,1.0,0.0,0.0,0.0,0.0,1.0,1.0,0.0,0.0,0.0,1.0,0.0,0.0,1.0,0.0,0.0,1.0,5.0,1.0,0.0,0.0,0.5699498027479251,1.0,0.0,0.0,1.0,0.0,0.0,1.0,0.0,0.0
4603-JANFB,0,-1.2774445836787656,0.16911468409797886,-0.9765465891201851,0.0,1.0,1.0,0.0,1.0,0.0,0.0,1.0,1.0,0.0,0.0,0.0,1.0,0.0,1.0,0.0,0.0,1.0,0.0,0.0,1.0,0.0,0.0,1.0,0.0,0.0,1.0,0.0,0.0,1.0,0.0,0.0,1.0,0.0,0.0,0.0,1.0,0.0,0.0,1.0,0.0,0.0,1.0,2.0,1.0,0.0,0.0,0.7644531916272571,1.0,0.0,0.0,1.0,0.0,0.0,1.0,0.0,0.0
3018-TFTSU,0,-0.8295205827584317,0.5629605731373504,-0.6285599760223161,0.0,1.0,1.0,0.0,1.0,0.0,0.0,1.0,1.0,0.0,0.0,0.0,1.0,0.0,0.0,0.0,1.0,1.0,0.0,0.0,0.0,0.0,1.0,1.0,0.0,0.0,1.0,0.0,0.0,1.0,0.0,0.0,1.0,0.0,0.0,1.0,0.0,1.0,0.0,0.0,0.0,0.0,1.0,4.0,1.0,0.0,0.0,0.7577388543297445,1.0,0.0,0.0,1.0,0.0,0.0,1.0,0.0,0.0
3606-SBKRY,0,-0.055833672077855064,-0.4889569279678058,-0.3352585492236303,0.0,1.0,1.0,0.0,1.0,0.0,1.0,0.0,0.0,1.0,0.0,1.0,0.0,0.0,1.0,0.0,0.0,1.0,0.0,0.0,0.0,0.0,1.0,1.0,0.0,0.0,0.0,0.0,1.0,0.0,0.0,1.0,0.0,1.0,0.0,0.0,1.0,0.0,0.0,1.0,0.0,1.0,0.0,4.0,0.0,0.0,1.0,6.004594302093229,0.0,0.0,1.0,0.0,0.0,1.0,0.0,0.0,1.0
4806-KEXQR,0,-1.1552834925186746,0.50313588113137,-0.8642864386254113,0.0,1.0,1.0,0.0,1.0,0.0,0.0,1.0,1.0,0.0,0.0,0.0,1.0,0.0,1.0,0.0,0.0,1.0,0.0,0.0,1.0,0.0,0.0,1.0,0.0,0.0,1.0,0.0,0.0,0.0,0.0,1.0,1.0,0.0,0.0,0.0,1.0,0.0,0.0,1.0,0.0,0.0,1.0,3.0,1.0,0.0,0.0,0.7481163231555831,1.0,0.0,0.0,1.0,0.0,0.0,1.0,0.0,0.0
0667-NSRGI,0,0.6364125111626608,0.15914390209698223,0.5083801215411813,1.0,0.0,0.0,1.0,1.0,0.0,0.0,1.0,0.0,0.0,1.0,1.0,0.0,0.0,1.0,0.0,0.0,1.0,0.0,0.0,0.0,0.0,1.0,0.0,0.0,1.0,1.0,0.0,0.0,0.0,0.0,1.0,0.0,1.0,0.0,0.0,1.0,0.0,0.0,0.0,1.0,1.0,0.0,6.0,0.0,1.0,0.0,0.7988216960292351,0.0,1.0,0.0,0.0,1.0,0.0,0.0,1.0,0.0
7083-YNSKY,0,-0.7073594915983407,-1.3082228490497045,-0.8310650225033581,1.0,0.0,1.0,0.0,1.0,0.0,0.0,1.0,0.0,0.0,1.0,0.0,0.0,1.0,0.0,1.0,0.0,0.0,1.0,0.0,0.0,1.0,0.0,0.0,1.0,0.0,0.0,1.0,0.0,0.0,1.0,0.0,1.0,0.0,0.0,0.0,1.0,0.0,1.0,0.0,0.0,0.0,1.0,2.0,1.0,0.0,0.0,1.1748835385321459,1.0,0.0,0.0,1.0,0.0,0.0,1.0,0.0,0.0
6893-ODYYE,0,0.7178532386027215,0.8421424691652587,0.9997967795431609,0.0,1.0,1.0,0.0,1.0,0.0,0.0,1.0,1.0,0.0,0.0,0.0,1.0,0.0,0.0,0.0,1.0,0.0,0.0,1.0,0.0,0.0,1.0,0.0,0.0,1.0,1.0,0.0,0.0,1.0,0.0,0.0,0.0,1.0,0.0,0.0,1.0,0.0,1.0,0.0,0.0,1.0,0.0,6.0,0.0,1.0,0.0,1.3927593075838642,0.0,1.0,0.0,0.0,1.0,0.0,0.0,1.0,0.0
8242-JSVBO,0,-1.0331224013585834,-0.6684310039857471,-0.8650805760625919,0.0,1.0,1.0,0.0,1.0,0.0,0.0,1.0,1.0,0.0,0.0,1.0,0.0,0.0,1.0,0.0,0.0,1.0,0.0,0.0,1.0,0.0,0.0,1.0,0.0,0.0,1.0,0.0,0.0,1.0,0.0,0.0,1.0,0.0,0.0,0.0,1.0,1.0,0.0,0.0,0.0,1.0,0.0,2.0,1.0,0.0,0.0,0.8373456764900151,1.0,0.0,0.0,1.0,0.0,0.0,1.0,0.0,0.0
2479-BRAMR,1,0.35136996512244845,0.6310942501441613,0.43688569282167633,0.0,1.0,0.0,1.0,1.0,0.0,0.0,1.0,0.0,0.0,1.0,0.0,1.0,0.0,0.0,0.0,1.0,1.0,0.0,0.0,0.0,0.0,1.0,1.0,0.0,0.0,1.0,0.0,0.0,1.0,0.0,0.0,1.0,0.0,0.0,0.0,1.0,1.0,0.0,0.0,0.0,0.0,1.0,5.0,0.0,0.0,1.0,1.2433780237005363,0.0,0.0,1.0,0.0,0.0,1.0,0.0,0.0,1.0
9541-ZPSEA,0,1.4508197855632678,0.5180920541328647,1.3640852694764865,0.0,1.0,0.0,1.0,0.0,1.0,0.0,1.0,1.0,0.0,0.0,0.0,1.0,0.0,0.0,0.0,1.0,1.0,0.0,0.0,0.0,0.0,1.0,1.0,0.0,0.0,1.0,0.0,0.0,1.0,0.0,0.0,0.0,0.0,1.0,1.0,0.0,0.0,1.0,0.0,0.0,1.0,0.0,4.0,0.0,1.0,0.0,0.9402168918911541,0.0,1.0,0.0,0.0,1.0,0.0,0.0,1.0,0.0
2665-NPTGL,1,-0.2594354906780068,1.1080299891918384,0.10032583506990511,1.0,0.0,0.0,1.0,1.0,0.0,0.0,1.0,0.0,0.0,1.0,0.0,1.0,0.0,1.0,0.0,0.0,1.0,0.0,0.0,0.0,0.0,1.0,1.0,0.0,0.0,0.0,0.0,1.0,0.0,0.0,1.0,1.0,0.0,0.0,0.0,1.0,1.0,0.0,0.0,0.0,1.0,0.0,6.0,0.0,0.0,1.0,-0.386708213312351,0.0,0.0,1.0,0.0,0.0,1.0,0.0,0.0,1.0
1139-WUOAH,0,1.002895784642934,-0.3792783259568415,0.35592779297576954,0.0,1.0,1.0,0.0,1.0,0.0,1.0,0.0,0.0,1.0,0.0,1.0,0.0,0.0,1.0,0.0,0.0,1.0,0.0,0.0,0.0,0.0,1.0,0.0,0.0,1.0,0.0,0.0,1.0,0.0,0.0,1.0,0.0,0.0,1.0,1.0,0.0,0.0,1.0,0.0,0.0,1.0,0.0,5.0,0.0,1.0,0.0,0.3549000787778685,0.0,1.0,0.0,0.0,1.0,0.0,0.0,1.0,0.0
4693-VWVBO,0,-1.1960038562387048,-1.502653098069141,-0.9804290388130678,1.0,0.0,1.0,0.0,1.0,0.0,0.0,1.0,1.0,0.0,0.0,0.0,0.0,1.0,0.0,1.0,0.0,0.0,1.0,0.0,0.0,1.0,0.0,0.0,1.0,0.0,0.0,1.0,0.0,0.0,1.0,0.0,1.0,0.0,0.0,1.0,0.0,0.0,0.0,1.0,0.0,1.0,0.0,1.0,1.0,0.0,0.0,0.819754078299049,1.0,0.0,0.0,1.0,0.0,0.0,1.0,0.0,0.0
7434-SHXLS,0,-1.2774445836787656,-1.4577845790646555,-0.9981427155368452,1.0,0.0,1.0,0.0,1.0,0.0,0.0,1.0,1.0,0.0,0.0,0.0,0.0,1.0,0.0,1.0,0.0,0.0,1.0,0.0,0.0,1.0,0.0,0.0,1.0,0.0,0.0,1.0,0.0,0.0,1.0,0.0,1.0,0.0,0.0,1.0,0.0,0.0,0.0,0.0,1.0,0.0,1.0,1.0,1.0,0.0,0.0,0.781358916300235,1.0,0.0,0.0,1.0,0.0,0.0,1.0,0.0,0.0
6937-GCDGQ,0,-0.5444780367182193,-0.5255164619714603,-0.585764791907586,0.0,1.0,0.0,1.0,0.0,1.0,0.0,1.0,1.0,0.0,0.0,1.0,0.0,0.0,0.0,0.0,1.0,1.0,0.0,0.0,1.0,0.0,0.0,1.0,0.0,0.0,1.0,0.0,0.0,1.0,0.0,0.0,0.0,1.0,0.0,0.0,1.0,1.0,0.0,0.0,0.0,1.0,0.0,3.0,1.0,0.0,0.0,1.0758281370507028,1.0,0.0,0.0,1.0,0.0,0.0,1.0,0.0,0.0
0988-JRWWP,0,-1.1960038562387048,-0.3510277769540174,-0.9454208134573582,1.0,0.0,1.0,0.0,1.0,0.0,0.0,1.0,1.0,0.0,0.0,1.0,0.0,0.0,1.0,0.0,0.0,1.0,0.0,0.0,1.0,0.0,0.0,1.0,0.0,0.0,0.0,0.0,1.0,1.0,0.0,0.0,1.0,0.0,0.0,0.0,1.0,0.0,0.0,1.0,0.0,1.0,0.0,3.0,1.0,0.0,0.0,0.7904830812423953,1.0,0.0,0.0,1.0,0.0,0.0,1.0,0.0,0.0
5075-JSDKI,0,1.0843365120829946,-1.3397969920528607,-0.34862652941616973,1.0,0.0,1.0,0.0,1.0,0.0,0.0,1.0,0.0,0.0,1.0,0.0,0.0,1.0,0.0,1.0,0.0,0.0,1.0,0.0,0.0,1.0,0.0,0.0,1.0,0.0,0.0,1.0,0.0,0.0,1.0,0.0,0.0,0.0,1.0,1.0,0.0,0.0,0.0,1.0,0.0,1.0,0.0,2.0,0.0,1.0,0.0,-0.3215113809517151,0.0,1.0,0.0,0.0,1.0,0.0,0.0,1.0,0.0
7908-QCBCA,0,-1.2774445836787656,0.15415851109648415,-0.9767451234794802,1.0,0.0,0.0,1.0,1.0,0.0,0.0,1.0,1.0,0.0,0.0,0.0,1.0,0.0,1.0,0.0,0.0,1.0,0.0,0.0,1.0,0.0,0.0,1.0,0.0,0.0,1.0,0.0,0.0,1.0,0.0,0.0,1.0,0.0,0.0,0.0,1.0,0.0,0.0,0.0,1.0,0.0,1.0,2.0,1.0,0.0,0.0,0.7646086068693989,1.0,0.0,0.0,1.0,0.0,0.0,1.0,0.0,0.0
8644-XYTSV,0,0.3920903288424788,-0.8179927340006982,-0.28997065593108357,0.0,1.0,0.0,1.0,1.0,0.0,1.0,0.0,0.0,1.0,0.0,1.0,0.0,0.0,0.0,0.0,1.0,1.0,0.0,0.0,1.0,0.0,0.0,1.0,0.0,0.0,0.0,0.0,1.0,1.0,0.0,0.0,1.0,0.0,0.0,0.0,1.0,1.0,0.0,0.0,0.0,1.0,0.0,3.0,0.0,0.0,1.0,-0.73955064586043,0.0,0.0,1.0,0.0,0.0,1.0,0.0,0.0,1.0
6711-FLDFB,0,-1.0331224013585834,0.33695618111475767,-0.7686149368184092,1.0,0.0,1.0,0.0,1.0,0.0,0.0,1.0,0.0,0.0,1.0,0.0,1.0,0.0,1.0,0.0,0.0,1.0,0.0,0.0,1.0,0.0,0.0,1.0,0.0,0.0,1.0,0.0,0.0,1.0,0.0,0.0,1.0,0.0,0.0,0.0,1.0,0.0,0.0,1.0,0.0,0.0,1.0,3.0,1.0,0.0,0.0,0.7439727720623037,1.0,0.0,0.0,1.0,0.0,0.0,1.0,0.0,0.0
3873-WOSBC,0,1.4100994218432374,-1.3015756610490399,-0.21988802709989935,0.0,1.0,0.0,1.0,1.0,0.0,0.0,1.0,0.0,0.0,1.0,0.0,0.0,1.0,0.0,1.0,0.0,0.0,1.0,0.0,0.0,1.0,0.0,0.0,1.0,0.0,0.0,1.0,0.0,0.0,1.0,0.0,0.0,0.0,1.0,1.0,0.0,0.0,1.0,0.0,0.0,1.0,0.0,2.0,0.0,1.0,0.0,-0.1559379599010605,0.0,1.0,0.0,0.0,1.0,0.0,0.0,1.0,0.0
7465-ZZRVX,0,-1.2774445836787656,0.1857326540996401,-0.976325995387635,0.0,1.0,1.0,0.0,1.0,0.0,0.0,1.0,1.0,0.0,0.0,0.0,1.0,0.0,1.0,0.0,0.0,1.0,0.0,0.0,1.0,0.0,0.0,1.0,0.0,0.0,1.0,0.0,0.0,1.0,0.0,0.0,1.0,0.0,0.0,0.0,1.0,0.0,0.0,1.0,0.0,1.0,0.0,2.0,1.0,0.0,0.0,0.7642805080248775,1.0,0.0,0.0,1.0,0.0,0.0,1.0,0.0,0.0
7975-JMZNT,0,1.369379058123207,0.895319973170575,1.673247385645528,0.0,1.0,0.0,1.0,1.0,0.0,0.0,1.0,0.0,0.0,1.0,1.0,0.0,0.0,0.0,0.0,1.0,0.0,0.0,1.0,0.0,0.0,1.0,0.0,0.0,1.0,0.0,0.0,1.0,0.0,0.0,1.0,0.0,0.0,1.0,1.0,0.0,1.0,0.0,0.0,0.0,1.0,0.0,9.0,0.0,1.0,0.0,1.22190227440661,0.0,1.0,0.0,0.0,1.0,0.0,0.0,1.0,0.0
7251-XFOIL,0,1.1657772395230555,0.8122301231622688,1.4194322369733205,1.0,0.0,1.0,0.0,1.0,0.0,0.0,1.0,0.0,0.0,1.0,0.0,1.0,0.0,1.0,0.0,0.0,1.0,0.0,0.0,0.0,0.0,1.0,1.0,0.0,0.0,1.0,0.0,0.0,0.0,0.0,1.0,1.0,0.0,0.0,1.0,0.0,0.0,0.0,0.0,1.0,1.0,0.0,5.0,0.0,1.0,0.0,1.2175844482553466,0.0,1.0,0.0,0.0,1.0,0.0,0.0,1.0,0.0
4116-IQRFR,0,-1.1552834925186746,-1.3514295710540236,-0.9751127298586091,0.0,1.0,0.0,1.0,0.0,1.0,0.0,1.0,0.0,0.0,1.0,0.0,0.0,1.0,0.0,1.0,0.0,0.0,1.0,0.0,0.0,1.0,0.0,0.0,1.0,0.0,0.0,1.0,0.0,0.0,1.0,0.0,0.0,1.0,0.0,1.0,0.0,0.0,1.0,0.0,0.0,1.0,0.0,2.0,1.0,0.0,0.0,0.8440462762371261,1.0,0.0,0.0,1.0,0.0,0.0,1.0,0.0,0.0
3714-JTVOV,1,0.3920903288424788,0.31202922611226586,0.41740726623749763,1.0,0.0,0.0,1.0,1.0,0.0,0.0,1.0,1.0,0.0,0.0,0.0,1.0,0.0,0.0,0.0,1.0,1.0,0.0,0.0,1.0,0.0,0.0,1.0,0.0,0.0,1.0,0.0,0.0,1.0,0.0,0.0,1.0,0.0,0.0,0.0,1.0,0.0,1.0,0.0,0.0,0.0,1.0,3.0,0.0,0.0,1.0,1.0645691452522152,0.0,0.0,1.0,0.0,0.0,1.0,0.0,0.0,1.0
8259-DZLIZ,0,1.2879383306831464,-0.3626603559551803,0.4926076696638453,1.0,0.0,0.0,1.0,0.0,1.0,0.0,1.0,0.0,0.0,1.0,1.0,0.0,0.0,1.0,0.0,0.0,0.0,0.0,1.0,1.0,0.0,0.0,1.0,0.0,0.0,1.0,0.0,0.0,1.0,0.0,0.0,0.0,1.0,0.0,0.0,1.0,1.0,0.0,0.0,0.0,1.0,0.0,4.0,0.0,1.0,0.0,0.38247768385195663,0.0,1.0,0.0,0.0,1.0,0.0,0.0,1.0,0.0
0442-ZXKVS,1,0.880734693482843,1.6896589392499817,1.8299351138759032,1.0,0.0,0.0,1.0,1.0,0.0,0.0,1.0,0.0,0.0,1.0,0.0,1.0,0.0,0.0,0.0,1.0,0.0,0.0,1.0,0.0,0.0,1.0,0.0,0.0,1.0,0.0,0.0,1.0,0.0,0.0,1.0,0.0,1.0,0.0,0.0,1.0,1.0,0.0,0.0,0.0,1.0,0.0,9.0,0.0,1.0,0.0,2.0777370613612045,0.0,1.0,0.0,0.0,1.0,0.0,0.0,1.0,0.0
7853-WNZSY,0,-1.2774445836787656,-1.4960059100684764,-0.9986500811217106,0.0,1.0,1.0,0.0,1.0,0.0,0.0,1.0,1.0,0.0,0.0,0.0,0.0,1.0,0.0,1.0,0.0,0.0,1.0,0.0,0.0,1.0,0.0,0.0,1.0,0.0,0.0,1.0,0.0,0.0,1.0,0.0,1.0,0.0,0.0,0.0,1.0,0.0,1.0,0.0,0.0,1.0,0.0,1.0,1.0,0.0,0.0,0.7817560885857086,1.0,0.0,0.0,1.0,0.0,0.0,1.0,0.0,0.0
3120-FAZKD,0,0.880734693482843,-1.3530913680541898,-0.4643058827654708,0.0,1.0,0.0,1.0,0.0,1.0,0.0,1.0,0.0,0.0,1.0,0.0,0.0,1.0,0.0,1.0,0.0,0.0,1.0,0.0,0.0,1.0,0.0,0.0,1.0,0.0,0.0,1.0,0.0,0.0,1.0,0.0,0.0,0.0,1.0,0.0,1.0,1.0,0.0,0.0,0.0,1.0,0.0,2.0,0.0,1.0,0.0,-0.5271801896770808,0.0,1.0,0.0,0.0,1.0,0.0,0.0,1.0,0.0
8606-OEGQZ,0,-0.5851984004382496,-1.3115464430500368,-0.806777652549586,1.0,0.0,1.0,0.0,0.0,1.0,0.0,1.0,0.0,0.0,1.0,0.0,0.0,1.0,0.0,1.0,0.0,0.0,1.0,0.0,0.0,1.0,0.0,0.0,1.0,0.0,0.0,1.0,0.0,0.0,1.0,0.0,0.0,0.0,1.0,1.0,0.0,0.0,1.0,0.0,0.0,1.0,0.0,2.0,1.0,0.0,0.0,1.3786395382239558,1.0,0.0,0.0,1.0,0.0,0.0,1.0,0.0,0.0
0225-ZORZP,0,-1.1960038562387048,0.6493740171459885,-0.9036624198856139,0.0,1.0,1.0,0.0,1.0,0.0,0.0,1.0,1.0,0.0,0.0,0.0,1.0,0.0,1.0,0.0,0.0,0.0,0.0,1.0,1.0,0.0,0.0,1.0,0.0,0.0,1.0,0.0,0.0,0.0,0.0,1.0,1.0,0.0,0.0,1.0,0.0,0.0,0.0,1.0,0.0,1.0,0.0,4.0,1.0,0.0,0.0,0.7555681490254795,1.0,0.0,0.0,1.0,0.0,0.0,1.0,0.0,0.0
4702-IOQDC,0,-1.2774445836787656,0.1774236690988095,-0.97643629225391,1.0,0.0,1.0,0.0,1.0,0.0,0.0,1.0,1.0,0.0,0.0,0.0,1.0,0.0,1.0,0.0,0.0,1.0,0.0,0.0,1.0,0.0,0.0,1.0,0.0,0.0,1.0,0.0,0.0,1.0,0.0,0.0,1.0,0.0,0.0,0.0,1.0,0.0,0.0,1.0,0.0,0.0,1.0,2.0,1.0,0.0,0.0,0.7643668498260673,1.0,0.0,0.0,1.0,0.0,0.0,1.0,0.0,0.0
9489-JMTTN,0,1.6137012404433893,0.830509890164096,1.9026648674976891,1.0,0.0,0.0,1.0,0.0,1.0,0.0,1.0,0.0,0.0,1.0,1.0,0.0,0.0,0.0,0.0,1.0,0.0,0.0,1.0,0.0,0.0,1.0,0.0,0.0,1.0,0.0,0.0,1.0,0.0,0.0,1.0,0.0,0.0,1.0,1.0,0.0,0.0,1.0,0.0,0.0,1.0,0.0,9.0,0.0,1.0,0.0,1.1790688510438914,0.0,1.0,0.0,0.0,1.0,0.0,0.0,1.0,0.0
0575-CUQOV,1,1.125056875803025,1.1030445981913404,1.5810833241860738,0.0,1.0,0.0,1.0,1.0,0.0,0.0,1.0,1.0,0.0,0.0,0.0,1.0,0.0,1.0,0.0,0.0,0.0,0.0,1.0,0.0,0.0,1.0,1.0,0.0,0.0,0.0,0.0,1.0,0.0,0.0,1.0,0.0,1.0,0.0,0.0,1.0,0.0,0.0,1.0,0.0,1.0,0.0,6.0,0.0,1.0,0.0,1.4053363507134282,0.0,1.0,0.0,0.0,1.0,0.0,0.0,1.0,0.0
0967-BMLBD,0,-0.8702409464784621,-1.4876969250676457,-0.920736374784996,1.0,0.0,0.0,1.0,0.0,1.0,0.0,1.0,1.0,0.0,0.0,0.0,0.0,1.0,0.0,1.0,0.0,0.0,1.0,0.0,0.0,1.0,0.0,0.0,1.0,0.0,0.0,1.0,0.0,0.0,1.0,0.0,0.0,1.0,0.0,0.0,1.0,0.0,0.0,0.0,1.0,1.0,0.0,1.0,1.0,0.0,0.0,1.05802465226541,1.0,0.0,0.0,1.0,0.0,0.0,1.0,0.0,0.0
6178-KFNHS,0,-0.8295205827584317,0.4499583771260538,-0.6062138309149854,1.0,0.0,1.0,0.0,0.0,1.0,0.0,1.0,0.0,0.0,1.0,0.0,1.0,0.0,0.0,0.0,1.0,1.0,0.0,0.0,1.0,0.0,0.0,1.0,0.0,0.0,1.0,0.0,0.0,1.0,0.0,0.0,1.0,0.0,0.0,0.0,1.0,0.0,0.0,1.0,0.0,0.0,1.0,4.0,1.0,0.0,0.0,0.7308002278847897,1.0,0.0,0.0,1.0,0.0,0.0,1.0,0.0,0.0
2830-LEWOA,0,1.1657772395230555,1.300798441211109,1.8379206069942187,0.0,1.0,0.0,1.0,0.0,1.0,0.0,1.0,1.0,0.0,0.0,0.0,1.0,0.0,1.0,0.0,0.0,0.0,0.0,1.0,0.0,0.0,1.0,0.0,0.0,1.0,0.0,0.0,1.0,0.0,0.0,1.0,0.0,1.0,0.0,1.0,0.0,0.0,1.0,0.0,0.0,1.0,0.0,7.0,0.0,1.0,0.0,1.5765624380744914,0.0,1.0,0.0,0.0,1.0,0.0,0.0,1.0,0.0
5006-MXVRN,0,0.26992923768238775,-1.46443176706532,-0.6709801507917108,1.0,0.0,1.0,0.0,1.0,0.0,0.0,1.0,1.0,0.0,0.0,0.0,0.0,1.0,0.0,1.0,0.0,0.0,1.0,0.0,0.0,1.0,0.0,0.0,1.0,0.0,0.0,1.0,0.0,0.0,1.0,0.0,0.0,0.0,1.0,1.0,0.0,0.0,1.0,0.0,0.0,1.0,0.0,1.0,0.0,0.0,1.0,-2.4857631450106923,0.0,0.0,1.0,0.0,0.0,1.0,0.0,0.0,1.0
1264-BYWMS,0,0.9214550572028734,1.0648232671875193,1.3238489726593383,0.0,1.0,1.0,0.0,1.0,0.0,0.0,1.0,0.0,0.0,1.0,0.0,1.0,0.0,1.0,0.0,0.0,1.0,0.0,0.0,1.0,0.0,0.0,1.0,0.0,0.0,0.0,0.0,1.0,0.0,0.0,1.0,1.0,0.0,0.0,0.0,1.0,0.0,0.0,1.0,0.0,0.0,1.0,5.0,0.0,1.0,0.0,1.436694022471322,0.0,1.0,0.0,0.0,1.0,0.0,0.0,1.0,0.0
9658-WYUFB,0,-0.62591876415828,0.9850570111795457,-0.2937428087576912,1.0,0.0,1.0,0.0,1.0,0.0,0.0,1.0,0.0,0.0,1.0,0.0,1.0,0.0,0.0,0.0,1.0,0.0,0.0,1.0,1.0,0.0,0.0,1.0,0.0,0.0,0.0,0.0,1.0,1.0,0.0,0.0,1.0,0.0,0.0,0.0,1.0,0.0,0.0,1.0,0.0,0.0,1.0,6.0,1.0,0.0,0.0,0.46929861441797366,1.0,0.0,0.0,1.0,0.0,0.0,1.0,0.0,0.0
8327-WKMIE,0,0.18848851024232702,-1.4827115340671475,-0.6607004828548736,0.0,1.0,1.0,0.0,1.0,0.0,0.0,1.0,1.0,0.0,0.0,0.0,0.0,1.0,0.0,1.0,0.0,0.0,1.0,0.0,0.0,1.0,0.0,0.0,1.0,0.0,0.0,1.0,0.0,0.0,1.0,0.0,0.0,1.0,0.0,1.0,0.0,0.0,1.0,0.0,0.0,1.0,0.0,1.0,0.0,0.0,1.0,-3.5052560074110373,0.0,0.0,1.0,0.0,0.0,1.0,0.0,0.0,1.0
6917-FIJHC,0,1.6137012404433893,-1.288281285047711,-0.22381459553929214,1.0,0.0,0.0,1.0,1.0,0.0,0.0,1.0,0.0,0.0,1.0,0.0,0.0,1.0,0.0,1.0,0.0,0.0,1.0,0.0,0.0,1.0,0.0,0.0,1.0,0.0,0.0,1.0,0.0,0.0,1.0,0.0,0.0,0.0,1.0,0.0,1.0,0.0,0.0,0.0,1.0,1.0,0.0,2.0,0.0,1.0,0.0,-0.1386964265317139,0.0,1.0,0.0,0.0,1.0,0.0,0.0,1.0,0.0
5329-KRDTM,1,1.6137012404433893,0.4183842341228973,1.373394324990103,0.0,1.0,0.0,1.0,1.0,0.0,0.0,1.0,0.0,0.0,1.0,1.0,0.0,0.0,1.0,0.0,0.0,0.0,0.0,1.0,0.0,0.0,1.0,0.0,0.0,1.0,0.0,0.0,1.0,1.0,0.0,0.0,0.0,0.0,1.0,1.0,0.0,0.0,1.0,0.0,0.0,1.0,0.0,7.0,0.0,1.0,0.0,0.8510833917514631,0.0,1.0,0.0,0.0,1.0,0.0,0.0,1.0,0.0
7797-EJMDP,0,-0.9924020376385531,0.042818112085353605,-0.7539013348573139,1.0,0.0,1.0,0.0,1.0,0.0,0.0,1.0,1.0,0.0,0.0,1.0,0.0,0.0,0.0,0.0,1.0,1.0,0.0,0.0,1.0,0.0,0.0,0.0,0.0,1.0,1.0,0.0,0.0,0.0,0.0,1.0,1.0,0.0,0.0,1.0,0.0,1.0,0.0,0.0,0.0,1.0,0.0,5.0,1.0,0.0,0.0,0.7596733040283171,1.0,0.0,0.0,1.0,0.0,0.0,1.0,0.0,0.0
3530-VWVGU,0,-0.4223169455581282,-1.491020519067978,-0.8307561912777879,1.0,0.0,0.0,1.0,0.0,1.0,0.0,1.0,1.0,0.0,0.0,0.0,0.0,1.0,0.0,1.0,0.0,0.0,1.0,0.0,0.0,1.0,0.0,0.0,1.0,0.0,0.0,1.0,0.0,0.0,1.0,0.0,1.0,0.0,0.0,1.0,0.0,0.0,0.0,0.0,1.0,1.0,0.0,1.0,0.0,0.0,1.0,1.9671391357026227,0.0,0.0,1.0,0.0,0.0,1.0,0.0,0.0,1.0
2013-SGDXK,0,-1.2774445836787656,0.6493740171459885,-0.9701714302494855,1.0,0.0,1.0,0.0,1.0,0.0,0.0,1.0,1.0,0.0,0.0,0.0,1.0,0.0,1.0,0.0,0.0,0.0,0.0,1.0,1.0,0.0,0.0,1.0,0.0,0.0,0.0,0.0,1.0,1.0,0.0,0.0,1.0,0.0,0.0,1.0,0.0,0.0,0.0,1.0,0.0,0.0,1.0,4.0,1.0,0.0,0.0,0.7594626355184821,1.0,0.0,0.0,1.0,0.0,0.0,1.0,0.0,0.0
6368-NWMCE,0,0.22920887396235737,0.11261358609233106,0.16456272998851032,1.0,0.0,1.0,0.0,1.0,0.0,0.0,1.0,0.0,0.0,1.0,1.0,0.0,0.0,1.0,0.0,0.0,0.0,0.0,1.0,1.0,0.0,0.0,0.0,0.0,1.0,1.0,0.0,0.0,0.0,0.0,1.0,1.0,0.0,0.0,1.0,0.0,0.0,1.0,0.0,0.0,1.0,0.0,6.0,0.0,0.0,1.0,0.7179596808085895,0.0,0.0,1.0,0.0,0.0,1.0,0.0,0.0,1.0
3633-CDBUW,0,-0.62591876415828,0.534710024134526,-0.3694285183956493,0.0,1.0,1.0,0.0,0.0,1.0,0.0,1.0,1.0,0.0,0.0,1.0,0.0,0.0,1.0,0.0,0.0,0.0,0.0,1.0,0.0,0.0,1.0,0.0,0.0,1.0,0.0,0.0,1.0,0.0,0.0,1.0,0.0,1.0,0.0,1.0,0.0,0.0,0.0,1.0,0.0,1.0,0.0,7.0,1.0,0.0,0.0,0.5902179956091388,1.0,0.0,0.0,1.0,0.0,0.0,1.0,0.0,0.0
0707-HOVVN,1,1.5322605130033284,0.356897745116751,1.292392306397686,1.0,0.0,1.0,0.0,1.0,0.0,0.0,1.0,0.0,0.0,1.0,1.0,0.0,0.0,1.0,0.0,0.0,0.0,0.0,1.0,0.0,0.0,1.0,0.0,0.0,1.0,0.0,0.0,1.0,1.0,0.0,0.0,0.0,0.0,1.0,0.0,1.0,1.0,0.0,0.0,0.0,1.0,0.0,7.0,0.0,1.0,0.0,0.8434546837368501,0.0,1.0,0.0,0.0,1.0,0.0,0.0,1.0,0.0
8580-QVLOC,1,1.6137012404433893,0.9202469281730669,1.8339940385548261,1.0,0.0,0.0,1.0,0.0,1.0,0.0,1.0,0.0,0.0,1.0,1.0,0.0,0.0,0.0,0.0,1.0,0.0,0.0,1.0,0.0,0.0,1.0,0.0,0.0,1.0,0.0,0.0,1.0,0.0,0.0,1.0,0.0,0.0,1.0,1.0,0.0,0.0,1.0,0.0,0.0,0.0,1.0,9.0,0.0,1.0,0.0,1.1365139919275937,0.0,1.0,0.0,0.0,1.0,0.0,0.0,1.0,0.0
3956-MGXOG,0,-0.1779947632379461,0.5264010391336954,-0.016919733780502128,1.0,0.0,1.0,0.0,1.0,0.0,0.0,1.0,1.0,0.0,0.0,0.0,1.0,0.0,1.0,0.0,0.0,1.0,0.0,0.0,1.0,0.0,0.0,1.0,0.0,0.0,1.0,0.0,0.0,0.0,0.0,1.0,1.0,0.0,0.0,0.0,1.0,0.0,0.0,1.0,0.0,1.0,0.0,3.0,0.0,0.0,1.0,0.09505748075230488,0.0,0.0,1.0,0.0,0.0,1.0,0.0,0.0,1.0
9274-UARKJ,0,-0.7073594915983407,0.612814483142334,-0.508821697994092,1.0,0.0,1.0,0.0,1.0,0.0,0.0,1.0,1.0,0.0,0.0,0.0,1.0,0.0,1.0,0.0,0.0,0.0,0.0,1.0,1.0,0.0,0.0,1.0,0.0,0.0,0.0,0.0,1.0,1.0,0.0,0.0,1.0,0.0,0.0,0.0,1.0,1.0,0.0,0.0,0.0,1.0,0.0,4.0,1.0,0.0,0.0,0.7193254689272139,1.0,0.0,0.0,1.0,0.0,0.0,1.0,0.0,0.0
4077-HWUYD,0,1.6137012404433893,0.7573908221567865,1.844097231505623,0.0,1.0,0.0,1.0,0.0,1.0,0.0,1.0,0.0,0.0,1.0,1.0,0.0,0.0,0.0,0.0,1.0,0.0,0.0,1.0,0.0,0.0,1.0,0.0,0.0,1.0,0.0,0.0,1.0,0.0,0.0,1.0,0.0,0.0,1.0,0.0,1.0,1.0,0.0,0.0,0.0,1.0,0.0,9.0,0.0,1.0,0.0,1.1427748738663228,0.0,1.0,0.0,0.0,1.0,0.0,0.0,1.0,0.0
2012-NWRPA,1,-0.8702409464784621,1.156222102196656,-0.5082922730359717,1.0,0.0,0.0,1.0,1.0,0.0,0.0,1.0,0.0,0.0,1.0,0.0,1.0,0.0,1.0,0.0,0.0,1.0,0.0,0.0,0.0,0.0,1.0,1.0,0.0,0.0,0.0,0.0,1.0,0.0,0.0,1.0,1.0,0.0,0.0,0.0,1.0,0.0,0.0,1.0,0.0,0.0,1.0,6.0,1.0,0.0,0.0,0.5840822304361102,1.0,0.0,0.0,1.0,0.0,0.0,1.0,0.0,0.0
8808-ELEHO,1,-0.9924020376385531,0.5480044001358552,-0.7488497383819154,0.0,1.0,1.0,0.0,1.0,0.0,0.0,1.0,0.0,0.0,1.0,0.0,1.0,0.0,1.0,0.0,0.0,1.0,0.0,0.0,0.0,0.0,1.0,1.0,0.0,0.0,1.0,0.0,0.0,1.0,0.0,0.0,1.0,0.0,0.0,0.0,1.0,0.0,0.0,1.0,0.0,0.0,1.0,4.0,1.0,0.0,0.0,0.754583031856548,1.0,0.0,0.0,1.0,0.0,0.0,1.0,0.0,0.0
0103-CSITQ,0,1.002895784642934,1.4835961112293827,1.751249329475263,1.0,0.0,0.0,1.0,1.0,0.0,0.0,1.0,0.0,0.0,1.0,0.0,1.0,0.0,1.0,0.0,0.0,0.0,0.0,1.0,0.0,0.0,1.0,0.0,0.0,1.0,0.0,0.0,1.0,0.0,0.0,1.0,0.0,1.0,0.0,0.0,1.0,1.0,0.0,0.0,0.0,1.0,0.0,8.0,0.0,1.0,0.0,1.7461927313801293,0.0,1.0,0.0,0.0,1.0,0.0,0.0,1.0,0.0
3506-LCJDC,0,-1.2774445836787656,-1.4893587220678117,-0.9985618436286906,0.0,1.0,0.0,1.0,0.0,1.0,0.0,1.0,1.0,0.0,0.0,0.0,0.0,1.0,0.0,1.0,0.0,0.0,1.0,0.0,0.0,1.0,0.0,0.0,1.0,0.0,0.0,1.0,0.0,0.0,1.0,0.0,1.0,0.0,0.0,1.0,0.0,1.0,0.0,0.0,0.0,0.0,1.0,1.0,1.0,0.0,0.0,0.7816870151447567,1.0,0.0,0.0,1.0,0.0,0.0,1.0,0.0,0.0
8671-KKKOS,0,0.5549717837226001,-0.6385186579827569,-0.09756880240083857,1.0,0.0,0.0,1.0,1.0,0.0,1.0,0.0,0.0,1.0,0.0,1.0,0.0,0.0,0.0,0.0,1.0,0.0,0.0,1.0,1.0,0.0,0.0,1.0,0.0,0.0,0.0,0.0,1.0,1.0,0.0,0.0,1.0,0.0,0.0,1.0,0.0,0.0,0.0,1.0,0.0,1.0,0.0,4.0,0.0,1.0,0.0,-0.1758085820983069,0.0,1.0,0.0,0.0,1.0,0.0,0.0,1.0,0.0
7305-ZWMAJ,0,-0.0965540357978854,-1.46443176706532,-0.7483423727970501,0.0,1.0,0.0,1.0,1.0,0.0,0.0,1.0,1.0,0.0,0.0,0.0,0.0,1.0,0.0,1.0,0.0,0.0,1.0,0.0,0.0,1.0,0.0,0.0,1.0,0.0,0.0,1.0,0.0,0.0,1.0,0.0,0.0,1.0,0.0,1.0,0.0,0.0,1.0,0.0,0.0,1.0,0.0,1.0,0.0,0.0,1.0,7.750503297071289,0.0,0.0,1.0,0.0,0.0,1.0,0.0,0.0,1.0
9518-XXBXE,1,-0.9109613101984924,0.3502505571160864,-0.6895100243259238,0.0,1.0,0.0,1.0,1.0,0.0,0.0,1.0,1.0,0.0,0.0,0.0,1.0,0.0,0.0,0.0,1.0,1.0,0.0,0.0,1.0,0.0,0.0,1.0,0.0,0.0,1.0,0.0,0.0,1.0,0.0,0.0,1.0,0.0,0.0,1.0,0.0,0.0,0.0,1.0,0.0,1.0,0.0,3.0,1.0,0.0,0.0,0.7569037418018161,1.0,0.0,0.0,1.0,0.0,0.0,1.0,0.0,0.0
3934-HXCFZ,0,-0.38159658183809786,1.1462513201956595,-0.04275125986212512,0.0,1.0,0.0,1.0,1.0,0.0,0.0,1.0,0.0,0.0,1.0,0.0,1.0,0.0,0.0,0.0,1.0,0.0,0.0,1.0,0.0,0.0,1.0,1.0,0.0,0.0,0.0,0.0,1.0,1.0,0.0,0.0,1.0,0.0,0.0,0.0,1.0,0.0,0.0,1.0,0.0,0.0,1.0,7.0,0.0,0.0,1.0,0.11203260693845377,0.0,0.0,1.0,0.0,0.0,1.0,0.0,0.0,1.0
6578-KRMAW,0,-0.015113308357824713,0.9518210711762233,0.3070662812159103,0.0,1.0,1.0,0.0,1.0,0.0,0.0,1.0,1.0,0.0,0.0,0.0,1.0,0.0,0.0,0.0,1.0,0.0,0.0,1.0,0.0,0.0,1.0,1.0,0.0,0.0,1.0,0.0,0.0,0.0,0.0,1.0,1.0,0.0,0.0,0.0,1.0,0.0,1.0,0.0,0.0,1.0,0.0,6.0,0.0,0.0,1.0,-20.31760842469219,0.0,0.0,1.0,0.0,0.0,1.0,0.0,0.0,1.0
4860-IJUDE,0,-0.7888002190384014,0.29873485011093664,-0.5853015450692306,0.0,1.0,1.0,0.0,1.0,0.0,0.0,1.0,1.0,0.0,0.0,0.0,1.0,0.0,0.0,0.0,1.0,1.0,0.0,0.0,1.0,0.0,0.0,1.0,0.0,0.0,1.0,0.0,0.0,1.0,0.0,0.0,1.0,0.0,0.0,0.0,1.0,0.0,1.0,0.0,0.0,1.0,0.0,3.0,1.0,0.0,0.0,0.7420149372964819,1.0,0.0,0.0,1.0,0.0,0.0,1.0,0.0,0.0
7666-WKRON,0,0.26992923768238775,0.5214156481331973,0.40512019533445404,1.0,0.0,1.0,0.0,1.0,0.0,0.0,1.0,1.0,0.0,0.0,0.0,1.0,0.0,1.0,0.0,0.0,1.0,0.0,0.0,0.0,0.0,1.0,0.0,0.0,1.0,1.0,0.0,0.0,1.0,0.0,0.0,0.0,0.0,1.0,0.0,1.0,0.0,0.0,1.0,0.0,0.0,1.0,4.0,0.0,0.0,1.0,1.5008385116514824,0.0,0.0,1.0,0.0,0.0,1.0,0.0,0.0,1.0
9688-YGXVR,0,0.47353105628253944,0.7773323861587803,0.7455625027791076,1.0,0.0,1.0,0.0,1.0,0.0,0.0,1.0,1.0,0.0,0.0,0.0,1.0,0.0,1.0,0.0,0.0,0.0,0.0,1.0,0.0,0.0,1.0,1.0,0.0,0.0,0.0,0.0,1.0,1.0,0.0,0.0,1.0,0.0,0.0,0.0,1.0,0.0,1.0,0.0,0.0,1.0,0.0,5.0,0.0,0.0,1.0,1.574474351549725,0.0,0.0,1.0,0.0,0.0,1.0,0.0,0.0,1.0
0423-UDIJQ,1,-0.9516816739185228,-0.5172074769706297,-0.8097556679390131,0.0,1.0,1.0,0.0,1.0,0.0,0.0,1.0,1.0,0.0,0.0,1.0,0.0,0.0,1.0,0.0,0.0,1.0,0.0,0.0,1.0,0.0,0.0,0.0,0.0,1.0,1.0,0.0,0.0,1.0,0.0,0.0,1.0,0.0,0.0,1.0,0.0,0.0,0.0,0.0,1.0,1.0,0.0,3.0,1.0,0.0,0.0,0.8508681948291247,1.0,0.0,0.0,1.0,0.0,0.0,1.0,0.0,0.0
1945-XISKS,0,1.4100994218432374,-1.4993295040688086,-0.41829003015550853,1.0,0.0,0.0,1.0,1.0,0.0,0.0,1.0,1.0,0.0,0.0,0.0,0.0,1.0,0.0,1.0,0.0,0.0,1.0,0.0,0.0,1.0,0.0,0.0,1.0,0.0,0.0,1.0,0.0,0.0,1.0,0.0,0.0,0.0,1.0,1.0,0.0,0.0,0.0,0.0,1.0,1.0,0.0,1.0,0.0,1.0,0.0,-0.29663867928456633,0.0,1.0,0.0,0.0,1.0,0.0,0.0,1.0,0.0
4910-AQFFX,0,-0.9516816739185228,0.48485611412954227,-0.7156283222598621,0.0,1.0,0.0,1.0,0.0,1.0,0.0,1.0,0.0,0.0,1.0,0.0,1.0,0.0,1.0,0.0,0.0,1.0,0.0,0.0,0.0,0.0,1.0,1.0,0.0,0.0,1.0,0.0,0.0,1.0,0.0,0.0,1.0,0.0,0.0,0.0,1.0,1.0,0.0,0.0,0.0,0.0,1.0,4.0,1.0,0.0,0.0,0.7519618606432573,1.0,0.0,0.0,1.0,0.0,0.0,1.0,0.0,0.0
2154-KVJFF,0,-0.7073594915983407,0.4981504901308714,-0.5168292504856628,1.0,0.0,1.0,0.0,1.0,0.0,0.0,1.0,0.0,0.0,1.0,0.0,1.0,0.0,1.0,0.0,0.0,0.0,0.0,1.0,1.0,0.0,0.0,1.0,0.0,0.0,1.0,0.0,0.0,1.0,0.0,0.0,1.0,0.0,0.0,0.0,1.0,0.0,0.0,1.0,0.0,0.0,1.0,4.0,1.0,0.0,0.0,0.7306458125243246,1.0,0.0,0.0,1.0,0.0,0.0,1.0,0.0,0.0
5360-LJCNJ,0,1.5729808767233588,1.3423433662152622,2.325807765275396,1.0,0.0,0.0,1.0,1.0,0.0,0.0,1.0,0.0,0.0,1.0,0.0,1.0,0.0,1.0,0.0,0.0,0.0,0.0,1.0,0.0,0.0,1.0,1.0,0.0,0.0,0.0,0.0,1.0,0.0,0.0,1.0,0.0,0.0,1.0,0.0,1.0,1.0,0.0,0.0,0.0,1.0,0.0,7.0,0.0,1.0,0.0,1.47859888171065,0.0,1.0,0.0,0.0,1.0,0.0,0.0,1.0,0.0
2607-FBDFF,0,-1.2774445836787656,-0.5238546649712943,-0.9857453477675265,0.0,1.0,1.0,0.0,1.0,0.0,0.0,1.0,1.0,0.0,0.0,1.0,0.0,0.0,1.0,0.0,0.0,1.0,0.0,0.0,1.0,0.0,0.0,0.0,0.0,1.0,1.0,0.0,0.0,1.0,0.0,0.0,1.0,0.0,0.0,1.0,0.0,0.0,1.0,0.0,0.0,1.0,0.0,3.0,1.0,0.0,0.0,0.7716540978464929,1.0,0.0,0.0,1.0,0.0,0.0,1.0,0.0,0.0
9647-ERGBE,0,-0.0965540357978854,1.1728400721983174,0.3365596632578659,1.0,0.0,0.0,1.0,0.0,1.0,0.0,1.0,0.0,0.0,1.0,0.0,1.0,0.0,1.0,0.0,0.0,1.0,0.0,0.0,0.0,0.0,1.0,1.0,0.0,0.0,0.0,0.0,1.0,0.0,0.0,1.0,1.0,0.0,0.0,0.0,1.0,0.0,0.0,1.0,0.0,0.0,1.0,6.0,0.0,0.0,1.0,-3.48571305670101,0.0,0.0,1.0,0.0,0.0,1.0,0.0,0.0,1.0
3428-XZMAZ,0,-1.2774445836787656,0.15249671409631763,-0.9767671828527352,0.0,1.0,1.0,0.0,1.0,0.0,0.0,1.0,1.0,0.0,0.0,0.0,1.0,0.0,1.0,0.0,0.0,1.0,0.0,0.0,1.0,0.0,0.0,1.0,0.0,0.0,1.0,0.0,0.0,1.0,0.0,0.0,1.0,0.0,0.0,0.0,1.0,0.0,0.0,1.0,0.0,0.0,1.0,2.0,1.0,0.0,0.0,0.7646258752296369,1.0,0.0,0.0,1.0,0.0,0.0,1.0,0.0,0.0
1100-DDVRV,0,-0.62591876415828,-0.4972659129686364,-0.638376397120798,0.0,1.0,0.0,1.0,1.0,0.0,1.0,0.0,0.0,1.0,0.0,1.0,0.0,0.0,1.0,0.0,0.0,0.0,0.0,1.0,1.0,0.0,0.0,1.0,0.0,0.0,0.0,0.0,1.0,0.0,0.0,1.0,1.0,0.0,0.0,0.0,1.0,0.0,0.0,0.0,1.0,1.0,0.0,4.0,1.0,0.0,0.0,1.0199029549453924,1.0,0.0,0.0,1.0,0.0,0.0,1.0,0.0,0.0
0378-TOVMS,0,-1.1960038562387048,0.6992279271509723,-0.8872723055571374,1.0,0.0,1.0,0.0,1.0,0.0,0.0,1.0,1.0,0.0,0.0,0.0,1.0,0.0,1.0,0.0,0.0,1.0,0.0,0.0,1.0,0.0,0.0,0.0,0.0,1.0,1.0,0.0,0.0,0.0,0.0,1.0,1.0,0.0,0.0,1.0,0.0,0.0,0.0,1.0,0.0,0.0,1.0,4.0,1.0,0.0,0.0,0.7418640842409215,1.0,0.0,0.0,1.0,0.0,0.0,1.0,0.0,0.0
4355-HBJHH,0,1.4100994218432374,0.4964886931307054,1.3280181942045362,0.0,1.0,0.0,1.0,0.0,1.0,0.0,1.0,0.0,0.0,1.0,1.0,0.0,0.0,0.0,0.0,1.0,1.0,0.0,0.0,0.0,0.0,1.0,1.0,0.0,0.0,0.0,0.0,1.0,0.0,0.0,1.0,0.0,0.0,1.0,0.0,1.0,0.0,0.0,1.0,0.0,0.0,1.0,7.0,0.0,1.0,0.0,0.94179046784417,0.0,1.0,0.0,0.0,1.0,0.0,0.0,1.0,0.0
6728-WYQBC,0,-1.2774445836787656,-1.4561227820644893,-0.9981206561635902,0.0,1.0,1.0,0.0,1.0,0.0,0.0,1.0,1.0,0.0,0.0,0.0,0.0,1.0,0.0,1.0,0.0,0.0,1.0,0.0,0.0,1.0,0.0,0.0,1.0,0.0,0.0,1.0,0.0,0.0,1.0,0.0,1.0,0.0,0.0,1.0,0.0,1.0,0.0,0.0,0.0,1.0,0.0,1.0,1.0,0.0,0.0,0.7813416479399972,1.0,0.0,0.0,1.0,0.0,0.0,1.0,0.0,0.0
9058-CBREO,1,-1.2774445836787656,-0.47233895796614456,-0.985061507196621,1.0,0.0,1.0,0.0,1.0,0.0,0.0,1.0,0.0,0.0,1.0,1.0,0.0,0.0,1.0,0.0,0.0,1.0,0.0,0.0,1.0,0.0,0.0,1.0,0.0,0.0,1.0,0.0,0.0,1.0,0.0,0.0,1.0,0.0,0.0,1.0,0.0,0.0,0.0,0.0,1.0,0.0,1.0,3.0,1.0,0.0,0.0,0.7711187786791156,1.0,0.0,0.0,1.0,0.0,0.0,1.0,0.0,0.0
9029-FEGVJ,1,-0.015113308357824713,0.4831943171293762,0.12648825175035353,1.0,0.0,0.0,1.0,1.0,0.0,0.0,1.0,0.0,0.0,1.0,0.0,1.0,0.0,1.0,0.0,0.0,1.0,0.0,0.0,0.0,0.0,1.0,1.0,0.0,0.0,1.0,0.0,0.0,1.0,0.0,0.0,1.0,0.0,0.0,1.0,0.0,0.0,0.0,0.0,1.0,1.0,0.0,4.0,0.0,0.0,1.0,-8.369329120772285,0.0,0.0,1.0,0.0,0.0,1.0,0.0,0.0,1.0
7216-KAOID,0,0.35136996512244845,-1.504314895069307,-0.6552076989143747,0.0,1.0,0.0,1.0,0.0,1.0,0.0,1.0,1.0,0.0,0.0,0.0,0.0,1.0,0.0,1.0,0.0,0.0,1.0,0.0,0.0,1.0,0.0,0.0,1.0,0.0,0.0,1.0,0.0,0.0,1.0,0.0,0.0,1.0,0.0,1.0,0.0,1.0,0.0,0.0,0.0,1.0,0.0,1.0,0.0,0.0,1.0,-1.8647231236342077,0.0,0.0,1.0,0.0,0.0,1.0,0.0,0.0,1.0
0318-QUUOB,0,-1.2774445836787656,0.5247392421335293,-0.9718258832436117,0.0,1.0,0.0,1.0,1.0,0.0,0.0,1.0,1.0,0.0,0.0,0.0,1.0,0.0,1.0,0.0,0.0,1.0,0.0,0.0,1.0,0.0,0.0,1.0,0.0,0.0,0.0,0.0,1.0,1.0,0.0,0.0,1.0,0.0,0.0,0.0,1.0,0.0,0.0,1.0,0.0,0.0,1.0,3.0,1.0,0.0,0.0,0.7607577625363303,1.0,0.0,0.0,1.0,0.0,0.0,1.0,0.0,0.0
6145-NNPNO,0,-1.2774445836787656,-0.6850489739874083,-0.987885106973263,1.0,0.0,1.0,0.0,1.0,0.0,0.0,1.0,1.0,0.0,0.0,1.0,0.0,0.0,1.0,0.0,0.0,1.0,0.0,0.0,1.0,0.0,0.0,1.0,0.0,0.0,1.0,0.0,0.0,1.0,0.0,0.0,1.0,0.0,0.0,1.0,0.0,1.0,0.0,0.0,0.0,1.0,0.0,2.0,1.0,0.0,0.0,0.7733291287895765,1.0,0.0,0.0,1.0,0.0,0.0,1.0,0.0,0.0
5520-FVEWJ,0,-0.8295205827584317,0.6560212051466532,-0.6028387468069679,1.0,0.0,0.0,1.0,0.0,1.0,0.0,1.0,0.0,0.0,1.0,0.0,1.0,0.0,1.0,0.0,0.0,0.0,0.0,1.0,0.0,0.0,1.0,1.0,0.0,0.0,1.0,0.0,0.0,1.0,0.0,0.0,1.0,0.0,0.0,0.0,1.0,0.0,0.0,1.0,0.0,0.0,1.0,5.0,1.0,0.0,0.0,0.7267315113536167,1.0,0.0,0.0,1.0,0.0,0.0,1.0,0.0,0.0
5339-TJFEK,0,1.2064976032430856,1.3539759452164248,1.8547077900412856,0.0,1.0,0.0,1.0,0.0,1.0,0.0,1.0,0.0,0.0,1.0,0.0,1.0,0.0,0.0,0.0,1.0,0.0,0.0,1.0,1.0,0.0,0.0,1.0,0.0,0.0,0.0,0.0,1.0,0.0,0.0,1.0,1.0,0.0,0.0,0.0,1.0,0.0,0.0,1.0,0.0,1.0,0.0,7.0,0.0,1.0,0.0,1.537266037707659,0.0,1.0,0.0,0.0,1.0,0.0,0.0,1.0,0.0
5572-ZDXHY,0,-0.4223169455581282,0.6493740171459885,-0.18867401394405248,1.0,0.0,1.0,0.0,1.0,0.0,0.0,1.0,1.0,0.0,0.0,0.0,1.0,0.0,1.0,0.0,0.0,0.0,0.0,1.0,1.0,0.0,0.0,1.0,0.0,0.0,1.0,0.0,0.0,0.0,0.0,1.0,1.0,0.0,0.0,0.0,1.0,0.0,0.0,0.0,1.0,0.0,1.0,4.0,0.0,0.0,1.0,0.4467592786140834,0.0,0.0,1.0,0.0,0.0,1.0,0.0,0.0,1.0
2074-GUHPQ,0,-0.62591876415828,0.9285559131738974,-0.320500828516025,1.0,0.0,1.0,0.0,0.0,1.0,0.0,1.0,0.0,0.0,1.0,0.0,1.0,0.0,1.0,0.0,0.0,0.0,0.0,1.0,0.0,0.0,1.0,0.0,0.0,1.0,1.0,0.0,0.0,1.0,0.0,0.0,1.0,0.0,0.0,0.0,1.0,0.0,1.0,0.0,0.0,1.0,0.0,6.0,1.0,0.0,0.0,0.5120486025802831,1.0,0.0,0.0,1.0,0.0,0.0,1.0,0.0,0.0
4625-XMOYM,0,1.6137012404433893,-1.2799723000468803,-0.13026079356477155,1.0,0.0,0.0,1.0,0.0,1.0,0.0,1.0,0.0,0.0,1.0,0.0,0.0,1.0,0.0,1.0,0.0,0.0,1.0,0.0,0.0,1.0,0.0,0.0,1.0,0.0,0.0,1.0,0.0,0.0,1.0,0.0,0.0,0.0,1.0,0.0,1.0,1.0,0.0,0.0,0.0,1.0,0.0,2.0,0.0,1.0,0.0,-0.08072175338291268,0.0,1.0,0.0,0.0,1.0,0.0,0.0,1.0,0.0
5827-MWCZK,0,0.9621754209229036,1.069808658188018,1.3892550143604592,0.0,1.0,0.0,1.0,0.0,1.0,0.0,1.0,0.0,0.0,1.0,0.0,1.0,0.0,1.0,0.0,0.0,0.0,0.0,1.0,1.0,0.0,0.0,0.0,0.0,1.0,0.0,0.0,1.0,1.0,0.0,0.0,1.0,0.0,0.0,0.0,1.0,0.0,1.0,0.0,0.0,1.0,0.0,6.0,0.0,1.0,0.0,1.4438687417601122,0.0,1.0,0.0,0.0,1.0,0.0,0.0,1.0,0.0
1385-TQOZW,0,-0.9516816739185228,-1.4727407520661506,-0.942266323081891,1.0,0.0,1.0,0.0,1.0,0.0,0.0,1.0,1.0,0.0,0.0,0.0,0.0,1.0,0.0,1.0,0.0,0.0,1.0,0.0,0.0,1.0,0.0,0.0,1.0,0.0,0.0,1.0,0.0,0.0,1.0,0.0,1.0,0.0,0.0,0.0,1.0,0.0,1.0,0.0,0.0,1.0,0.0,1.0,1.0,0.0,0.0,0.9901066174807545,1.0,0.0,0.0,1.0,0.0,0.0,1.0,0.0,0.0
5914-XRFQB,0,1.6137012404433893,1.6963061272506461,2.709596741166155,0.0,1.0,0.0,1.0,1.0,0.0,0.0,1.0,0.0,0.0,1.0,0.0,1.0,0.0,0.0,0.0,1.0,0.0,0.0,1.0,0.0,0.0,1.0,0.0,0.0,1.0,0.0,0.0,1.0,0.0,0.0,1.0,0.0,0.0,1.0,0.0,1.0,1.0,0.0,0.0,0.0,1.0,0.0,9.0,0.0,1.0,0.0,1.679119203268166,0.0,1.0,0.0,0.0,1.0,0.0,0.0,1.0,0.0
4329-YPDDQ,0,-0.5037576729981889,1.4437129832253957,-0.03511871671588989,0.0,1.0,1.0,0.0,1.0,0.0,0.0,1.0,1.0,0.0,0.0,0.0,1.0,0.0,0.0,0.0,1.0,0.0,0.0,1.0,0.0,0.0,1.0,0.0,0.0,1.0,0.0,0.0,1.0,0.0,0.0,1.0,1.0,0.0,0.0,0.0,1.0,1.0,0.0,0.0,0.0,1.0,0.0,8.0,1.0,0.0,0.0,0.0697135122664745,1.0,0.0,0.0,1.0,0.0,0.0,1.0,0.0,0.0
4804-NCPET,0,-0.5444780367182193,-1.481049737066981,-0.8364475095775817,0.0,1.0,0.0,1.0,0.0,1.0,0.0,1.0,1.0,0.0,0.0,0.0,0.0,1.0,0.0,1.0,0.0,0.0,1.0,0.0,0.0,1.0,0.0,0.0,1.0,0.0,0.0,1.0,0.0,0.0,1.0,0.0,0.0,0.0,1.0,1.0,0.0,0.0,0.0,0.0,1.0,1.0,0.0,1.0,1.0,0.0,0.0,1.5362373744571516,1.0,0.0,0.0,1.0,0.0,0.0,1.0,0.0,0.0
3750-CKVKH,0,-1.2367242199587352,0.09931921009100189,-0.9558990157534906,0.0,1.0,1.0,0.0,1.0,0.0,0.0,1.0,1.0,0.0,0.0,0.0,1.0,0.0,1.0,0.0,0.0,1.0,0.0,0.0,1.0,0.0,0.0,1.0,0.0,0.0,1.0,0.0,0.0,1.0,0.0,0.0,1.0,0.0,0.0,0.0,1.0,0.0,0.0,1.0,0.0,0.0,1.0,2.0,1.0,0.0,0.0,0.7729281923381313,1.0,0.0,0.0,1.0,0.0,0.0,1.0,0.0,0.0
5944-UGLLK,0,0.8400143297628127,-0.32776261895169184,0.33638318827182573,0.0,1.0,1.0,0.0,1.0,0.0,1.0,0.0,0.0,1.0,0.0,1.0,0.0,0.0,1.0,0.0,0.0,1.0,0.0,0.0,0.0,0.0,1.0,0.0,0.0,1.0,0.0,0.0,1.0,0.0,0.0,1.0,0.0,1.0,0.0,1.0,0.0,0.0,1.0,0.0,0.0,1.0,0.0,5.0,0.0,1.0,0.0,0.40044934515201336,0.0,1.0,0.0,0.0,1.0,0.0,0.0,1.0,0.0
8063-GBATB,1,-0.21871512695797646,0.6809481601491449,0.0017424959932410432,1.0,0.0,1.0,0.0,1.0,0.0,0.0,1.0,0.0,0.0,1.0,0.0,1.0,0.0,1.0,0.0,0.0,1.0,0.0,0.0,1.0,0.0,0.0,1.0,0.0,0.0,1.0,0.0,0.0,0.0,0.0,1.0,1.0,0.0,0.0,0.0,1.0,0.0,0.0,1.0,0.0,0.0,1.0,4.0,0.0,0.0,1.0,-0.007966966059809129,0.0,0.0,1.0,0.0,0.0,1.0,0.0,0.0,1.0
7787-BNTZM,0,-1.0738427650786138,-1.4827115340671475,-0.9497885693618513,0.0,1.0,1.0,0.0,1.0,0.0,0.0,1.0,1.0,0.0,0.0,0.0,0.0,1.0,0.0,1.0,0.0,0.0,1.0,0.0,0.0,1.0,0.0,0.0,1.0,0.0,0.0,1.0,0.0,0.0,1.0,0.0,1.0,0.0,0.0,1.0,0.0,1.0,0.0,0.0,0.0,1.0,0.0,1.0,1.0,0.0,0.0,0.8844763872784664,1.0,0.0,0.0,1.0,0.0,0.0,1.0,0.0,0.0
2252-ISRNH,0,-0.9516816739185228,0.8504514541660894,-0.6685756791069141,0.0,1.0,0.0,1.0,0.0,1.0,0.0,1.0,0.0,0.0,1.0,0.0,1.0,0.0,1.0,0.0,0.0,1.0,0.0,0.0,0.0,0.0,1.0,1.0,0.0,0.0,0.0,0.0,1.0,1.0,0.0,0.0,0.0,1.0,0.0,0.0,1.0,0.0,0.0,1.0,0.0,1.0,0.0,5.0,1.0,0.0,0.0,0.7025202832309173,1.0,0.0,0.0,1.0,0.0,0.0,1.0,0.0,0.0
9415-TPKRV,0,-0.9924020376385531,-0.2995120699488677,-0.8102409741506235,1.0,0.0,0.0,1.0,0.0,1.0,0.0,1.0,0.0,0.0,1.0,1.0,0.0,0.0,1.0,0.0,0.0,0.0,0.0,1.0,1.0,0.0,0.0,1.0,0.0,0.0,1.0,0.0,0.0,1.0,0.0,0.0,1.0,0.0,0.0,1.0,0.0,0.0,0.0,1.0,0.0,1.0,0.0,4.0,1.0,0.0,0.0,0.8164442871143366,1.0,0.0,0.0,1.0,0.0,0.0,1.0,0.0,0.0
5322-TEUJK,0,1.5729808767233588,1.656422999246659,2.5663652306213396,1.0,0.0,0.0,1.0,0.0,1.0,0.0,1.0,0.0,0.0,1.0,0.0,1.0,0.0,0.0,0.0,1.0,0.0,0.0,1.0,0.0,0.0,1.0,0.0,0.0,1.0,0.0,0.0,1.0,0.0,0.0,1.0,0.0,0.0,1.0,1.0,0.0,1.0,0.0,0.0,0.0,1.0,0.0,9.0,0.0,1.0,0.0,1.6315298352305956,0.0,1.0,0.0,0.0,1.0,0.0,0.0,1.0,0.0
4547-KQRTM,0,-0.9109613101984924,0.5081212721318681,-0.6408691062986146,1.0,0.0,1.0,0.0,1.0,0.0,0.0,1.0,0.0,0.0,1.0,0.0,1.0,0.0,1.0,0.0,0.0,0.0,0.0,1.0,1.0,0.0,0.0,1.0,0.0,0.0,1.0,0.0,0.0,1.0,0.0,0.0,1.0,0.0,0.0,0.0,1.0,1.0,0.0,0.0,0.0,0.0,1.0,4.0,1.0,0.0,0.0,0.703508589359271,1.0,0.0,0.0,1.0,0.0,0.0,1.0,0.0,0.0
4877-EVATK,0,-1.2774445836787656,-1.4876969250676457,-0.9985397842554355,0.0,1.0,1.0,0.0,1.0,0.0,0.0,1.0,1.0,0.0,0.0,0.0,0.0,1.0,0.0,1.0,0.0,0.0,1.0,0.0,0.0,1.0,0.0,0.0,1.0,0.0,0.0,1.0,0.0,0.0,1.0,0.0,1.0,0.0,0.0,1.0,0.0,0.0,0.0,0.0,1.0,0.0,1.0,1.0,1.0,0.0,0.0,0.7816697467845186,1.0,0.0,0.0,1.0,0.0,0.0,1.0,0.0,0.0
1866-DIOQZ,0,1.5729808767233588,0.06774506708784545,1.0614306684176742,1.0,0.0,0.0,1.0,1.0,0.0,1.0,0.0,0.0,1.0,0.0,1.0,0.0,0.0,0.0,0.0,1.0,0.0,0.0,1.0,0.0,0.0,1.0,0.0,0.0,1.0,0.0,0.0,1.0,0.0,0.0,1.0,0.0,1.0,0.0,1.0,0.0,1.0,0.0,0.0,0.0,1.0,0.0,7.0,0.0,1.0,0.0,0.6747893023523062,0.0,1.0,0.0,0.0,1.0,0.0,0.0,1.0,0.0
8375-KVTHK,0,1.4508197855632678,1.1811490571991479,1.9725710213428334,0.0,1.0,0.0,1.0,1.0,0.0,0.0,1.0,1.0,0.0,0.0,0.0,1.0,0.0,1.0,0.0,0.0,0.0,0.0,1.0,1.0,0.0,0.0,0.0,0.0,1.0,0.0,0.0,1.0,0.0,0.0,1.0,0.0,1.0,0.0,0.0,1.0,0.0,0.0,1.0,0.0,1.0,0.0,6.0,0.0,1.0,0.0,1.3596251174483398,0.0,1.0,0.0,0.0,1.0,0.0,0.0,1.0,0.0
2697-NQBPF,0,0.06632741908223598,1.3489905542159264,0.5547268647499689,0.0,1.0,1.0,0.0,1.0,0.0,0.0,1.0,0.0,0.0,1.0,0.0,1.0,0.0,1.0,0.0,0.0,0.0,0.0,1.0,1.0,0.0,0.0,0.0,0.0,1.0,0.0,0.0,1.0,0.0,0.0,1.0,1.0,0.0,0.0,0.0,1.0,0.0,0.0,1.0,0.0,1.0,0.0,7.0,0.0,0.0,1.0,8.36346223666854,0.0,0.0,1.0,0.0,0.0,1.0,0.0,0.0,1.0
3709-OIJEA,0,-0.2594354906780068,0.6792863631489789,-0.04354539729930576,0.0,1.0,1.0,0.0,1.0,0.0,0.0,1.0,1.0,0.0,0.0,0.0,1.0,0.0,1.0,0.0,0.0,0.0,0.0,1.0,0.0,0.0,1.0,0.0,0.0,1.0,1.0,0.0,0.0,1.0,0.0,0.0,0.0,1.0,0.0,0.0,1.0,0.0,0.0,1.0,0.0,1.0,0.0,5.0,0.0,0.0,1.0,0.16784672438417944,0.0,0.0,1.0,0.0,0.0,1.0,0.0,0.0,1.0
7639-SUPCW,0,-0.4223169455581282,-0.5305018529719588,-0.5420872328626554,1.0,0.0,1.0,0.0,1.0,0.0,0.0,1.0,1.0,0.0,0.0,1.0,0.0,0.0,0.0,0.0,1.0,1.0,0.0,0.0,1.0,0.0,0.0,1.0,0.0,0.0,1.0,0.0,0.0,1.0,0.0,0.0,1.0,0.0,0.0,0.0,1.0,0.0,1.0,0.0,0.0,0.0,1.0,3.0,0.0,0.0,1.0,1.2836028451243897,0.0,0.0,1.0,0.0,0.0,1.0,0.0,0.0,1.0
1386-ZIKUV,0,-1.0331224013585834,-1.5225946620711341,-0.9497665099885962,0.0,1.0,1.0,0.0,1.0,0.0,0.0,1.0,1.0,0.0,0.0,0.0,0.0,1.0,0.0,1.0,0.0,0.0,1.0,0.0,0.0,1.0,0.0,0.0,1.0,0.0,0.0,1.0,0.0,0.0,1.0,0.0,1.0,0.0,0.0,0.0,1.0,0.0,0.0,0.0,1.0,1.0,0.0,1.0,1.0,0.0,0.0,0.9193165386208141,1.0,0.0,0.0,1.0,0.0,0.0,1.0,0.0,0.0
0599-XNYDO,0,-0.5037576729981889,0.16745288709781284,-0.3277804216901801,1.0,0.0,0.0,1.0,1.0,0.0,0.0,1.0,1.0,0.0,0.0,0.0,1.0,0.0,1.0,0.0,0.0,1.0,0.0,0.0,1.0,0.0,0.0,1.0,0.0,0.0,1.0,0.0,0.0,1.0,0.0,0.0,1.0,0.0,0.0,0.0,1.0,1.0,0.0,0.0,0.0,1.0,0.0,2.0,1.0,0.0,0.0,0.6506708269858127,1.0,0.0,0.0,1.0,0.0,0.0,1.0,0.0,0.0
6377-WHAOX,0,1.125056875803025,1.3755793062185846,1.8211996020669172,1.0,0.0,0.0,1.0,1.0,0.0,0.0,1.0,0.0,0.0,1.0,0.0,1.0,0.0,1.0,0.0,0.0,0.0,0.0,1.0,0.0,0.0,1.0,1.0,0.0,0.0,0.0,0.0,1.0,0.0,0.0,1.0,1.0,0.0,0.0,0.0,1.0,0.0,0.0,1.0,0.0,1.0,0.0,7.0,0.0,1.0,0.0,1.6187622521457066,0.0,1.0,0.0,0.0,1.0,0.0,0.0,1.0,0.0
6855-VLGOS,0,1.6137012404433893,-1.4694171580658184,-0.3753404304279934,0.0,1.0,0.0,1.0,0.0,1.0,0.0,1.0,1.0,0.0,0.0,0.0,0.0,1.0,0.0,1.0,0.0,0.0,1.0,0.0,0.0,1.0,0.0,0.0,1.0,0.0,0.0,1.0,0.0,0.0,1.0,0.0,0.0,0.0,1.0,1.0,0.0,0.0,0.0,1.0,0.0,1.0,0.0,1.0,0.0,1.0,0.0,-0.23259598556475228,0.0,1.0,0.0,0.0,1.0,0.0,0.0,1.0,0.0
8999-XXGNS,1,1.6137012404433893,1.3622849302172555,2.3588306470381544,1.0,0.0,0.0,1.0,1.0,0.0,0.0,1.0,0.0,0.0,1.0,0.0,1.0,0.0,1.0,0.0,0.0,0.0,0.0,1.0,0.0,0.0,1.0,1.0,0.0,0.0,0.0,0.0,1.0,0.0,0.0,1.0,0.0,1.0,0.0,0.0,1.0,0.0,1.0,0.0,0.0,1.0,0.0,7.0,0.0,1.0,0.0,1.4617517715918897,0.0,1.0,0.0,0.0,1.0,0.0,0.0,1.0,0.0
8746-OQQRW,0,-1.1552834925186746,-1.3132082400502028,-0.9624065308637201,0.0,1.0,1.0,0.0,1.0,0.0,0.0,1.0,0.0,0.0,1.0,0.0,0.0,1.0,0.0,1.0,0.0,0.0,1.0,0.0,0.0,1.0,0.0,0.0,1.0,0.0,0.0,1.0,0.0,0.0,1.0,0.0,1.0,0.0,0.0,1.0,0.0,0.0,0.0,0.0,1.0,1.0,0.0,2.0,1.0,0.0,0.0,0.8330479376672676,1.0,0.0,0.0,1.0,0.0,0.0,1.0,0.0,0.0
3181-MIZBN,0,-0.6666391278783103,-1.4960059100684764,-0.8690953819950047,0.0,1.0,0.0,1.0,0.0,1.0,0.0,1.0,1.0,0.0,0.0,0.0,0.0,1.0,0.0,1.0,0.0,0.0,1.0,0.0,0.0,1.0,0.0,0.0,1.0,0.0,0.0,1.0,0.0,0.0,1.0,0.0,1.0,0.0,0.0,1.0,0.0,0.0,0.0,1.0,0.0,1.0,0.0,1.0,1.0,0.0,0.0,1.3036969263431102,1.0,0.0,0.0,1.0,0.0,0.0,1.0,0.0,0.0
0471-ARVMX,1,1.2064976032430856,1.332372584214265,1.7778088148743016,1.0,0.0,0.0,1.0,1.0,0.0,0.0,1.0,0.0,0.0,1.0,0.0,1.0,0.0,0.0,0.0,1.0,1.0,0.0,0.0,0.0,0.0,1.0,1.0,0.0,0.0,0.0,0.0,1.0,0.0,0.0,1.0,0.0,1.0,0.0,0.0,1.0,0.0,0.0,1.0,0.0,1.0,0.0,7.0,0.0,1.0,0.0,1.4735286751465746,0.0,1.0,0.0,0.0,1.0,0.0,0.0,1.0,0.0
7766-CLTIC,0,-0.9109613101984924,-0.12668518193159078,-0.7296139649035419,1.0,0.0,1.0,0.0,1.0,0.0,0.0,1.0,1.0,0.0,0.0,1.0,0.0,0.0,1.0,0.0,0.0,1.0,0.0,0.0,1.0,0.0,0.0,0.0,0.0,1.0,1.0,0.0,0.0,0.0,0.0,1.0,1.0,0.0,0.0,0.0,1.0,0.0,0.0,0.0,1.0,1.0,0.0,4.0,1.0,0.0,0.0,0.8009275001422003,1.0,0.0,0.0,1.0,0.0,0.0,1.0,0.0,0.0
5650-YLIBA,0,-0.055833672077855064,0.544680806135523,0.15761402741318045,0.0,1.0,1.0,0.0,1.0,0.0,0.0,1.0,0.0,0.0,1.0,0.0,1.0,0.0,1.0,0.0,0.0,0.0,0.0,1.0,1.0,0.0,0.0,1.0,0.0,0.0,1.0,0.0,0.0,1.0,0.0,0.0,1.0,0.0,0.0,0.0,1.0,0.0,0.0,1.0,0.0,1.0,0.0,4.0,0.0,0.0,1.0,-2.822920677568937,0.0,0.0,1.0,0.0,0.0,1.0,0.0,0.0,1.0
0825-CPPQH,0,1.5729808767233588,-1.517609271070636,-0.401855797080522,1.0,0.0,0.0,1.0,1.0,0.0,0.0,1.0,1.0,0.0,0.0,0.0,0.0,1.0,0.0,1.0,0.0,0.0,1.0,0.0,0.0,1.0,0.0,0.0,1.0,0.0,0.0,1.0,0.0,0.0,1.0,0.0,0.0,0.0,1.0,1.0,0.0,0.0,1.0,0.0,0.0,1.0,0.0,1.0,0.0,1.0,0.0,-0.2554740512278946,0.0,1.0,0.0,0.0,1.0,0.0,0.0,1.0,0.0
9084-OAYKL,0,1.0436161483629645,-1.461108173064988,-0.47253402898959157,0.0,1.0,1.0,0.0,1.0,0.0,0.0,1.0,1.0,0.0,0.0,0.0,0.0,1.0,0.0,1.0,0.0,0.0,1.0,0.0,0.0,1.0,0.0,0.0,1.0,0.0,0.0,1.0,0.0,0.0,1.0,0.0,0.0,0.0,1.0,1.0,0.0,0.0,0.0,0.0,1.0,1.0,0.0,1.0,0.0,1.0,0.0,-0.4527852790806439,0.0,1.0,0.0,0.0,1.0,0.0,0.0,1.0,0.0
6122-LJADA,0,1.5322605130033284,0.8438042661654253,1.7443447456464434,0.0,1.0,0.0,1.0,0.0,1.0,0.0,1.0,0.0,0.0,1.0,1.0,0.0,0.0,0.0,0.0,1.0,0.0,0.0,1.0,0.0,0.0,1.0,0.0,0.0,1.0,0.0,0.0,1.0,0.0,0.0,1.0,0.0,0.0,1.0,0.0,1.0,0.0,1.0,0.0,0.0,1.0,0.0,9.0,0.0,1.0,0.0,1.1384126464418354,0.0,1.0,0.0,0.0,1.0,0.0,0.0,1.0,0.0
2400-XIWIO,0,1.5729808767233588,0.8421424691652587,1.776926439944101,1.0,0.0,0.0,1.0,1.0,0.0,0.0,1.0,0.0,0.0,1.0,1.0,0.0,0.0,0.0,0.0,1.0,0.0,0.0,1.0,0.0,0.0,1.0,0.0,0.0,1.0,0.0,0.0,1.0,0.0,0.0,1.0,0.0,0.0,1.0,1.0,0.0,0.0,0.0,1.0,0.0,1.0,0.0,9.0,0.0,1.0,0.0,1.129655462592512,0.0,1.0,0.0,0.0,1.0,0.0,0.0,1.0,0.0
7524-VRLPL,1,1.4915401492832983,0.31036742911209936,1.2122506033622151,0.0,1.0,1.0,0.0,1.0,0.0,0.0,1.0,0.0,0.0,1.0,1.0,0.0,0.0,0.0,0.0,1.0,1.0,0.0,0.0,0.0,0.0,1.0,0.0,0.0,1.0,1.0,0.0,0.0,0.0,0.0,1.0,0.0,0.0,1.0,1.0,0.0,0.0,1.0,0.0,0.0,1.0,0.0,7.0,0.0,1.0,0.0,0.8127509031149548,0.0,1.0,0.0,0.0,1.0,0.0,0.0,1.0,0.0
1069-XAIEM,1,-1.2774445836787656,0.6743009721484804,-0.9698405396506603,1.0,0.0,1.0,0.0,1.0,0.0,0.0,1.0,0.0,0.0,1.0,0.0,1.0,0.0,1.0,0.0,0.0,1.0,0.0,0.0,1.0,0.0,0.0,1.0,0.0,0.0,1.0,0.0,0.0,0.0,0.0,1.0,1.0,0.0,0.0,0.0,1.0,0.0,0.0,1.0,0.0,0.0,1.0,4.0,1.0,0.0,0.0,0.7592036101149126,1.0,0.0,0.0,1.0,0.0,0.0,1.0,0.0,0.0
7569-NMZYQ,0,1.6137012404433893,1.7943521502604476,2.818812698151737,1.0,0.0,0.0,1.0,0.0,1.0,0.0,1.0,0.0,0.0,1.0,0.0,1.0,0.0,0.0,0.0,1.0,0.0,0.0,1.0,0.0,0.0,1.0,0.0,0.0,1.0,0.0,0.0,1.0,0.0,0.0,1.0,0.0,0.0,1.0,0.0,1.0,1.0,0.0,0.0,0.0,1.0,0.0,9.0,0.0,1.0,0.0,1.7467996104267882,0.0,1.0,0.0,0.0,1.0,0.0,0.0,1.0,0.0
5201-USSQZ,0,-0.2594354906780068,0.7025515211513048,-0.038317325837867136,1.0,0.0,0.0,1.0,1.0,0.0,0.0,1.0,1.0,0.0,0.0,0.0,1.0,0.0,1.0,0.0,0.0,1.0,0.0,0.0,1.0,0.0,0.0,0.0,0.0,1.0,1.0,0.0,0.0,0.0,0.0,1.0,1.0,0.0,0.0,1.0,0.0,0.0,1.0,0.0,0.0,1.0,0.0,4.0,0.0,0.0,1.0,0.14769500401710237,0.0,0.0,1.0,0.0,0.0,1.0,0.0,0.0,1.0
2105-PHWON,0,0.025607055362205634,1.0049985751815391,0.3197945395840541,1.0,0.0,0.0,1.0,1.0,0.0,0.0,1.0,0.0,0.0,1.0,0.0,1.0,0.0,1.0,0.0,0.0,1.0,0.0,0.0,0.0,0.0,1.0,0.0,0.0,1.0,1.0,0.0,0.0,0.0,0.0,1.0,1.0,0.0,0.0,0.0,1.0,0.0,1.0,0.0,0.0,1.0,0.0,6.0,0.0,0.0,1.0,12.488532361907192,0.0,0.0,1.0,0.0,0.0,1.0,0.0,0.0,1.0
1494-EJZDW,0,-0.9109613101984924,-1.4827115340671475,-0.9099493412632933,1.0,0.0,0.0,1.0,0.0,1.0,0.0,1.0,1.0,0.0,0.0,0.0,0.0,1.0,0.0,1.0,0.0,0.0,1.0,0.0,0.0,1.0,0.0,0.0,1.0,0.0,0.0,1.0,0.0,0.0,1.0,0.0,0.0,0.0,1.0,1.0,0.0,0.0,0.0,0.0,1.0,1.0,0.0,1.0,1.0,0.0,0.0,0.9988891197421123,1.0,0.0,0.0,1.0,0.0,0.0,1.0,0.0,0.0
4884-TVUQF,1,1.002895784642934,1.2143849972024705,1.5425235397363068,1.0,0.0,1.0,0.0,1.0,0.0,0.0,1.0,0.0,0.0,1.0,0.0,1.0,0.0,0.0,0.0,1.0,1.0,0.0,0.0,0.0,0.0,1.0,0.0,0.0,1.0,1.0,0.0,0.0,0.0,0.0,1.0,0.0,0.0,1.0,1.0,0.0,0.0,1.0,0.0,0.0,1.0,0.0,7.0,0.0,1.0,0.0,1.5380696213470466,0.0,1.0,0.0,0.0,1.0,0.0,0.0,1.0,0.0
8003-EWNDZ,0,-0.9109613101984924,-1.4478137970636586,-0.9091331444528578,1.0,0.0,1.0,0.0,1.0,0.0,0.0,1.0,1.0,0.0,0.0,0.0,0.0,1.0,0.0,1.0,0.0,0.0,1.0,0.0,0.0,1.0,0.0,0.0,1.0,0.0,0.0,1.0,0.0,0.0,1.0,0.0,1.0,0.0,0.0,0.0,1.0,0.0,0.0,1.0,0.0,1.0,0.0,1.0,1.0,0.0,0.0,0.9979931466625775,1.0,0.0,0.0,1.0,0.0,0.0,1.0,0.0,0.0
1897-RCFUM,0,0.26992923768238775,-1.3481059770536914,-0.6038534779766987,1.0,0.0,0.0,1.0,0.0,1.0,0.0,1.0,0.0,0.0,1.0,0.0,0.0,1.0,0.0,1.0,0.0,0.0,1.0,0.0,0.0,1.0,0.0,0.0,1.0,0.0,0.0,1.0,0.0,0.0,1.0,0.0,0.0,1.0,0.0,0.0,1.0,0.0,0.0,0.0,1.0,1.0,0.0,2.0,0.0,0.0,1.0,-2.2370806629225655,0.0,0.0,1.0,0.0,0.0,1.0,0.0,0.0,1.0
9256-JTBNZ,0,-0.8702409464784621,-1.477726143066649,-0.8986990609032355,1.0,0.0,1.0,0.0,1.0,0.0,0.0,1.0,1.0,0.0,0.0,0.0,0.0,1.0,0.0,1.0,0.0,0.0,1.0,0.0,0.0,1.0,0.0,0.0,1.0,0.0,0.0,1.0,0.0,0.0,1.0,0.0,1.0,0.0,0.0,1.0,0.0,1.0,0.0,0.0,0.0,1.0,0.0,1.0,1.0,0.0,0.0,1.0327014196929398,1.0,0.0,0.0,1.0,0.0,0.0,1.0,0.0,0.0
4658-HCOHW,0,-0.46303730927815856,1.2642389072074542,-0.07639180407602372,1.0,0.0,0.0,1.0,0.0,1.0,0.0,1.0,1.0,0.0,0.0,0.0,1.0,0.0,1.0,0.0,0.0,0.0,0.0,1.0,0.0,0.0,1.0,0.0,0.0,1.0,0.0,0.0,1.0,0.0,0.0,1.0,1.0,0.0,0.0,0.0,1.0,0.0,0.0,1.0,0.0,0.0,1.0,7.0,0.0,0.0,1.0,0.16497980302086884,0.0,0.0,1.0,0.0,0.0,1.0,0.0,0.0,1.0
2211-RMNHO,0,1.4508197855632678,0.682609957149311,1.4456387724002788,1.0,0.0,0.0,1.0,0.0,1.0,0.0,1.0,0.0,0.0,1.0,1.0,0.0,0.0,1.0,0.0,0.0,0.0,0.0,1.0,0.0,0.0,1.0,0.0,0.0,1.0,0.0,0.0,1.0,0.0,0.0,1.0,0.0,0.0,1.0,1.0,0.0,1.0,0.0,0.0,0.0,1.0,0.0,8.0,0.0,1.0,0.0,0.996428906460648,0.0,1.0,0.0,0.0,1.0,0.0,0.0,1.0,0.0
2432-TFSMK,0,-0.5851984004382496,0.8255244991635975,-0.2869044030486364,0.0,1.0,1.0,0.0,1.0,0.0,0.0,1.0,0.0,0.0,1.0,0.0,1.0,0.0,1.0,0.0,0.0,1.0,0.0,0.0,0.0,0.0,1.0,1.0,0.0,0.0,0.0,0.0,1.0,1.0,0.0,0.0,0.0,1.0,0.0,0.0,1.0,0.0,1.0,0.0,0.0,1.0,0.0,5.0,1.0,0.0,0.0,0.4902686043464514,1.0,0.0,0.0,1.0,0.0,0.0,1.0,0.0,0.0
3440-JPSCL,0,-1.0738427650786138,1.1695164781979852,-0.7657472182952572,1.0,0.0,1.0,0.0,1.0,0.0,0.0,1.0,1.0,0.0,0.0,0.0,1.0,0.0,1.0,0.0,0.0,1.0,0.0,0.0,0.0,0.0,1.0,0.0,0.0,1.0,0.0,0.0,1.0,0.0,0.0,1.0,1.0,0.0,0.0,0.0,1.0,0.0,0.0,0.0,1.0,0.0,1.0,6.0,1.0,0.0,0.0,0.7130906341201623,1.0,0.0,0.0,1.0,0.0,0.0,1.0,0.0,0.0
4929-ROART,0,-0.5851984004382496,-0.28289409994720643,-0.5794778705299066,0.0,1.0,1.0,0.0,1.0,0.0,0.0,1.0,0.0,0.0,1.0,1.0,0.0,0.0,0.0,0.0,1.0,1.0,0.0,0.0,1.0,0.0,0.0,1.0,0.0,0.0,1.0,0.0,0.0,1.0,0.0,0.0,1.0,0.0,0.0,1.0,0.0,0.0,0.0,0.0,1.0,1.0,0.0,4.0,1.0,0.0,0.0,0.9902246316735335,1.0,0.0,0.0,1.0,0.0,0.0,1.0,0.0,0.0
1834-ABKHQ,0,0.7992939660427822,-0.4590445819648154,0.14442252220668114,1.0,0.0,0.0,1.0,0.0,1.0,0.0,1.0,1.0,0.0,0.0,1.0,0.0,0.0,1.0,0.0,0.0,1.0,0.0,0.0,0.0,0.0,1.0,1.0,0.0,0.0,1.0,0.0,0.0,1.0,0.0,0.0,0.0,1.0,0.0,0.0,1.0,1.0,0.0,0.0,0.0,1.0,0.0,3.0,0.0,1.0,0.0,0.18068761725013563,0.0,1.0,0.0,0.0,1.0,0.0,0.0,1.0,0.0
1741-WTPON,0,0.9621754209229036,1.697967924250812,1.8903116184748805,0.0,1.0,0.0,1.0,0.0,1.0,0.0,1.0,0.0,0.0,1.0,0.0,1.0,0.0,0.0,0.0,1.0,0.0,0.0,1.0,0.0,0.0,1.0,0.0,0.0,1.0,0.0,0.0,1.0,0.0,0.0,1.0,0.0,0.0,1.0,1.0,0.0,0.0,0.0,0.0,1.0,1.0,0.0,9.0,0.0,1.0,0.0,1.9646226429913614,0.0,1.0,0.0,0.0,1.0,0.0,0.0,1.0,0.0
3932-IJWDZ,0,0.5142514200025698,1.2924894562102784,1.0873283726190626,0.0,1.0,1.0,0.0,1.0,0.0,0.0,1.0,0.0,0.0,1.0,0.0,1.0,0.0,1.0,0.0,0.0,1.0,0.0,0.0,0.0,0.0,1.0,0.0,0.0,1.0,0.0,0.0,1.0,0.0,0.0,1.0,1.0,0.0,0.0,0.0,1.0,1.0,0.0,0.0,0.0,1.0,0.0,7.0,0.0,1.0,0.0,2.1143906080291015,0.0,1.0,0.0,0.0,1.0,0.0,0.0,1.0,0.0
1240-HCBOH,0,1.4100994218432374,-1.2849576910473786,-0.23107212934019225,1.0,0.0,1.0,0.0,1.0,0.0,0.0,1.0,0.0,0.0,1.0,0.0,0.0,1.0,0.0,1.0,0.0,0.0,1.0,0.0,0.0,1.0,0.0,0.0,1.0,0.0,0.0,1.0,0.0,0.0,1.0,0.0,0.0,0.0,1.0,0.0,1.0,0.0,0.0,0.0,1.0,1.0,0.0,2.0,0.0,1.0,0.0,-0.16386938804509404,0.0,1.0,0.0,0.0,1.0,0.0,0.0,1.0,0.0
3594-KADLU,0,-1.1960038562387048,-0.9858342310174765,-0.9627594808358004,0.0,1.0,0.0,1.0,1.0,0.0,1.0,0.0,0.0,1.0,0.0,1.0,0.0,0.0,0.0,0.0,1.0,1.0,0.0,0.0,1.0,0.0,0.0,0.0,0.0,1.0,1.0,0.0,0.0,1.0,0.0,0.0,1.0,0.0,0.0,1.0,0.0,0.0,0.0,0.0,1.0,1.0,0.0,3.0,1.0,0.0,0.0,0.8049802480265982,1.0,0.0,0.0,1.0,0.0,0.0,1.0,0.0,0.0
8065-BVEPF,1,1.3286586944031769,1.141265929195161,1.8586564178539333,0.0,1.0,1.0,0.0,1.0,0.0,0.0,1.0,1.0,0.0,0.0,0.0,1.0,0.0,1.0,0.0,0.0,0.0,0.0,1.0,0.0,0.0,1.0,1.0,0.0,0.0,0.0,0.0,1.0,0.0,0.0,1.0,1.0,0.0,0.0,0.0,1.0,1.0,0.0,0.0,0.0,1.0,0.0,6.0,0.0,1.0,0.0,1.3988968165288131,0.0,1.0,0.0,0.0,1.0,0.0,0.0,1.0,0.0
3796-ENZGF,0,1.247217966963116,0.08270124008934066,0.8606903717970333,0.0,1.0,0.0,1.0,1.0,0.0,0.0,1.0,0.0,0.0,1.0,1.0,0.0,0.0,1.0,0.0,0.0,0.0,0.0,1.0,1.0,0.0,0.0,0.0,0.0,1.0,1.0,0.0,0.0,0.0,0.0,1.0,0.0,0.0,1.0,1.0,0.0,0.0,0.0,0.0,1.0,1.0,0.0,6.0,0.0,1.0,0.0,0.6900881759206461,0.0,1.0,0.0,0.0,1.0,0.0,0.0,1.0,0.0
1734-ZMNTZ,0,-0.8702409464784621,-1.3215172250510334,-0.8746984628017787,1.0,0.0,0.0,1.0,0.0,1.0,0.0,1.0,0.0,0.0,1.0,0.0,0.0,1.0,0.0,1.0,0.0,0.0,1.0,0.0,0.0,1.0,0.0,0.0,1.0,0.0,0.0,1.0,0.0,0.0,1.0,0.0,0.0,0.0,1.0,1.0,0.0,0.0,0.0,0.0,1.0,1.0,0.0,2.0,1.0,0.0,0.0,1.0051221633977974,1.0,0.0,0.0,1.0,0.0,0.0,1.0,0.0,0.0
2853-CWQFQ,0,-1.2774445836787656,-0.1732154979362424,-0.9810908200107182,0.0,1.0,1.0,0.0,0.0,1.0,0.0,1.0,1.0,0.0,0.0,1.0,0.0,0.0,1.0,0.0,0.0,1.0,0.0,0.0,1.0,0.0,0.0,0.0,0.0,1.0,1.0,0.0,0.0,0.0,0.0,1.0,1.0,0.0,0.0,0.0,1.0,0.0,0.0,0.0,1.0,1.0,0.0,4.0,1.0,0.0,0.0,0.7680104738362801,1.0,0.0,0.0,1.0,0.0,0.0,1.0,0.0,0.0
0813-TAXXS,0,0.9214550572028734,0.43334040712439253,0.9000442936839812,0.0,1.0,1.0,0.0,1.0,0.0,0.0,1.0,0.0,0.0,1.0,1.0,0.0,0.0,1.0,0.0,0.0,1.0,0.0,0.0,0.0,0.0,1.0,1.0,0.0,0.0,0.0,0.0,1.0,0.0,0.0,1.0,0.0,0.0,1.0,0.0,1.0,1.0,0.0,0.0,0.0,1.0,0.0,6.0,0.0,1.0,0.0,0.9767641803563533,0.0,1.0,0.0,0.0,1.0,0.0,0.0,1.0,0.0
2519-TWKFS,0,-0.30015585439803716,-0.32111543095102724,-0.3605385909738781,0.0,1.0,0.0,1.0,0.0,1.0,0.0,1.0,0.0,0.0,1.0,1.0,0.0,0.0,1.0,0.0,0.0,1.0,0.0,0.0,1.0,0.0,0.0,0.0,0.0,1.0,1.0,0.0,0.0,1.0,0.0,0.0,0.0,1.0,0.0,0.0,1.0,0.0,0.0,0.0,1.0,1.0,0.0,4.0,0.0,0.0,1.0,1.2011712771584568,0.0,0.0,1.0,0.0,0.0,1.0,0.0,0.0,1.0
2889-FPWRM,0,1.6137012404433893,1.7627780072572912,2.8242613633457254,0.0,1.0,0.0,1.0,1.0,0.0,0.0,1.0,0.0,0.0,1.0,0.0,1.0,0.0,0.0,0.0,1.0,0.0,0.0,1.0,0.0,0.0,1.0,0.0,0.0,1.0,0.0,0.0,1.0,0.0,0.0,1.0,0.0,1.0,0.0,0.0,1.0,1.0,0.0,0.0,0.0,0.0,1.0,9.0,0.0,1.0,0.0,1.7501761122583732,0.0,1.0,0.0,0.0,1.0,0.0,0.0,1.0,0.0
0626-QXNGV,0,1.6137012404433893,-1.3497677740538576,-0.223616061179997,1.0,0.0,0.0,1.0,1.0,0.0,0.0,1.0,0.0,0.0,1.0,0.0,0.0,1.0,0.0,1.0,0.0,0.0,1.0,0.0,0.0,1.0,0.0,0.0,1.0,0.0,0.0,1.0,0.0,0.0,1.0,0.0,0.0,0.0,1.0,0.0,1.0,0.0,1.0,0.0,0.0,1.0,0.0,2.0,0.0,1.0,0.0,-0.1385733961006035,0.0,1.0,0.0,0.0,1.0,0.0,0.0,1.0,0.0
6723-CEGQI,0,1.3286586944031769,-0.6484894399837535,0.28705842967361106,1.0,0.0,1.0,0.0,0.0,1.0,1.0,0.0,0.0,1.0,0.0,1.0,0.0,0.0,1.0,0.0,0.0,0.0,0.0,1.0,1.0,0.0,0.0,0.0,0.0,1.0,0.0,0.0,1.0,1.0,0.0,0.0,0.0,0.0,1.0,1.0,0.0,0.0,0.0,0.0,1.0,1.0,0.0,4.0,0.0,1.0,0.0,0.2160512935961748,0.0,1.0,0.0,0.0,1.0,0.0,0.0,1.0,0.0
6987-XQSJT,1,0.880734693482843,0.4898415051300408,0.9207359857971856,1.0,0.0,1.0,0.0,1.0,0.0,0.0,1.0,0.0,0.0,1.0,0.0,1.0,0.0,1.0,0.0,0.0,0.0,0.0,1.0,1.0,0.0,0.0,1.0,0.0,0.0,1.0,0.0,0.0,1.0,0.0,0.0,1.0,0.0,0.0,0.0,1.0,0.0,0.0,1.0,0.0,0.0,1.0,4.0,0.0,1.0,0.0,1.045418095381435,0.0,1.0,0.0,0.0,1.0,0.0,0.0,1.0,0.0
4732-RRJZC,0,-1.0331224013585834,-1.479387940066815,-0.943678122970212,0.0,1.0,0.0,1.0,0.0,1.0,0.0,1.0,1.0,0.0,0.0,0.0,0.0,1.0,0.0,1.0,0.0,0.0,1.0,0.0,0.0,1.0,0.0,0.0,1.0,0.0,0.0,1.0,0.0,0.0,1.0,0.0,1.0,0.0,0.0,1.0,0.0,0.0,0.0,0.0,1.0,1.0,0.0,1.0,1.0,0.0,0.0,0.9134233482201628,1.0,0.0,0.0,1.0,0.0,0.0,1.0,0.0,0.0
9499-XPZXM,0,1.6137012404433893,-0.00038860991896550476,1.11243193938327,1.0,0.0,0.0,1.0,1.0,0.0,0.0,1.0,0.0,0.0,1.0,1.0,0.0,0.0,0.0,0.0,1.0,0.0,0.0,1.0,1.0,0.0,0.0,0.0,0.0,1.0,1.0,0.0,0.0,1.0,0.0,0.0,0.0,0.0,1.0,1.0,0.0,1.0,0.0,0.0,0.0,1.0,0.0,6.0,0.0,1.0,0.0,0.6893667250807914,0.0,1.0,0.0,0.0,1.0,0.0,0.0,1.0,0.0
4338-EYCER,0,-0.46303730927815856,-0.33773340095268845,-0.5109393978265735,0.0,1.0,0.0,1.0,1.0,0.0,0.0,1.0,1.0,0.0,0.0,1.0,0.0,0.0,1.0,0.0,0.0,1.0,0.0,0.0,1.0,0.0,0.0,1.0,0.0,0.0,0.0,0.0,1.0,1.0,0.0,0.0,1.0,0.0,0.0,1.0,0.0,1.0,0.0,0.0,0.0,1.0,0.0,3.0,0.0,0.0,1.0,1.1034518981269368,0.0,0.0,1.0,0.0,0.0,1.0,0.0,0.0,1.0
3007-FDPEA,0,-1.2367242199587352,-1.46443176706532,-0.9897822130731944,1.0,0.0,1.0,0.0,1.0,0.0,0.0,1.0,1.0,0.0,0.0,0.0,0.0,1.0,0.0,1.0,0.0,0.0,1.0,0.0,0.0,1.0,0.0,0.0,1.0,0.0,0.0,1.0,0.0,0.0,1.0,0.0,1.0,0.0,0.0,0.0,1.0,1.0,0.0,0.0,0.0,1.0,0.0,1.0,1.0,0.0,0.0,0.8003257291316084,1.0,0.0,0.0,1.0,0.0,0.0,1.0,0.0,0.0
6350-XFYGW,1,-1.1552834925186746,0.9966895901807084,-0.8210059482990709,0.0,1.0,1.0,0.0,1.0,0.0,0.0,1.0,1.0,0.0,0.0,0.0,1.0,0.0,1.0,0.0,0.0,1.0,0.0,0.0,0.0,0.0,1.0,1.0,0.0,0.0,0.0,0.0,1.0,0.0,0.0,1.0,1.0,0.0,0.0,0.0,1.0,0.0,0.0,1.0,0.0,1.0,0.0,5.0,1.0,0.0,0.0,0.7106532324020026,1.0,0.0,0.0,1.0,0.0,0.0,1.0,0.0,0.0
4290-BSXUX,0,-1.1960038562387048,0.4948268961305394,-0.8962945892184389,0.0,1.0,0.0,1.0,1.0,0.0,0.0,1.0,0.0,0.0,1.0,0.0,1.0,0.0,1.0,0.0,0.0,1.0,0.0,0.0,1.0,0.0,0.0,0.0,0.0,1.0,1.0,0.0,0.0,1.0,0.0,0.0,1.0,0.0,0.0,0.0,1.0,1.0,0.0,0.0,0.0,0.0,1.0,4.0,1.0,0.0,0.0,0.749407775353821,1.0,0.0,0.0,1.0,0.0,0.0,1.0,0.0,0.0
8513-OLYGY,0,1.6137012404433893,1.6963061272506461,2.6686766037781013,0.0,1.0,0.0,1.0,1.0,0.0,0.0,1.0,0.0,0.0,1.0,0.0,1.0,0.0,0.0,0.0,1.0,0.0,0.0,1.0,0.0,0.0,1.0,0.0,0.0,1.0,0.0,0.0,1.0,0.0,0.0,1.0,0.0,0.0,1.0,1.0,0.0,0.0,1.0,0.0,0.0,1.0,0.0,9.0,0.0,1.0,0.0,1.6537612644115223,0.0,1.0,0.0,0.0,1.0,0.0,0.0,1.0,0.0
0311-QYWSS,0,-1.0738427650786138,-0.5088984919697991,-0.8685659570368844,1.0,0.0,1.0,0.0,1.0,0.0,0.0,1.0,1.0,0.0,0.0,1.0,0.0,0.0,0.0,0.0,1.0,1.0,0.0,0.0,1.0,0.0,0.0,1.0,0.0,0.0,1.0,0.0,0.0,1.0,0.0,0.0,1.0,0.0,0.0,0.0,1.0,0.0,0.0,1.0,0.0,1.0,0.0,3.0,1.0,0.0,0.0,0.8088390454195579,1.0,0.0,0.0,1.0,0.0,0.0,1.0,0.0,0.0
8705-DWKTI,0,0.7992939660427822,0.6327560471443273,0.9035958527780384,0.0,1.0,1.0,0.0,1.0,0.0,0.0,1.0,1.0,0.0,0.0,0.0,1.0,0.0,1.0,0.0,0.0,1.0,0.0,0.0,0.0,0.0,1.0,1.0,0.0,0.0,1.0,0.0,0.0,0.0,0.0,1.0,1.0,0.0,0.0,0.0,1.0,0.0,1.0,0.0,0.0,1.0,0.0,4.0,0.0,1.0,0.0,1.13049252361011,0.0,1.0,0.0,0.0,1.0,0.0,0.0,1.0,0.0
8755-IWJHN,1,1.4915401492832983,1.0166311541827018,1.8082948687127331,0.0,1.0,0.0,1.0,1.0,0.0,0.0,1.0,0.0,0.0,1.0,0.0,1.0,0.0,1.0,0.0,0.0,0.0,0.0,1.0,0.0,0.0,1.0,1.0,0.0,0.0,1.0,0.0,0.0,0.0,0.0,1.0,1.0,0.0,0.0,0.0,1.0,1.0,0.0,0.0,0.0,1.0,0.0,6.0,0.0,1.0,0.0,1.2123675447701754,0.0,1.0,0.0,0.0,1.0,0.0,0.0,1.0,0.0
0325-XBFAC,0,-0.9924020376385531,0.9950277931805424,-0.6807524531436826,0.0,1.0,1.0,0.0,1.0,0.0,0.0,1.0,1.0,0.0,0.0,0.0,1.0,0.0,1.0,0.0,0.0,1.0,0.0,0.0,0.0,0.0,1.0,1.0,0.0,0.0,0.0,0.0,1.0,0.0,0.0,1.0,1.0,0.0,0.0,0.0,1.0,0.0,0.0,1.0,0.0,0.0,1.0,5.0,1.0,0.0,0.0,0.6859643847200789,1.0,0.0,0.0,1.0,0.0,0.0,1.0,0.0,0.0
4480-QQRHC,1,-0.9924020376385531,0.3087056321119333,-0.7425848763774909,1.0,0.0,1.0,0.0,1.0,0.0,0.0,1.0,1.0,0.0,0.0,0.0,1.0,0.0,1.0,0.0,0.0,1.0,0.0,0.0,0.0,0.0,1.0,1.0,0.0,0.0,1.0,0.0,0.0,1.0,0.0,0.0,1.0,0.0,0.0,0.0,1.0,1.0,0.0,0.0,0.0,1.0,0.0,3.0,1.0,0.0,0.0,0.7482702052330438,1.0,0.0,0.0,1.0,0.0,0.0,1.0,0.0,0.0
0929-PECLO,1,1.247217966963116,0.8255244991635975,1.4362855981401523,1.0,0.0,1.0,0.0,1.0,0.0,0.0,1.0,0.0,0.0,1.0,0.0,1.0,0.0,1.0,0.0,0.0,1.0,0.0,0.0,0.0,0.0,1.0,1.0,0.0,0.0,1.0,0.0,0.0,0.0,0.0,1.0,1.0,0.0,0.0,0.0,1.0,1.0,0.0,0.0,0.0,1.0,0.0,5.0,0.0,1.0,0.0,1.1515914909704212,0.0,1.0,0.0,0.0,1.0,0.0,0.0,1.0,0.0
3680-CTHUH,0,1.125056875803025,1.722894879253304,2.1027875016671898,0.0,1.0,1.0,0.0,1.0,0.0,0.0,1.0,0.0,0.0,1.0,0.0,1.0,0.0,0.0,0.0,1.0,0.0,0.0,1.0,0.0,0.0,1.0,0.0,0.0,1.0,0.0,0.0,1.0,0.0,0.0,1.0,0.0,1.0,0.0,0.0,1.0,0.0,1.0,0.0,0.0,1.0,0.0,9.0,0.0,1.0,0.0,1.8690499537334908,0.0,1.0,0.0,0.0,1.0,0.0,0.0,1.0,0.0
1202-KKGFU,0,-0.8295205827584317,-0.3510277769540174,-0.702723588905678,1.0,0.0,0.0,1.0,1.0,0.0,0.0,1.0,1.0,0.0,0.0,1.0,0.0,0.0,0.0,0.0,1.0,1.0,0.0,0.0,1.0,0.0,0.0,0.0,0.0,1.0,1.0,0.0,0.0,1.0,0.0,0.0,1.0,0.0,0.0,1.0,0.0,1.0,0.0,0.0,0.0,1.0,0.0,4.0,1.0,0.0,0.0,0.8471442463415295,1.0,0.0,0.0,1.0,0.0,0.0,1.0,0.0,0.0
6112-KTHFQ,0,-0.7888002190384014,-1.5109620830699715,-0.8841398745549253,1.0,0.0,1.0,0.0,1.0,0.0,0.0,1.0,1.0,0.0,0.0,0.0,0.0,1.0,0.0,1.0,0.0,0.0,1.0,0.0,0.0,1.0,0.0,0.0,1.0,0.0,0.0,1.0,0.0,0.0,1.0,0.0,1.0,0.0,0.0,0.0,1.0,0.0,0.0,0.0,1.0,1.0,0.0,1.0,1.0,0.0,0.0,1.1208666696780956,1.0,0.0,0.0,1.0,0.0,0.0,1.0,0.0,0.0
1852-XEMDW,0,-0.4223169455581282,0.00958217208203114,-0.377546367753495,0.0,1.0,1.0,0.0,1.0,0.0,0.0,1.0,0.0,0.0,1.0,1.0,0.0,0.0,0.0,0.0,1.0,0.0,0.0,1.0,0.0,0.0,1.0,1.0,0.0,0.0,1.0,0.0,0.0,1.0,0.0,0.0,1.0,0.0,0.0,1.0,0.0,0.0,0.0,0.0,1.0,1.0,0.0,6.0,0.0,0.0,1.0,0.8939882041781083,0.0,0.0,1.0,0.0,0.0,1.0,0.0,0.0,1.0
2462-XIIJB,0,-1.1145631287986442,0.9219087251732329,-0.8076379681065317,0.0,1.0,1.0,0.0,1.0,0.0,0.0,1.0,0.0,0.0,1.0,0.0,1.0,0.0,1.0,0.0,0.0,1.0,0.0,0.0,0.0,0.0,1.0,1.0,0.0,0.0,0.0,0.0,1.0,1.0,0.0,0.0,1.0,0.0,0.0,0.0,1.0,0.0,0.0,1.0,0.0,0.0,1.0,5.0,1.0,0.0,0.0,0.7246229013309112,1.0,0.0,0.0,1.0,0.0,0.0,1.0,0.0,0.0
4760-XOHVN,0,-1.2774445836787656,-1.505976692069473,-0.9987824373612407,1.0,0.0,0.0,1.0,0.0,1.0,0.0,1.0,1.0,0.0,0.0,0.0,0.0,1.0,0.0,1.0,0.0,0.0,1.0,0.0,0.0,1.0,0.0,0.0,1.0,0.0,0.0,1.0,0.0,0.0,1.0,0.0,1.0,0.0,0.0,1.0,0.0,0.0,0.0,0.0,1.0,0.0,1.0,1.0,1.0,0.0,0.0,0.7818596987471365,1.0,0.0,0.0,1.0,0.0,0.0,1.0,0.0,0.0
1820-DJFPH,0,1.6137012404433893,-1.3530913680541898,-0.2533079775812478,1.0,0.0,0.0,1.0,0.0,1.0,0.0,1.0,0.0,0.0,1.0,0.0,0.0,1.0,0.0,1.0,0.0,0.0,1.0,0.0,0.0,1.0,0.0,0.0,1.0,0.0,0.0,1.0,0.0,0.0,1.0,0.0,0.0,0.0,1.0,0.0,1.0,1.0,0.0,0.0,0.0,1.0,0.0,2.0,0.0,1.0,0.0,-0.15697328057555904,0.0,1.0,0.0,0.0,1.0,0.0,0.0,1.0,0.0
9426-SXNHE,0,-1.2367242199587352,-1.5292418500717988,-0.9839144197873602,1.0,0.0,1.0,0.0,1.0,0.0,0.0,1.0,1.0,0.0,0.0,0.0,0.0,1.0,0.0,1.0,0.0,0.0,1.0,0.0,0.0,1.0,0.0,0.0,1.0,0.0,0.0,1.0,0.0,0.0,1.0,0.0,1.0,0.0,0.0,1.0,0.0,1.0,0.0,0.0,0.0,1.0,0.0,1.0,1.0,0.0,0.0,0.7955811036191963,1.0,0.0,0.0,1.0,0.0,0.0,1.0,0.0,0.0
9068-FHQHD,0,0.3106496014024181,-1.4827115340671475,-0.6644064575617162,1.0,0.0,0.0,1.0,0.0,1.0,0.0,1.0,1.0,0.0,0.0,0.0,0.0,1.0,0.0,1.0,0.0,0.0,1.0,0.0,0.0,1.0,0.0,0.0,1.0,0.0,0.0,1.0,0.0,0.0,1.0,0.0,0.0,0.0,1.0,1.0,0.0,1.0,0.0,0.0,0.0,1.0,0.0,1.0,0.0,0.0,1.0,-2.1387648803097563,0.0,0.0,1.0,0.0,0.0,1.0,0.0,0.0,1.0
1269-FOYWN,0,0.47353105628253944,-1.4876969250676457,-0.6275673042258404,0.0,1.0,0.0,1.0,0.0,1.0,0.0,1.0,1.0,0.0,0.0,0.0,0.0,1.0,0.0,1.0,0.0,0.0,1.0,0.0,0.0,1.0,0.0,0.0,1.0,0.0,0.0,1.0,0.0,0.0,1.0,0.0,0.0,1.0,0.0,1.0,0.0,1.0,0.0,0.0,0.0,1.0,0.0,1.0,0.0,0.0,1.0,-1.3252928100483297,0.0,0.0,1.0,0.0,0.0,1.0,0.0,0.0,1.0
9470-YFUYI,1,1.5729808767233588,0.2073360151017999,1.2039121602718192,0.0,1.0,0.0,1.0,1.0,0.0,0.0,1.0,1.0,0.0,0.0,1.0,0.0,0.0,0.0,0.0,1.0,0.0,0.0,1.0,1.0,0.0,0.0,0.0,0.0,1.0,0.0,0.0,1.0,1.0,0.0,0.0,0.0,1.0,0.0,0.0,1.0,1.0,0.0,0.0,0.0,1.0,0.0,6.0,0.0,1.0,0.0,0.7653698643683842,0.0,1.0,0.0,0.0,1.0,0.0,0.0,1.0,0.0
7817-BOQPW,0,-1.2367242199587352,0.358559542116917,-0.9339940581112601,1.0,0.0,1.0,0.0,1.0,0.0,0.0,1.0,0.0,0.0,1.0,0.0,1.0,0.0,1.0,0.0,0.0,1.0,0.0,0.0,1.0,0.0,0.0,1.0,0.0,0.0,1.0,0.0,0.0,1.0,0.0,0.0,1.0,0.0,0.0,0.0,1.0,0.0,0.0,1.0,0.0,0.0,1.0,3.0,1.0,0.0,0.0,0.7552161128876606,1.0,0.0,0.0,1.0,0.0,0.0,1.0,0.0,0.0
7402-EYFXX,1,-0.2594354906780068,0.9584682591768874,0.05329525129021216,0.0,1.0,1.0,0.0,1.0,0.0,0.0,1.0,0.0,0.0,1.0,0.0,1.0,0.0,1.0,0.0,0.0,1.0,0.0,0.0,1.0,0.0,0.0,1.0,0.0,0.0,0.0,0.0,1.0,0.0,0.0,1.0,1.0,0.0,0.0,0.0,1.0,0.0,0.0,1.0,0.0,1.0,0.0,5.0,0.0,0.0,1.0,-0.20542775836463525,0.0,0.0,1.0,0.0,0.0,1.0,0.0,0.0,1.0
1853-UDXBW,0,-1.2774445836787656,0.17410007509847744,-0.97648041100042,0.0,1.0,0.0,1.0,0.0,1.0,0.0,1.0,1.0,0.0,0.0,0.0,1.0,0.0,1.0,0.0,0.0,1.0,0.0,0.0,1.0,0.0,0.0,1.0,0.0,0.0,1.0,0.0,0.0,1.0,0.0,0.0,1.0,0.0,0.0,0.0,1.0,0.0,0.0,1.0,0.0,0.0,1.0,2.0,1.0,0.0,0.0,0.7644013865465432,1.0,0.0,0.0,1.0,0.0,0.0,1.0,0.0,0.0
9895-VFOXH,0,-1.2774445836787656,-1.341458789053027,-0.9965985594089941,1.0,0.0,1.0,0.0,1.0,0.0,1.0,0.0,0.0,1.0,0.0,1.0,0.0,0.0,1.0,0.0,0.0,1.0,0.0,0.0,1.0,0.0,0.0,1.0,0.0,0.0,1.0,0.0,0.0,1.0,0.0,0.0,1.0,0.0,0.0,1.0,0.0,0.0,0.0,0.0,1.0,1.0,0.0,1.0,1.0,0.0,0.0,0.7801501310835768,1.0,0.0,0.0,1.0,0.0,0.0,1.0,0.0,0.0
5458-CQJTA,0,1.3286586944031769,0.33363258711442517,1.1192262263458146,0.0,1.0,0.0,1.0,0.0,1.0,0.0,1.0,1.0,0.0,0.0,1.0,0.0,0.0,0.0,0.0,1.0,1.0,0.0,0.0,1.0,0.0,0.0,0.0,0.0,1.0,0.0,0.0,1.0,0.0,0.0,1.0,0.0,0.0,1.0,0.0,1.0,1.0,0.0,0.0,0.0,0.0,1.0,6.0,0.0,1.0,0.0,0.8423730120161238,0.0,1.0,0.0,0.0,1.0,0.0,0.0,1.0,0.0
1230-QAJDW,0,-1.1960038562387048,0.016229360082695727,-0.9147582846328867,0.0,1.0,1.0,0.0,1.0,0.0,0.0,1.0,0.0,0.0,1.0,1.0,0.0,0.0,1.0,0.0,0.0,1.0,0.0,0.0,1.0,0.0,0.0,0.0,0.0,1.0,0.0,0.0,1.0,1.0,0.0,0.0,1.0,0.0,0.0,0.0,1.0,0.0,0.0,0.0,1.0,1.0,0.0,5.0,1.0,0.0,0.0,0.7648455979980673,1.0,0.0,0.0,1.0,0.0,0.0,1.0,0.0,0.0
5701-ZIKJE,0,-0.7888002190384014,-0.47233895796614456,-0.7379082892474277,0.0,1.0,1.0,0.0,1.0,0.0,0.0,1.0,1.0,0.0,0.0,1.0,0.0,0.0,1.0,0.0,0.0,1.0,0.0,0.0,1.0,0.0,0.0,0.0,0.0,1.0,1.0,0.0,0.0,1.0,0.0,0.0,1.0,0.0,0.0,0.0,1.0,0.0,0.0,0.0,1.0,1.0,0.0,3.0,1.0,0.0,0.0,0.9354818513450538,1.0,0.0,0.0,1.0,0.0,0.0,1.0,0.0,0.0
5219-YIPTK,0,0.025607055362205634,1.3174164112127704,0.4969092474485733,1.0,0.0,0.0,1.0,1.0,0.0,0.0,1.0,0.0,0.0,1.0,0.0,1.0,0.0,1.0,0.0,0.0,0.0,0.0,1.0,0.0,0.0,1.0,1.0,0.0,0.0,0.0,0.0,1.0,0.0,0.0,1.0,1.0,0.0,0.0,0.0,1.0,0.0,0.0,1.0,0.0,0.0,1.0,7.0,0.0,0.0,1.0,19.40516941209802,0.0,0.0,1.0,0.0,0.0,1.0,0.0,0.0,1.0
5032-MIYKT,0,-1.2774445836787656,0.19736523310080326,-0.9761715797748499,1.0,0.0,1.0,0.0,1.0,0.0,0.0,1.0,1.0,0.0,0.0,0.0,1.0,0.0,1.0,0.0,0.0,1.0,0.0,0.0,1.0,0.0,0.0,1.0,0.0,0.0,1.0,0.0,0.0,1.0,0.0,0.0,1.0,0.0,0.0,0.0,1.0,0.0,0.0,0.0,1.0,1.0,0.0,2.0,1.0,0.0,0.0,0.7641596295032116,1.0,0.0,0.0,1.0,0.0,0.0,1.0,0.0,0.0
7396-VJUZB,0,-1.1552834925186746,-0.6484894399837535,-0.9388250608541087,0.0,1.0,0.0,1.0,0.0,1.0,0.0,1.0,1.0,0.0,0.0,1.0,0.0,0.0,1.0,0.0,0.0,1.0,0.0,0.0,1.0,0.0,0.0,1.0,0.0,0.0,1.0,0.0,0.0,1.0,0.0,0.0,1.0,0.0,0.0,1.0,0.0,0.0,0.0,0.0,1.0,1.0,0.0,2.0,1.0,0.0,0.0,0.812636090564527,1.0,0.0,0.0,1.0,0.0,0.0,1.0,0.0,0.0
9717-QEBGU,0,-1.2367242199587352,0.18407085709947407,-0.9438325385829971,0.0,1.0,1.0,0.0,1.0,0.0,0.0,1.0,1.0,0.0,0.0,0.0,1.0,0.0,1.0,0.0,0.0,1.0,0.0,0.0,1.0,0.0,0.0,1.0,0.0,0.0,1.0,0.0,0.0,1.0,0.0,0.0,1.0,0.0,0.0,0.0,1.0,0.0,0.0,1.0,0.0,1.0,0.0,2.0,1.0,0.0,0.0,0.7631713872430583,1.0,0.0,0.0,1.0,0.0,0.0,1.0,0.0,0.0
5172-RKOCB,0,1.6137012404433893,1.4686399382278874,2.466987754107495,0.0,1.0,0.0,1.0,1.0,0.0,0.0,1.0,0.0,0.0,1.0,0.0,1.0,0.0,0.0,0.0,1.0,0.0,0.0,1.0,1.0,0.0,0.0,0.0,0.0,1.0,0.0,0.0,1.0,0.0,0.0,1.0,0.0,0.0,1.0,0.0,1.0,0.0,1.0,0.0,0.0,1.0,0.0,8.0,0.0,1.0,0.0,1.528776016451256,0.0,1.0,0.0,0.0,1.0,0.0,0.0,1.0,0.0
6509-TSGWN,0,0.18848851024232702,-1.2733251120462157,-0.6051770403719997,1.0,0.0,0.0,1.0,0.0,1.0,0.0,1.0,0.0,0.0,1.0,0.0,0.0,1.0,0.0,1.0,0.0,0.0,1.0,0.0,0.0,1.0,0.0,0.0,1.0,0.0,0.0,1.0,0.0,0.0,1.0,0.0,1.0,0.0,0.0,1.0,0.0,0.0,0.0,0.0,1.0,1.0,0.0,2.0,0.0,0.0,1.0,-3.2106839806519996,0.0,0.0,1.0,0.0,0.0,1.0,0.0,0.0,1.0
3540-RZJYU,0,-0.7073594915983407,0.7125223031523015,-0.44696721538702866,1.0,0.0,1.0,0.0,1.0,0.0,0.0,1.0,1.0,0.0,0.0,0.0,1.0,0.0,0.0,0.0,1.0,1.0,0.0,0.0,1.0,0.0,0.0,1.0,0.0,0.0,0.0,0.0,1.0,1.0,0.0,0.0,1.0,0.0,0.0,1.0,0.0,0.0,0.0,1.0,0.0,0.0,1.0,4.0,1.0,0.0,0.0,0.6318812721054567,1.0,0.0,0.0,1.0,0.0,0.0,1.0,0.0,0.0
3178-CIFOT,0,-0.38159658183809786,-1.4993295040688086,-0.7964318064929838,1.0,0.0,1.0,0.0,1.0,0.0,0.0,1.0,1.0,0.0,0.0,0.0,0.0,1.0,0.0,1.0,0.0,0.0,1.0,0.0,0.0,1.0,0.0,0.0,1.0,0.0,0.0,1.0,0.0,0.0,1.0,0.0,0.0,1.0,0.0,0.0,1.0,0.0,1.0,0.0,0.0,1.0,0.0,1.0,0.0,0.0,1.0,2.0871041419099776,0.0,0.0,1.0,0.0,0.0,1.0,0.0,0.0,1.0
2091-MJTFX,0,-0.0965540357978854,-0.4507355969639848,-0.3184493068033085,1.0,0.0,0.0,1.0,0.0,1.0,1.0,0.0,0.0,1.0,0.0,1.0,0.0,0.0,1.0,0.0,0.0,1.0,0.0,0.0,1.0,0.0,0.0,0.0,0.0,1.0,0.0,0.0,1.0,0.0,0.0,1.0,1.0,0.0,0.0,1.0,0.0,0.0,1.0,0.0,0.0,0.0,1.0,4.0,0.0,0.0,1.0,3.298145998473973,0.0,0.0,1.0,0.0,0.0,1.0,0.0,0.0,1.0
4530-NDRKU,0,0.3920903288424788,-1.5192710680708021,-0.671244863270771,1.0,0.0,0.0,1.0,0.0,1.0,0.0,1.0,1.0,0.0,0.0,0.0,0.0,1.0,0.0,1.0,0.0,0.0,1.0,0.0,0.0,1.0,0.0,0.0,1.0,0.0,0.0,1.0,0.0,0.0,1.0,0.0,0.0,1.0,0.0,0.0,1.0,0.0,0.0,1.0,0.0,1.0,0.0,1.0,0.0,0.0,1.0,-1.711964855783122,0.0,0.0,1.0,0.0,0.0,1.0,0.0,0.0,1.0
5985-TBABQ,0,-0.015113308357824713,0.3319707901142591,-0.0001546101066903676,1.0,0.0,1.0,0.0,1.0,0.0,0.0,1.0,0.0,0.0,1.0,1.0,0.0,0.0,0.0,0.0,1.0,1.0,0.0,0.0,1.0,0.0,0.0,1.0,0.0,0.0,0.0,0.0,1.0,0.0,0.0,1.0,0.0,1.0,0.0,1.0,0.0,0.0,0.0,0.0,1.0,1.0,0.0,6.0,0.0,0.0,1.0,0.01023006366506909,0.0,0.0,1.0,0.0,0.0,1.0,0.0,0.0,1.0
9800-ONTFE,0,-0.4223169455581282,0.36686852711774764,-0.294801658673932,1.0,0.0,0.0,1.0,0.0,1.0,0.0,1.0,0.0,0.0,1.0,0.0,1.0,0.0,1.0,0.0,0.0,1.0,0.0,0.0,1.0,0.0,0.0,1.0,0.0,0.0,1.0,0.0,0.0,1.0,0.0,0.0,1.0,0.0,0.0,0.0,1.0,1.0,0.0,0.0,0.0,1.0,0.0,3.0,0.0,0.0,1.0,0.698057849145329,0.0,0.0,1.0,0.0,0.0,1.0,0.0,0.0,1.0
6743-HHQPF,0,0.3920903288424788,-1.3181936310507012,-0.5233147062226372,0.0,1.0,0.0,1.0,1.0,0.0,1.0,0.0,0.0,1.0,0.0,1.0,0.0,0.0,1.0,0.0,0.0,1.0,0.0,0.0,1.0,0.0,0.0,1.0,0.0,0.0,1.0,0.0,0.0,1.0,0.0,0.0,1.0,0.0,0.0,0.0,1.0,0.0,1.0,0.0,0.0,1.0,0.0,1.0,0.0,0.0,1.0,-1.3346789444349632,0.0,0.0,1.0,0.0,0.0,1.0,0.0,0.0,1.0
8455-HIRAQ,0,-0.9924020376385531,-0.6750781919864114,-0.8444330026958975,1.0,0.0,1.0,0.0,1.0,0.0,0.0,1.0,1.0,0.0,0.0,1.0,0.0,0.0,1.0,0.0,0.0,1.0,0.0,0.0,1.0,0.0,0.0,1.0,0.0,0.0,1.0,0.0,0.0,1.0,0.0,0.0,1.0,0.0,0.0,1.0,0.0,0.0,0.0,0.0,1.0,1.0,0.0,2.0,1.0,0.0,0.0,0.8508980943905035,1.0,0.0,0.0,1.0,0.0,0.0,1.0,0.0,0.0
6616-AALSR,0,1.3286586944031769,1.3140928172124378,1.9597545254816693,1.0,0.0,0.0,1.0,0.0,1.0,0.0,1.0,0.0,0.0,1.0,0.0,1.0,0.0,0.0,0.0,1.0,1.0,0.0,0.0,0.0,0.0,1.0,1.0,0.0,0.0,0.0,0.0,1.0,0.0,0.0,1.0,0.0,0.0,1.0,0.0,1.0,0.0,1.0,0.0,0.0,1.0,0.0,7.0,0.0,1.0,0.0,1.474987168440557,0.0,1.0,0.0,0.0,1.0,0.0,0.0,1.0,0.0
0883-EIBTI,0,-1.2367242199587352,-1.504314895069307,-0.9934440690335269,1.0,0.0,1.0,0.0,1.0,0.0,0.0,1.0,1.0,0.0,0.0,0.0,0.0,1.0,0.0,1.0,0.0,0.0,1.0,0.0,0.0,1.0,0.0,0.0,1.0,0.0,0.0,1.0,0.0,0.0,1.0,0.0,1.0,0.0,0.0,1.0,0.0,0.0,0.0,0.0,1.0,0.0,1.0,1.0,1.0,0.0,0.0,0.8032866608423618,1.0,0.0,0.0,1.0,0.0,0.0,1.0,0.0,0.0
9415-ZNBSX,0,1.5322605130033284,0.8055829351616043,1.7691174218118255,1.0,0.0,0.0,1.0,0.0,1.0,0.0,1.0,0.0,0.0,1.0,1.0,0.0,0.0,0.0,0.0,1.0,0.0,0.0,1.0,0.0,0.0,1.0,0.0,0.0,1.0,0.0,0.0,1.0,0.0,0.0,1.0,0.0,0.0,1.0,0.0,1.0,1.0,0.0,0.0,0.0,1.0,0.0,9.0,0.0,1.0,0.0,1.154580051367533,0.0,1.0,0.0,0.0,1.0,0.0,0.0,1.0,0.0
4018-KJYUY,0,-0.4223169455581282,-1.4827115340671475,-0.8165499549015579,0.0,1.0,1.0,0.0,0.0,1.0,0.0,1.0,1.0,0.0,0.0,0.0,0.0,1.0,0.0,1.0,0.0,0.0,1.0,0.0,0.0,1.0,0.0,0.0,1.0,0.0,0.0,1.0,0.0,0.0,1.0,0.0,1.0,0.0,0.0,1.0,0.0,0.0,1.0,0.0,0.0,1.0,0.0,1.0,0.0,0.0,1.0,1.9335003330790264,0.0,0.0,1.0,0.0,0.0,1.0,0.0,0.0,1.0
0722-TROQR,1,-1.1552834925186746,0.33695618111475767,-0.8654114666614171,1.0,0.0,1.0,0.0,1.0,0.0,0.0,1.0,0.0,0.0,1.0,0.0,1.0,0.0,1.0,0.0,0.0,1.0,0.0,0.0,1.0,0.0,0.0,1.0,0.0,0.0,1.0,0.0,0.0,1.0,0.0,0.0,1.0,0.0,0.0,0.0,1.0,0.0,0.0,1.0,0.0,0.0,1.0,3.0,1.0,0.0,0.0,0.7490901343831226,1.0,0.0,0.0,1.0,0.0,0.0,1.0,0.0,0.0
7571-YXDAD,0,-1.2367242199587352,0.33695618111475767,-0.9424427980679311,1.0,0.0,1.0,0.0,1.0,0.0,0.0,1.0,0.0,0.0,1.0,0.0,1.0,0.0,1.0,0.0,0.0,1.0,0.0,0.0,1.0,0.0,0.0,1.0,0.0,0.0,1.0,0.0,0.0,1.0,0.0,0.0,1.0,0.0,0.0,1.0,0.0,0.0,1.0,0.0,0.0,0.0,1.0,3.0,1.0,0.0,0.0,0.7620476601480133,1.0,0.0,0.0,1.0,0.0,0.0,1.0,0.0,0.0
3884-UEBXB,0,1.4100994218432374,-0.950936494013988,0.06668529085600651,1.0,0.0,0.0,1.0,0.0,1.0,1.0,0.0,0.0,1.0,0.0,1.0,0.0,0.0,0.0,0.0,1.0,0.0,0.0,1.0,1.0,0.0,0.0,1.0,0.0,0.0,1.0,0.0,0.0,1.0,0.0,0.0,0.0,0.0,1.0,1.0,0.0,1.0,0.0,0.0,0.0,1.0,0.0,3.0,0.0,1.0,0.0,0.04729119792761677,0.0,1.0,0.0,0.0,1.0,0.0,0.0,1.0,0.0
8780-RSYYU,0,-0.30015585439803716,-1.5142856770703037,-0.7726076833775671,1.0,0.0,1.0,0.0,1.0,0.0,0.0,1.0,1.0,0.0,0.0,0.0,0.0,1.0,0.0,1.0,0.0,0.0,1.0,0.0,0.0,1.0,0.0,0.0,1.0,0.0,0.0,1.0,0.0,0.0,1.0,0.0,1.0,0.0,0.0,0.0,1.0,0.0,1.0,0.0,0.0,1.0,0.0,1.0,0.0,0.0,1.0,2.574021702581922,0.0,0.0,1.0,0.0,0.0,1.0,0.0,0.0,1.0
5537-UXXVS,0,-0.5037576729981889,-1.5126238800701375,-0.8418079372785506,1.0,0.0,0.0,1.0,1.0,0.0,0.0,1.0,1.0,0.0,0.0,0.0,0.0,1.0,0.0,1.0,0.0,0.0,1.0,0.0,0.0,1.0,0.0,0.0,1.0,0.0,0.0,1.0,0.0,0.0,1.0,0.0,1.0,0.0,0.0,1.0,0.0,1.0,0.0,0.0,0.0,1.0,0.0,1.0,1.0,0.0,0.0,1.671057300762101,1.0,0.0,0.0,1.0,0.0,0.0,1.0,0.0,0.0
1791-PQHBB,0,-1.2367242199587352,-0.11837619693076015,-0.9517959723280578,1.0,0.0,1.0,0.0,0.0,1.0,0.0,1.0,1.0,0.0,0.0,1.0,0.0,0.0,0.0,0.0,1.0,1.0,0.0,0.0,1.0,0.0,0.0,1.0,0.0,0.0,1.0,0.0,0.0,0.0,0.0,1.0,1.0,0.0,0.0,0.0,1.0,0.0,1.0,0.0,0.0,1.0,0.0,4.0,1.0,0.0,0.0,0.7696105218670461,1.0,0.0,0.0,1.0,0.0,0.0,1.0,0.0,0.0
8701-DGLVH,0,0.758573602322752,-1.4727407520661506,-0.547359423070604,0.0,1.0,1.0,0.0,1.0,0.0,0.0,1.0,1.0,0.0,0.0,0.0,0.0,1.0,0.0,1.0,0.0,0.0,1.0,0.0,0.0,1.0,0.0,0.0,1.0,0.0,0.0,1.0,0.0,0.0,1.0,0.0,0.0,0.0,1.0,1.0,0.0,0.0,0.0,0.0,1.0,1.0,0.0,1.0,0.0,1.0,0.0,-0.7215640267399099,0.0,1.0,0.0,0.0,1.0,0.0,0.0,1.0,0.0
8741-LQOBK,0,0.5549717837226001,-0.9874960280176428,-0.29252954322866537,1.0,0.0,0.0,1.0,0.0,1.0,1.0,0.0,0.0,1.0,0.0,1.0,0.0,0.0,0.0,0.0,1.0,0.0,0.0,1.0,1.0,0.0,0.0,1.0,0.0,0.0,1.0,0.0,0.0,1.0,0.0,0.0,1.0,0.0,0.0,1.0,0.0,1.0,0.0,0.0,0.0,1.0,0.0,3.0,0.0,1.0,0.0,-0.5271070562659178,0.0,1.0,0.0,0.0,1.0,0.0,0.0,1.0,0.0
3393-FMZPV,0,-0.30015585439803716,1.1794872601989819,0.04608183623582214,1.0,0.0,1.0,0.0,1.0,0.0,0.0,1.0,0.0,0.0,1.0,0.0,1.0,0.0,1.0,0.0,0.0,0.0,0.0,1.0,1.0,0.0,0.0,1.0,0.0,0.0,0.0,0.0,1.0,0.0,0.0,1.0,1.0,0.0,0.0,0.0,1.0,0.0,0.0,1.0,0.0,0.0,1.0,6.0,0.0,0.0,1.0,-0.15352636159051206,0.0,0.0,1.0,0.0,0.0,1.0,0.0,0.0,1.0
8082-GHXOP,0,-0.7888002190384014,-0.6900343649879066,-0.7164665784435528,0.0,1.0,1.0,0.0,0.0,1.0,0.0,1.0,1.0,0.0,0.0,1.0,0.0,0.0,1.0,0.0,0.0,1.0,0.0,0.0,1.0,0.0,0.0,1.0,0.0,0.0,1.0,0.0,0.0,1.0,0.0,0.0,1.0,0.0,0.0,1.0,0.0,0.0,0.0,0.0,1.0,1.0,0.0,2.0,1.0,0.0,0.0,0.9082991626409181,1.0,0.0,0.0,1.0,0.0,0.0,1.0,0.0,0.0
6402-ZFPPI,1,-0.30015585439803716,1.2642389072074542,0.16628336110240136,1.0,0.0,1.0,0.0,1.0,0.0,0.0,1.0,0.0,0.0,1.0,0.0,1.0,0.0,0.0,0.0,1.0,0.0,0.0,1.0,1.0,0.0,0.0,1.0,0.0,0.0,0.0,0.0,1.0,0.0,0.0,1.0,1.0,0.0,0.0,0.0,1.0,0.0,0.0,0.0,1.0,0.0,1.0,7.0,0.0,0.0,1.0,-0.5539900643813288,0.0,0.0,1.0,0.0,0.0,1.0,0.0,0.0,1.0
0980-FEXWF,0,-0.2594354906780068,-0.47898614596680894,-0.44008469093146385,0.0,1.0,0.0,1.0,0.0,1.0,0.0,1.0,1.0,0.0,0.0,1.0,0.0,0.0,1.0,0.0,0.0,1.0,0.0,0.0,0.0,0.0,1.0,1.0,0.0,0.0,1.0,0.0,0.0,1.0,0.0,0.0,0.0,1.0,0.0,1.0,0.0,0.0,0.0,0.0,1.0,1.0,0.0,3.0,0.0,0.0,1.0,1.6963164514667972,0.0,0.0,1.0,0.0,0.0,1.0,0.0,0.0,1.0
7486-KSRVI,0,0.43281069256250915,1.1711782751981514,0.8507195350857666,0.0,1.0,1.0,0.0,1.0,0.0,0.0,1.0,0.0,0.0,1.0,0.0,1.0,0.0,1.0,0.0,0.0,1.0,0.0,0.0,1.0,0.0,0.0,0.0,0.0,1.0,0.0,0.0,1.0,0.0,0.0,1.0,0.0,1.0,0.0,0.0,1.0,0.0,0.0,1.0,0.0,0.0,1.0,6.0,0.0,0.0,1.0,1.9655695889789055,0.0,0.0,1.0,0.0,0.0,1.0,0.0,0.0,1.0
3011-WQKSZ,0,-0.5444780367182193,-1.4876969250676457,-0.8407932061088199,0.0,1.0,1.0,0.0,0.0,1.0,0.0,1.0,1.0,0.0,0.0,0.0,0.0,1.0,0.0,1.0,0.0,0.0,1.0,0.0,0.0,1.0,0.0,0.0,1.0,0.0,0.0,1.0,0.0,0.0,1.0,0.0,1.0,0.0,0.0,0.0,1.0,0.0,0.0,1.0,0.0,1.0,0.0,1.0,1.0,0.0,0.0,1.5442187735920576,1.0,0.0,0.0,1.0,0.0,0.0,1.0,0.0,0.0
8443-WVPSS,0,-0.9109613101984924,1.1661928841976528,-0.5701908743895451,0.0,1.0,0.0,1.0,1.0,0.0,0.0,1.0,1.0,0.0,0.0,0.0,1.0,0.0,1.0,0.0,0.0,0.0,0.0,1.0,1.0,0.0,0.0,0.0,0.0,1.0,0.0,0.0,1.0,0.0,0.0,1.0,1.0,0.0,0.0,0.0,1.0,0.0,0.0,1.0,0.0,0.0,1.0,6.0,1.0,0.0,0.0,0.6259221637692871,1.0,0.0,0.0,1.0,0.0,0.0,1.0,0.0,0.0
3006-XIMLN,0,-1.2367242199587352,0.9784098231788811,-0.9218614028210017,1.0,0.0,1.0,0.0,0.0,1.0,0.0,1.0,0.0,0.0,1.0,0.0,1.0,0.0,1.0,0.0,0.0,1.0,0.0,0.0,1.0,0.0,0.0,1.0,0.0,0.0,0.0,0.0,1.0,0.0,0.0,1.0,1.0,0.0,0.0,0.0,1.0,1.0,0.0,0.0,0.0,0.0,1.0,5.0,1.0,0.0,0.0,0.745405796978538,1.0,0.0,0.0,1.0,0.0,0.0,1.0,0.0,0.0
8218-FFJDS,0,1.6137012404433893,0.719169491152966,1.665769258112078,1.0,0.0,0.0,1.0,1.0,0.0,0.0,1.0,0.0,0.0,1.0,1.0,0.0,0.0,0.0,0.0,1.0,0.0,0.0,1.0,1.0,0.0,0.0,0.0,0.0,1.0,0.0,0.0,1.0,0.0,0.0,1.0,0.0,0.0,1.0,0.0,1.0,1.0,0.0,0.0,0.0,1.0,0.0,8.0,0.0,1.0,0.0,1.0322662066333805,0.0,1.0,0.0,0.0,1.0,0.0,0.0,1.0,0.0
1986-PHGZF,1,-0.5851984004382496,-0.2114368289400632,-0.5816617484821531,0.0,1.0,1.0,0.0,1.0,0.0,0.0,1.0,0.0,0.0,1.0,1.0,0.0,0.0,0.0,0.0,1.0,0.0,0.0,1.0,1.0,0.0,0.0,1.0,0.0,0.0,1.0,0.0,0.0,1.0,0.0,0.0,1.0,0.0,0.0,0.0,1.0,0.0,1.0,0.0,0.0,1.0,0.0,5.0,1.0,0.0,0.0,0.9939564907329755,1.0,0.0,0.0,1.0,0.0,0.0,1.0,0.0,0.0
9965-YOKZB,1,-0.9516816739185228,0.6344178441444933,-0.6587592580084322,0.0,1.0,1.0,0.0,1.0,0.0,0.0,1.0,0.0,0.0,1.0,0.0,1.0,0.0,1.0,0.0,0.0,1.0,0.0,0.0,1.0,0.0,0.0,1.0,0.0,0.0,1.0,0.0,0.0,0.0,0.0,1.0,1.0,0.0,0.0,0.0,1.0,0.0,0.0,1.0,0.0,0.0,1.0,4.0,1.0,0.0,0.0,0.6922054675026044,1.0,0.0,0.0,1.0,0.0,0.0,1.0,0.0,0.0
0504-HHAPI,1,-0.21871512695797646,0.7823177771592784,0.0813768334438469,1.0,0.0,1.0,0.0,1.0,0.0,0.0,1.0,0.0,0.0,1.0,0.0,1.0,0.0,1.0,0.0,0.0,1.0,0.0,0.0,0.0,0.0,1.0,1.0,0.0,0.0,1.0,0.0,0.0,0.0,0.0,1.0,1.0,0.0,0.0,1.0,0.0,0.0,1.0,0.0,0.0,0.0,1.0,5.0,0.0,0.0,1.0,-0.37206769634860465,0.0,0.0,1.0,0.0,0.0,1.0,0.0,0.0,1.0
9360-OMDZZ,0,-0.3408762181180675,0.9750862291785486,0.01744876975081202,0.0,1.0,1.0,0.0,1.0,0.0,0.0,1.0,0.0,0.0,1.0,0.0,1.0,0.0,1.0,0.0,0.0,1.0,0.0,0.0,1.0,0.0,0.0,1.0,0.0,0.0,0.0,0.0,1.0,0.0,0.0,1.0,1.0,0.0,0.0,0.0,1.0,0.0,0.0,1.0,0.0,1.0,0.0,5.0,0.0,0.0,1.0,-0.051187993832906176,0.0,0.0,1.0,0.0,0.0,1.0,0.0,0.0,1.0
6305-YLBMM,0,1.4915401492832983,1.3057838322116073,2.1965398380010055,0.0,1.0,1.0,0.0,1.0,0.0,0.0,1.0,1.0,0.0,0.0,0.0,1.0,0.0,1.0,0.0,0.0,0.0,0.0,1.0,0.0,0.0,1.0,0.0,0.0,1.0,0.0,0.0,1.0,0.0,0.0,1.0,0.0,1.0,0.0,0.0,1.0,1.0,0.0,0.0,0.0,0.0,1.0,7.0,0.0,1.0,0.0,1.472665579305034,0.0,1.0,0.0,0.0,1.0,0.0,0.0,1.0,0.0
0345-XMMUG,0,0.5549717837226001,1.4669781412277214,1.1342927782789904,1.0,0.0,0.0,1.0,1.0,0.0,0.0,1.0,0.0,0.0,1.0,0.0,1.0,0.0,1.0,0.0,0.0,0.0,0.0,1.0,0.0,0.0,1.0,0.0,0.0,1.0,0.0,0.0,1.0,0.0,0.0,1.0,0.0,0.0,1.0,0.0,1.0,0.0,1.0,0.0,0.0,1.0,0.0,8.0,0.0,1.0,0.0,2.0438746825477545,0.0,1.0,0.0,0.0,1.0,0.0,0.0,1.0,0.0
8024-XNAFQ,1,1.6137012404433893,1.4171242312227377,2.411287836638581,1.0,0.0,1.0,0.0,1.0,0.0,0.0,1.0,0.0,0.0,1.0,0.0,1.0,0.0,0.0,0.0,1.0,0.0,0.0,1.0,0.0,0.0,1.0,0.0,0.0,1.0,1.0,0.0,0.0,0.0,0.0,1.0,0.0,0.0,1.0,0.0,1.0,1.0,0.0,0.0,0.0,1.0,0.0,8.0,0.0,1.0,0.0,1.4942591455008378,0.0,1.0,0.0,0.0,1.0,0.0,0.0,1.0,0.0
3647-GMGDH,0,-0.4223169455581282,0.9950277931805424,-0.16253365663685912,0.0,1.0,0.0,1.0,1.0,0.0,0.0,1.0,1.0,0.0,0.0,0.0,1.0,0.0,1.0,0.0,0.0,1.0,0.0,0.0,0.0,0.0,1.0,1.0,0.0,0.0,0.0,0.0,1.0,0.0,0.0,1.0,1.0,0.0,0.0,0.0,1.0,0.0,1.0,0.0,0.0,0.0,1.0,5.0,0.0,0.0,1.0,0.3848617924200434,0.0,0.0,1.0,0.0,0.0,1.0,0.0,0.0,1.0
2988-GBIVW,1,1.5322605130033284,0.8670694241677506,1.8471634843880704,1.0,0.0,0.0,1.0,1.0,0.0,0.0,1.0,0.0,0.0,1.0,0.0,1.0,0.0,0.0,0.0,1.0,1.0,0.0,0.0,1.0,0.0,0.0,1.0,0.0,0.0,1.0,0.0,0.0,0.0,0.0,1.0,1.0,0.0,0.0,0.0,1.0,0.0,0.0,1.0,0.0,1.0,0.0,5.0,0.0,1.0,0.0,1.2055152950248076,0.0,1.0,0.0,0.0,1.0,0.0,0.0,1.0,0.0
2832-SCUCO,0,-1.2367242199587352,-1.491020519067978,-0.9820393730606839,1.0,0.0,1.0,0.0,1.0,0.0,0.0,1.0,1.0,0.0,0.0,0.0,0.0,1.0,0.0,1.0,0.0,0.0,1.0,0.0,0.0,1.0,0.0,0.0,1.0,0.0,0.0,1.0,0.0,0.0,1.0,0.0,1.0,0.0,0.0,1.0,0.0,0.0,0.0,1.0,0.0,1.0,0.0,1.0,1.0,0.0,0.0,0.7940649638877865,1.0,0.0,0.0,1.0,0.0,0.0,1.0,0.0,0.0
7036-ZZKBD,0,-0.055833672077855064,0.05445069108651675,-0.11625309154783674,0.0,1.0,0.0,1.0,1.0,0.0,0.0,1.0,1.0,0.0,0.0,1.0,0.0,0.0,1.0,0.0,0.0,1.0,0.0,0.0,0.0,0.0,1.0,0.0,0.0,1.0,1.0,0.0,0.0,0.0,0.0,1.0,1.0,0.0,0.0,0.0,1.0,0.0,1.0,0.0,0.0,1.0,0.0,5.0,0.0,0.0,1.0,2.0821322908106814,0.0,0.0,1.0,0.0,0.0,1.0,0.0,0.0,1.0
3791-LGQCY,1,0.9621754209229036,1.1927816362003112,1.5021328273063734,1.0,0.0,0.0,1.0,1.0,0.0,0.0,1.0,0.0,0.0,1.0,0.0,1.0,0.0,1.0,0.0,0.0,1.0,0.0,0.0,0.0,0.0,1.0,1.0,0.0,0.0,0.0,0.0,1.0,0.0,0.0,1.0,1.0,0.0,0.0,0.0,1.0,1.0,0.0,0.0,0.0,0.0,1.0,6.0,0.0,1.0,0.0,1.5611839531980052,0.0,1.0,0.0,0.0,1.0,0.0,0.0,1.0,0.0
0265-PSUAE,0,-0.6666391278783103,1.1944434332004772,-0.33556738044920054,1.0,0.0,0.0,1.0,0.0,1.0,0.0,1.0,1.0,0.0,0.0,0.0,1.0,0.0,0.0,0.0,1.0,1.0,0.0,0.0,0.0,0.0,1.0,1.0,0.0,0.0,0.0,0.0,1.0,0.0,0.0,1.0,1.0,0.0,0.0,1.0,0.0,1.0,0.0,0.0,0.0,1.0,0.0,6.0,1.0,0.0,0.0,0.5033718640506438,1.0,0.0,0.0,1.0,0.0,0.0,1.0,0.0,0.0
0463-TXOAK,0,0.7992939660427822,-1.3015756610490399,-0.41859886138107877,0.0,1.0,1.0,0.0,0.0,1.0,0.0,1.0,0.0,0.0,1.0,0.0,0.0,1.0,0.0,1.0,0.0,0.0,1.0,0.0,0.0,1.0,0.0,0.0,1.0,0.0,0.0,1.0,0.0,0.0,1.0,0.0,0.0,0.0,1.0,1.0,0.0,0.0,1.0,0.0,0.0,1.0,0.0,2.0,0.0,1.0,0.0,-0.5237107737138519,0.0,1.0,0.0,0.0,1.0,0.0,0.0,1.0,0.0
0594-UFTUL,0,-0.7888002190384014,-1.4926823160681442,-0.8961842923521637,0.0,1.0,0.0,1.0,0.0,1.0,0.0,1.0,1.0,0.0,0.0,0.0,0.0,1.0,0.0,1.0,0.0,0.0,1.0,0.0,0.0,1.0,0.0,0.0,1.0,0.0,0.0,1.0,0.0,0.0,1.0,0.0,1.0,0.0,0.0,0.0,1.0,0.0,0.0,0.0,1.0,1.0,0.0,1.0,1.0,0.0,0.0,1.1361359577773325,1.0,0.0,0.0,1.0,0.0,0.0,1.0,0.0,0.0
9509-MPYOD,0,0.10704778280226633,-1.462769970065154,-0.6983337736279299,1.0,0.0,1.0,0.0,1.0,0.0,0.0,1.0,1.0,0.0,0.0,0.0,0.0,1.0,0.0,1.0,0.0,0.0,1.0,0.0,0.0,1.0,0.0,0.0,1.0,0.0,0.0,1.0,0.0,0.0,1.0,0.0,0.0,1.0,0.0,1.0,0.0,0.0,0.0,0.0,1.0,1.0,0.0,1.0,0.0,0.0,1.0,-6.523570646183859,0.0,0.0,1.0,0.0,0.0,1.0,0.0,0.0,1.0
9128-CPXKI,0,1.0843365120829946,1.0315873271841969,1.4877501159441031,1.0,0.0,1.0,0.0,1.0,0.0,0.0,1.0,1.0,0.0,0.0,0.0,1.0,0.0,1.0,0.0,0.0,1.0,0.0,0.0,0.0,0.0,1.0,1.0,0.0,0.0,0.0,0.0,1.0,0.0,0.0,1.0,0.0,0.0,1.0,1.0,0.0,0.0,0.0,1.0,0.0,1.0,0.0,5.0,0.0,1.0,0.0,1.3720372775109793,0.0,1.0,0.0,0.0,1.0,0.0,0.0,1.0,0.0
0129-KPTWJ,0,1.6137012404433893,0.9933659961803764,1.9694827090871312,0.0,1.0,0.0,1.0,1.0,0.0,0.0,1.0,1.0,0.0,0.0,0.0,1.0,0.0,1.0,0.0,0.0,1.0,0.0,0.0,0.0,0.0,1.0,1.0,0.0,0.0,0.0,0.0,1.0,0.0,0.0,1.0,1.0,0.0,0.0,0.0,1.0,0.0,0.0,1.0,0.0,1.0,0.0,5.0,0.0,1.0,0.0,1.220475426136492,0.0,1.0,0.0,0.0,1.0,0.0,0.0,1.0,0.0
8166-ZZTFS,1,1.369379058123207,0.5247392421335293,1.3155325889421976,1.0,0.0,0.0,1.0,1.0,0.0,0.0,1.0,0.0,0.0,1.0,1.0,0.0,0.0,1.0,0.0,0.0,0.0,0.0,1.0,0.0,0.0,1.0,1.0,0.0,0.0,0.0,0.0,1.0,0.0,0.0,1.0,0.0,0.0,1.0,0.0,1.0,1.0,0.0,0.0,0.0,0.0,1.0,7.0,0.0,1.0,0.0,0.9606781855895997,0.0,1.0,0.0,0.0,1.0,0.0,0.0,1.0,0.0
5855-EIBDE,0,0.6771328748826912,1.392197276220246,1.2754948264843446,1.0,0.0,0.0,1.0,1.0,0.0,0.0,1.0,0.0,0.0,1.0,0.0,1.0,0.0,0.0,0.0,1.0,0.0,0.0,1.0,0.0,0.0,1.0,0.0,0.0,1.0,1.0,0.0,0.0,0.0,0.0,1.0,0.0,0.0,1.0,1.0,0.0,0.0,1.0,0.0,0.0,1.0,0.0,8.0,0.0,1.0,0.0,1.8836699173782039,0.0,1.0,0.0,0.0,1.0,0.0,0.0,1.0,0.0
5365-LLFYV,0,-1.2367242199587352,-0.62854787598176,-0.9607741372428491,1.0,0.0,1.0,0.0,1.0,0.0,0.0,1.0,1.0,0.0,0.0,1.0,0.0,0.0,1.0,0.0,0.0,1.0,0.0,0.0,1.0,0.0,0.0,1.0,0.0,0.0,1.0,0.0,0.0,1.0,0.0,0.0,1.0,0.0,0.0,0.0,1.0,0.0,0.0,0.0,1.0,1.0,0.0,2.0,1.0,0.0,0.0,0.776870155639797,1.0,0.0,0.0,1.0,0.0,0.0,1.0,0.0,0.0
5956-YHHRX,1,-0.46303730927815856,1.3157546142126038,-0.005051790969303762,0.0,1.0,1.0,0.0,1.0,0.0,0.0,1.0,0.0,0.0,1.0,0.0,1.0,0.0,1.0,0.0,0.0,0.0,0.0,1.0,0.0,0.0,1.0,1.0,0.0,0.0,0.0,0.0,1.0,0.0,0.0,1.0,1.0,0.0,0.0,0.0,1.0,0.0,0.0,1.0,0.0,1.0,0.0,7.0,0.0,0.0,1.0,0.010910116459468754,0.0,0.0,1.0,0.0,0.0,1.0,0.0,0.0,1.0
6008-NAIXK,1,0.880734693482843,-0.3094828519498643,0.3016176160219213,0.0,1.0,1.0,0.0,1.0,0.0,1.0,0.0,0.0,1.0,0.0,1.0,0.0,0.0,1.0,0.0,0.0,0.0,0.0,1.0,0.0,0.0,1.0,1.0,0.0,0.0,0.0,0.0,1.0,0.0,0.0,1.0,0.0,1.0,0.0,0.0,1.0,0.0,0.0,1.0,0.0,1.0,0.0,5.0,0.0,1.0,0.0,0.34246137713637925,0.0,1.0,0.0,0.0,1.0,0.0,0.0,1.0,0.0
2956-GGUCQ,1,-0.3408762181180675,0.46823814412788106,-0.22546904853341831,0.0,1.0,0.0,1.0,1.0,0.0,0.0,1.0,0.0,0.0,1.0,0.0,1.0,0.0,0.0,0.0,1.0,1.0,0.0,0.0,1.0,0.0,0.0,1.0,0.0,0.0,1.0,0.0,0.0,1.0,0.0,0.0,1.0,0.0,0.0,0.0,1.0,0.0,0.0,1.0,0.0,0.0,1.0,4.0,0.0,0.0,1.0,0.6614396562429702,0.0,0.0,1.0,0.0,0.0,1.0,0.0,0.0,1.0
1928-BXYIV,0,-1.2774445836787656,-0.12003799393092641,-0.9803849200665578,0.0,1.0,1.0,0.0,1.0,0.0,0.0,1.0,0.0,0.0,1.0,1.0,0.0,0.0,0.0,0.0,1.0,0.0,0.0,1.0,1.0,0.0,0.0,1.0,0.0,0.0,1.0,0.0,0.0,1.0,0.0,0.0,1.0,0.0,0.0,1.0,0.0,0.0,0.0,1.0,0.0,1.0,0.0,5.0,1.0,0.0,0.0,0.7674578863086648,1.0,0.0,0.0,1.0,0.0,0.0,1.0,0.0,0.0
5760-FXFVO,0,-1.0738427650786138,0.47156173812821356,-0.7889977977060435,0.0,1.0,1.0,0.0,1.0,0.0,0.0,1.0,1.0,0.0,0.0,0.0,1.0,0.0,0.0,0.0,1.0,0.0,0.0,1.0,1.0,0.0,0.0,1.0,0.0,0.0,1.0,0.0,0.0,1.0,0.0,0.0,1.0,0.0,0.0,0.0,1.0,0.0,0.0,1.0,0.0,1.0,0.0,4.0,1.0,0.0,0.0,0.7347423881449558,1.0,0.0,0.0,1.0,0.0,0.0,1.0,0.0,0.0
6595-COKXZ,0,-1.2774445836787656,-0.6750781919864114,-0.987752750733733,1.0,0.0,1.0,0.0,1.0,0.0,0.0,1.0,1.0,0.0,0.0,1.0,0.0,0.0,1.0,0.0,0.0,1.0,0.0,0.0,1.0,0.0,0.0,1.0,0.0,0.0,1.0,0.0,0.0,1.0,0.0,0.0,1.0,0.0,0.0,0.0,1.0,0.0,0.0,0.0,1.0,0.0,1.0,2.0,1.0,0.0,0.0,0.7732255186281487,1.0,0.0,0.0,1.0,0.0,0.0,1.0,0.0,0.0
0961-ZWLVI,0,0.6771328748826912,1.476948923228718,1.3267166911824901,0.0,1.0,1.0,0.0,0.0,1.0,0.0,1.0,0.0,0.0,1.0,0.0,1.0,0.0,0.0,0.0,1.0,0.0,0.0,1.0,0.0,0.0,1.0,1.0,0.0,0.0,0.0,0.0,1.0,0.0,0.0,1.0,0.0,1.0,0.0,0.0,1.0,0.0,1.0,0.0,0.0,1.0,0.0,8.0,0.0,1.0,0.0,1.9593151365045376,0.0,1.0,0.0,0.0,1.0,0.0,0.0,1.0,0.0
5181-OABFK,0,0.9621754209229036,-0.1150526029304281,0.469202674640274,1.0,0.0,0.0,1.0,0.0,1.0,0.0,1.0,1.0,0.0,0.0,1.0,0.0,0.0,0.0,0.0,1.0,0.0,0.0,1.0,0.0,0.0,1.0,1.0,0.0,0.0,1.0,0.0,0.0,1.0,0.0,0.0,0.0,0.0,1.0,0.0,1.0,0.0,1.0,0.0,0.0,1.0,0.0,5.0,0.0,1.0,0.0,0.48764774534587685,0.0,1.0,0.0,0.0,1.0,0.0,0.0,1.0,0.0
4007-NHVHI,1,0.9621754209229036,1.0664850641876853,1.2954806186533883,1.0,0.0,1.0,0.0,1.0,0.0,0.0,1.0,0.0,0.0,1.0,0.0,1.0,0.0,0.0,0.0,1.0,0.0,0.0,1.0,1.0,0.0,0.0,1.0,0.0,0.0,1.0,0.0,0.0,0.0,0.0,1.0,1.0,0.0,0.0,0.0,1.0,0.0,0.0,1.0,0.0,1.0,0.0,6.0,0.0,1.0,0.0,1.3464079319452824,0.0,1.0,0.0,0.0,1.0,0.0,0.0,1.0,0.0
7816-VGHTO,0,-1.0738427650786138,-0.8046983579993692,-0.9114052598981244,1.0,0.0,0.0,1.0,0.0,1.0,1.0,0.0,0.0,1.0,0.0,1.0,0.0,0.0,1.0,0.0,0.0,0.0,0.0,1.0,0.0,0.0,1.0,0.0,0.0,1.0,1.0,0.0,0.0,1.0,0.0,0.0,0.0,0.0,1.0,1.0,0.0,0.0,0.0,0.0,1.0,1.0,0.0,4.0,1.0,0.0,0.0,0.8487325049225455,1.0,0.0,0.0,1.0,0.0,0.0,1.0,0.0,0.0
5871-DGTXZ,0,-0.015113308357824713,-1.4943441130683104,-0.7392539110159836,0.0,1.0,1.0,0.0,1.0,0.0,0.0,1.0,1.0,0.0,0.0,0.0,0.0,1.0,0.0,1.0,0.0,0.0,1.0,0.0,0.0,1.0,0.0,0.0,1.0,0.0,0.0,1.0,0.0,0.0,1.0,0.0,0.0,1.0,0.0,1.0,0.0,0.0,0.0,0.0,1.0,1.0,0.0,1.0,0.0,0.0,1.0,48.9141022940384,0.0,0.0,1.0,0.0,0.0,1.0,0.0,0.0,1.0
7550-WIQVA,0,0.7178532386027215,1.4453747802255617,1.3889020643883787,0.0,1.0,0.0,1.0,0.0,1.0,0.0,1.0,0.0,0.0,1.0,0.0,1.0,0.0,0.0,0.0,1.0,0.0,0.0,1.0,0.0,0.0,1.0,1.0,0.0,0.0,0.0,0.0,1.0,0.0,0.0,1.0,0.0,1.0,0.0,0.0,1.0,0.0,0.0,1.0,0.0,1.0,0.0,8.0,0.0,1.0,0.0,1.9347994683312042,0.0,1.0,0.0,0.0,1.0,0.0,0.0,1.0,0.0
7544-ZVIKX,0,1.0436161483629645,1.3390197722149297,1.6419010162501515,0.0,1.0,0.0,1.0,0.0,1.0,0.0,1.0,0.0,0.0,1.0,0.0,1.0,0.0,1.0,0.0,0.0,1.0,0.0,0.0,0.0,0.0,1.0,0.0,0.0,1.0,0.0,0.0,1.0,0.0,0.0,1.0,0.0,1.0,0.0,0.0,1.0,1.0,0.0,0.0,0.0,1.0,0.0,7.0,0.0,1.0,0.0,1.5732805771793277,0.0,1.0,0.0,0.0,1.0,0.0,0.0,1.0,0.0
0016-QLJIS,0,1.3286586944031769,0.8537750481664219,1.6211872647636918,1.0,0.0,0.0,1.0,0.0,1.0,0.0,1.0,0.0,0.0,1.0,1.0,0.0,0.0,0.0,0.0,1.0,0.0,0.0,1.0,0.0,0.0,1.0,0.0,0.0,1.0,0.0,0.0,1.0,0.0,0.0,1.0,0.0,0.0,1.0,0.0,1.0,0.0,0.0,0.0,1.0,1.0,0.0,9.0,0.0,1.0,0.0,1.2201683333671456,0.0,1.0,0.0,0.0,1.0,0.0,0.0,1.0,0.0
7508-DQAKK,0,1.2879383306831464,0.719169491152966,1.3936007108916972,1.0,0.0,1.0,0.0,1.0,0.0,0.0,1.0,0.0,0.0,1.0,1.0,0.0,0.0,0.0,0.0,1.0,0.0,0.0,1.0,0.0,0.0,1.0,0.0,0.0,1.0,0.0,0.0,1.0,0.0,0.0,1.0,0.0,0.0,1.0,0.0,1.0,0.0,1.0,0.0,0.0,1.0,0.0,9.0,0.0,1.0,0.0,1.0820399375430543,0.0,1.0,0.0,0.0,1.0,0.0,0.0,1.0,0.0
5176-OLSKT,0,1.369379058123207,0.07106866108817798,0.9207359857971856,1.0,0.0,0.0,1.0,1.0,0.0,0.0,1.0,0.0,0.0,1.0,1.0,0.0,0.0,0.0,0.0,1.0,0.0,0.0,1.0,0.0,0.0,1.0,1.0,0.0,0.0,1.0,0.0,0.0,1.0,0.0,0.0,0.0,0.0,1.0,1.0,0.0,1.0,0.0,0.0,0.0,1.0,0.0,6.0,0.0,1.0,0.0,0.6723748112951968,0.0,1.0,0.0,0.0,1.0,0.0,0.0,1.0,0.0
9356-AXGMP,0,0.22920887396235737,1.5268028332337018,0.9464792743857888,0.0,1.0,0.0,1.0,1.0,0.0,0.0,1.0,0.0,0.0,1.0,0.0,1.0,0.0,0.0,0.0,1.0,1.0,0.0,0.0,0.0,0.0,1.0,0.0,0.0,1.0,0.0,0.0,1.0,0.0,0.0,1.0,0.0,1.0,0.0,0.0,1.0,0.0,0.0,1.0,0.0,1.0,0.0,8.0,0.0,0.0,1.0,4.129330850171306,0.0,0.0,1.0,0.0,0.0,1.0,0.0,0.0,1.0
3556-BVQGL,0,-0.5037576729981889,-1.4876969250676457,-0.8236310137164178,1.0,0.0,0.0,1.0,1.0,0.0,0.0,1.0,1.0,0.0,0.0,0.0,0.0,1.0,0.0,1.0,0.0,0.0,1.0,0.0,0.0,1.0,0.0,0.0,1.0,0.0,0.0,1.0,0.0,0.0,1.0,0.0,0.0,1.0,0.0,0.0,1.0,0.0,0.0,0.0,1.0,1.0,0.0,1.0,1.0,0.0,0.0,1.6349746274125316,1.0,0.0,0.0,1.0,0.0,0.0,1.0,0.0,0.0
0362-ZBZWJ,0,0.14776814652229667,0.6693155811479823,0.3458466593982273,0.0,1.0,1.0,0.0,1.0,0.0,0.0,1.0,0.0,0.0,1.0,0.0,1.0,0.0,1.0,0.0,0.0,1.0,0.0,0.0,1.0,0.0,0.0,1.0,0.0,0.0,1.0,0.0,0.0,0.0,0.0,1.0,1.0,0.0,0.0,0.0,1.0,0.0,0.0,1.0,0.0,0.0,1.0,4.0,0.0,0.0,1.0,2.3404682777559414,0.0,0.0,1.0,0.0,0.0,1.0,0.0,0.0,1.0
8979-CAMGB,1,1.2879383306831464,1.2409737492051283,1.943342351779938,0.0,1.0,1.0,0.0,1.0,0.0,0.0,1.0,0.0,0.0,1.0,0.0,1.0,0.0,1.0,0.0,0.0,1.0,0.0,0.0,0.0,0.0,1.0,0.0,0.0,1.0,0.0,0.0,1.0,0.0,0.0,1.0,0.0,1.0,0.0,1.0,0.0,0.0,0.0,1.0,0.0,1.0,0.0,7.0,0.0,1.0,0.0,1.5088784186966102,0.0,1.0,0.0,0.0,1.0,0.0,0.0,1.0,0.0
4211-MMAZN,0,-1.2774445836787656,-1.479387940066815,-0.9984294873891605,0.0,1.0,1.0,0.0,1.0,0.0,0.0,1.0,1.0,0.0,0.0,0.0,0.0,1.0,0.0,1.0,0.0,0.0,1.0,0.0,0.0,1.0,0.0,0.0,1.0,0.0,0.0,1.0,0.0,0.0,1.0,0.0,1.0,0.0,0.0,1.0,0.0,0.0,0.0,0.0,1.0,0.0,1.0,1.0,1.0,0.0,0.0,0.7815834049833288,1.0,0.0,0.0,1.0,0.0,0.0,1.0,0.0,0.0
7581-EBBOU,0,1.125056875803025,0.179085466098976,0.8565211502518355,1.0,0.0,1.0,0.0,1.0,0.0,0.0,1.0,1.0,0.0,0.0,1.0,0.0,0.0,1.0,0.0,0.0,0.0,0.0,1.0,0.0,0.0,1.0,0.0,0.0,1.0,0.0,0.0,1.0,1.0,0.0,0.0,0.0,1.0,0.0,0.0,1.0,0.0,1.0,0.0,0.0,1.0,0.0,6.0,0.0,1.0,0.0,0.7613136443795178,0.0,1.0,0.0,0.0,1.0,0.0,0.0,1.0,0.0
4274-OWWYO,0,-1.2774445836787656,0.31867641411292996,-0.9745612455272338,0.0,1.0,1.0,0.0,1.0,0.0,0.0,1.0,1.0,0.0,0.0,0.0,1.0,0.0,1.0,0.0,0.0,0.0,0.0,1.0,1.0,0.0,0.0,1.0,0.0,0.0,1.0,0.0,0.0,1.0,0.0,0.0,1.0,0.0,0.0,0.0,1.0,0.0,0.0,1.0,0.0,0.0,1.0,3.0,1.0,0.0,0.0,0.7628990392058395,1.0,0.0,0.0,1.0,0.0,0.0,1.0,0.0,0.0
5073-RZGBK,0,0.7178532386027215,0.5081212721318681,0.776004437871029,1.0,0.0,0.0,1.0,0.0,1.0,0.0,1.0,0.0,0.0,1.0,1.0,0.0,0.0,0.0,0.0,1.0,0.0,0.0,1.0,0.0,0.0,1.0,0.0,0.0,1.0,1.0,0.0,0.0,0.0,0.0,1.0,0.0,1.0,0.0,0.0,1.0,1.0,0.0,0.0,0.0,1.0,0.0,8.0,0.0,1.0,0.0,1.0810070863251895,0.0,1.0,0.0,0.0,1.0,0.0,0.0,1.0,0.0
1541-ETJZO,0,-1.2774445836787656,-0.09012564792793624,-0.9799878513479674,0.0,1.0,1.0,0.0,1.0,0.0,0.0,1.0,0.0,0.0,1.0,1.0,0.0,0.0,1.0,0.0,0.0,1.0,0.0,0.0,0.0,0.0,1.0,0.0,0.0,1.0,1.0,0.0,0.0,1.0,0.0,0.0,1.0,0.0,0.0,1.0,0.0,0.0,0.0,0.0,1.0,0.0,1.0,5.0,1.0,0.0,0.0,0.7671470558243813,1.0,0.0,0.0,1.0,0.0,0.0,1.0,0.0,0.0
2192-CKRLV,0,1.6137012404433893,-0.5172074769706297,0.5725067195935113,1.0,0.0,0.0,1.0,1.0,0.0,1.0,0.0,0.0,1.0,0.0,1.0,0.0,0.0,0.0,0.0,1.0,0.0,0.0,1.0,0.0,0.0,1.0,1.0,0.0,0.0,1.0,0.0,0.0,0.0,0.0,1.0,0.0,0.0,1.0,0.0,1.0,0.0,0.0,1.0,0.0,1.0,0.0,5.0,0.0,1.0,0.0,0.35477863265210496,0.0,1.0,0.0,0.0,1.0,0.0,0.0,1.0,0.0
3154-HMWUU,0,1.125056875803025,-1.4710789550659844,-0.4784680003951908,0.0,1.0,0.0,1.0,1.0,0.0,0.0,1.0,1.0,0.0,0.0,0.0,0.0,1.0,0.0,1.0,0.0,0.0,1.0,0.0,0.0,1.0,0.0,0.0,1.0,0.0,0.0,1.0,0.0,0.0,1.0,0.0,0.0,0.0,1.0,0.0,1.0,1.0,0.0,0.0,0.0,1.0,0.0,1.0,0.0,1.0,0.0,-0.4252833884986282,0.0,1.0,0.0,0.0,1.0,0.0,0.0,1.0,0.0
6119-SPUDB,0,0.5549717837226001,-0.8811410200070108,-0.23292511669361357,0.0,1.0,1.0,0.0,1.0,0.0,1.0,0.0,0.0,1.0,0.0,1.0,0.0,0.0,0.0,0.0,1.0,1.0,0.0,0.0,0.0,0.0,1.0,0.0,0.0,1.0,1.0,0.0,0.0,1.0,0.0,0.0,0.0,0.0,1.0,1.0,0.0,0.0,0.0,0.0,1.0,1.0,0.0,4.0,0.0,1.0,0.0,-0.4197062328668587,0.0,1.0,0.0,0.0,1.0,0.0,0.0,1.0,0.0
6522-OIQSX,0,1.4915401492832983,-0.32610082195152557,0.6570161785334756,1.0,0.0,0.0,1.0,0.0,1.0,1.0,0.0,0.0,1.0,0.0,1.0,0.0,0.0,1.0,0.0,0.0,0.0,0.0,1.0,0.0,0.0,1.0,1.0,0.0,0.0,0.0,0.0,1.0,0.0,0.0,1.0,0.0,0.0,1.0,0.0,1.0,0.0,1.0,0.0,0.0,1.0,0.0,5.0,0.0,1.0,0.0,0.44049513440800053,0.0,1.0,0.0,0.0,1.0,0.0,0.0,1.0,0.0
7813-ZGGAW,1,-0.055833672077855064,1.0581760791868549,0.26235193162799375,0.0,1.0,1.0,0.0,1.0,0.0,0.0,1.0,0.0,0.0,1.0,0.0,1.0,0.0,1.0,0.0,0.0,1.0,0.0,0.0,0.0,0.0,1.0,0.0,0.0,1.0,0.0,0.0,1.0,1.0,0.0,0.0,1.0,0.0,0.0,0.0,1.0,1.0,0.0,0.0,0.0,1.0,0.0,6.0,0.0,0.0,1.0,-4.698812058468364,0.0,0.0,1.0,0.0,0.0,1.0,0.0,0.0,1.0
8748-HFWBO,0,-0.5444780367182193,-1.491020519067978,-0.849550777291061,0.0,1.0,0.0,1.0,0.0,1.0,0.0,1.0,1.0,0.0,0.0,0.0,0.0,1.0,0.0,1.0,0.0,0.0,1.0,0.0,0.0,1.0,0.0,0.0,1.0,0.0,0.0,1.0,0.0,0.0,1.0,0.0,0.0,1.0,0.0,1.0,0.0,0.0,0.0,0.0,1.0,1.0,0.0,1.0,1.0,0.0,0.0,1.5603031160111318,1.0,0.0,0.0,1.0,0.0,0.0,1.0,0.0,0.0
1052-QJIBV,0,1.5729808767233588,-1.491020519067978,-0.39089228857277936,1.0,0.0,0.0,1.0,0.0,1.0,0.0,1.0,1.0,0.0,0.0,0.0,0.0,1.0,0.0,1.0,0.0,0.0,1.0,0.0,0.0,1.0,0.0,0.0,1.0,0.0,0.0,1.0,0.0,0.0,1.0,0.0,0.0,0.0,1.0,1.0,0.0,0.0,1.0,0.0,0.0,1.0,0.0,1.0,0.0,1.0,0.0,-0.24850415816054822,0.0,1.0,0.0,0.0,1.0,0.0,0.0,1.0,0.0
1319-YLZJG,0,-0.8295205827584317,0.6593447991469852,-0.5838676858076547,0.0,1.0,0.0,1.0,1.0,0.0,0.0,1.0,1.0,0.0,0.0,0.0,1.0,0.0,0.0,0.0,1.0,0.0,0.0,1.0,0.0,0.0,1.0,1.0,0.0,0.0,1.0,0.0,0.0,1.0,0.0,0.0,1.0,0.0,0.0,0.0,1.0,0.0,0.0,1.0,0.0,1.0,0.0,5.0,1.0,0.0,0.0,0.7038616014398348,1.0,0.0,0.0,1.0,0.0,0.0,1.0,0.0,0.0
4106-HADHQ,0,0.26992923768238775,0.5064594751317021,0.3969141084835881,0.0,1.0,0.0,1.0,0.0,1.0,0.0,1.0,1.0,0.0,0.0,1.0,0.0,0.0,0.0,0.0,1.0,1.0,0.0,0.0,0.0,0.0,1.0,0.0,0.0,1.0,0.0,0.0,1.0,0.0,0.0,1.0,0.0,1.0,0.0,1.0,0.0,0.0,1.0,0.0,0.0,0.0,1.0,7.0,0.0,0.0,1.0,1.4704376298451118,0.0,0.0,1.0,0.0,0.0,1.0,0.0,0.0,1.0
0723-FDLAY,0,0.47353105628253944,0.6809481601491449,0.6268610152938695,0.0,1.0,1.0,0.0,1.0,0.0,0.0,1.0,0.0,0.0,1.0,1.0,0.0,0.0,1.0,0.0,0.0,0.0,0.0,1.0,0.0,0.0,1.0,0.0,0.0,1.0,0.0,0.0,1.0,0.0,0.0,1.0,0.0,1.0,0.0,0.0,1.0,1.0,0.0,0.0,0.0,1.0,0.0,8.0,0.0,0.0,1.0,1.3238012733843658,0.0,0.0,1.0,0.0,0.0,1.0,0.0,0.0,1.0
3050-RLLXC,0,0.9621754209229036,0.5480044001358552,1.0310990301920278,1.0,0.0,0.0,1.0,0.0,1.0,0.0,1.0,0.0,0.0,1.0,1.0,0.0,0.0,0.0,0.0,1.0,0.0,0.0,1.0,0.0,0.0,1.0,0.0,0.0,1.0,0.0,0.0,1.0,1.0,0.0,0.0,0.0,0.0,1.0,1.0,0.0,0.0,1.0,0.0,0.0,1.0,0.0,8.0,0.0,1.0,0.0,1.0716331011688218,0.0,1.0,0.0,0.0,1.0,0.0,0.0,1.0,0.0
9298-WGMRW,0,1.6137012404433893,1.6863353452496495,2.6601175669551553,1.0,0.0,0.0,1.0,1.0,0.0,0.0,1.0,0.0,0.0,1.0,0.0,1.0,0.0,0.0,0.0,1.0,0.0,0.0,1.0,0.0,0.0,1.0,0.0,0.0,1.0,0.0,0.0,1.0,0.0,0.0,1.0,0.0,0.0,1.0,0.0,1.0,1.0,0.0,0.0,0.0,1.0,0.0,9.0,0.0,1.0,0.0,1.648457285825874,0.0,1.0,0.0,0.0,1.0,0.0,0.0,1.0,0.0
2369-UAPKZ,0,-1.1145631287986442,1.3074456292117733,-0.768284046219584,0.0,1.0,1.0,0.0,1.0,0.0,0.0,1.0,0.0,0.0,1.0,0.0,1.0,0.0,1.0,0.0,0.0,0.0,0.0,1.0,0.0,0.0,1.0,1.0,0.0,0.0,0.0,0.0,1.0,0.0,0.0,1.0,1.0,0.0,0.0,1.0,0.0,0.0,0.0,0.0,1.0,0.0,1.0,7.0,1.0,0.0,0.0,0.689314069672927,1.0,0.0,0.0,1.0,0.0,0.0,1.0,0.0,0.0
3088-LHEFH,0,-0.8702409464784621,0.4732235351283796,-0.5973680222397242,1.0,0.0,1.0,0.0,1.0,0.0,0.0,1.0,0.0,0.0,1.0,0.0,1.0,0.0,0.0,0.0,1.0,1.0,0.0,0.0,1.0,0.0,0.0,1.0,0.0,0.0,1.0,0.0,0.0,1.0,0.0,0.0,1.0,0.0,0.0,0.0,1.0,1.0,0.0,0.0,0.0,1.0,0.0,4.0,1.0,0.0,0.0,0.6864398011344421,1.0,0.0,0.0,1.0,0.0,0.0,1.0,0.0,0.0
2778-OCLGR,1,-0.3408762181180675,-0.8528904710041867,-0.5788381487055112,0.0,1.0,0.0,1.0,1.0,0.0,1.0,0.0,0.0,1.0,0.0,1.0,0.0,0.0,0.0,0.0,1.0,1.0,0.0,0.0,1.0,0.0,0.0,1.0,0.0,0.0,1.0,0.0,0.0,0.0,0.0,1.0,1.0,0.0,0.0,1.0,0.0,1.0,0.0,0.0,0.0,0.0,1.0,3.0,0.0,0.0,1.0,1.6980889775801904,0.0,0.0,1.0,0.0,0.0,1.0,0.0,0.0,1.0
6583-KQJLK,1,-0.7073594915983407,0.9933659961803764,-0.4404155815302891,1.0,0.0,0.0,1.0,1.0,0.0,0.0,1.0,1.0,0.0,0.0,0.0,1.0,0.0,1.0,0.0,0.0,0.0,0.0,1.0,1.0,0.0,0.0,1.0,0.0,0.0,0.0,0.0,1.0,0.0,0.0,1.0,1.0,0.0,0.0,0.0,1.0,0.0,0.0,1.0,0.0,1.0,0.0,5.0,1.0,0.0,0.0,0.62261917279873,1.0,0.0,0.0,1.0,0.0,0.0,1.0,0.0,0.0
8544-JNBOX,0,1.6137012404433893,-1.461108173064988,-0.33622916164685096,0.0,1.0,1.0,0.0,1.0,0.0,0.0,1.0,1.0,0.0,0.0,0.0,0.0,1.0,0.0,1.0,0.0,0.0,1.0,0.0,0.0,1.0,0.0,0.0,1.0,0.0,0.0,1.0,0.0,0.0,1.0,0.0,0.0,0.0,1.0,0.0,1.0,0.0,0.0,0.0,1.0,1.0,0.0,1.0,0.0,1.0,0.0,-0.20835899063600324,0.0,1.0,0.0,0.0,1.0,0.0,0.0,1.0,0.0
6681-ZSEXG,0,0.9621754209229036,-0.17487729493640844,0.48793108253378203,0.0,1.0,0.0,1.0,1.0,0.0,0.0,1.0,0.0,0.0,1.0,1.0,0.0,0.0,1.0,0.0,0.0,0.0,0.0,1.0,0.0,0.0,1.0,1.0,0.0,0.0,1.0,0.0,0.0,1.0,0.0,0.0,0.0,0.0,1.0,1.0,0.0,0.0,1.0,0.0,0.0,1.0,0.0,5.0,0.0,1.0,0.0,0.5071123954359239,0.0,1.0,0.0,0.0,1.0,0.0,0.0,1.0,0.0
6139-ZZRBQ,1,1.2879383306831464,-1.4860351280674797,-0.478798890994016,0.0,1.0,1.0,0.0,1.0,0.0,0.0,1.0,1.0,0.0,0.0,0.0,0.0,1.0,0.0,1.0,0.0,0.0,1.0,0.0,0.0,1.0,0.0,0.0,1.0,0.0,0.0,1.0,0.0,0.0,1.0,0.0,0.0,0.0,1.0,0.0,1.0,1.0,0.0,0.0,0.0,1.0,0.0,1.0,0.0,1.0,0.0,-0.37175606905033426,0.0,1.0,0.0,0.0,1.0,0.0,0.0,1.0,0.0
6116-RFVHN,0,0.06632741908223598,1.1861344481996465,0.49913724414732996,1.0,0.0,0.0,1.0,1.0,0.0,0.0,1.0,0.0,0.0,1.0,0.0,1.0,0.0,1.0,0.0,0.0,1.0,0.0,0.0,0.0,0.0,1.0,1.0,0.0,0.0,0.0,0.0,1.0,0.0,0.0,1.0,1.0,0.0,0.0,0.0,1.0,0.0,0.0,1.0,0.0,1.0,0.0,6.0,0.0,0.0,1.0,7.525353029770014,0.0,0.0,1.0,0.0,0.0,1.0,0.0,0.0,1.0
0637-KVDLV,0,-1.2367242199587352,0.39013368512007346,-0.9356926298518965,0.0,1.0,1.0,0.0,1.0,0.0,0.0,1.0,0.0,0.0,1.0,0.0,1.0,0.0,1.0,0.0,0.0,1.0,0.0,0.0,1.0,0.0,0.0,1.0,0.0,0.0,1.0,0.0,0.0,1.0,0.0,0.0,1.0,0.0,0.0,0.0,1.0,0.0,0.0,1.0,0.0,0.0,1.0,3.0,1.0,0.0,0.0,0.7565895571149379,1.0,0.0,0.0,1.0,0.0,0.0,1.0,0.0,0.0
8884-FEEWR,0,0.10704778280226633,-1.4677553610656522,-0.6747081848718084,0.0,1.0,1.0,0.0,1.0,0.0,0.0,1.0,1.0,0.0,0.0,0.0,0.0,1.0,0.0,1.0,0.0,0.0,1.0,0.0,0.0,1.0,0.0,0.0,1.0,0.0,0.0,1.0,0.0,0.0,1.0,0.0,0.0,1.0,0.0,1.0,0.0,1.0,0.0,0.0,0.0,1.0,0.0,1.0,0.0,0.0,1.0,-6.302869309475544,0.0,0.0,1.0,0.0,0.0,1.0,0.0,0.0,1.0
3125-RAHBV,0,-0.4223169455581282,-1.477726143066649,-0.8012628092358322,0.0,1.0,1.0,0.0,1.0,0.0,0.0,1.0,1.0,0.0,0.0,0.0,0.0,1.0,0.0,1.0,0.0,0.0,1.0,0.0,0.0,1.0,0.0,0.0,1.0,0.0,0.0,1.0,0.0,0.0,1.0,0.0,0.0,1.0,0.0,1.0,0.0,0.0,1.0,0.0,0.0,1.0,0.0,1.0,0.0,0.0,1.0,1.897302056342765,0.0,0.0,1.0,0.0,0.0,1.0,0.0,0.0,1.0
6633-MPWBS,0,-1.1145631287986442,-0.5172074769706297,-0.9116699723771845,0.0,1.0,1.0,0.0,1.0,0.0,0.0,1.0,1.0,0.0,0.0,1.0,0.0,0.0,1.0,0.0,0.0,1.0,0.0,0.0,1.0,0.0,0.0,0.0,0.0,1.0,1.0,0.0,0.0,1.0,0.0,0.0,1.0,0.0,0.0,0.0,1.0,0.0,0.0,1.0,0.0,0.0,1.0,3.0,1.0,0.0,0.0,0.8179617186510086,1.0,0.0,0.0,1.0,0.0,0.0,1.0,0.0,0.0
0373-AIVNJ,0,-0.9516816739185228,-0.8379342980026917,-0.8428006090750263,0.0,1.0,1.0,0.0,1.0,0.0,1.0,0.0,0.0,1.0,0.0,1.0,0.0,0.0,0.0,0.0,1.0,0.0,0.0,1.0,0.0,0.0,1.0,1.0,0.0,0.0,1.0,0.0,0.0,1.0,0.0,0.0,0.0,1.0,0.0,1.0,0.0,0.0,0.0,0.0,1.0,1.0,0.0,4.0,1.0,0.0,0.0,0.8855908778875801,1.0,0.0,0.0,1.0,0.0,0.0,1.0,0.0,0.0
8785-EPNCG,0,-0.8702409464784621,-1.38300371405718,-0.8991843671148458,0.0,1.0,1.0,0.0,1.0,0.0,0.0,1.0,0.0,0.0,1.0,0.0,0.0,1.0,0.0,1.0,0.0,0.0,1.0,0.0,0.0,1.0,0.0,0.0,1.0,0.0,0.0,1.0,0.0,0.0,1.0,0.0,1.0,0.0,0.0,1.0,0.0,0.0,1.0,0.0,0.0,0.0,1.0,2.0,1.0,0.0,0.0,1.0332590884783197,1.0,0.0,0.0,1.0,0.0,0.0,1.0,0.0,0.0
1682-VCOIO,0,-0.38159658183809786,-1.4727407520661506,-0.7951082440976829,0.0,1.0,1.0,0.0,1.0,0.0,0.0,1.0,1.0,0.0,0.0,0.0,0.0,1.0,0.0,1.0,0.0,0.0,1.0,0.0,0.0,1.0,0.0,0.0,1.0,0.0,0.0,1.0,0.0,0.0,1.0,0.0,0.0,1.0,0.0,1.0,0.0,0.0,0.0,0.0,1.0,1.0,0.0,1.0,0.0,0.0,1.0,2.0836356559268867,0.0,0.0,1.0,0.0,0.0,1.0,0.0,0.0,1.0
5729-KLZAR,0,-1.1552834925186746,0.534710024134526,-0.873794028498323,1.0,0.0,0.0,1.0,0.0,1.0,0.0,1.0,1.0,0.0,0.0,0.0,1.0,0.0,1.0,0.0,0.0,1.0,0.0,0.0,1.0,0.0,0.0,1.0,0.0,0.0,1.0,0.0,0.0,0.0,0.0,1.0,1.0,0.0,0.0,1.0,0.0,0.0,0.0,1.0,0.0,0.0,1.0,3.0,1.0,0.0,0.0,0.7563459827451819,1.0,0.0,0.0,1.0,0.0,0.0,1.0,0.0,0.0
2072-ZVJJX,0,1.4508197855632678,-1.3132082400502028,-0.24490335637108693,0.0,1.0,0.0,1.0,1.0,0.0,0.0,1.0,0.0,0.0,1.0,0.0,0.0,1.0,0.0,1.0,0.0,0.0,1.0,0.0,0.0,1.0,0.0,0.0,1.0,0.0,0.0,1.0,0.0,0.0,1.0,0.0,0.0,0.0,1.0,1.0,0.0,1.0,0.0,0.0,0.0,1.0,0.0,2.0,0.0,1.0,0.0,-0.16880343017655042,0.0,1.0,0.0,0.0,1.0,0.0,0.0,1.0,0.0
8849-AYPTR,0,0.025607055362205634,0.8803638001690798,0.30033817237313054,0.0,1.0,0.0,1.0,1.0,0.0,0.0,1.0,1.0,0.0,0.0,0.0,1.0,0.0,1.0,0.0,0.0,1.0,0.0,0.0,1.0,0.0,0.0,1.0,0.0,0.0,0.0,0.0,1.0,0.0,0.0,1.0,1.0,0.0,0.0,1.0,0.0,0.0,0.0,1.0,0.0,1.0,0.0,4.0,0.0,0.0,1.0,11.72872742003793,0.0,0.0,1.0,0.0,0.0,1.0,0.0,0.0,1.0
9518-IMLHK,0,-0.055833672077855064,0.25552812810661757,-0.05605306193489949,0.0,1.0,1.0,0.0,1.0,0.0,0.0,1.0,1.0,0.0,0.0,1.0,0.0,0.0,0.0,0.0,1.0,0.0,0.0,1.0,0.0,0.0,1.0,0.0,0.0,1.0,0.0,0.0,1.0,1.0,0.0,0.0,1.0,0.0,0.0,0.0,1.0,1.0,0.0,0.0,0.0,1.0,0.0,7.0,0.0,0.0,1.0,1.0039293467343238,0.0,0.0,1.0,0.0,0.0,1.0,0.0,0.0,1.0
1582-RAFML,0,-1.2774445836787656,-0.1549357309344149,-0.9808481669049132,0.0,1.0,1.0,0.0,1.0,0.0,0.0,1.0,0.0,0.0,1.0,1.0,0.0,0.0,1.0,0.0,0.0,0.0,0.0,1.0,1.0,0.0,0.0,0.0,0.0,1.0,1.0,0.0,0.0,1.0,0.0,0.0,1.0,0.0,0.0,1.0,0.0,0.0,0.0,0.0,1.0,0.0,1.0,5.0,1.0,0.0,0.0,0.7678205218736623,1.0,0.0,0.0,1.0,0.0,0.0,1.0,0.0,0.0
3646-ITDGM,0,0.9621754209229036,-1.4976677070686424,-0.5432784390184262,1.0,0.0,1.0,0.0,1.0,0.0,0.0,1.0,1.0,0.0,0.0,0.0,0.0,1.0,0.0,1.0,0.0,0.0,1.0,0.0,0.0,1.0,0.0,0.0,1.0,0.0,0.0,1.0,0.0,0.0,1.0,0.0,0.0,0.0,1.0,1.0,0.0,1.0,0.0,0.0,0.0,1.0,0.0,1.0,0.0,1.0,0.0,-0.5646355406764829,0.0,1.0,0.0,0.0,1.0,0.0,0.0,1.0,0.0
8740-CRYFY,0,-1.2774445836787656,0.47156173812821356,-0.9725317831877723,0.0,1.0,1.0,0.0,1.0,0.0,0.0,1.0,1.0,0.0,0.0,0.0,1.0,0.0,1.0,0.0,0.0,1.0,0.0,0.0,1.0,0.0,0.0,1.0,0.0,0.0,0.0,0.0,1.0,1.0,0.0,0.0,1.0,0.0,0.0,0.0,1.0,0.0,0.0,1.0,0.0,0.0,1.0,3.0,1.0,0.0,0.0,0.7613103500639457,1.0,0.0,0.0,1.0,0.0,0.0,1.0,0.0,0.0
3569-VLDHH,0,1.369379058123207,0.3436033691154218,1.2043092289904094,0.0,1.0,0.0,1.0,0.0,1.0,0.0,1.0,1.0,0.0,0.0,1.0,0.0,0.0,0.0,0.0,1.0,0.0,0.0,1.0,0.0,0.0,1.0,0.0,0.0,1.0,0.0,0.0,1.0,1.0,0.0,0.0,0.0,1.0,0.0,0.0,1.0,0.0,0.0,1.0,0.0,1.0,0.0,7.0,0.0,1.0,0.0,0.8794564381910199,0.0,1.0,0.0,0.0,1.0,0.0,0.0,1.0,0.0
8224-KDLKN,0,1.6137012404433893,-1.3215172250510334,-0.2401826504945136,0.0,1.0,0.0,1.0,0.0,1.0,0.0,1.0,0.0,0.0,1.0,0.0,0.0,1.0,0.0,1.0,0.0,0.0,1.0,0.0,0.0,1.0,0.0,0.0,1.0,0.0,0.0,1.0,0.0,0.0,1.0,0.0,0.0,0.0,1.0,1.0,0.0,1.0,0.0,0.0,0.0,1.0,0.0,2.0,0.0,1.0,0.0,-0.1488396020743714,0.0,1.0,0.0,0.0,1.0,0.0,0.0,1.0,0.0
7594-LZNWR,1,0.06632741908223598,0.14584952609565352,-0.0036179317077277566,0.0,1.0,1.0,0.0,1.0,0.0,0.0,1.0,1.0,0.0,0.0,0.0,1.0,0.0,1.0,0.0,0.0,1.0,0.0,0.0,1.0,0.0,0.0,1.0,0.0,0.0,1.0,0.0,0.0,1.0,0.0,0.0,1.0,0.0,0.0,1.0,0.0,0.0,1.0,0.0,0.0,1.0,0.0,2.0,0.0,0.0,1.0,-0.05454654738249453,0.0,0.0,1.0,0.0,0.0,1.0,0.0,0.0,1.0
4001-TSBTV,0,1.0436161483629645,0.8903345821700764,1.4243073584626786,1.0,0.0,0.0,1.0,0.0,1.0,0.0,1.0,1.0,0.0,0.0,0.0,1.0,0.0,1.0,0.0,0.0,0.0,0.0,1.0,0.0,0.0,1.0,1.0,0.0,0.0,0.0,0.0,1.0,1.0,0.0,0.0,1.0,0.0,0.0,0.0,1.0,0.0,0.0,1.0,0.0,1.0,0.0,5.0,0.0,1.0,0.0,1.364780873405297,0.0,1.0,0.0,0.0,1.0,0.0,0.0,1.0,0.0
2962-XPMCQ,0,-1.2367242199587352,-0.6518130339840859,-0.9639065682450613,0.0,1.0,1.0,0.0,1.0,0.0,0.0,1.0,1.0,0.0,0.0,1.0,0.0,0.0,1.0,0.0,0.0,1.0,0.0,0.0,1.0,0.0,0.0,1.0,0.0,0.0,1.0,0.0,0.0,1.0,0.0,0.0,1.0,0.0,0.0,0.0,1.0,0.0,0.0,1.0,0.0,0.0,1.0,2.0,1.0,0.0,0.0,0.7794030008381523,1.0,0.0,0.0,1.0,0.0,0.0,1.0,0.0,0.0
8727-XDPUD,0,0.18848851024232702,-0.9625690730151509,-0.4263637607668442,0.0,1.0,1.0,0.0,1.0,0.0,1.0,0.0,0.0,1.0,0.0,1.0,0.0,0.0,1.0,0.0,0.0,1.0,0.0,0.0,1.0,0.0,0.0,1.0,0.0,0.0,0.0,0.0,1.0,1.0,0.0,0.0,0.0,0.0,1.0,1.0,0.0,0.0,1.0,0.0,0.0,1.0,0.0,2.0,0.0,0.0,1.0,-2.2620145929250377,0.0,0.0,1.0,0.0,0.0,1.0,0.0,0.0,1.0
1043-UXOVO,0,1.5729808767233588,1.608230886241842,2.519180231228862,1.0,0.0,1.0,0.0,1.0,0.0,0.0,1.0,0.0,0.0,1.0,0.0,1.0,0.0,0.0,0.0,1.0,0.0,0.0,1.0,0.0,0.0,1.0,0.0,0.0,1.0,0.0,0.0,1.0,0.0,0.0,1.0,0.0,0.0,1.0,0.0,1.0,0.0,1.0,0.0,0.0,1.0,0.0,9.0,0.0,1.0,0.0,1.6015326495745514,0.0,1.0,0.0,0.0,1.0,0.0,0.0,1.0,0.0
1064-FBXNK,0,-1.2774445836787656,-1.4926823160681442,-0.9986059623752006,0.0,1.0,0.0,1.0,0.0,1.0,0.0,1.0,1.0,0.0,0.0,0.0,0.0,1.0,0.0,1.0,0.0,0.0,1.0,0.0,0.0,1.0,0.0,0.0,1.0,0.0,0.0,1.0,0.0,0.0,1.0,0.0,0.0,1.0,0.0,1.0,0.0,0.0,1.0,0.0,0.0,1.0,0.0,1.0,1.0,0.0,0.0,0.7817215518652326,1.0,0.0,0.0,1.0,0.0,0.0,1.0,0.0,0.0
3996-ZNWYK,1,1.5729808767233588,-1.4943441130683104,-0.39479679763891706,0.0,1.0,0.0,1.0,0.0,1.0,0.0,1.0,1.0,0.0,0.0,0.0,0.0,1.0,0.0,1.0,0.0,0.0,1.0,0.0,0.0,1.0,0.0,0.0,1.0,0.0,0.0,1.0,0.0,0.0,1.0,0.0,0.0,0.0,1.0,1.0,0.0,0.0,1.0,0.0,0.0,1.0,0.0,1.0,0.0,1.0,0.0,-0.250986393719744,0.0,1.0,0.0,0.0,1.0,0.0,0.0,1.0,0.0
2878-DHMIN,0,0.10704778280226633,-1.491020519067978,-0.7135326818006357,0.0,1.0,0.0,1.0,0.0,1.0,0.0,1.0,1.0,0.0,0.0,0.0,0.0,1.0,0.0,1.0,0.0,0.0,1.0,0.0,0.0,1.0,0.0,0.0,1.0,0.0,0.0,1.0,0.0,0.0,1.0,0.0,0.0,1.0,0.0,1.0,0.0,0.0,0.0,1.0,0.0,1.0,0.0,1.0,0.0,0.0,1.0,-6.665553112096118,0.0,0.0,1.0,0.0,0.0,1.0,0.0,0.0,1.0
7762-ONLJY,0,-1.0738427650786138,-1.4976677070686424,-0.9656933774787175,1.0,0.0,0.0,1.0,0.0,1.0,0.0,1.0,1.0,0.0,0.0,0.0,0.0,1.0,0.0,1.0,0.0,0.0,1.0,0.0,0.0,1.0,0.0,0.0,1.0,0.0,0.0,1.0,0.0,0.0,1.0,0.0,0.0,1.0,0.0,1.0,0.0,0.0,0.0,0.0,1.0,1.0,0.0,1.0,1.0,0.0,0.0,0.8992875017489373,1.0,0.0,0.0,1.0,0.0,0.0,1.0,0.0,0.0
1678-FYZOW,0,-1.1960038562387048,0.48651791112970877,-0.8994270202206509,1.0,0.0,1.0,0.0,1.0,0.0,0.0,1.0,1.0,0.0,0.0,0.0,1.0,0.0,1.0,0.0,0.0,1.0,0.0,0.0,1.0,0.0,0.0,1.0,0.0,0.0,0.0,0.0,1.0,1.0,0.0,0.0,1.0,0.0,0.0,0.0,1.0,0.0,0.0,1.0,0.0,0.0,1.0,3.0,1.0,0.0,0.0,0.7520268563759033,1.0,0.0,0.0,1.0,0.0,0.0,1.0,0.0,0.0
5795-BKOYE,0,1.4915401492832983,-0.18817167093773737,0.8168142783928076,1.0,0.0,0.0,1.0,0.0,1.0,0.0,1.0,1.0,0.0,0.0,1.0,0.0,0.0,1.0,0.0,0.0,0.0,0.0,1.0,0.0,0.0,1.0,0.0,0.0,1.0,1.0,0.0,0.0,1.0,0.0,0.0,0.0,1.0,0.0,1.0,0.0,1.0,0.0,0.0,0.0,1.0,0.0,5.0,0.0,1.0,0.0,0.5476314390767798,0.0,1.0,0.0,0.0,1.0,0.0,0.0,1.0,0.0
8627-EHGIP,0,0.47353105628253944,-0.35933676195484804,0.04063317104183336,0.0,1.0,1.0,0.0,1.0,0.0,1.0,0.0,0.0,1.0,0.0,1.0,0.0,0.0,1.0,0.0,0.0,0.0,0.0,1.0,0.0,0.0,1.0,1.0,0.0,0.0,0.0,0.0,1.0,0.0,0.0,1.0,0.0,1.0,0.0,0.0,1.0,0.0,0.0,0.0,1.0,0.0,1.0,5.0,0.0,0.0,1.0,0.0858088830769084,0.0,0.0,1.0,0.0,0.0,1.0,0.0,0.0,1.0
7402-PWYJJ,0,0.8400143297628127,0.8770402061687477,1.1379105154928129,1.0,0.0,0.0,1.0,1.0,0.0,0.0,1.0,0.0,0.0,1.0,0.0,1.0,0.0,1.0,0.0,0.0,1.0,0.0,0.0,1.0,0.0,0.0,0.0,0.0,1.0,1.0,0.0,0.0,0.0,0.0,1.0,0.0,1.0,0.0,0.0,1.0,0.0,0.0,1.0,0.0,1.0,0.0,5.0,0.0,1.0,0.0,1.354632266587779,0.0,1.0,0.0,0.0,1.0,0.0,0.0,1.0,0.0
5480-TBGPH,0,-0.3408762181180675,1.1479131171958254,0.06531760971419559,1.0,0.0,0.0,1.0,1.0,0.0,0.0,1.0,1.0,0.0,0.0,0.0,1.0,0.0,1.0,0.0,0.0,0.0,0.0,1.0,0.0,0.0,1.0,1.0,0.0,0.0,0.0,0.0,1.0,0.0,0.0,1.0,1.0,0.0,0.0,0.0,1.0,0.0,1.0,0.0,0.0,0.0,1.0,6.0,0.0,0.0,1.0,-0.19161679883332863,0.0,0.0,1.0,0.0,0.0,1.0,0.0,0.0,1.0
0018-NYROU,0,-1.1145631287986442,0.13920233809498894,-0.8522861395746829,1.0,0.0,0.0,1.0,1.0,0.0,0.0,1.0,1.0,0.0,0.0,0.0,1.0,0.0,1.0,0.0,0.0,1.0,0.0,0.0,1.0,0.0,0.0,1.0,0.0,0.0,1.0,0.0,0.0,1.0,0.0,0.0,1.0,0.0,0.0,0.0,1.0,0.0,0.0,1.0,0.0,1.0,0.0,2.0,1.0,0.0,0.0,0.7646818000280862,1.0,0.0,0.0,1.0,0.0,0.0,1.0,0.0,0.0
7501-VTYLJ,0,-1.2367242199587352,-0.43910301796282214,-0.9605094247637889,1.0,0.0,1.0,0.0,0.0,1.0,0.0,1.0,1.0,0.0,0.0,1.0,0.0,0.0,1.0,0.0,0.0,0.0,0.0,1.0,1.0,0.0,0.0,1.0,0.0,0.0,1.0,0.0,0.0,1.0,0.0,0.0,1.0,0.0,0.0,1.0,0.0,0.0,0.0,0.0,1.0,1.0,0.0,3.0,1.0,0.0,0.0,0.7766561123835979,1.0,0.0,0.0,1.0,0.0,0.0,1.0,0.0,0.0
7608-RGIRO,0,1.2064976032430856,-1.341458789053027,-0.3839656453707045,0.0,1.0,1.0,0.0,0.0,1.0,0.0,1.0,0.0,0.0,1.0,0.0,0.0,1.0,0.0,1.0,0.0,0.0,1.0,0.0,0.0,1.0,0.0,0.0,1.0,0.0,0.0,1.0,0.0,0.0,1.0,0.0,0.0,0.0,1.0,0.0,1.0,0.0,0.0,0.0,1.0,1.0,0.0,2.0,0.0,1.0,0.0,-0.3182481625645989,0.0,1.0,0.0,0.0,1.0,0.0,0.0,1.0,0.0
0480-BIXDE,0,-0.5444780367182193,1.0648232671875193,-0.23835172251434736,1.0,0.0,0.0,1.0,1.0,0.0,0.0,1.0,1.0,0.0,0.0,0.0,1.0,0.0,1.0,0.0,0.0,1.0,0.0,0.0,0.0,0.0,1.0,1.0,0.0,0.0,0.0,0.0,1.0,0.0,0.0,1.0,1.0,0.0,0.0,0.0,1.0,0.0,0.0,1.0,0.0,1.0,0.0,5.0,1.0,0.0,0.0,0.43776186813886164,1.0,0.0,0.0,1.0,0.0,0.0,1.0,0.0,0.0
5895-QSXOD,0,-0.9516816739185228,0.17576187209864347,-0.7172827752539882,0.0,1.0,1.0,0.0,1.0,0.0,0.0,1.0,1.0,0.0,0.0,0.0,1.0,0.0,1.0,0.0,0.0,1.0,0.0,0.0,1.0,0.0,0.0,1.0,0.0,0.0,1.0,0.0,0.0,1.0,0.0,0.0,1.0,0.0,0.0,1.0,0.0,0.0,0.0,0.0,1.0,1.0,0.0,2.0,1.0,0.0,0.0,0.7537003127322988,1.0,0.0,0.0,1.0,0.0,0.0,1.0,0.0,0.0
9814-AOUDH,0,0.8400143297628127,-1.504314895069307,-0.5438961014695667,0.0,1.0,1.0,0.0,1.0,0.0,0.0,1.0,1.0,0.0,0.0,0.0,0.0,1.0,0.0,1.0,0.0,0.0,1.0,0.0,0.0,1.0,0.0,0.0,1.0,0.0,0.0,1.0,0.0,0.0,1.0,0.0,0.0,0.0,1.0,1.0,0.0,0.0,1.0,0.0,0.0,1.0,0.0,1.0,0.0,1.0,0.0,-0.6474843133011097,0.0,1.0,0.0,0.0,1.0,0.0,0.0,1.0,0.0
6175-IRFIT,0,-1.1145631287986442,0.464914550127549,-0.8192632578119248,0.0,1.0,1.0,0.0,1.0,0.0,0.0,1.0,1.0,0.0,0.0,0.0,1.0,0.0,1.0,0.0,0.0,1.0,0.0,0.0,1.0,0.0,0.0,1.0,0.0,0.0,1.0,0.0,0.0,0.0,0.0,1.0,1.0,0.0,0.0,1.0,0.0,0.0,0.0,0.0,1.0,1.0,0.0,3.0,1.0,0.0,0.0,0.7350532568711342,1.0,0.0,0.0,1.0,0.0,0.0,1.0,0.0,0.0
8760-ZRHKE,1,1.5729808767233588,0.14751132309581955,1.19085301130485,1.0,0.0,0.0,1.0,0.0,1.0,0.0,1.0,0.0,0.0,1.0,1.0,0.0,0.0,0.0,0.0,1.0,0.0,0.0,1.0,1.0,0.0,0.0,1.0,0.0,0.0,0.0,0.0,1.0,1.0,0.0,0.0,0.0,1.0,0.0,1.0,0.0,0.0,0.0,1.0,0.0,1.0,0.0,6.0,0.0,1.0,0.0,0.7570676979783055,0.0,1.0,0.0,0.0,1.0,0.0,0.0,1.0,0.0
1622-HSHSF,0,-1.2774445836787656,-1.502653098069141,-0.9987383186147306,1.0,0.0,1.0,0.0,1.0,0.0,0.0,1.0,1.0,0.0,0.0,0.0,0.0,1.0,0.0,1.0,0.0,0.0,1.0,0.0,0.0,1.0,0.0,0.0,1.0,0.0,0.0,1.0,0.0,0.0,1.0,0.0,1.0,0.0,0.0,0.0,1.0,0.0,0.0,0.0,1.0,1.0,0.0,1.0,1.0,0.0,0.0,0.7818251620266604,1.0,0.0,0.0,1.0,0.0,0.0,1.0,0.0,0.0
8854-CCVSQ,0,-0.5851984004382496,0.5280628361338618,-0.3668034529783024,0.0,1.0,1.0,0.0,1.0,0.0,0.0,1.0,0.0,0.0,1.0,0.0,1.0,0.0,1.0,0.0,0.0,0.0,0.0,1.0,1.0,0.0,0.0,1.0,0.0,0.0,1.0,0.0,0.0,1.0,0.0,0.0,1.0,0.0,0.0,0.0,1.0,0.0,0.0,1.0,0.0,0.0,1.0,4.0,1.0,0.0,0.0,0.6268018721575568,1.0,0.0,0.0,1.0,0.0,0.0,1.0,0.0,0.0
6749-UTDVX,0,1.6137012404433893,1.2924894562102784,2.361014524990401,0.0,1.0,1.0,0.0,1.0,0.0,0.0,1.0,0.0,0.0,1.0,0.0,1.0,0.0,1.0,0.0,0.0,0.0,0.0,1.0,0.0,0.0,1.0,1.0,0.0,0.0,0.0,0.0,1.0,0.0,0.0,1.0,0.0,0.0,1.0,0.0,1.0,0.0,0.0,1.0,0.0,1.0,0.0,7.0,0.0,1.0,0.0,1.4631051063341043,0.0,1.0,0.0,0.0,1.0,0.0,0.0,1.0,0.0
5542-DHSXL,0,-1.1552834925186746,-0.33440980695235617,-0.9036624198856139,1.0,0.0,0.0,1.0,1.0,0.0,0.0,1.0,1.0,0.0,0.0,1.0,0.0,0.0,0.0,0.0,1.0,0.0,0.0,1.0,1.0,0.0,0.0,1.0,0.0,0.0,1.0,0.0,0.0,1.0,0.0,0.0,1.0,0.0,0.0,1.0,0.0,0.0,0.0,0.0,1.0,1.0,0.0,4.0,1.0,0.0,0.0,0.7821997161194673,1.0,0.0,0.0,1.0,0.0,0.0,1.0,0.0,0.0
9102-OXKFY,0,1.0843365120829946,-0.35268957395418365,0.3674427858148876,0.0,1.0,1.0,0.0,1.0,0.0,0.0,1.0,0.0,0.0,1.0,1.0,0.0,0.0,1.0,0.0,0.0,1.0,0.0,0.0,0.0,0.0,1.0,1.0,0.0,0.0,1.0,0.0,0.0,1.0,0.0,0.0,0.0,0.0,1.0,1.0,0.0,0.0,1.0,0.0,0.0,1.0,0.0,4.0,0.0,1.0,0.0,0.33886416414129167,0.0,1.0,0.0,0.0,1.0,0.0,0.0,1.0,0.0
0511-JTEOY,0,-1.2774445836787656,0.21065960910213194,-0.9759951047888097,1.0,0.0,1.0,0.0,1.0,0.0,0.0,1.0,1.0,0.0,0.0,0.0,1.0,0.0,1.0,0.0,0.0,1.0,0.0,0.0,1.0,0.0,0.0,1.0,0.0,0.0,1.0,0.0,0.0,1.0,0.0,0.0,1.0,0.0,0.0,1.0,0.0,0.0,0.0,0.0,1.0,0.0,1.0,2.0,1.0,0.0,0.0,0.7640214826213078,1.0,0.0,0.0,1.0,0.0,0.0,1.0,0.0,0.0
5216-WASFJ,1,-0.055833672077855064,0.6676537841478158,0.1544595370377132,1.0,0.0,0.0,1.0,1.0,0.0,0.0,1.0,0.0,0.0,1.0,0.0,1.0,0.0,1.0,0.0,0.0,1.0,0.0,0.0,1.0,0.0,0.0,1.0,0.0,0.0,1.0,0.0,0.0,0.0,0.0,1.0,1.0,0.0,0.0,0.0,1.0,0.0,0.0,1.0,0.0,1.0,0.0,4.0,0.0,0.0,1.0,-2.766422685262993,0.0,0.0,1.0,0.0,0.0,1.0,0.0,0.0,1.0
7808-DVWEP,0,-1.1960038562387048,-1.4876969250676457,-0.9854585759152112,0.0,1.0,0.0,1.0,1.0,0.0,0.0,1.0,1.0,0.0,0.0,0.0,0.0,1.0,0.0,1.0,0.0,0.0,1.0,0.0,0.0,1.0,0.0,0.0,1.0,0.0,0.0,1.0,0.0,0.0,1.0,0.0,1.0,0.0,0.0,1.0,0.0,1.0,0.0,0.0,0.0,1.0,0.0,1.0,1.0,0.0,0.0,0.8239593633204207,1.0,0.0,0.0,1.0,0.0,0.0,1.0,0.0,0.0
7067-KSAZT,1,1.3286586944031769,1.3789029002189168,2.0720367353496982,1.0,0.0,0.0,1.0,1.0,0.0,0.0,1.0,0.0,0.0,1.0,0.0,1.0,0.0,1.0,0.0,0.0,0.0,0.0,1.0,0.0,0.0,1.0,1.0,0.0,0.0,0.0,0.0,1.0,0.0,0.0,1.0,0.0,1.0,0.0,0.0,1.0,0.0,0.0,1.0,0.0,0.0,1.0,7.0,0.0,1.0,0.0,1.5594951089229436,0.0,1.0,0.0,0.0,1.0,0.0,0.0,1.0,0.0
2284-VFLKH,0,0.6771328748826912,1.1462513201956595,1.163631744708161,0.0,1.0,0.0,1.0,1.0,0.0,0.0,1.0,1.0,0.0,0.0,0.0,1.0,0.0,1.0,0.0,0.0,1.0,0.0,0.0,0.0,0.0,1.0,0.0,0.0,1.0,0.0,0.0,1.0,0.0,0.0,1.0,0.0,1.0,0.0,0.0,1.0,0.0,1.0,0.0,0.0,1.0,0.0,6.0,0.0,1.0,0.0,1.7184688380544992,0.0,1.0,0.0,0.0,1.0,0.0,0.0,1.0,0.0
0366-NQSHS,0,-1.2367242199587352,-1.5093002860698053,-0.9869144945500424,0.0,1.0,1.0,0.0,1.0,0.0,0.0,1.0,1.0,0.0,0.0,0.0,0.0,1.0,0.0,1.0,0.0,0.0,1.0,0.0,0.0,1.0,0.0,0.0,1.0,0.0,0.0,1.0,0.0,0.0,1.0,0.0,1.0,0.0,0.0,1.0,0.0,0.0,0.0,0.0,1.0,1.0,0.0,1.0,1.0,0.0,0.0,0.7980069271894522,1.0,0.0,0.0,1.0,0.0,0.0,1.0,0.0,0.0
6532-YLWSI,0,0.8400143297628127,-1.461108173064988,-0.5565581817179456,1.0,0.0,0.0,1.0,1.0,0.0,0.0,1.0,1.0,0.0,0.0,0.0,0.0,1.0,0.0,1.0,0.0,0.0,1.0,0.0,0.0,1.0,0.0,0.0,1.0,0.0,0.0,1.0,0.0,0.0,1.0,0.0,0.0,1.0,0.0,1.0,0.0,1.0,0.0,0.0,0.0,0.0,1.0,1.0,0.0,1.0,0.0,-0.6625579612137045,0.0,1.0,0.0,0.0,1.0,0.0,0.0,1.0,0.0
3807-BPOMJ,0,0.9214550572028734,0.9966895901807084,1.320385651058301,1.0,0.0,0.0,1.0,1.0,0.0,0.0,1.0,1.0,0.0,0.0,0.0,1.0,0.0,0.0,0.0,1.0,1.0,0.0,0.0,1.0,0.0,0.0,1.0,0.0,0.0,0.0,0.0,1.0,0.0,0.0,1.0,0.0,1.0,0.0,0.0,1.0,0.0,0.0,1.0,0.0,1.0,0.0,5.0,0.0,1.0,0.0,1.4329354869095874,0.0,1.0,0.0,0.0,1.0,0.0,0.0,1.0,0.0
3892-NXAZG,0,1.6137012404433893,1.638143232244832,2.6497276021520437,0.0,1.0,0.0,1.0,0.0,1.0,0.0,1.0,0.0,0.0,1.0,0.0,1.0,0.0,0.0,0.0,1.0,0.0,0.0,1.0,0.0,0.0,1.0,0.0,0.0,1.0,0.0,0.0,1.0,0.0,0.0,1.0,0.0,0.0,1.0,0.0,1.0,0.0,1.0,0.0,0.0,1.0,0.0,9.0,0.0,1.0,0.0,1.64201869326443,0.0,1.0,0.0,0.0,1.0,0.0,0.0,1.0,0.0
4948-WBBKL,1,0.14776814652229667,0.33695618111475767,0.16595247050357614,1.0,0.0,1.0,0.0,1.0,0.0,0.0,1.0,0.0,0.0,1.0,0.0,1.0,0.0,1.0,0.0,0.0,1.0,0.0,0.0,1.0,0.0,0.0,1.0,0.0,0.0,1.0,0.0,0.0,1.0,0.0,0.0,1.0,0.0,0.0,0.0,1.0,1.0,0.0,0.0,0.0,1.0,0.0,3.0,0.0,0.0,1.0,1.1230598367053055,0.0,0.0,1.0,0.0,0.0,1.0,0.0,0.0,1.0
4182-BGSIQ,0,-0.9109613101984924,-1.4943441130683104,-0.9205598997989558,1.0,0.0,0.0,1.0,0.0,1.0,0.0,1.0,1.0,0.0,0.0,0.0,0.0,1.0,0.0,1.0,0.0,0.0,1.0,0.0,0.0,1.0,0.0,0.0,1.0,0.0,0.0,1.0,0.0,0.0,1.0,0.0,1.0,0.0,0.0,0.0,1.0,1.0,0.0,0.0,0.0,1.0,0.0,1.0,1.0,0.0,0.0,1.0105367697760643,1.0,0.0,0.0,1.0,0.0,0.0,1.0,0.0,0.0
9300-AGZNL,1,-1.2774445836787656,0.9717626351782166,-0.9658919118380126,0.0,1.0,1.0,0.0,1.0,0.0,0.0,1.0,0.0,0.0,1.0,0.0,1.0,0.0,1.0,0.0,0.0,1.0,0.0,0.0,1.0,0.0,0.0,1.0,0.0,0.0,0.0,0.0,1.0,0.0,0.0,1.0,1.0,0.0,0.0,0.0,1.0,0.0,0.0,1.0,0.0,0.0,1.0,5.0,1.0,0.0,0.0,0.756112573632315,1.0,0.0,0.0,1.0,0.0,0.0,1.0,0.0,0.0
0988-AADSA,0,1.6137012404433893,0.534710024134526,1.5624431537855856,1.0,0.0,0.0,1.0,0.0,1.0,0.0,1.0,0.0,0.0,1.0,1.0,0.0,0.0,0.0,0.0,1.0,0.0,0.0,1.0,0.0,0.0,1.0,0.0,0.0,1.0,1.0,0.0,0.0,0.0,0.0,1.0,0.0,0.0,1.0,1.0,0.0,1.0,0.0,0.0,0.0,1.0,0.0,8.0,0.0,1.0,0.0,0.9682357022643673,0.0,1.0,0.0,0.0,1.0,0.0,0.0,1.0,0.0
9972-NKTFD,0,-0.1779947632379461,-0.33607160395252245,-0.33786155526772216,1.0,0.0,1.0,0.0,1.0,0.0,0.0,1.0,1.0,0.0,0.0,1.0,0.0,0.0,1.0,0.0,0.0,0.0,0.0,1.0,1.0,0.0,0.0,0.0,0.0,1.0,1.0,0.0,0.0,1.0,0.0,0.0,1.0,0.0,0.0,1.0,0.0,1.0,0.0,0.0,0.0,1.0,0.0,4.0,0.0,0.0,1.0,1.8981544688259377,0.0,0.0,1.0,0.0,0.0,1.0,0.0,0.0,1.0
3717-LNXKW,0,0.22920887396235737,0.895319973170575,0.5275497168997899,0.0,1.0,0.0,1.0,1.0,0.0,0.0,1.0,0.0,0.0,1.0,0.0,1.0,0.0,0.0,0.0,1.0,1.0,0.0,0.0,1.0,0.0,0.0,1.0,0.0,0.0,0.0,0.0,1.0,1.0,0.0,0.0,1.0,0.0,0.0,1.0,0.0,1.0,0.0,0.0,0.0,1.0,0.0,5.0,0.0,0.0,1.0,2.3016112237715047,0.0,0.0,1.0,0.0,0.0,1.0,0.0,0.0,1.0
5734-EJKXG,0,1.1657772395230555,1.789366759259949,2.2422909781319076,1.0,0.0,1.0,0.0,1.0,0.0,0.0,1.0,0.0,0.0,1.0,0.0,1.0,0.0,0.0,0.0,1.0,0.0,0.0,1.0,0.0,0.0,1.0,0.0,0.0,1.0,0.0,0.0,1.0,0.0,0.0,1.0,0.0,1.0,0.0,0.0,1.0,0.0,0.0,1.0,0.0,1.0,0.0,9.0,0.0,1.0,0.0,1.9234300534545323,0.0,1.0,0.0,0.0,1.0,0.0,0.0,1.0,0.0
2207-RYYRL,0,0.7992939660427822,-1.3364733980525287,-0.42012095813567485,0.0,1.0,0.0,1.0,0.0,1.0,0.0,1.0,0.0,0.0,1.0,0.0,0.0,1.0,0.0,1.0,0.0,0.0,1.0,0.0,0.0,1.0,0.0,0.0,1.0,0.0,0.0,1.0,0.0,0.0,1.0,0.0,0.0,0.0,1.0,1.0,0.0,0.0,0.0,0.0,1.0,1.0,0.0,2.0,0.0,1.0,0.0,-0.5256150752840637,0.0,1.0,0.0,0.0,1.0,0.0,0.0,1.0,0.0
6729-FZWSY,0,1.4100994218432374,-1.505976692069473,-0.4797253846707266,0.0,1.0,1.0,0.0,1.0,0.0,0.0,1.0,1.0,0.0,0.0,0.0,0.0,1.0,0.0,1.0,0.0,0.0,1.0,0.0,0.0,1.0,0.0,0.0,1.0,0.0,0.0,1.0,0.0,0.0,1.0,0.0,0.0,1.0,0.0,0.0,1.0,0.0,0.0,0.0,1.0,1.0,0.0,1.0,0.0,1.0,0.0,-0.3402067806280246,0.0,1.0,0.0,0.0,1.0,0.0,0.0,1.0,0.0
9695-IDRZR,0,0.06632741908223598,1.7079387062518092,0.7339592724469697,1.0,0.0,1.0,0.0,0.0,1.0,0.0,1.0,0.0,0.0,1.0,0.0,1.0,0.0,0.0,0.0,1.0,0.0,0.0,1.0,0.0,0.0,1.0,0.0,0.0,1.0,0.0,0.0,1.0,0.0,0.0,1.0,0.0,0.0,1.0,0.0,1.0,0.0,1.0,0.0,0.0,1.0,0.0,9.0,0.0,0.0,1.0,11.065699262879068,0.0,0.0,1.0,0.0,0.0,1.0,0.0,0.0,1.0
8144-DGHXP,0,0.880734693482843,0.5264010391336954,0.8897205070006338,1.0,0.0,1.0,0.0,1.0,0.0,0.0,1.0,1.0,0.0,0.0,1.0,0.0,0.0,0.0,0.0,1.0,1.0,0.0,0.0,0.0,0.0,1.0,0.0,0.0,1.0,0.0,0.0,1.0,0.0,0.0,1.0,0.0,0.0,1.0,1.0,0.0,0.0,0.0,1.0,0.0,1.0,0.0,7.0,0.0,1.0,0.0,1.0102026337605217,0.0,1.0,0.0,0.0,1.0,0.0,0.0,1.0,0.0
7814-LEEVE,0,-1.2774445836787656,-1.477726143066649,-0.9984074280159053,1.0,0.0,0.0,1.0,1.0,0.0,0.0,1.0,1.0,0.0,0.0,0.0,0.0,1.0,0.0,1.0,0.0,0.0,1.0,0.0,0.0,1.0,0.0,0.0,1.0,0.0,0.0,1.0,0.0,0.0,1.0,0.0,1.0,0.0,0.0,0.0,1.0,1.0,0.0,0.0,0.0,1.0,0.0,1.0,1.0,0.0,0.0,0.7815661366230907,1.0,0.0,0.0,1.0,0.0,0.0,1.0,0.0,0.0
1112-CUNAO,1,-0.7073594915983407,0.8338334841644282,-0.37869345516275577,1.0,0.0,1.0,0.0,1.0,0.0,0.0,1.0,0.0,0.0,1.0,0.0,1.0,0.0,1.0,0.0,0.0,0.0,0.0,1.0,1.0,0.0,0.0,1.0,0.0,0.0,1.0,0.0,0.0,0.0,0.0,1.0,1.0,0.0,0.0,1.0,0.0,0.0,0.0,1.0,0.0,0.0,1.0,5.0,1.0,0.0,0.0,0.5353620890942804,1.0,0.0,0.0,1.0,0.0,0.0,1.0,0.0,0.0
5175-AOBHI,0,-1.1552834925186746,-0.6235624849812617,-0.9219496403140218,1.0,0.0,1.0,0.0,1.0,0.0,0.0,1.0,1.0,0.0,0.0,1.0,0.0,0.0,1.0,0.0,0.0,1.0,0.0,0.0,1.0,0.0,0.0,1.0,0.0,0.0,1.0,0.0,0.0,1.0,0.0,0.0,1.0,0.0,0.0,0.0,1.0,0.0,0.0,0.0,1.0,0.0,1.0,2.0,1.0,0.0,0.0,0.7980289221514337,1.0,0.0,0.0,1.0,0.0,0.0,1.0,0.0,0.0
5174-RNGBH,0,-0.9516816739185228,0.04946530008601819,-0.7335846520894447,1.0,0.0,1.0,0.0,1.0,0.0,0.0,1.0,1.0,0.0,0.0,1.0,0.0,0.0,1.0,0.0,0.0,0.0,0.0,1.0,1.0,0.0,0.0,0.0,0.0,1.0,0.0,0.0,1.0,1.0,0.0,0.0,1.0,0.0,0.0,1.0,0.0,0.0,0.0,0.0,1.0,0.0,1.0,5.0,1.0,0.0,0.0,0.7708298606496543,1.0,0.0,0.0,1.0,0.0,0.0,1.0,0.0,0.0
8631-WUXGY,0,0.5549717837226001,1.1645310871974868,0.9300009225642921,1.0,0.0,1.0,0.0,0.0,1.0,0.0,1.0,1.0,0.0,0.0,0.0,1.0,0.0,1.0,0.0,0.0,0.0,0.0,1.0,0.0,0.0,1.0,1.0,0.0,0.0,0.0,0.0,1.0,0.0,0.0,1.0,1.0,0.0,0.0,0.0,1.0,0.0,0.0,1.0,0.0,1.0,0.0,6.0,0.0,1.0,0.0,1.6757625339546063,0.0,1.0,0.0,0.0,1.0,0.0,0.0,1.0,0.0
7270-BDIOA,0,-0.4223169455581282,0.8388188751649267,-0.12772396564044478,1.0,0.0,1.0,0.0,1.0,0.0,0.0,1.0,0.0,0.0,1.0,0.0,1.0,0.0,1.0,0.0,0.0,1.0,0.0,0.0,1.0,0.0,0.0,0.0,0.0,1.0,0.0,0.0,1.0,1.0,0.0,0.0,1.0,0.0,0.0,0.0,1.0,0.0,0.0,1.0,0.0,0.0,1.0,5.0,0.0,0.0,1.0,0.3024362791591196,0.0,0.0,1.0,0.0,0.0,1.0,0.0,0.0,1.0
9565-JSNFM,0,0.22920887396235737,0.18905624809997262,0.13866502578712203,0.0,1.0,1.0,0.0,1.0,0.0,0.0,1.0,1.0,0.0,0.0,0.0,1.0,0.0,1.0,0.0,0.0,1.0,0.0,0.0,1.0,0.0,0.0,1.0,0.0,0.0,1.0,0.0,0.0,1.0,0.0,0.0,0.0,1.0,0.0,0.0,1.0,1.0,0.0,0.0,0.0,0.0,1.0,2.0,0.0,0.0,1.0,0.604972326725425,0.0,0.0,1.0,0.0,0.0,1.0,0.0,0.0,1.0
5906-DVAPM,0,0.9214550572028734,0.3402797751150897,0.851756325628752,1.0,0.0,0.0,1.0,0.0,1.0,0.0,1.0,0.0,0.0,1.0,1.0,0.0,0.0,0.0,0.0,1.0,0.0,0.0,1.0,1.0,0.0,0.0,0.0,0.0,1.0,0.0,0.0,1.0,1.0,0.0,0.0,0.0,1.0,0.0,0.0,1.0,0.0,1.0,0.0,0.0,1.0,0.0,7.0,0.0,1.0,0.0,0.9243601399446484,0.0,1.0,0.0,0.0,1.0,0.0,0.0,1.0,0.0
6654-QGBZZ,0,-1.2774445836787656,-1.491020519067978,-0.9985839030019455,1.0,0.0,1.0,0.0,1.0,0.0,0.0,1.0,1.0,0.0,0.0,0.0,0.0,1.0,0.0,1.0,0.0,0.0,1.0,0.0,0.0,1.0,0.0,0.0,1.0,0.0,0.0,1.0,0.0,0.0,1.0,0.0,1.0,0.0,0.0,1.0,0.0,0.0,0.0,0.0,1.0,1.0,0.0,1.0,1.0,0.0,0.0,0.7817042835049945,1.0,0.0,0.0,1.0,0.0,0.0,1.0,0.0,0.0
8348-JLBUG,1,1.2879383306831464,0.5164302571326987,1.206382810076381,0.0,1.0,0.0,1.0,1.0,0.0,0.0,1.0,1.0,0.0,0.0,0.0,1.0,0.0,0.0,0.0,1.0,1.0,0.0,0.0,0.0,0.0,1.0,1.0,0.0,0.0,1.0,0.0,0.0,1.0,0.0,0.0,0.0,1.0,0.0,1.0,0.0,0.0,1.0,0.0,0.0,1.0,0.0,4.0,0.0,1.0,0.0,0.9366774645463755,0.0,1.0,0.0,0.0,1.0,0.0,0.0,1.0,0.0
0607-DAAHE,0,0.8400143297628127,-1.4960059100684764,-0.5430799046591311,0.0,1.0,1.0,0.0,0.0,1.0,0.0,1.0,1.0,0.0,0.0,0.0,0.0,1.0,0.0,1.0,0.0,0.0,1.0,0.0,0.0,1.0,0.0,0.0,1.0,0.0,0.0,1.0,0.0,0.0,1.0,0.0,0.0,0.0,1.0,1.0,0.0,1.0,0.0,0.0,0.0,0.0,1.0,1.0,0.0,1.0,0.0,-0.6465126670070923,0.0,1.0,0.0,0.0,1.0,0.0,0.0,1.0,0.0
5641-DMBFJ,0,1.0436161483629645,0.6493740171459885,1.1616905198617193,1.0,0.0,0.0,1.0,1.0,0.0,0.0,1.0,0.0,0.0,1.0,1.0,0.0,0.0,0.0,0.0,1.0,1.0,0.0,0.0,0.0,0.0,1.0,0.0,0.0,1.0,0.0,0.0,1.0,0.0,0.0,1.0,0.0,0.0,1.0,0.0,1.0,0.0,0.0,1.0,0.0,1.0,0.0,8.0,0.0,1.0,0.0,1.1131396554987851,0.0,1.0,0.0,0.0,1.0,0.0,0.0,1.0,0.0
9200-NLNPD,0,0.9621754209229036,-0.35601316795451593,0.2984631256464542,0.0,1.0,0.0,1.0,1.0,0.0,1.0,0.0,0.0,1.0,0.0,1.0,0.0,0.0,1.0,0.0,0.0,1.0,0.0,0.0,0.0,0.0,1.0,0.0,0.0,1.0,0.0,0.0,1.0,0.0,0.0,1.0,0.0,1.0,0.0,0.0,1.0,1.0,0.0,0.0,0.0,1.0,0.0,5.0,0.0,1.0,0.0,0.3101961650196521,0.0,1.0,0.0,0.0,1.0,0.0,0.0,1.0,0.0
2664-XJZNO,0,1.6137012404433893,1.3340343812144315,2.3278151682416026,0.0,1.0,0.0,1.0,0.0,1.0,0.0,1.0,1.0,0.0,0.0,0.0,1.0,0.0,0.0,0.0,1.0,1.0,0.0,0.0,0.0,0.0,1.0,0.0,0.0,1.0,0.0,0.0,1.0,0.0,0.0,1.0,0.0,0.0,1.0,0.0,1.0,0.0,1.0,0.0,0.0,1.0,0.0,7.0,0.0,1.0,0.0,1.4425316842428648,0.0,1.0,0.0,0.0,1.0,0.0,0.0,1.0,0.0
9732-KPKBW,0,-1.2774445836787656,-0.35933676195484804,-0.98356146981528,0.0,1.0,1.0,0.0,1.0,0.0,0.0,1.0,1.0,0.0,0.0,1.0,0.0,0.0,0.0,0.0,1.0,1.0,0.0,0.0,1.0,0.0,0.0,0.0,0.0,1.0,1.0,0.0,0.0,1.0,0.0,0.0,1.0,0.0,0.0,0.0,1.0,0.0,0.0,1.0,0.0,0.0,1.0,4.0,1.0,0.0,0.0,0.7699445301829333,1.0,0.0,0.0,1.0,0.0,0.0,1.0,0.0,0.0
3339-EAQNV,1,1.6137012404433893,1.0797794401890146,2.1396707737495757,0.0,1.0,0.0,1.0,1.0,0.0,0.0,1.0,0.0,0.0,1.0,0.0,1.0,0.0,1.0,0.0,0.0,0.0,0.0,1.0,1.0,0.0,0.0,1.0,0.0,0.0,0.0,0.0,1.0,0.0,0.0,1.0,0.0,1.0,0.0,0.0,1.0,0.0,1.0,0.0,0.0,1.0,0.0,6.0,0.0,1.0,0.0,1.3259398456939082,0.0,1.0,0.0,0.0,1.0,0.0,0.0,1.0,0.0
0921-OHLVP,0,-0.4223169455581282,0.6078290921418354,-0.21353492760245496,0.0,1.0,1.0,0.0,1.0,0.0,0.0,1.0,0.0,0.0,1.0,0.0,1.0,0.0,1.0,0.0,0.0,1.0,0.0,0.0,1.0,0.0,0.0,1.0,0.0,0.0,1.0,0.0,0.0,0.0,0.0,1.0,1.0,0.0,0.0,1.0,0.0,0.0,0.0,1.0,0.0,1.0,0.0,4.0,0.0,0.0,1.0,0.5056271832053771,0.0,0.0,1.0,0.0,0.0,1.0,0.0,0.0,1.0
3389-YGYAI,1,-0.9924020376385531,1.3539759452164248,-0.64137647188348,1.0,0.0,1.0,0.0,1.0,0.0,0.0,1.0,0.0,0.0,1.0,0.0,1.0,0.0,1.0,0.0,0.0,0.0,0.0,1.0,0.0,0.0,1.0,1.0,0.0,0.0,0.0,0.0,1.0,0.0,0.0,1.0,1.0,0.0,0.0,0.0,1.0,0.0,0.0,1.0,0.0,0.0,1.0,7.0,1.0,0.0,0.0,0.64628693569559,1.0,0.0,0.0,1.0,0.0,0.0,1.0,0.0,0.0
9560-ARGQJ,0,-0.6666391278783103,0.5396954151350245,-0.4284594012260706,1.0,0.0,1.0,0.0,0.0,1.0,0.0,1.0,1.0,0.0,0.0,0.0,1.0,0.0,1.0,0.0,0.0,1.0,0.0,0.0,1.0,0.0,0.0,1.0,0.0,0.0,0.0,0.0,1.0,1.0,0.0,0.0,1.0,0.0,0.0,0.0,1.0,0.0,0.0,1.0,0.0,0.0,1.0,3.0,1.0,0.0,0.0,0.6427156512545458,1.0,0.0,0.0,1.0,0.0,0.0,1.0,0.0,0.0
8350-NYMVI,0,0.26992923768238775,-0.7864185909975417,-0.3027650924189925,1.0,0.0,1.0,0.0,1.0,0.0,1.0,0.0,0.0,1.0,0.0,1.0,0.0,0.0,1.0,0.0,0.0,0.0,0.0,1.0,0.0,0.0,1.0,0.0,0.0,1.0,1.0,0.0,0.0,1.0,0.0,0.0,1.0,0.0,0.0,1.0,0.0,1.0,0.0,0.0,0.0,1.0,0.0,4.0,0.0,0.0,1.0,-1.121646158150682,0.0,0.0,1.0,0.0,0.0,1.0,0.0,0.0,1.0
1600-DILPE,0,-0.8295205827584317,-0.6567984249845842,-0.7760268862320945,1.0,0.0,1.0,0.0,1.0,0.0,0.0,1.0,1.0,0.0,0.0,1.0,0.0,0.0,1.0,0.0,0.0,1.0,0.0,0.0,1.0,0.0,0.0,1.0,0.0,0.0,1.0,0.0,0.0,1.0,0.0,0.0,1.0,0.0,0.0,0.0,1.0,1.0,0.0,0.0,0.0,1.0,0.0,2.0,1.0,0.0,0.0,0.9355125145316433,1.0,0.0,0.0,1.0,0.0,0.0,1.0,0.0,0.0
0536-ESJEP,0,0.880734693482843,0.32532360211359457,0.8418516670372502,0.0,1.0,0.0,1.0,1.0,0.0,0.0,1.0,1.0,0.0,0.0,1.0,0.0,0.0,0.0,0.0,1.0,0.0,0.0,1.0,1.0,0.0,0.0,1.0,0.0,0.0,0.0,0.0,1.0,0.0,0.0,1.0,0.0,0.0,1.0,0.0,1.0,1.0,0.0,0.0,0.0,1.0,0.0,6.0,0.0,1.0,0.0,0.9558516012446032,0.0,1.0,0.0,0.0,1.0,0.0,0.0,1.0,0.0
4654-GGUII,0,-0.5851984004382496,-0.8163309370005319,-0.6932601177792764,1.0,0.0,1.0,0.0,1.0,0.0,1.0,0.0,0.0,1.0,0.0,1.0,0.0,0.0,0.0,0.0,1.0,0.0,0.0,1.0,1.0,0.0,0.0,0.0,0.0,1.0,1.0,0.0,0.0,1.0,0.0,0.0,0.0,1.0,0.0,0.0,1.0,0.0,0.0,0.0,1.0,1.0,0.0,4.0,1.0,0.0,0.0,1.1846582582250746,1.0,0.0,0.0,1.0,0.0,0.0,1.0,0.0,0.0
6478-HRRCZ,0,-0.015113308357824713,0.19071804510013865,-0.035979032272835415,0.0,1.0,0.0,1.0,1.0,0.0,0.0,1.0,1.0,0.0,0.0,1.0,0.0,0.0,0.0,0.0,1.0,0.0,0.0,1.0,1.0,0.0,0.0,0.0,0.0,1.0,1.0,0.0,0.0,0.0,0.0,1.0,0.0,1.0,0.0,1.0,0.0,0.0,0.0,0.0,1.0,1.0,0.0,6.0,0.0,0.0,1.0,2.3806192146015306,0.0,0.0,1.0,0.0,0.0,1.0,0.0,0.0,1.0
8510-BBWMU,0,0.35136996512244845,-1.4960059100684764,-0.651347308594747,1.0,0.0,1.0,0.0,1.0,0.0,0.0,1.0,1.0,0.0,0.0,0.0,0.0,1.0,0.0,1.0,0.0,0.0,1.0,0.0,0.0,1.0,0.0,0.0,1.0,0.0,0.0,1.0,0.0,0.0,1.0,0.0,0.0,1.0,0.0,0.0,1.0,0.0,0.0,0.0,1.0,1.0,0.0,1.0,0.0,0.0,1.0,-1.8537364409270436,0.0,0.0,1.0,0.0,0.0,1.0,0.0,0.0,1.0
6857-TKDJV,0,1.4100994218432374,-1.3331498040521963,-0.29244130573564525,0.0,1.0,0.0,1.0,0.0,1.0,0.0,1.0,0.0,0.0,1.0,0.0,0.0,1.0,0.0,1.0,0.0,0.0,1.0,0.0,0.0,1.0,0.0,0.0,1.0,0.0,0.0,1.0,0.0,0.0,1.0,0.0,0.0,0.0,1.0,1.0,0.0,1.0,0.0,0.0,0.0,1.0,0.0,2.0,0.0,1.0,0.0,-0.2073905578610728,0.0,1.0,0.0,0.0,1.0,0.0,0.0,1.0,0.0
2360-RDGRO,0,1.3286586944031769,1.3124310202122718,1.9984246067977114,0.0,1.0,0.0,1.0,1.0,0.0,0.0,1.0,0.0,0.0,1.0,0.0,1.0,0.0,0.0,0.0,1.0,1.0,0.0,0.0,0.0,0.0,1.0,1.0,0.0,0.0,0.0,0.0,1.0,0.0,0.0,1.0,1.0,0.0,0.0,0.0,1.0,0.0,0.0,1.0,0.0,1.0,0.0,7.0,0.0,1.0,0.0,1.5040917695536462,0.0,1.0,0.0,0.0,1.0,0.0,0.0,1.0,0.0
0584-BJQGZ,0,-0.30015585439803716,0.4516201741262198,-0.19650509144958295,1.0,0.0,1.0,0.0,1.0,0.0,0.0,1.0,0.0,0.0,1.0,1.0,0.0,0.0,0.0,0.0,1.0,0.0,0.0,1.0,0.0,0.0,1.0,0.0,0.0,1.0,0.0,0.0,1.0,1.0,0.0,0.0,1.0,0.0,0.0,0.0,1.0,1.0,0.0,0.0,0.0,1.0,0.0,8.0,0.0,0.0,1.0,0.6546768572736124,0.0,0.0,1.0,0.0,0.0,1.0,0.0,0.0,1.0
5134-IKDAY,0,-1.2774445836787656,0.16745288709781284,-0.97656864849344,1.0,0.0,0.0,1.0,0.0,1.0,0.0,1.0,1.0,0.0,0.0,0.0,1.0,0.0,1.0,0.0,0.0,1.0,0.0,0.0,1.0,0.0,0.0,1.0,0.0,0.0,1.0,0.0,0.0,1.0,0.0,0.0,1.0,0.0,0.0,0.0,1.0,0.0,0.0,1.0,0.0,0.0,1.0,2.0,1.0,0.0,0.0,0.7644704599874951,1.0,0.0,0.0,1.0,0.0,0.0,1.0,0.0,0.0
1360-XFJMR,0,1.4100994218432374,1.4935668932303794,2.2329157444985257,1.0,0.0,0.0,1.0,1.0,0.0,0.0,1.0,0.0,0.0,1.0,0.0,1.0,0.0,1.0,0.0,0.0,0.0,0.0,1.0,0.0,0.0,1.0,0.0,0.0,1.0,0.0,0.0,1.0,0.0,0.0,1.0,0.0,1.0,0.0,0.0,1.0,0.0,1.0,0.0,0.0,1.0,0.0,8.0,0.0,1.0,0.0,1.5835165307561994,0.0,1.0,0.0,0.0,1.0,0.0,0.0,1.0,0.0
3070-DVEYC,1,-1.0331224013585834,0.29873485011093664,-0.766850186958008,0.0,1.0,1.0,0.0,1.0,0.0,0.0,1.0,0.0,0.0,1.0,0.0,1.0,0.0,1.0,0.0,0.0,1.0,0.0,0.0,1.0,0.0,0.0,1.0,0.0,0.0,1.0,0.0,0.0,1.0,0.0,0.0,1.0,0.0,0.0,1.0,0.0,0.0,0.0,0.0,1.0,0.0,1.0,3.0,1.0,0.0,0.0,0.7422646009316802,1.0,0.0,0.0,1.0,0.0,0.0,1.0,0.0,0.0
5730-RIITO,1,0.43281069256250915,-1.0406735320229585,-0.3454720390407025,1.0,0.0,1.0,0.0,1.0,0.0,1.0,0.0,0.0,1.0,0.0,1.0,0.0,0.0,0.0,0.0,1.0,0.0,0.0,1.0,1.0,0.0,0.0,1.0,0.0,0.0,1.0,0.0,0.0,1.0,0.0,0.0,1.0,0.0,0.0,0.0,1.0,0.0,1.0,0.0,0.0,1.0,0.0,3.0,0.0,0.0,1.0,-0.7982058784067756,0.0,0.0,1.0,0.0,0.0,1.0,0.0,0.0,1.0
9058-MJLZC,0,-0.3408762181180675,0.9917041991802098,-6.637261367018533e-05,1.0,0.0,1.0,0.0,1.0,0.0,0.0,1.0,1.0,0.0,0.0,0.0,1.0,0.0,0.0,0.0,1.0,1.0,0.0,0.0,1.0,0.0,0.0,1.0,0.0,0.0,0.0,0.0,1.0,0.0,0.0,1.0,1.0,0.0,0.0,0.0,1.0,0.0,0.0,1.0,0.0,1.0,0.0,5.0,0.0,0.0,1.0,0.00019471177554309814,0.0,0.0,1.0,0.0,0.0,1.0,0.0,0.0,1.0
5707-ORNDZ,1,-0.9516816739185228,-0.3393951979528547,-0.7893948664246339,0.0,1.0,1.0,0.0,1.0,0.0,0.0,1.0,0.0,0.0,1.0,1.0,0.0,0.0,0.0,0.0,1.0,1.0,0.0,0.0,1.0,0.0,0.0,1.0,0.0,0.0,1.0,0.0,0.0,1.0,0.0,0.0,1.0,0.0,0.0,1.0,0.0,0.0,0.0,1.0,0.0,0.0,1.0,4.0,1.0,0.0,0.0,0.8294736444533207,1.0,0.0,0.0,1.0,0.0,0.0,1.0,0.0,0.0
0902-XKXPN,0,1.4915401492832983,-1.481049737066981,-0.4000689878468658,0.0,1.0,0.0,1.0,0.0,1.0,0.0,1.0,1.0,0.0,0.0,0.0,0.0,1.0,0.0,1.0,0.0,0.0,1.0,0.0,0.0,1.0,0.0,0.0,1.0,0.0,0.0,1.0,0.0,0.0,1.0,0.0,0.0,0.0,1.0,1.0,0.0,1.0,0.0,0.0,0.0,1.0,0.0,1.0,0.0,1.0,0.0,-0.2682254232573648,0.0,1.0,0.0,0.0,1.0,0.0,0.0,1.0,0.0
5177-RVZNU,0,0.18848851024232702,-1.477726143066649,-0.6740905224206679,1.0,0.0,1.0,0.0,0.0,1.0,0.0,1.0,1.0,0.0,0.0,0.0,0.0,1.0,0.0,1.0,0.0,0.0,1.0,0.0,0.0,1.0,0.0,0.0,1.0,0.0,0.0,1.0,0.0,0.0,1.0,0.0,0.0,1.0,0.0,1.0,0.0,1.0,0.0,0.0,0.0,1.0,0.0,1.0,0.0,0.0,1.0,-3.5762950301534824,0.0,0.0,1.0,0.0,0.0,1.0,0.0,0.0,1.0
0056-EPFBG,0,-0.5037576729981889,-0.84291968900319,-0.6432073998636463,0.0,1.0,0.0,1.0,0.0,1.0,1.0,0.0,0.0,1.0,0.0,1.0,0.0,0.0,0.0,0.0,1.0,1.0,0.0,0.0,0.0,0.0,1.0,0.0,0.0,1.0,1.0,0.0,0.0,1.0,0.0,0.0,0.0,0.0,1.0,0.0,1.0,0.0,1.0,0.0,0.0,1.0,0.0,4.0,1.0,0.0,0.0,1.2768190626963587,1.0,0.0,0.0,1.0,0.0,0.0,1.0,0.0,0.0
8993-IZEUX,0,-1.0331224013585834,0.14584952609565352,-0.7917772787361754,0.0,1.0,1.0,0.0,1.0,0.0,0.0,1.0,1.0,0.0,0.0,0.0,1.0,0.0,1.0,0.0,0.0,1.0,0.0,0.0,1.0,0.0,0.0,1.0,0.0,0.0,1.0,0.0,0.0,1.0,0.0,0.0,1.0,0.0,0.0,1.0,0.0,1.0,0.0,0.0,0.0,1.0,0.0,2.0,1.0,0.0,0.0,0.7663925181517381,1.0,0.0,0.0,1.0,0.0,0.0,1.0,0.0,0.0
8696-JKZNU,1,0.18848851024232702,0.3818247001192428,0.24629270789834265,1.0,0.0,1.0,0.0,1.0,0.0,0.0,1.0,0.0,0.0,1.0,0.0,1.0,0.0,1.0,0.0,0.0,1.0,0.0,0.0,1.0,0.0,0.0,1.0,0.0,0.0,1.0,0.0,0.0,1.0,0.0,0.0,1.0,0.0,0.0,0.0,1.0,0.0,0.0,1.0,0.0,0.0,1.0,3.0,0.0,0.0,1.0,1.3066722612518962,0.0,0.0,1.0,0.0,0.0,1.0,0.0,0.0,1.0
5380-AFSSK,0,-1.1145631287986442,0.9684390411778845,-0.7925714161733561,1.0,0.0,1.0,0.0,1.0,0.0,0.0,1.0,0.0,0.0,1.0,0.0,1.0,0.0,1.0,0.0,0.0,1.0,0.0,0.0,1.0,0.0,0.0,1.0,0.0,0.0,0.0,0.0,1.0,0.0,0.0,1.0,1.0,0.0,0.0,0.0,1.0,0.0,0.0,0.0,1.0,0.0,1.0,5.0,1.0,0.0,0.0,0.7111050022152143,1.0,0.0,0.0,1.0,0.0,0.0,1.0,0.0,0.0
8190-ZTQFB,0,0.35136996512244845,-0.44575020596348647,-0.09185542472778964,0.0,1.0,1.0,0.0,1.0,0.0,1.0,0.0,0.0,1.0,0.0,1.0,0.0,0.0,1.0,0.0,0.0,1.0,0.0,0.0,0.0,0.0,1.0,1.0,0.0,0.0,0.0,0.0,1.0,0.0,0.0,1.0,0.0,1.0,0.0,0.0,1.0,0.0,0.0,1.0,0.0,1.0,0.0,4.0,0.0,0.0,1.0,-0.2614208209167197,0.0,0.0,1.0,0.0,0.0,1.0,0.0,0.0,1.0
0931-MHTEM,0,0.880734693482843,1.1728400721983174,1.330775615861413,1.0,0.0,1.0,0.0,1.0,0.0,0.0,1.0,1.0,0.0,0.0,0.0,1.0,0.0,0.0,0.0,1.0,0.0,0.0,1.0,1.0,0.0,0.0,1.0,0.0,0.0,0.0,0.0,1.0,0.0,0.0,1.0,0.0,1.0,0.0,0.0,1.0,0.0,1.0,0.0,0.0,1.0,0.0,6.0,0.0,1.0,0.0,1.5109835296698655,0.0,1.0,0.0,0.0,1.0,0.0,0.0,1.0,0.0
2055-PDADH,1,-1.1960038562387048,0.1873944510998066,-0.9170524594514085,1.0,0.0,1.0,0.0,1.0,0.0,0.0,1.0,1.0,0.0,0.0,0.0,1.0,0.0,1.0,0.0,0.0,1.0,0.0,0.0,1.0,0.0,0.0,1.0,0.0,0.0,1.0,0.0,0.0,1.0,0.0,0.0,1.0,0.0,0.0,0.0,1.0,0.0,0.0,1.0,0.0,0.0,1.0,2.0,1.0,0.0,0.0,0.7667637981832546,1.0,0.0,0.0,1.0,0.0,0.0,1.0,0.0,0.0
7515-LODFU,1,1.4915401492832983,-1.477726143066649,-0.40898097464189204,0.0,1.0,1.0,0.0,1.0,0.0,0.0,1.0,1.0,0.0,0.0,0.0,0.0,1.0,0.0,1.0,0.0,0.0,1.0,0.0,0.0,1.0,0.0,0.0,1.0,0.0,0.0,1.0,0.0,0.0,1.0,0.0,0.0,0.0,1.0,1.0,0.0,0.0,1.0,0.0,0.0,1.0,0.0,1.0,0.0,1.0,0.0,-0.2742004463228241,0.0,1.0,0.0,0.0,1.0,0.0,0.0,1.0,0.0
0440-UEDAI,0,0.8400143297628127,0.9867188081797118,1.2174345560771436,1.0,0.0,1.0,0.0,1.0,0.0,0.0,1.0,1.0,0.0,0.0,0.0,1.0,0.0,1.0,0.0,0.0,0.0,0.0,1.0,0.0,0.0,1.0,0.0,0.0,1.0,1.0,0.0,0.0,0.0,0.0,1.0,0.0,1.0,0.0,0.0,1.0,0.0,1.0,0.0,0.0,1.0,0.0,6.0,0.0,1.0,0.0,1.4493021284778556,0.0,1.0,0.0,0.0,1.0,0.0,0.0,1.0,0.0
1337-BOZWO,0,-0.5851984004382496,-0.6102681089799328,-0.6489428369099502,0.0,1.0,0.0,1.0,0.0,1.0,1.0,0.0,0.0,1.0,0.0,1.0,0.0,0.0,1.0,0.0,0.0,0.0,0.0,1.0,0.0,0.0,1.0,1.0,0.0,0.0,0.0,0.0,1.0,1.0,0.0,0.0,0.0,1.0,0.0,1.0,0.0,0.0,1.0,0.0,0.0,1.0,0.0,4.0,1.0,0.0,0.0,1.1089279062006374,1.0,0.0,0.0,1.0,0.0,0.0,1.0,0.0,0.0
0868-VJRDR,0,1.2879383306831464,1.3057838322116073,1.9069223265359074,0.0,1.0,0.0,1.0,1.0,0.0,0.0,1.0,1.0,0.0,0.0,0.0,1.0,0.0,0.0,0.0,1.0,0.0,0.0,1.0,1.0,0.0,0.0,0.0,0.0,1.0,0.0,0.0,1.0,0.0,0.0,1.0,0.0,0.0,1.0,0.0,1.0,0.0,1.0,0.0,0.0,1.0,0.0,7.0,0.0,1.0,0.0,1.4806006476447053,0.0,1.0,0.0,0.0,1.0,0.0,0.0,1.0,0.0
8714-EUHJO,0,-0.055833672077855064,0.8770402061687477,0.3141914587772801,1.0,0.0,0.0,1.0,0.0,1.0,0.0,1.0,0.0,0.0,1.0,0.0,1.0,0.0,1.0,0.0,0.0,0.0,0.0,1.0,1.0,0.0,0.0,1.0,0.0,0.0,1.0,0.0,0.0,0.0,0.0,1.0,1.0,0.0,0.0,0.0,1.0,0.0,0.0,1.0,0.0,0.0,1.0,5.0,0.0,0.0,1.0,-5.627275568391207,0.0,0.0,1.0,0.0,0.0,1.0,0.0,0.0,1.0
6344-SFJVH,0,-0.5037576729981889,-1.3248408190513656,-0.7841447355899401,1.0,0.0,1.0,0.0,1.0,0.0,1.0,0.0,0.0,1.0,0.0,1.0,0.0,0.0,1.0,0.0,0.0,1.0,0.0,0.0,1.0,0.0,0.0,1.0,0.0,0.0,1.0,0.0,0.0,1.0,0.0,0.0,1.0,0.0,0.0,1.0,0.0,0.0,1.0,0.0,0.0,1.0,0.0,1.0,1.0,0.0,0.0,1.5565911501118899,1.0,0.0,0.0,1.0,0.0,0.0,1.0,0.0,0.0
3950-VPYJB,0,1.002895784642934,-0.17155370093607614,0.5409397564655842,0.0,1.0,0.0,1.0,0.0,1.0,0.0,1.0,1.0,0.0,0.0,1.0,0.0,0.0,0.0,0.0,1.0,0.0,0.0,1.0,1.0,0.0,0.0,0.0,0.0,1.0,1.0,0.0,0.0,1.0,0.0,0.0,0.0,1.0,0.0,1.0,0.0,0.0,0.0,0.0,1.0,1.0,0.0,5.0,0.0,1.0,0.0,0.5393778344159436,0.0,1.0,0.0,0.0,1.0,0.0,0.0,1.0,0.0
8041-TMEID,1,1.247217966963116,1.4536837652263923,2.0773751036774115,0.0,1.0,0.0,1.0,1.0,0.0,0.0,1.0,0.0,0.0,1.0,0.0,1.0,0.0,0.0,0.0,1.0,0.0,0.0,1.0,0.0,0.0,1.0,1.0,0.0,0.0,0.0,0.0,1.0,0.0,0.0,1.0,0.0,0.0,1.0,1.0,0.0,0.0,1.0,0.0,0.0,1.0,0.0,8.0,0.0,1.0,0.0,1.6656071021296037,0.0,1.0,0.0,0.0,1.0,0.0,0.0,1.0,0.0
7321-ZNSLA,0,-0.7888002190384014,-0.8046983579993692,-0.746908513535474,0.0,1.0,0.0,1.0,0.0,1.0,1.0,0.0,0.0,1.0,0.0,1.0,0.0,0.0,0.0,0.0,1.0,0.0,0.0,1.0,1.0,0.0,0.0,0.0,0.0,1.0,1.0,0.0,0.0,1.0,0.0,0.0,0.0,0.0,1.0,1.0,0.0,0.0,0.0,0.0,1.0,1.0,0.0,4.0,1.0,0.0,0.0,0.9468918688258022,1.0,0.0,0.0,1.0,0.0,0.0,1.0,0.0,0.0
6941-KXRRV,1,0.6364125111626608,-0.1931570619382357,0.22341713783289144,1.0,0.0,0.0,1.0,1.0,0.0,0.0,1.0,1.0,0.0,0.0,1.0,0.0,0.0,1.0,0.0,0.0,0.0,0.0,1.0,1.0,0.0,0.0,1.0,0.0,0.0,1.0,0.0,0.0,0.0,0.0,1.0,0.0,1.0,0.0,0.0,1.0,1.0,0.0,0.0,0.0,1.0,0.0,4.0,0.0,1.0,0.0,0.3510571114083397,0.0,1.0,0.0,0.0,1.0,0.0,0.0,1.0,0.0
3721-CNEYS,0,-1.2367242199587352,0.20567421810163386,-0.9465017227468541,1.0,0.0,1.0,0.0,1.0,0.0,0.0,1.0,1.0,0.0,0.0,0.0,1.0,0.0,1.0,0.0,0.0,1.0,0.0,0.0,1.0,0.0,0.0,1.0,0.0,0.0,1.0,0.0,0.0,1.0,0.0,0.0,1.0,0.0,0.0,0.0,1.0,0.0,0.0,1.0,0.0,0.0,1.0,2.0,1.0,0.0,0.0,0.7653296567430654,1.0,0.0,0.0,1.0,0.0,0.0,1.0,0.0,0.0
8727-JQFHV,0,1.002895784642934,-1.462769970065154,-0.5118438321300292,0.0,1.0,0.0,1.0,0.0,1.0,0.0,1.0,1.0,0.0,0.0,0.0,0.0,1.0,0.0,1.0,0.0,0.0,1.0,0.0,0.0,1.0,0.0,0.0,1.0,0.0,0.0,1.0,0.0,0.0,1.0,0.0,0.0,0.0,1.0,1.0,0.0,0.0,0.0,0.0,1.0,1.0,0.0,1.0,0.0,1.0,0.0,-0.5103659223298694,0.0,1.0,0.0,0.0,1.0,0.0,0.0,1.0,0.0
9475-NNDGC,0,1.5729808767233588,1.608230886241842,2.501510673251594,0.0,1.0,0.0,1.0,1.0,0.0,0.0,1.0,0.0,0.0,1.0,0.0,1.0,0.0,1.0,0.0,0.0,0.0,0.0,1.0,0.0,0.0,1.0,0.0,0.0,1.0,0.0,0.0,1.0,0.0,0.0,1.0,0.0,1.0,0.0,0.0,1.0,1.0,0.0,0.0,0.0,1.0,0.0,8.0,0.0,1.0,0.0,1.5902994818744618,0.0,1.0,0.0,0.0,1.0,0.0,0.0,1.0,0.0
1355-KUSBG,0,-1.0331224013585834,-0.5305018529719588,-0.8530361582653535,1.0,0.0,0.0,1.0,0.0,1.0,0.0,1.0,0.0,0.0,1.0,1.0,0.0,0.0,1.0,0.0,0.0,1.0,0.0,0.0,1.0,0.0,0.0,1.0,0.0,0.0,1.0,0.0,0.0,1.0,0.0,0.0,1.0,0.0,0.0,1.0,0.0,0.0,0.0,1.0,0.0,1.0,0.0,3.0,1.0,0.0,0.0,0.8256874085235093,1.0,0.0,0.0,1.0,0.0,0.0,1.0,0.0,0.0
3688-FTHLT,0,-0.6666391278783103,-0.056889707924613786,-0.5365944489221566,1.0,0.0,1.0,0.0,1.0,0.0,0.0,1.0,0.0,0.0,1.0,1.0,0.0,0.0,1.0,0.0,0.0,1.0,0.0,0.0,1.0,0.0,0.0,1.0,0.0,0.0,1.0,0.0,0.0,0.0,0.0,1.0,1.0,0.0,0.0,0.0,1.0,1.0,0.0,0.0,0.0,1.0,0.0,4.0,1.0,0.0,0.0,0.8049249233688961,1.0,0.0,0.0,1.0,0.0,0.0,1.0,0.0,0.0
0899-LIIBW,0,0.06632741908223598,1.1994288242009752,0.5488370120908799,0.0,1.0,0.0,1.0,1.0,0.0,0.0,1.0,0.0,0.0,1.0,0.0,1.0,0.0,1.0,0.0,0.0,1.0,0.0,0.0,0.0,0.0,1.0,1.0,0.0,0.0,0.0,0.0,1.0,0.0,0.0,1.0,1.0,0.0,0.0,1.0,0.0,0.0,0.0,1.0,0.0,1.0,0.0,6.0,0.0,0.0,1.0,8.274662570699531,0.0,0.0,1.0,0.0,0.0,1.0,0.0,0.0,1.0
2568-OIADY,0,0.18848851024232702,1.15456030519649,0.6523837101499224,1.0,0.0,0.0,1.0,1.0,0.0,0.0,1.0,0.0,0.0,1.0,0.0,1.0,0.0,1.0,0.0,0.0,1.0,0.0,0.0,0.0,0.0,1.0,1.0,0.0,0.0,0.0,0.0,1.0,0.0,0.0,1.0,1.0,0.0,0.0,0.0,1.0,0.0,0.0,1.0,0.0,0.0,1.0,6.0,0.0,0.0,1.0,3.461132507818097,0.0,0.0,1.0,0.0,0.0,1.0,0.0,0.0,1.0
1384-RCUXW,0,-0.6666391278783103,0.5247392421335293,-0.4563645083936652,0.0,1.0,1.0,0.0,1.0,0.0,0.0,1.0,0.0,0.0,1.0,0.0,1.0,0.0,1.0,0.0,0.0,0.0,0.0,1.0,1.0,0.0,0.0,1.0,0.0,0.0,1.0,0.0,0.0,1.0,0.0,0.0,1.0,0.0,0.0,0.0,1.0,0.0,0.0,0.0,1.0,1.0,0.0,4.0,1.0,0.0,0.0,0.6845750411412559,1.0,0.0,0.0,1.0,0.0,0.0,1.0,0.0,0.0
5825-XJOCM,0,0.6364125111626608,-0.012021188920128179,0.3317948386347825,0.0,1.0,1.0,0.0,0.0,1.0,0.0,1.0,0.0,0.0,1.0,1.0,0.0,0.0,0.0,0.0,1.0,0.0,0.0,1.0,0.0,0.0,1.0,1.0,0.0,0.0,1.0,0.0,0.0,1.0,0.0,0.0,0.0,1.0,0.0,0.0,1.0,1.0,0.0,0.0,0.0,1.0,0.0,6.0,0.0,1.0,0.0,0.5213518477640031,0.0,1.0,0.0,0.0,1.0,0.0,0.0,1.0,0.0
6848-YLDFR,0,1.0436161483629645,0.3469269631157543,0.8900955163459692,0.0,1.0,0.0,1.0,0.0,1.0,0.0,1.0,1.0,0.0,0.0,1.0,0.0,0.0,1.0,0.0,0.0,0.0,0.0,1.0,1.0,0.0,0.0,0.0,0.0,1.0,0.0,0.0,1.0,0.0,0.0,1.0,0.0,1.0,0.0,0.0,1.0,0.0,1.0,0.0,0.0,1.0,0.0,6.0,0.0,1.0,0.0,0.852895499693244,0.0,1.0,0.0,0.0,1.0,0.0,0.0,1.0,0.0
8125-QPFJD,0,1.6137012404433893,0.6693155811479823,1.6685707985154652,1.0,0.0,0.0,1.0,1.0,0.0,0.0,1.0,0.0,0.0,1.0,1.0,0.0,0.0,0.0,0.0,1.0,1.0,0.0,0.0,0.0,0.0,1.0,0.0,0.0,1.0,0.0,0.0,1.0,0.0,0.0,1.0,0.0,0.0,1.0,0.0,1.0,1.0,0.0,0.0,0.0,1.0,0.0,8.0,0.0,1.0,0.0,1.0340023027168275,0.0,1.0,0.0,0.0,1.0,0.0,0.0,1.0,0.0
2320-YKQBO,0,-1.0331224013585834,-1.5109620830699715,-0.9434134104911519,1.0,0.0,1.0,0.0,1.0,0.0,0.0,1.0,1.0,0.0,0.0,0.0,0.0,1.0,0.0,1.0,0.0,0.0,1.0,0.0,0.0,1.0,0.0,0.0,1.0,0.0,0.0,1.0,0.0,0.0,1.0,0.0,1.0,0.0,0.0,1.0,0.0,0.0,0.0,0.0,1.0,1.0,0.0,1.0,1.0,0.0,0.0,0.9131671225505693,1.0,0.0,0.0,1.0,0.0,0.0,1.0,0.0,0.0
1193-RTSLK,0,0.22920887396235737,0.6360796411446599,0.41926025359091884,1.0,0.0,1.0,0.0,1.0,0.0,0.0,1.0,1.0,0.0,0.0,0.0,1.0,0.0,0.0,0.0,1.0,0.0,0.0,1.0,0.0,0.0,1.0,1.0,0.0,0.0,1.0,0.0,0.0,1.0,0.0,0.0,1.0,0.0,0.0,0.0,1.0,0.0,1.0,0.0,0.0,0.0,1.0,5.0,0.0,0.0,1.0,1.8291623982227379,0.0,0.0,1.0,0.0,0.0,1.0,0.0,0.0,1.0
2302-ANTDP,1,0.6364125111626608,1.7511454282561285,1.392210970376631,1.0,0.0,0.0,1.0,1.0,0.0,0.0,1.0,0.0,0.0,1.0,0.0,1.0,0.0,0.0,0.0,1.0,0.0,0.0,1.0,0.0,0.0,1.0,0.0,0.0,1.0,0.0,0.0,1.0,0.0,0.0,1.0,1.0,0.0,0.0,1.0,0.0,0.0,0.0,1.0,0.0,0.0,1.0,9.0,0.0,1.0,0.0,2.187592082112282,0.0,1.0,0.0,0.0,1.0,0.0,0.0,1.0,0.0
5923-GXUOC,0,-0.9109613101984924,1.3174164112127704,-0.530241349424712,0.0,1.0,1.0,0.0,1.0,0.0,0.0,1.0,1.0,0.0,0.0,0.0,1.0,0.0,0.0,0.0,1.0,0.0,0.0,1.0,0.0,0.0,1.0,1.0,0.0,0.0,0.0,0.0,1.0,0.0,0.0,1.0,1.0,0.0,0.0,0.0,1.0,0.0,0.0,1.0,0.0,0.0,1.0,7.0,1.0,0.0,0.0,0.5820679138493554,1.0,0.0,0.0,1.0,0.0,0.0,1.0,0.0,0.0
4973-RLZVI,0,-0.0965540357978854,0.32864719611392706,0.01116184837313261,1.0,0.0,1.0,0.0,1.0,0.0,0.0,1.0,1.0,0.0,0.0,1.0,0.0,0.0,0.0,0.0,1.0,0.0,0.0,1.0,0.0,0.0,1.0,0.0,0.0,1.0,0.0,0.0,1.0,1.0,0.0,0.0,0.0,1.0,0.0,1.0,0.0,0.0,1.0,0.0,0.0,1.0,0.0,7.0,0.0,0.0,1.0,-0.11560209038281404,0.0,0.0,1.0,0.0,0.0,1.0,0.0,0.0,1.0
7869-ZYDST,0,-0.055833672077855064,-0.18983346793790365,-0.17669577426657912,0.0,1.0,0.0,1.0,1.0,0.0,0.0,1.0,0.0,0.0,1.0,1.0,0.0,0.0,1.0,0.0,0.0,1.0,0.0,0.0,1.0,0.0,0.0,1.0,0.0,0.0,0.0,0.0,1.0,1.0,0.0,0.0,1.0,0.0,0.0,0.0,1.0,0.0,1.0,0.0,0.0,1.0,0.0,4.0,0.0,0.0,1.0,3.1646812342951876,0.0,0.0,1.0,0.0,0.0,1.0,0.0,0.0,1.0
4501-UYKBC,1,0.5549717837226001,0.14418772909548702,0.42885608095685057,1.0,0.0,1.0,0.0,1.0,0.0,0.0,1.0,0.0,0.0,1.0,1.0,0.0,0.0,1.0,0.0,0.0,1.0,0.0,0.0,0.0,0.0,1.0,0.0,0.0,1.0,1.0,0.0,0.0,0.0,0.0,1.0,0.0,1.0,0.0,0.0,1.0,0.0,1.0,0.0,0.0,1.0,0.0,6.0,0.0,1.0,0.0,0.7727529462492676,0.0,1.0,0.0,0.0,1.0,0.0,0.0,1.0,0.0
1215-EXRMO,0,0.7178532386027215,-1.4694171580658184,-0.5363297364430963,0.0,1.0,0.0,1.0,1.0,0.0,0.0,1.0,1.0,0.0,0.0,0.0,0.0,1.0,0.0,1.0,0.0,0.0,1.0,0.0,0.0,1.0,0.0,0.0,1.0,0.0,0.0,1.0,0.0,0.0,1.0,0.0,0.0,0.0,1.0,1.0,0.0,0.0,0.0,0.0,1.0,1.0,0.0,1.0,0.0,1.0,0.0,-0.7471300644781447,0.0,1.0,0.0,0.0,1.0,0.0,0.0,1.0,0.0
2305-MRGLV,0,-0.1779947632379461,0.39179548212023946,-0.09613494313926256,0.0,1.0,0.0,1.0,1.0,0.0,0.0,1.0,1.0,0.0,0.0,0.0,1.0,0.0,1.0,0.0,0.0,1.0,0.0,0.0,1.0,0.0,0.0,0.0,0.0,1.0,1.0,0.0,0.0,1.0,0.0,0.0,1.0,0.0,0.0,1.0,0.0,1.0,0.0,0.0,0.0,1.0,0.0,3.0,0.0,0.0,1.0,0.5400998399640999,0.0,0.0,1.0,0.0,0.0,1.0,0.0,0.0,1.0
8404-VIOMB,0,1.369379058123207,-0.07516947492644105,0.8175642970834781,1.0,0.0,1.0,0.0,1.0,0.0,1.0,0.0,0.0,1.0,0.0,1.0,0.0,0.0,0.0,0.0,1.0,0.0,0.0,1.0,0.0,0.0,1.0,0.0,0.0,1.0,0.0,0.0,1.0,0.0,0.0,1.0,0.0,0.0,1.0,0.0,1.0,1.0,0.0,0.0,0.0,1.0,0.0,7.0,0.0,1.0,0.0,0.5970328611597034,0.0,1.0,0.0,0.0,1.0,0.0,0.0,1.0,0.0
5233-GEEAX,1,-0.9924020376385531,-1.1752790890364146,-0.909464035051683,0.0,1.0,1.0,0.0,1.0,0.0,1.0,0.0,0.0,1.0,0.0,1.0,0.0,0.0,1.0,0.0,0.0,1.0,0.0,0.0,0.0,0.0,1.0,1.0,0.0,0.0,1.0,0.0,0.0,1.0,0.0,0.0,1.0,0.0,0.0,0.0,1.0,0.0,0.0,1.0,0.0,0.0,1.0,2.0,1.0,0.0,0.0,0.9164270130034968,1.0,0.0,0.0,1.0,0.0,0.0,1.0,0.0,0.0
2359-KLTEK,0,0.35136996512244845,1.001674981181207,0.690325832148549,1.0,0.0,0.0,1.0,0.0,1.0,0.0,1.0,1.0,0.0,0.0,0.0,1.0,0.0,1.0,0.0,0.0,1.0,0.0,0.0,0.0,0.0,1.0,1.0,0.0,0.0,0.0,0.0,1.0,0.0,0.0,1.0,1.0,0.0,0.0,0.0,1.0,1.0,0.0,0.0,0.0,1.0,0.0,5.0,0.0,0.0,1.0,1.964669438686879,0.0,0.0,1.0,0.0,0.0,1.0,0.0,0.0,1.0
5304-EFJLP,1,1.6137012404433893,1.5583769762368582,2.532217320822576,0.0,1.0,0.0,1.0,1.0,0.0,0.0,1.0,0.0,0.0,1.0,0.0,1.0,0.0,1.0,0.0,0.0,0.0,0.0,1.0,0.0,0.0,1.0,0.0,0.0,1.0,0.0,0.0,1.0,0.0,0.0,1.0,0.0,0.0,1.0,0.0,1.0,1.0,0.0,0.0,0.0,1.0,0.0,8.0,0.0,1.0,0.0,1.5691983480949734,0.0,1.0,0.0,0.0,1.0,0.0,0.0,1.0,0.0
2673-ZALNP,0,-1.0331224013585834,-1.491020519067978,-0.9309719239753231,1.0,0.0,1.0,0.0,1.0,0.0,0.0,1.0,1.0,0.0,0.0,0.0,0.0,1.0,0.0,1.0,0.0,0.0,1.0,0.0,0.0,1.0,0.0,0.0,1.0,0.0,0.0,1.0,0.0,0.0,1.0,0.0,0.0,1.0,0.0,1.0,0.0,0.0,0.0,0.0,1.0,1.0,0.0,1.0,1.0,0.0,0.0,0.901124516079673,1.0,0.0,0.0,1.0,0.0,0.0,1.0,0.0,0.0
9184-GALIL,0,0.22920887396235737,-1.4727407520661506,-0.6626858264478249,1.0,0.0,0.0,1.0,0.0,1.0,0.0,1.0,1.0,0.0,0.0,0.0,0.0,1.0,0.0,1.0,0.0,0.0,1.0,0.0,0.0,1.0,0.0,0.0,1.0,0.0,0.0,1.0,0.0,0.0,1.0,0.0,1.0,0.0,0.0,1.0,0.0,0.0,0.0,0.0,1.0,1.0,0.0,1.0,0.0,0.0,1.0,-2.8911874788785745,0.0,0.0,1.0,0.0,0.0,1.0,0.0,0.0,1.0
4393-RYCRE,0,0.47353105628253944,1.3722557122182522,0.9827448840170342,0.0,1.0,1.0,0.0,1.0,0.0,0.0,1.0,1.0,0.0,0.0,0.0,1.0,0.0,0.0,0.0,1.0,0.0,0.0,1.0,0.0,0.0,1.0,1.0,0.0,0.0,0.0,0.0,1.0,0.0,0.0,1.0,0.0,1.0,0.0,0.0,1.0,0.0,0.0,1.0,0.0,1.0,0.0,7.0,0.0,0.0,1.0,2.075354659379858,0.0,0.0,1.0,0.0,0.0,1.0,0.0,0.0,1.0
9746-MDMBK,0,0.5956921474426305,1.6182016682428386,1.3387831683529838,0.0,1.0,0.0,1.0,0.0,1.0,0.0,1.0,0.0,0.0,1.0,0.0,1.0,0.0,0.0,0.0,1.0,0.0,0.0,1.0,0.0,0.0,1.0,0.0,0.0,1.0,0.0,0.0,1.0,0.0,0.0,1.0,0.0,1.0,0.0,0.0,1.0,1.0,0.0,0.0,0.0,1.0,0.0,9.0,0.0,1.0,0.0,2.247441357252268,0.0,1.0,0.0,0.0,1.0,0.0,0.0,1.0,0.0
3162-ZJZFU,0,0.8400143297628127,0.9235705221733989,1.1012698965162322,0.0,1.0,0.0,1.0,0.0,1.0,0.0,1.0,1.0,0.0,0.0,0.0,1.0,0.0,1.0,0.0,0.0,0.0,0.0,1.0,1.0,0.0,0.0,0.0,0.0,1.0,0.0,0.0,1.0,1.0,0.0,0.0,1.0,0.0,0.0,0.0,1.0,0.0,0.0,1.0,0.0,1.0,0.0,5.0,0.0,1.0,0.0,1.311013226199591,0.0,1.0,0.0,0.0,1.0,0.0,0.0,1.0,0.0
8404-GFGCZ,0,-1.1552834925186746,0.0278619390838584,-0.8970225485358544,0.0,1.0,0.0,1.0,1.0,0.0,0.0,1.0,0.0,0.0,1.0,1.0,0.0,0.0,1.0,0.0,0.0,1.0,0.0,0.0,0.0,0.0,1.0,1.0,0.0,0.0,0.0,0.0,1.0,1.0,0.0,0.0,1.0,0.0,0.0,1.0,0.0,0.0,0.0,1.0,0.0,1.0,0.0,5.0,1.0,0.0,0.0,0.7764523204432046,1.0,0.0,0.0,1.0,0.0,0.0,1.0,0.0,0.0
8875-AKBYH,1,-0.5037576729981889,0.6510358141461546,-0.23740316946438167,0.0,1.0,1.0,0.0,1.0,0.0,0.0,1.0,0.0,0.0,1.0,0.0,1.0,0.0,1.0,0.0,0.0,1.0,0.0,0.0,1.0,0.0,0.0,1.0,0.0,0.0,0.0,0.0,1.0,1.0,0.0,0.0,1.0,0.0,0.0,0.0,1.0,0.0,0.0,1.0,0.0,1.0,0.0,4.0,1.0,0.0,0.0,0.47126462223680154,1.0,0.0,0.0,1.0,0.0,0.0,1.0,0.0,0.0
4432-ADRLB,0,-1.2367242199587352,-0.6684310039857471,-0.9743185924214285,0.0,1.0,1.0,0.0,1.0,0.0,0.0,1.0,1.0,0.0,0.0,1.0,0.0,0.0,1.0,0.0,0.0,1.0,0.0,0.0,1.0,0.0,0.0,1.0,0.0,0.0,1.0,0.0,0.0,1.0,0.0,0.0,1.0,0.0,0.0,1.0,0.0,0.0,0.0,0.0,1.0,0.0,1.0,2.0,1.0,0.0,0.0,0.7878220355819812,1.0,0.0,0.0,1.0,0.0,0.0,1.0,0.0,0.0
0533-UCAAU,1,1.002895784642934,0.21065960910213194,0.8191966907043495,0.0,1.0,0.0,1.0,1.0,0.0,0.0,1.0,0.0,0.0,1.0,1.0,0.0,0.0,1.0,0.0,0.0,0.0,0.0,1.0,0.0,0.0,1.0,1.0,0.0,0.0,0.0,0.0,1.0,1.0,0.0,0.0,0.0,1.0,0.0,0.0,1.0,0.0,1.0,0.0,0.0,1.0,0.0,6.0,0.0,1.0,0.0,0.8168313231030403,0.0,1.0,0.0,0.0,1.0,0.0,0.0,1.0,0.0
1394-SUIUH,1,0.47353105628253944,0.677624566148813,0.6120150570932441,1.0,0.0,0.0,1.0,1.0,0.0,0.0,1.0,1.0,0.0,0.0,0.0,1.0,0.0,0.0,0.0,1.0,0.0,0.0,1.0,1.0,0.0,0.0,0.0,0.0,1.0,1.0,0.0,0.0,1.0,0.0,0.0,1.0,0.0,0.0,0.0,1.0,0.0,0.0,1.0,0.0,1.0,0.0,5.0,0.0,0.0,1.0,1.2924496692949239,0.0,0.0,1.0,0.0,0.0,1.0,0.0,0.0,1.0
3521-MNKLV,0,-0.3408762181180675,-0.5005895069689685,-0.4921448118133004,0.0,1.0,1.0,0.0,1.0,0.0,0.0,1.0,1.0,0.0,0.0,1.0,0.0,0.0,1.0,0.0,0.0,1.0,0.0,0.0,0.0,0.0,1.0,1.0,0.0,0.0,1.0,0.0,0.0,1.0,0.0,0.0,1.0,0.0,0.0,0.0,1.0,0.0,0.0,0.0,1.0,1.0,0.0,3.0,0.0,0.0,1.0,1.4437639989388722,0.0,0.0,1.0,0.0,0.0,1.0,0.0,0.0,1.0
2533-TIBIX,0,-0.7073594915983407,-1.1486903370337564,-0.8001598405730813,0.0,1.0,0.0,1.0,0.0,1.0,1.0,0.0,0.0,1.0,0.0,1.0,0.0,0.0,0.0,0.0,1.0,1.0,0.0,0.0,1.0,0.0,0.0,1.0,0.0,0.0,1.0,0.0,0.0,1.0,0.0,0.0,1.0,0.0,0.0,0.0,1.0,1.0,0.0,0.0,0.0,1.0,0.0,2.0,1.0,0.0,0.0,1.1311926256408182,1.0,0.0,0.0,1.0,0.0,0.0,1.0,0.0,0.0
8993-PHFWD,0,-1.1960038562387048,-1.3132082400502028,-0.9813775918630334,1.0,0.0,1.0,0.0,1.0,0.0,1.0,0.0,0.0,1.0,0.0,1.0,0.0,0.0,1.0,0.0,0.0,1.0,0.0,0.0,1.0,0.0,0.0,1.0,0.0,0.0,1.0,0.0,0.0,1.0,0.0,0.0,1.0,0.0,0.0,1.0,0.0,0.0,0.0,1.0,0.0,0.0,1.0,1.0,1.0,0.0,0.0,0.8205471802986937,1.0,0.0,0.0,1.0,0.0,0.0,1.0,0.0,0.0
1565-RHDJD,0,-1.1552834925186746,0.641065032145158,-0.8602054545732335,1.0,0.0,1.0,0.0,0.0,1.0,0.0,1.0,0.0,0.0,1.0,0.0,1.0,0.0,1.0,0.0,0.0,0.0,0.0,1.0,0.0,0.0,1.0,1.0,0.0,0.0,1.0,0.0,0.0,1.0,0.0,0.0,1.0,0.0,0.0,1.0,0.0,1.0,0.0,0.0,0.0,0.0,1.0,5.0,1.0,0.0,0.0,0.7445838706635278,1.0,0.0,0.0,1.0,0.0,0.0,1.0,0.0,0.0
7137-RYLPP,1,0.18848851024232702,0.6959043331506402,0.3917080963954046,0.0,1.0,0.0,1.0,1.0,0.0,0.0,1.0,0.0,0.0,1.0,0.0,1.0,0.0,1.0,0.0,0.0,1.0,0.0,0.0,1.0,0.0,0.0,1.0,0.0,0.0,0.0,0.0,1.0,1.0,0.0,0.0,1.0,0.0,0.0,0.0,1.0,0.0,0.0,1.0,0.0,0.0,1.0,4.0,0.0,0.0,1.0,2.078153707575129,0.0,0.0,1.0,0.0,0.0,1.0,0.0,0.0,1.0
3765-JXVKY,0,-1.2774445836787656,0.3303089931140931,-0.9744068299144487,1.0,0.0,1.0,0.0,1.0,0.0,0.0,1.0,1.0,0.0,0.0,0.0,1.0,0.0,1.0,0.0,0.0,0.0,0.0,1.0,1.0,0.0,0.0,1.0,0.0,0.0,1.0,0.0,0.0,1.0,0.0,0.0,1.0,0.0,0.0,0.0,1.0,0.0,0.0,1.0,0.0,0.0,1.0,3.0,1.0,0.0,0.0,0.7627781606841736,1.0,0.0,0.0,1.0,0.0,0.0,1.0,0.0,0.0
5092-STPKP,0,-0.3408762181180675,-0.27957050594687416,-0.3979954067608943,1.0,0.0,1.0,0.0,1.0,0.0,0.0,1.0,1.0,0.0,0.0,1.0,0.0,0.0,0.0,0.0,1.0,1.0,0.0,0.0,1.0,0.0,0.0,0.0,0.0,1.0,1.0,0.0,0.0,1.0,0.0,0.0,1.0,0.0,0.0,1.0,0.0,0.0,1.0,0.0,0.0,1.0,0.0,4.0,0.0,0.0,1.0,1.1675657778597002,0.0,0.0,1.0,0.0,0.0,1.0,0.0,0.0,1.0
7330-WZLNC,0,-1.1145631287986442,0.8654076271675846,-0.8064026432042507,1.0,0.0,1.0,0.0,1.0,0.0,0.0,1.0,0.0,0.0,1.0,0.0,1.0,0.0,1.0,0.0,0.0,0.0,0.0,1.0,1.0,0.0,0.0,1.0,0.0,0.0,0.0,0.0,1.0,1.0,0.0,0.0,1.0,0.0,0.0,0.0,1.0,0.0,0.0,1.0,0.0,0.0,1.0,5.0,1.0,0.0,0.0,0.7235145523551,1.0,0.0,0.0,1.0,0.0,0.0,1.0,0.0,0.0
0114-PEGZZ,0,0.025607055362205634,1.422109622223236,0.6009853704657363,1.0,0.0,1.0,0.0,1.0,0.0,0.0,1.0,0.0,0.0,1.0,0.0,1.0,0.0,1.0,0.0,0.0,0.0,0.0,1.0,0.0,0.0,1.0,1.0,0.0,0.0,0.0,0.0,1.0,0.0,0.0,1.0,1.0,0.0,0.0,1.0,0.0,0.0,0.0,1.0,0.0,1.0,0.0,7.0,0.0,0.0,1.0,23.46952283130344,0.0,0.0,1.0,0.0,0.0,1.0,0.0,0.0,1.0
3359-DSRKA,0,1.0436161483629645,-1.4926823160681442,-0.49609343962594815,1.0,0.0,0.0,1.0,0.0,1.0,0.0,1.0,1.0,0.0,0.0,0.0,0.0,1.0,0.0,1.0,0.0,0.0,1.0,0.0,0.0,1.0,0.0,0.0,1.0,0.0,0.0,1.0,0.0,0.0,1.0,0.0,0.0,0.0,1.0,0.0,1.0,0.0,0.0,0.0,1.0,1.0,0.0,1.0,0.0,1.0,0.0,-0.47536006452576407,0.0,1.0,0.0,0.0,1.0,0.0,0.0,1.0,0.0
8639-NHQEI,0,1.6137012404433893,1.0349109211845293,2.060720276869875,1.0,0.0,0.0,1.0,0.0,1.0,0.0,1.0,0.0,0.0,1.0,0.0,1.0,0.0,0.0,0.0,1.0,0.0,0.0,1.0,1.0,0.0,0.0,1.0,0.0,0.0,0.0,0.0,1.0,1.0,0.0,0.0,0.0,0.0,1.0,0.0,1.0,1.0,0.0,0.0,0.0,1.0,0.0,6.0,0.0,1.0,0.0,1.2770147442556716,0.0,1.0,0.0,0.0,1.0,0.0,0.0,1.0,0.0
7161-DFHUF,0,1.5729808767233588,-1.3597385560548543,-0.2696539731632143,1.0,0.0,0.0,1.0,1.0,0.0,0.0,1.0,0.0,0.0,1.0,0.0,0.0,1.0,0.0,1.0,0.0,0.0,1.0,0.0,0.0,1.0,0.0,0.0,1.0,0.0,0.0,1.0,0.0,0.0,1.0,0.0,0.0,0.0,1.0,1.0,0.0,0.0,0.0,0.0,1.0,1.0,0.0,2.0,0.0,1.0,0.0,-0.17142864045806105,0.0,1.0,0.0,0.0,1.0,0.0,0.0,1.0,0.0
3957-LXOLK,1,-0.1779947632379461,1.3755793062185846,0.3834799501712838,1.0,0.0,1.0,0.0,1.0,0.0,0.0,1.0,0.0,0.0,1.0,0.0,1.0,0.0,1.0,0.0,0.0,0.0,0.0,1.0,0.0,0.0,1.0,1.0,0.0,0.0,0.0,0.0,1.0,0.0,0.0,1.0,1.0,0.0,0.0,0.0,1.0,0.0,0.0,1.0,0.0,0.0,1.0,7.0,0.0,0.0,1.0,-2.1544451263357787,0.0,0.0,1.0,0.0,0.0,1.0,0.0,0.0,1.0
3720-DBRWL,0,0.758573602322752,0.6344178441444933,0.8928749973761012,0.0,1.0,0.0,1.0,1.0,0.0,0.0,1.0,1.0,0.0,0.0,1.0,0.0,0.0,0.0,0.0,1.0,0.0,0.0,1.0,0.0,0.0,1.0,0.0,0.0,1.0,0.0,0.0,1.0,0.0,0.0,1.0,0.0,0.0,1.0,0.0,1.0,0.0,1.0,0.0,0.0,1.0,0.0,8.0,0.0,1.0,0.0,1.1770446462177413,0.0,1.0,0.0,0.0,1.0,0.0,0.0,1.0,0.0
6635-MYYYZ,0,-0.0965540357978854,0.684271754149477,0.10901722813238132,1.0,0.0,1.0,0.0,1.0,0.0,0.0,1.0,1.0,0.0,0.0,1.0,0.0,0.0,0.0,0.0,1.0,0.0,0.0,1.0,0.0,0.0,1.0,0.0,0.0,1.0,0.0,0.0,1.0,0.0,0.0,1.0,0.0,1.0,0.0,1.0,0.0,1.0,0.0,0.0,0.0,0.0,1.0,8.0,0.0,0.0,1.0,-1.1290799730068752,0.0,0.0,1.0,0.0,0.0,1.0,0.0,0.0,1.0
8565-WUXZU,1,1.6137012404433893,0.6659919871476498,1.7022554614758736,0.0,1.0,0.0,1.0,1.0,0.0,0.0,1.0,1.0,0.0,0.0,0.0,1.0,0.0,0.0,0.0,1.0,0.0,0.0,1.0,1.0,0.0,0.0,0.0,0.0,1.0,1.0,0.0,0.0,1.0,0.0,0.0,0.0,0.0,1.0,0.0,1.0,0.0,1.0,0.0,0.0,1.0,0.0,5.0,0.0,1.0,0.0,1.0548764658618919,0.0,1.0,0.0,0.0,1.0,0.0,0.0,1.0,0.0
5281-BUZGT,1,0.14776814652229667,0.8670694241677506,0.3985685614777143,0.0,1.0,1.0,0.0,1.0,0.0,0.0,1.0,0.0,0.0,1.0,0.0,1.0,0.0,0.0,0.0,1.0,1.0,0.0,0.0,1.0,0.0,0.0,1.0,0.0,0.0,0.0,0.0,1.0,1.0,0.0,0.0,1.0,0.0,0.0,0.0,1.0,0.0,0.0,1.0,0.0,0.0,1.0,5.0,0.0,0.0,1.0,2.6972562819387766,0.0,0.0,1.0,0.0,0.0,1.0,0.0,0.0,1.0
4994-OBRSZ,0,-0.748079855318371,0.37683930911874425,-0.5419989953696354,0.0,1.0,1.0,0.0,0.0,1.0,0.0,1.0,1.0,0.0,0.0,1.0,0.0,0.0,0.0,0.0,1.0,0.0,0.0,1.0,0.0,0.0,1.0,0.0,0.0,1.0,1.0,0.0,0.0,0.0,0.0,1.0,0.0,0.0,1.0,1.0,0.0,1.0,0.0,0.0,0.0,1.0,0.0,7.0,1.0,0.0,0.0,0.7245202387370385,1.0,0.0,0.0,1.0,0.0,0.0,1.0,0.0,0.0
0562-FGDCR,0,1.6137012404433893,0.32532360211359457,1.3885711737895536,1.0,0.0,0.0,1.0,0.0,1.0,0.0,1.0,0.0,0.0,1.0,1.0,0.0,0.0,0.0,0.0,1.0,0.0,0.0,1.0,1.0,0.0,0.0,0.0,0.0,1.0,0.0,0.0,1.0,1.0,0.0,0.0,0.0,0.0,1.0,1.0,0.0,0.0,0.0,0.0,1.0,1.0,0.0,7.0,0.0,1.0,0.0,0.8604883847074583,0.0,1.0,0.0,0.0,1.0,0.0,0.0,1.0,0.0
2436-QBZFP,0,-0.4223169455581282,-0.8495668770038544,-0.6323983069686887,1.0,0.0,0.0,1.0,0.0,1.0,1.0,0.0,0.0,1.0,0.0,1.0,0.0,0.0,1.0,0.0,0.0,0.0,0.0,1.0,1.0,0.0,0.0,1.0,0.0,0.0,0.0,0.0,1.0,1.0,0.0,0.0,1.0,0.0,0.0,1.0,0.0,0.0,0.0,1.0,0.0,1.0,0.0,3.0,0.0,0.0,1.0,1.4974495189458237,0.0,0.0,1.0,0.0,0.0,1.0,0.0,0.0,1.0
3420-YJLQT,0,-1.2367242199587352,0.4915033021302069,-0.9404133357284697,1.0,0.0,1.0,0.0,1.0,0.0,0.0,1.0,0.0,0.0,1.0,0.0,1.0,0.0,1.0,0.0,0.0,0.0,0.0,1.0,1.0,0.0,0.0,1.0,0.0,0.0,1.0,0.0,0.0,1.0,0.0,0.0,1.0,0.0,0.0,1.0,0.0,0.0,0.0,1.0,0.0,1.0,0.0,4.0,1.0,0.0,0.0,0.7604066618504874,1.0,0.0,0.0,1.0,0.0,0.0,1.0,0.0,0.0
6040-CGACY,0,-0.7073594915983407,-1.5009913010689746,-0.875272006506409,1.0,0.0,1.0,0.0,1.0,0.0,0.0,1.0,1.0,0.0,0.0,0.0,0.0,1.0,0.0,1.0,0.0,0.0,1.0,0.0,0.0,1.0,0.0,0.0,1.0,0.0,0.0,1.0,0.0,0.0,1.0,0.0,1.0,0.0,0.0,1.0,0.0,0.0,0.0,0.0,1.0,1.0,0.0,1.0,1.0,0.0,0.0,1.237379319712888,1.0,0.0,0.0,1.0,0.0,0.0,1.0,0.0,0.0
6582-PLFUU,0,0.758573602322752,-1.502653098069141,-0.5279030558596804,0.0,1.0,0.0,1.0,0.0,1.0,0.0,1.0,1.0,0.0,0.0,0.0,0.0,1.0,0.0,1.0,0.0,0.0,1.0,0.0,0.0,1.0,0.0,0.0,1.0,0.0,0.0,1.0,0.0,0.0,1.0,0.0,0.0,0.0,1.0,1.0,0.0,0.0,1.0,0.0,0.0,1.0,0.0,1.0,0.0,1.0,0.0,-0.6959154052332451,0.0,1.0,0.0,0.0,1.0,0.0,0.0,1.0,0.0
8242-PDSGJ,0,1.5322605130033284,-0.8512286740040206,0.1806440130914165,0.0,1.0,0.0,1.0,1.0,0.0,1.0,0.0,0.0,1.0,0.0,1.0,0.0,0.0,0.0,0.0,1.0,1.0,0.0,0.0,0.0,0.0,1.0,0.0,0.0,1.0,1.0,0.0,0.0,1.0,0.0,0.0,0.0,0.0,1.0,0.0,1.0,0.0,1.0,0.0,0.0,1.0,0.0,4.0,0.0,1.0,0.0,0.11789379910165713,0.0,1.0,0.0,0.0,1.0,0.0,0.0,1.0,0.0
0264-CNITK,0,1.5729808767233588,-1.4843733310673135,-0.39428943205405176,1.0,0.0,0.0,1.0,0.0,1.0,0.0,1.0,1.0,0.0,0.0,0.0,0.0,1.0,0.0,1.0,0.0,0.0,1.0,0.0,0.0,1.0,0.0,0.0,1.0,0.0,0.0,1.0,0.0,0.0,1.0,0.0,0.0,0.0,1.0,1.0,0.0,1.0,0.0,0.0,0.0,1.0,0.0,1.0,0.0,1.0,0.0,-0.2506638433363457,0.0,1.0,0.0,0.0,1.0,0.0,0.0,1.0,0.0
0089-IIQKO,0,0.26992923768238775,1.1695164781979852,0.654766122461464,1.0,0.0,0.0,1.0,0.0,1.0,0.0,1.0,0.0,0.0,1.0,0.0,1.0,0.0,1.0,0.0,0.0,1.0,0.0,0.0,1.0,0.0,0.0,0.0,0.0,1.0,0.0,0.0,1.0,0.0,0.0,1.0,1.0,0.0,0.0,0.0,1.0,0.0,1.0,0.0,0.0,1.0,0.0,6.0,0.0,0.0,1.0,2.425695445529671,0.0,0.0,1.0,0.0,0.0,1.0,0.0,0.0,1.0
7839-NUIAA,0,1.1657772395230555,-0.16490651293541178,0.5992206206053351,1.0,0.0,0.0,1.0,0.0,1.0,0.0,1.0,0.0,0.0,1.0,1.0,0.0,0.0,0.0,0.0,1.0,0.0,0.0,1.0,1.0,0.0,0.0,1.0,0.0,0.0,1.0,0.0,0.0,1.0,0.0,0.0,1.0,0.0,0.0,1.0,0.0,0.0,0.0,1.0,0.0,1.0,0.0,5.0,0.0,1.0,0.0,0.5140095382634929,0.0,1.0,0.0,0.0,1.0,0.0,0.0,1.0,0.0
6075-QMNRR,0,0.7992939660427822,-0.4989277099688025,0.11128934357764796,1.0,0.0,1.0,0.0,1.0,0.0,0.0,1.0,1.0,0.0,0.0,1.0,0.0,0.0,0.0,0.0,1.0,1.0,0.0,0.0,1.0,0.0,0.0,1.0,0.0,0.0,1.0,0.0,0.0,1.0,0.0,0.0,1.0,0.0,0.0,0.0,1.0,1.0,0.0,0.0,0.0,1.0,0.0,3.0,0.0,1.0,0.0,0.13923455988117792,0.0,1.0,0.0,0.0,1.0,0.0,0.0,1.0,0.0
5378-IKEEG,0,-1.2774445836787656,-0.9642308700153169,-0.9915910816801057,1.0,0.0,1.0,0.0,1.0,0.0,1.0,0.0,0.0,1.0,0.0,1.0,0.0,0.0,1.0,0.0,0.0,1.0,0.0,0.0,1.0,0.0,0.0,1.0,0.0,0.0,0.0,0.0,1.0,1.0,0.0,0.0,1.0,0.0,0.0,0.0,1.0,0.0,0.0,1.0,0.0,0.0,1.0,2.0,1.0,0.0,0.0,0.7762302133095564,1.0,0.0,0.0,1.0,0.0,0.0,1.0,0.0,0.0
5966-EMAZU,0,1.2879383306831464,1.4536837652263923,2.0283812356780224,0.0,1.0,0.0,1.0,1.0,0.0,0.0,1.0,0.0,0.0,1.0,0.0,1.0,0.0,0.0,0.0,1.0,1.0,0.0,0.0,0.0,0.0,1.0,0.0,0.0,1.0,0.0,0.0,1.0,0.0,0.0,1.0,0.0,1.0,0.0,0.0,1.0,0.0,0.0,0.0,1.0,1.0,0.0,8.0,0.0,1.0,0.0,1.574905558251482,0.0,1.0,0.0,0.0,1.0,0.0,0.0,1.0,0.0
0440-EKDCF,0,1.2064976032430856,-0.15327393393424887,0.6485012604570396,0.0,1.0,0.0,1.0,1.0,0.0,0.0,1.0,1.0,0.0,0.0,1.0,0.0,0.0,1.0,0.0,0.0,0.0,0.0,1.0,0.0,0.0,1.0,0.0,0.0,1.0,1.0,0.0,0.0,1.0,0.0,0.0,0.0,0.0,1.0,0.0,1.0,0.0,1.0,0.0,0.0,1.0,0.0,5.0,0.0,1.0,0.0,0.5375072927736096,0.0,1.0,0.0,0.0,1.0,0.0,0.0,1.0,0.0
4774-HHGGS,0,-0.0965540357978854,-1.5192710680708021,-0.7260844651827394,0.0,1.0,0.0,1.0,1.0,0.0,0.0,1.0,1.0,0.0,0.0,0.0,0.0,1.0,0.0,1.0,0.0,0.0,1.0,0.0,0.0,1.0,0.0,0.0,1.0,0.0,0.0,1.0,0.0,0.0,1.0,0.0,0.0,0.0,1.0,1.0,0.0,0.0,0.0,0.0,1.0,1.0,0.0,1.0,0.0,0.0,1.0,7.519980487430242,0.0,0.0,1.0,0.0,0.0,1.0,0.0,0.0,1.0
2718-GAXQD,1,-1.1552834925186746,-0.6235624849812617,-0.9272438898952255,1.0,0.0,0.0,1.0,0.0,1.0,0.0,1.0,1.0,0.0,0.0,1.0,0.0,0.0,1.0,0.0,0.0,1.0,0.0,0.0,1.0,0.0,0.0,1.0,0.0,0.0,1.0,0.0,0.0,1.0,0.0,0.0,1.0,0.0,0.0,1.0,0.0,0.0,0.0,1.0,0.0,0.0,1.0,2.0,1.0,0.0,0.0,0.8026115632222081,1.0,0.0,0.0,1.0,0.0,0.0,1.0,0.0,0.0
2055-BFOCC,1,1.247217966963116,0.6394032351449919,1.3439671210679125,0.0,1.0,0.0,1.0,1.0,0.0,0.0,1.0,1.0,0.0,0.0,1.0,0.0,0.0,0.0,0.0,1.0,0.0,0.0,1.0,0.0,0.0,1.0,0.0,0.0,1.0,0.0,0.0,1.0,0.0,0.0,1.0,0.0,1.0,0.0,0.0,1.0,1.0,0.0,0.0,0.0,1.0,0.0,8.0,0.0,1.0,0.0,1.0775719695093662,0.0,1.0,0.0,0.0,1.0,0.0,0.0,1.0,0.0
8180-AKMJV,0,-1.2774445836787656,-0.6717545979860794,-0.9877086319872228,1.0,0.0,1.0,0.0,1.0,0.0,0.0,1.0,1.0,0.0,0.0,1.0,0.0,0.0,1.0,0.0,0.0,1.0,0.0,0.0,1.0,0.0,0.0,1.0,0.0,0.0,1.0,0.0,0.0,1.0,0.0,0.0,1.0,0.0,0.0,0.0,1.0,0.0,1.0,0.0,0.0,1.0,0.0,2.0,1.0,0.0,0.0,0.7731909819076727,1.0,0.0,0.0,1.0,0.0,0.0,1.0,0.0,0.0
4298-OYIFC,0,-0.7073594915983407,1.285842268209614,-0.32802307479598525,0.0,1.0,0.0,1.0,1.0,0.0,0.0,1.0,0.0,0.0,1.0,0.0,1.0,0.0,1.0,0.0,0.0,1.0,0.0,0.0,0.0,0.0,1.0,0.0,0.0,1.0,0.0,0.0,1.0,0.0,0.0,1.0,1.0,0.0,0.0,0.0,1.0,0.0,0.0,1.0,0.0,1.0,0.0,7.0,1.0,0.0,0.0,0.46372895068501646,1.0,0.0,0.0,1.0,0.0,0.0,1.0,0.0,0.0
5566-SOEZD,0,-0.21871512695797646,0.5280628361338618,-0.032449532552032936,0.0,1.0,0.0,1.0,0.0,1.0,0.0,1.0,1.0,0.0,0.0,0.0,1.0,0.0,0.0,0.0,1.0,0.0,0.0,1.0,1.0,0.0,0.0,1.0,0.0,0.0,1.0,0.0,0.0,1.0,0.0,0.0,0.0,1.0,0.0,0.0,1.0,0.0,1.0,0.0,0.0,1.0,0.0,4.0,0.0,0.0,1.0,0.1483643724298399,0.0,0.0,1.0,0.0,0.0,1.0,0.0,0.0,1.0
9842-EFSYY,0,-1.1552834925186746,-0.25131995694405,-0.9086478382412475,1.0,0.0,1.0,0.0,0.0,1.0,1.0,0.0,0.0,1.0,0.0,1.0,0.0,0.0,0.0,0.0,1.0,0.0,0.0,1.0,0.0,0.0,1.0,1.0,0.0,0.0,0.0,0.0,1.0,0.0,0.0,1.0,1.0,0.0,0.0,0.0,1.0,0.0,0.0,0.0,1.0,1.0,0.0,6.0,1.0,0.0,0.0,0.7865150364611132,1.0,0.0,0.0,1.0,0.0,0.0,1.0,0.0,0.0
2272-WUSPA,0,1.6137012404433893,1.5284646302338678,2.412589339660627,1.0,0.0,0.0,1.0,1.0,0.0,0.0,1.0,0.0,0.0,1.0,0.0,1.0,0.0,0.0,0.0,1.0,0.0,0.0,1.0,0.0,0.0,1.0,1.0,0.0,0.0,0.0,0.0,1.0,0.0,0.0,1.0,0.0,0.0,1.0,0.0,1.0,0.0,0.0,1.0,0.0,1.0,0.0,8.0,0.0,1.0,0.0,1.495065678327006,0.0,1.0,0.0,0.0,1.0,0.0,0.0,1.0,0.0
4584-LBNMK,1,0.5142514200025698,-1.33148800705203,-0.48925503391689334,0.0,1.0,0.0,1.0,1.0,0.0,0.0,1.0,0.0,0.0,1.0,0.0,0.0,1.0,0.0,1.0,0.0,0.0,1.0,0.0,0.0,1.0,0.0,0.0,1.0,0.0,0.0,1.0,0.0,0.0,1.0,0.0,0.0,1.0,0.0,1.0,0.0,0.0,1.0,0.0,0.0,1.0,0.0,2.0,0.0,1.0,0.0,-0.9513926746462817,0.0,1.0,0.0,0.0,1.0,0.0,0.0,1.0,0.0
3898-GUYTS,1,0.5142514200025698,1.07313225218835,0.9272655602806702,1.0,0.0,1.0,0.0,1.0,0.0,0.0,1.0,0.0,0.0,1.0,0.0,1.0,0.0,0.0,0.0,1.0,0.0,0.0,1.0,1.0,0.0,0.0,0.0,0.0,1.0,0.0,0.0,1.0,1.0,0.0,0.0,1.0,0.0,0.0,0.0,1.0,0.0,0.0,1.0,0.0,1.0,0.0,7.0,0.0,1.0,0.0,1.8031366063627718,0.0,1.0,0.0,0.0,1.0,0.0,0.0,1.0,0.0
0930-EHUZA,0,0.14776814652229667,0.3851482941195749,0.14252541610674974,1.0,0.0,1.0,0.0,1.0,0.0,0.0,1.0,1.0,0.0,0.0,1.0,0.0,0.0,0.0,0.0,1.0,0.0,0.0,1.0,0.0,0.0,1.0,0.0,0.0,1.0,0.0,0.0,1.0,1.0,0.0,0.0,0.0,1.0,0.0,0.0,1.0,0.0,0.0,0.0,1.0,1.0,0.0,7.0,0.0,0.0,1.0,0.9645205645537697,0.0,0.0,1.0,0.0,0.0,1.0,0.0,0.0,1.0
6413-XKKPU,0,-0.62591876415828,0.8188773111629334,-0.3281774904087703,0.0,1.0,0.0,1.0,0.0,1.0,0.0,1.0,1.0,0.0,0.0,0.0,1.0,0.0,0.0,0.0,1.0,1.0,0.0,0.0,0.0,0.0,1.0,1.0,0.0,0.0,0.0,0.0,1.0,1.0,0.0,0.0,1.0,0.0,0.0,0.0,1.0,0.0,0.0,1.0,0.0,0.0,1.0,5.0,1.0,0.0,0.0,0.524313232325117,1.0,0.0,0.0,1.0,0.0,0.0,1.0,0.0,0.0
9975-SKRNR,0,-1.2774445836787656,-1.5242564590713006,-0.9990250904670458,0.0,1.0,1.0,0.0,1.0,0.0,0.0,1.0,1.0,0.0,0.0,0.0,0.0,1.0,0.0,1.0,0.0,0.0,1.0,0.0,0.0,1.0,0.0,0.0,1.0,0.0,0.0,1.0,0.0,0.0,1.0,0.0,1.0,0.0,0.0,1.0,0.0,0.0,0.0,0.0,1.0,1.0,0.0,1.0,1.0,0.0,0.0,0.7820496507097541,1.0,0.0,0.0,1.0,0.0,0.0,1.0,0.0,0.0
3703-KBKZP,1,-0.6666391278783103,0.32200000811326246,-0.4508717244531664,0.0,1.0,1.0,0.0,1.0,0.0,0.0,1.0,0.0,0.0,1.0,0.0,1.0,0.0,1.0,0.0,0.0,1.0,0.0,0.0,1.0,0.0,0.0,1.0,0.0,0.0,1.0,0.0,0.0,1.0,0.0,0.0,1.0,0.0,0.0,0.0,1.0,1.0,0.0,0.0,0.0,1.0,0.0,3.0,1.0,0.0,0.0,0.6763355248710656,1.0,0.0,0.0,1.0,0.0,0.0,1.0,0.0,0.0
1449-XQEMT,0,-1.1960038562387048,-1.4943441130683104,-0.9817084824618587,0.0,1.0,1.0,0.0,1.0,0.0,0.0,1.0,1.0,0.0,0.0,0.0,0.0,1.0,0.0,1.0,0.0,0.0,1.0,0.0,0.0,1.0,0.0,0.0,1.0,0.0,0.0,1.0,0.0,0.0,1.0,0.0,1.0,0.0,0.0,0.0,1.0,0.0,0.0,0.0,1.0,0.0,1.0,1.0,1.0,0.0,0.0,0.820823843786942,1.0,0.0,0.0,1.0,0.0,0.0,1.0,0.0,0.0
2626-URJFX,0,-1.1552834925186746,-0.4607063789649817,-0.907831641430812,0.0,1.0,0.0,1.0,0.0,1.0,0.0,1.0,0.0,0.0,1.0,1.0,0.0,0.0,1.0,0.0,0.0,1.0,0.0,0.0,1.0,0.0,0.0,1.0,0.0,0.0,1.0,0.0,0.0,1.0,0.0,0.0,1.0,0.0,0.0,0.0,1.0,0.0,0.0,1.0,0.0,0.0,1.0,3.0,1.0,0.0,0.0,0.7858085459627021,1.0,0.0,0.0,1.0,0.0,0.0,1.0,0.0,0.0
4973-MGTON,0,1.5729808767233588,0.6526976111463211,1.6262168018658354,1.0,0.0,0.0,1.0,1.0,0.0,0.0,1.0,1.0,0.0,0.0,1.0,0.0,0.0,0.0,0.0,1.0,0.0,0.0,1.0,0.0,0.0,1.0,0.0,0.0,1.0,0.0,0.0,1.0,0.0,0.0,1.0,0.0,0.0,1.0,0.0,1.0,0.0,1.0,0.0,0.0,1.0,0.0,8.0,0.0,1.0,0.0,1.033843974793496,0.0,1.0,0.0,0.0,1.0,0.0,0.0,1.0,0.0
3682-YEUWS,0,-0.9109613101984924,-1.341458789053027,-0.8953460361684731,0.0,1.0,0.0,1.0,0.0,1.0,0.0,1.0,0.0,0.0,1.0,0.0,0.0,1.0,0.0,1.0,0.0,0.0,1.0,0.0,0.0,1.0,0.0,0.0,1.0,0.0,0.0,1.0,0.0,0.0,1.0,0.0,1.0,0.0,0.0,0.0,1.0,0.0,0.0,0.0,1.0,1.0,0.0,2.0,1.0,0.0,0.0,0.9828584662650307,1.0,0.0,0.0,1.0,0.0,0.0,1.0,0.0,0.0
1223-UNPKS,0,-0.5037576729981889,-1.4860351280674797,-0.8308885475173179,0.0,1.0,0.0,1.0,0.0,1.0,0.0,1.0,1.0,0.0,0.0,0.0,0.0,1.0,0.0,1.0,0.0,0.0,1.0,0.0,0.0,1.0,0.0,0.0,1.0,0.0,0.0,1.0,0.0,0.0,1.0,0.0,0.0,0.0,1.0,1.0,0.0,0.0,0.0,0.0,1.0,1.0,0.0,1.0,1.0,0.0,0.0,1.6493814229610855,1.0,0.0,0.0,1.0,0.0,0.0,1.0,0.0,0.0
2612-RRIDN,0,-1.1552834925186746,0.5396954151350245,-0.8569847860780013,0.0,1.0,1.0,0.0,1.0,0.0,0.0,1.0,1.0,0.0,0.0,0.0,1.0,0.0,1.0,0.0,0.0,1.0,0.0,0.0,1.0,0.0,0.0,1.0,0.0,0.0,0.0,0.0,1.0,1.0,0.0,0.0,1.0,0.0,0.0,0.0,1.0,0.0,0.0,1.0,0.0,0.0,1.0,3.0,1.0,0.0,0.0,0.7417960973454735,1.0,0.0,0.0,1.0,0.0,0.0,1.0,0.0,0.0
4735-ASGMA,0,-0.2594354906780068,1.116338974192669,0.10235529740936669,0.0,1.0,1.0,0.0,1.0,0.0,0.0,1.0,0.0,0.0,1.0,0.0,1.0,0.0,1.0,0.0,0.0,1.0,0.0,0.0,0.0,0.0,1.0,1.0,0.0,0.0,0.0,0.0,1.0,0.0,0.0,1.0,1.0,0.0,0.0,0.0,1.0,0.0,0.0,1.0,0.0,0.0,1.0,6.0,0.0,0.0,1.0,-0.39453082206244067,0.0,0.0,1.0,0.0,0.0,1.0,0.0,0.0,1.0
3446-QDSZF,0,-1.1552834925186746,-0.3078210549496983,-0.9070595633668864,1.0,0.0,1.0,0.0,1.0,0.0,0.0,1.0,1.0,0.0,0.0,1.0,0.0,0.0,1.0,0.0,0.0,1.0,0.0,0.0,1.0,0.0,0.0,1.0,0.0,0.0,0.0,0.0,1.0,1.0,0.0,0.0,1.0,0.0,0.0,1.0,0.0,0.0,1.0,0.0,0.0,1.0,0.0,3.0,1.0,0.0,0.0,0.7851402441398809,1.0,0.0,0.0,1.0,0.0,0.0,1.0,0.0,0.0
3669-LVWZB,0,-1.1145631287986442,-0.4573827849646494,-0.872382228610002,0.0,1.0,1.0,0.0,1.0,0.0,1.0,0.0,0.0,1.0,0.0,1.0,0.0,0.0,1.0,0.0,0.0,0.0,0.0,1.0,1.0,0.0,0.0,1.0,0.0,0.0,0.0,0.0,1.0,0.0,0.0,1.0,1.0,0.0,0.0,0.0,1.0,0.0,0.0,0.0,1.0,0.0,1.0,4.0,1.0,0.0,0.0,0.7827122628310144,1.0,0.0,0.0,1.0,0.0,0.0,1.0,0.0,0.0
6892-EZDTG,0,-1.1552834925186746,0.893658176170409,-0.8461536338097886,1.0,0.0,0.0,1.0,1.0,0.0,0.0,1.0,0.0,0.0,1.0,0.0,1.0,0.0,1.0,0.0,0.0,0.0,0.0,1.0,1.0,0.0,0.0,1.0,0.0,0.0,0.0,0.0,1.0,1.0,0.0,0.0,1.0,0.0,0.0,0.0,1.0,0.0,0.0,1.0,0.0,0.0,1.0,5.0,1.0,0.0,0.0,0.7324207774881808,1.0,0.0,0.0,1.0,0.0,0.0,1.0,0.0,0.0
5117-IFGPS,1,-0.13727439951791576,0.6493740171459885,0.032846212282812856,0.0,1.0,0.0,1.0,1.0,0.0,0.0,1.0,0.0,0.0,1.0,0.0,1.0,0.0,1.0,0.0,0.0,1.0,0.0,0.0,1.0,0.0,0.0,1.0,0.0,0.0,1.0,0.0,0.0,0.0,0.0,1.0,1.0,0.0,0.0,0.0,1.0,0.0,0.0,1.0,0.0,1.0,0.0,4.0,0.0,0.0,1.0,-0.2392741283018767,0.0,0.0,1.0,0.0,0.0,1.0,0.0,0.0,1.0
7379-FNIUJ,0,-1.2367242199587352,1.1778254631988159,-0.9197878217350303,0.0,1.0,1.0,0.0,1.0,0.0,0.0,1.0,1.0,0.0,0.0,0.0,1.0,0.0,0.0,0.0,1.0,0.0,0.0,1.0,1.0,0.0,0.0,1.0,0.0,0.0,0.0,0.0,1.0,0.0,0.0,1.0,1.0,0.0,0.0,1.0,0.0,0.0,0.0,1.0,0.0,1.0,0.0,6.0,1.0,0.0,0.0,0.7437291248049789,1.0,0.0,0.0,1.0,0.0,0.0,1.0,0.0,0.0
1627-AFWVJ,0,-0.13727439951791576,-1.5076384890696393,-0.7628353810255952,1.0,0.0,1.0,0.0,1.0,0.0,0.0,1.0,1.0,0.0,0.0,0.0,0.0,1.0,0.0,1.0,0.0,0.0,1.0,0.0,0.0,1.0,0.0,0.0,1.0,0.0,0.0,1.0,0.0,0.0,1.0,0.0,0.0,0.0,1.0,1.0,0.0,0.0,0.0,0.0,1.0,1.0,0.0,1.0,0.0,0.0,1.0,5.557011239565008,0.0,0.0,1.0,0.0,0.0,1.0,0.0,0.0,1.0
9725-SCPZG,0,-1.2774445836787656,0.8670694241677506,-0.9672816523530786,0.0,1.0,1.0,0.0,0.0,1.0,0.0,1.0,1.0,0.0,0.0,0.0,1.0,0.0,1.0,0.0,0.0,1.0,0.0,0.0,1.0,0.0,0.0,1.0,0.0,0.0,0.0,0.0,1.0,0.0,0.0,1.0,1.0,0.0,0.0,0.0,1.0,0.0,0.0,1.0,0.0,0.0,1.0,4.0,1.0,0.0,0.0,0.7572004803273075,1.0,0.0,0.0,1.0,0.0,0.0,1.0,0.0,0.0
5884-GCYMI,0,-1.2774445836787656,0.15415851109648415,-0.9767451234794802,0.0,1.0,1.0,0.0,1.0,0.0,0.0,1.0,1.0,0.0,0.0,0.0,1.0,0.0,1.0,0.0,0.0,1.0,0.0,0.0,1.0,0.0,0.0,1.0,0.0,0.0,1.0,0.0,0.0,1.0,0.0,0.0,1.0,0.0,0.0,1.0,0.0,0.0,0.0,0.0,1.0,0.0,1.0,2.0,1.0,0.0,0.0,0.7646086068693989,1.0,0.0,0.0,1.0,0.0,0.0,1.0,0.0,0.0
3217-FZDMN,1,-0.9924020376385531,0.9867188081797118,-0.6795833063611668,1.0,0.0,1.0,0.0,1.0,0.0,0.0,1.0,1.0,0.0,0.0,0.0,1.0,0.0,1.0,0.0,0.0,1.0,0.0,0.0,0.0,0.0,1.0,1.0,0.0,0.0,0.0,0.0,1.0,0.0,0.0,1.0,1.0,0.0,0.0,0.0,1.0,0.0,1.0,0.0,0.0,0.0,1.0,5.0,1.0,0.0,0.0,0.6847862867938616,1.0,0.0,0.0,1.0,0.0,0.0,1.0,0.0,0.0
4486-EFAEB,0,-0.7888002190384014,-1.4744025490663168,-0.8963387079649487,0.0,1.0,1.0,0.0,1.0,0.0,0.0,1.0,1.0,0.0,0.0,0.0,0.0,1.0,0.0,1.0,0.0,0.0,1.0,0.0,0.0,1.0,0.0,0.0,1.0,0.0,0.0,1.0,0.0,0.0,1.0,0.0,1.0,0.0,0.0,0.0,1.0,0.0,0.0,1.0,0.0,1.0,0.0,1.0,1.0,0.0,0.0,1.1363317178811687,1.0,0.0,0.0,1.0,0.0,0.0,1.0,0.0,0.0
0060-FUALY,0,1.0843365120829946,0.9966895901807084,1.4622494804613053,1.0,0.0,0.0,1.0,1.0,0.0,0.0,1.0,0.0,0.0,1.0,0.0,1.0,0.0,0.0,0.0,1.0,0.0,0.0,1.0,1.0,0.0,0.0,1.0,0.0,0.0,0.0,0.0,1.0,1.0,0.0,0.0,1.0,0.0,0.0,0.0,1.0,0.0,0.0,1.0,0.0,1.0,0.0,6.0,0.0,1.0,0.0,1.3485200066281504,0.0,1.0,0.0,0.0,1.0,0.0,0.0,1.0,0.0
7853-GVUDZ,0,-1.2774445836787656,-1.4827115340671475,-0.9984736061356704,1.0,0.0,0.0,1.0,0.0,1.0,0.0,1.0,1.0,0.0,0.0,0.0,0.0,1.0,0.0,1.0,0.0,0.0,1.0,0.0,0.0,1.0,0.0,0.0,1.0,0.0,0.0,1.0,0.0,0.0,1.0,0.0,1.0,0.0,0.0,0.0,1.0,0.0,1.0,0.0,0.0,0.0,1.0,1.0,1.0,0.0,0.0,0.7816179417038046,1.0,0.0,0.0,1.0,0.0,0.0,1.0,0.0,0.0
7480-QNVZJ,1,0.7178532386027215,1.0282637331838649,1.1177041295912187,0.0,1.0,1.0,0.0,1.0,0.0,0.0,1.0,0.0,0.0,1.0,0.0,1.0,0.0,1.0,0.0,0.0,1.0,0.0,0.0,1.0,0.0,0.0,1.0,0.0,0.0,0.0,0.0,1.0,0.0,0.0,1.0,1.0,0.0,0.0,0.0,1.0,0.0,0.0,1.0,0.0,0.0,1.0,5.0,0.0,1.0,0.0,1.557009245743314,0.0,1.0,0.0,0.0,1.0,0.0,0.0,1.0,0.0
6954-OOYZZ,0,-0.5851984004382496,-0.6784017859867437,-0.668509500987149,0.0,1.0,0.0,1.0,1.0,0.0,0.0,1.0,1.0,0.0,0.0,1.0,0.0,0.0,1.0,0.0,0.0,1.0,0.0,0.0,1.0,0.0,0.0,1.0,0.0,0.0,1.0,0.0,0.0,1.0,0.0,0.0,1.0,0.0,0.0,0.0,1.0,1.0,0.0,0.0,0.0,1.0,0.0,2.0,1.0,0.0,0.0,1.1423638555513969,1.0,0.0,0.0,1.0,0.0,0.0,1.0,0.0,0.0
7088-FBAWU,0,-0.62591876415828,0.32532360211359457,-0.47096781348848554,1.0,0.0,0.0,1.0,0.0,1.0,0.0,1.0,1.0,0.0,0.0,1.0,0.0,0.0,0.0,0.0,1.0,0.0,0.0,1.0,1.0,0.0,0.0,1.0,0.0,0.0,0.0,0.0,1.0,0.0,0.0,1.0,1.0,0.0,0.0,1.0,0.0,0.0,0.0,0.0,1.0,1.0,0.0,6.0,1.0,0.0,0.0,0.752442394216814,1.0,0.0,0.0,1.0,0.0,0.0,1.0,0.0,0.0
8313-AFGBW,0,0.5956921474426305,0.2937494591104381,0.5467854903781634,0.0,1.0,0.0,1.0,1.0,0.0,0.0,1.0,1.0,0.0,0.0,1.0,0.0,0.0,1.0,0.0,0.0,0.0,0.0,1.0,0.0,0.0,1.0,1.0,0.0,0.0,0.0,0.0,1.0,0.0,0.0,1.0,0.0,0.0,1.0,1.0,0.0,0.0,0.0,1.0,0.0,1.0,0.0,6.0,0.0,1.0,0.0,0.9178994430689935,0.0,1.0,0.0,0.0,1.0,0.0,0.0,1.0,0.0
3943-KDREE,0,-0.2594354906780068,0.3386179781149237,-0.1978065944716289,1.0,0.0,1.0,0.0,1.0,0.0,0.0,1.0,0.0,0.0,1.0,0.0,1.0,0.0,1.0,0.0,0.0,1.0,0.0,0.0,1.0,0.0,0.0,1.0,0.0,0.0,1.0,0.0,0.0,1.0,0.0,0.0,1.0,0.0,0.0,0.0,1.0,1.0,0.0,0.0,0.0,0.0,1.0,3.0,0.0,0.0,1.0,0.7624500177469267,0.0,0.0,1.0,0.0,0.0,1.0,0.0,0.0,1.0
9239-ZBZZV,0,-1.0738427650786138,-0.5587524019747828,-0.8727572379553373,1.0,0.0,1.0,0.0,1.0,0.0,1.0,0.0,0.0,1.0,0.0,1.0,0.0,0.0,1.0,0.0,0.0,1.0,0.0,0.0,0.0,0.0,1.0,1.0,0.0,0.0,0.0,0.0,1.0,0.0,0.0,1.0,1.0,0.0,0.0,0.0,1.0,0.0,0.0,1.0,0.0,0.0,1.0,4.0,1.0,0.0,0.0,0.8127421130331354,1.0,0.0,0.0,1.0,0.0,0.0,1.0,0.0,0.0
3097-IDVPU,0,-0.5444780367182193,-0.48729513096763954,-0.605684405956865,0.0,1.0,0.0,1.0,0.0,1.0,0.0,1.0,0.0,0.0,1.0,1.0,0.0,0.0,1.0,0.0,0.0,1.0,0.0,0.0,1.0,0.0,0.0,1.0,0.0,0.0,1.0,0.0,0.0,1.0,0.0,0.0,1.0,0.0,0.0,1.0,0.0,0.0,1.0,0.0,0.0,1.0,0.0,3.0,1.0,0.0,0.0,1.1124129259787232,1.0,0.0,0.0,1.0,0.0,0.0,1.0,0.0,0.0
4398-HSCJH,0,-1.1960038562387048,-0.03860994092278629,-0.9386927046145785,1.0,0.0,1.0,0.0,1.0,0.0,0.0,1.0,0.0,0.0,1.0,1.0,0.0,0.0,1.0,0.0,0.0,1.0,0.0,0.0,1.0,0.0,0.0,0.0,0.0,1.0,0.0,0.0,1.0,1.0,0.0,0.0,1.0,0.0,0.0,0.0,1.0,0.0,0.0,1.0,0.0,0.0,1.0,5.0,1.0,0.0,0.0,0.7848575903146832,1.0,0.0,0.0,1.0,0.0,0.0,1.0,0.0,0.0
2197-OMWGI,1,1.4508197855632678,-0.39091090495800446,0.6057281357155646,1.0,0.0,0.0,1.0,0.0,1.0,1.0,0.0,0.0,1.0,0.0,1.0,0.0,0.0,1.0,0.0,0.0,0.0,0.0,1.0,0.0,0.0,1.0,1.0,0.0,0.0,0.0,0.0,1.0,0.0,0.0,1.0,0.0,0.0,1.0,0.0,1.0,0.0,0.0,1.0,0.0,1.0,0.0,5.0,0.0,1.0,0.0,0.4175074959295486,0.0,1.0,0.0,0.0,1.0,0.0,0.0,1.0,0.0
2303-PJYHN,0,-1.2367242199587352,-1.4926823160681442,-0.9844217853722256,1.0,0.0,0.0,1.0,1.0,0.0,0.0,1.0,1.0,0.0,0.0,0.0,0.0,1.0,0.0,1.0,0.0,0.0,1.0,0.0,0.0,1.0,0.0,0.0,1.0,0.0,0.0,1.0,0.0,0.0,1.0,0.0,1.0,0.0,0.0,1.0,0.0,1.0,0.0,0.0,0.0,1.0,0.0,1.0,1.0,0.0,0.0,0.7959913531935778,1.0,0.0,0.0,1.0,0.0,0.0,1.0,0.0,0.0
9795-VOWON,0,-1.0331224013585834,-1.343120586053193,-0.9408104044470601,0.0,1.0,1.0,0.0,1.0,0.0,1.0,0.0,0.0,1.0,0.0,1.0,0.0,0.0,1.0,0.0,0.0,1.0,0.0,0.0,1.0,0.0,0.0,1.0,0.0,0.0,1.0,0.0,0.0,1.0,0.0,0.0,0.0,1.0,0.0,0.0,1.0,0.0,1.0,0.0,0.0,1.0,0.0,1.0,1.0,0.0,0.0,0.9106475701328995,1.0,0.0,0.0,1.0,0.0,0.0,1.0,0.0,0.0
1237-WIYYZ,0,-0.5851984004382496,-1.502653098069141,-0.8356313127671463,1.0,0.0,1.0,0.0,1.0,0.0,0.0,1.0,1.0,0.0,0.0,0.0,0.0,1.0,0.0,1.0,0.0,0.0,1.0,0.0,0.0,1.0,0.0,0.0,1.0,0.0,0.0,1.0,0.0,0.0,1.0,0.0,1.0,0.0,0.0,0.0,1.0,0.0,0.0,0.0,1.0,1.0,0.0,1.0,1.0,0.0,0.0,1.4279453124638584,1.0,0.0,0.0,1.0,0.0,0.0,1.0,0.0,0.0
1987-AUELQ,0,1.5729808767233588,-1.3198554280508674,-0.1807105801989919,1.0,0.0,0.0,1.0,1.0,0.0,0.0,1.0,0.0,0.0,1.0,0.0,0.0,1.0,0.0,1.0,0.0,0.0,1.0,0.0,0.0,1.0,0.0,0.0,1.0,0.0,0.0,1.0,0.0,0.0,1.0,0.0,0.0,0.0,1.0,1.0,0.0,0.0,1.0,0.0,0.0,1.0,0.0,2.0,0.0,1.0,0.0,-0.114884155855363,0.0,1.0,0.0,0.0,1.0,0.0,0.0,1.0,0.0
7852-LECYP,1,-0.7888002190384014,0.9651154471775519,-0.4510261400659515,0.0,1.0,0.0,1.0,1.0,0.0,0.0,1.0,0.0,0.0,1.0,0.0,1.0,0.0,0.0,0.0,1.0,0.0,0.0,1.0,1.0,0.0,0.0,1.0,0.0,0.0,1.0,0.0,0.0,0.0,0.0,1.0,1.0,0.0,0.0,1.0,0.0,0.0,1.0,0.0,0.0,1.0,0.0,6.0,1.0,0.0,0.0,0.5717875441461991,1.0,0.0,0.0,1.0,0.0,0.0,1.0,0.0,0.0
4430-UZIPO,0,-1.1960038562387048,-0.9276713360116622,-0.9594064561010381,0.0,1.0,1.0,0.0,1.0,0.0,1.0,0.0,0.0,1.0,0.0,1.0,0.0,0.0,1.0,0.0,0.0,0.0,0.0,1.0,1.0,0.0,0.0,0.0,0.0,1.0,1.0,0.0,0.0,1.0,0.0,0.0,1.0,0.0,0.0,0.0,1.0,0.0,0.0,0.0,1.0,0.0,1.0,3.0,1.0,0.0,0.0,0.802176724679017,1.0,0.0,0.0,1.0,0.0,0.0,1.0,0.0,0.0
4822-LPTYJ,0,1.6137012404433893,1.2958130502106107,2.2336878225624512,0.0,1.0,0.0,1.0,1.0,0.0,0.0,1.0,0.0,0.0,1.0,0.0,1.0,0.0,1.0,0.0,0.0,0.0,0.0,1.0,0.0,0.0,1.0,1.0,0.0,0.0,0.0,0.0,1.0,0.0,0.0,1.0,0.0,0.0,1.0,0.0,1.0,1.0,0.0,0.0,0.0,1.0,0.0,7.0,0.0,1.0,0.0,1.3842015898486335,0.0,1.0,0.0,0.0,1.0,0.0,0.0,1.0,0.0
8165-CBKXO,0,1.369379058123207,-0.2662761299455452,0.6287360620205459,0.0,1.0,0.0,1.0,0.0,1.0,1.0,0.0,0.0,1.0,0.0,1.0,0.0,0.0,1.0,0.0,0.0,0.0,0.0,1.0,0.0,0.0,1.0,1.0,0.0,0.0,0.0,0.0,1.0,0.0,0.0,1.0,0.0,0.0,1.0,0.0,1.0,0.0,1.0,0.0,0.0,1.0,0.0,5.0,0.0,1.0,0.0,0.45913953356512965,0.0,1.0,0.0,0.0,1.0,0.0,0.0,1.0,0.0
6527-PZFPV,0,-0.3408762181180675,-1.461108173064988,-0.8001598405730813,0.0,1.0,0.0,1.0,0.0,1.0,0.0,1.0,1.0,0.0,0.0,0.0,0.0,1.0,0.0,1.0,0.0,0.0,1.0,0.0,0.0,1.0,0.0,0.0,1.0,0.0,0.0,1.0,0.0,0.0,1.0,0.0,0.0,1.0,0.0,0.0,1.0,0.0,1.0,0.0,0.0,1.0,0.0,1.0,0.0,0.0,1.0,2.347361881068318,0.0,0.0,1.0,0.0,0.0,1.0,0.0,0.0,1.0
4855-SNKMY,0,-1.2774445836787656,-0.6867107709875744,-0.9879071663465181,1.0,0.0,1.0,0.0,1.0,0.0,0.0,1.0,1.0,0.0,0.0,1.0,0.0,0.0,1.0,0.0,0.0,1.0,0.0,0.0,1.0,0.0,0.0,1.0,0.0,0.0,1.0,0.0,0.0,1.0,0.0,0.0,1.0,0.0,0.0,0.0,1.0,0.0,0.0,1.0,0.0,0.0,1.0,2.0,1.0,0.0,0.0,0.7733463971498146,1.0,0.0,0.0,1.0,0.0,0.0,1.0,0.0,0.0
9593-CVZKR,0,0.9621754209229036,-1.3397969920528607,-0.3959438850481779,1.0,0.0,0.0,1.0,0.0,1.0,0.0,1.0,0.0,0.0,1.0,0.0,0.0,1.0,0.0,1.0,0.0,0.0,1.0,0.0,0.0,1.0,0.0,0.0,1.0,0.0,0.0,1.0,0.0,0.0,1.0,0.0,0.0,0.0,1.0,0.0,1.0,0.0,0.0,0.0,1.0,1.0,0.0,2.0,0.0,1.0,0.0,-0.41150904132262567,0.0,1.0,0.0,0.0,1.0,0.0,0.0,1.0,0.0
8595-SIZNC,1,-0.4223169455581282,-1.3015756610490399,-0.7652398527103919,1.0,0.0,0.0,1.0,1.0,0.0,0.0,1.0,0.0,0.0,1.0,0.0,0.0,1.0,0.0,1.0,0.0,0.0,1.0,0.0,0.0,1.0,0.0,0.0,1.0,0.0,0.0,1.0,0.0,0.0,1.0,0.0,0.0,1.0,0.0,1.0,0.0,1.0,0.0,0.0,0.0,1.0,0.0,2.0,0.0,0.0,1.0,1.8120036639757884,0.0,0.0,1.0,0.0,0.0,1.0,0.0,0.0,1.0
8008-HAWED,0,-0.748079855318371,-0.46569176996548,-0.6929071678071962,0.0,1.0,1.0,0.0,1.0,0.0,1.0,0.0,0.0,1.0,0.0,1.0,0.0,0.0,1.0,0.0,0.0,1.0,0.0,0.0,0.0,0.0,1.0,1.0,0.0,0.0,0.0,0.0,1.0,0.0,0.0,1.0,1.0,0.0,0.0,0.0,1.0,0.0,0.0,1.0,0.0,0.0,1.0,4.0,1.0,0.0,0.0,0.9262475962707295,1.0,0.0,0.0,1.0,0.0,0.0,1.0,0.0,0.0
7124-UGSUR,1,1.1657772395230555,1.3174164112127704,1.8184421804100401,1.0,0.0,0.0,1.0,1.0,0.0,0.0,1.0,0.0,0.0,1.0,0.0,1.0,0.0,1.0,0.0,0.0,0.0,0.0,1.0,0.0,0.0,1.0,1.0,0.0,0.0,0.0,0.0,1.0,0.0,0.0,1.0,0.0,1.0,0.0,0.0,1.0,0.0,1.0,0.0,0.0,0.0,1.0,7.0,0.0,1.0,0.0,1.5598539058405394,0.0,1.0,0.0,0.0,1.0,0.0,0.0,1.0,0.0
1862-SKORY,1,0.3106496014024181,-0.8462432830035223,-0.284963178202195,1.0,0.0,0.0,1.0,1.0,0.0,1.0,0.0,0.0,1.0,0.0,1.0,0.0,0.0,1.0,0.0,0.0,0.0,0.0,1.0,1.0,0.0,0.0,1.0,0.0,0.0,0.0,0.0,1.0,1.0,0.0,0.0,1.0,0.0,0.0,0.0,1.0,0.0,0.0,1.0,0.0,0.0,1.0,3.0,0.0,0.0,1.0,-0.9173138382143016,0.0,0.0,1.0,0.0,0.0,1.0,0.0,0.0,1.0
5236-XMZJY,0,0.3920903288424788,-0.1698919039359101,0.11173053104274827,1.0,0.0,1.0,0.0,1.0,0.0,0.0,1.0,1.0,0.0,0.0,1.0,0.0,0.0,0.0,0.0,1.0,0.0,0.0,1.0,0.0,0.0,1.0,1.0,0.0,0.0,1.0,0.0,0.0,1.0,0.0,0.0,1.0,0.0,0.0,1.0,0.0,1.0,0.0,0.0,0.0,1.0,0.0,5.0,0.0,0.0,1.0,0.28496120109005724,0.0,0.0,1.0,0.0,0.0,1.0,0.0,0.0,1.0
4827-DPADN,0,1.6137012404433893,0.6161380771426661,1.658599961804198,1.0,0.0,0.0,1.0,0.0,1.0,0.0,1.0,0.0,0.0,1.0,1.0,0.0,0.0,0.0,0.0,1.0,1.0,0.0,0.0,0.0,0.0,1.0,0.0,0.0,1.0,0.0,0.0,1.0,0.0,0.0,1.0,0.0,0.0,1.0,0.0,1.0,1.0,0.0,0.0,0.0,1.0,0.0,8.0,0.0,1.0,0.0,1.027823441065505,0.0,1.0,0.0,0.0,1.0,0.0,0.0,1.0,0.0
2694-CIUMO,0,-0.8295205827584317,0.4915033021302069,-0.5845956451250702,1.0,0.0,1.0,0.0,1.0,0.0,0.0,1.0,0.0,0.0,1.0,0.0,1.0,0.0,1.0,0.0,0.0,1.0,0.0,0.0,1.0,0.0,0.0,0.0,0.0,1.0,1.0,0.0,0.0,1.0,0.0,0.0,1.0,0.0,0.0,0.0,1.0,0.0,1.0,0.0,0.0,1.0,0.0,4.0,1.0,0.0,0.0,0.70473916775048,1.0,0.0,0.0,1.0,0.0,0.0,1.0,0.0,0.0
5846-ABOBJ,0,1.5729808767233588,-1.3397969920528607,-0.24382244708159115,0.0,1.0,0.0,1.0,1.0,0.0,0.0,1.0,0.0,0.0,1.0,0.0,0.0,1.0,0.0,1.0,0.0,0.0,1.0,0.0,0.0,1.0,0.0,0.0,1.0,0.0,0.0,1.0,0.0,0.0,1.0,0.0,0.0,0.0,1.0,1.0,0.0,1.0,0.0,0.0,0.0,1.0,0.0,2.0,0.0,1.0,0.0,-0.15500661876417227,0.0,1.0,0.0,0.0,1.0,0.0,0.0,1.0,0.0
1439-LCGVL,0,-0.2594354906780068,-1.5142856770703037,-0.8045937745973395,1.0,0.0,0.0,1.0,1.0,0.0,0.0,1.0,1.0,0.0,0.0,0.0,0.0,1.0,0.0,1.0,0.0,0.0,1.0,0.0,0.0,1.0,0.0,0.0,1.0,0.0,0.0,1.0,0.0,0.0,1.0,0.0,0.0,1.0,0.0,1.0,0.0,0.0,0.0,0.0,1.0,1.0,0.0,1.0,0.0,0.0,1.0,3.1013250056675745,0.0,0.0,1.0,0.0,0.0,1.0,0.0,0.0,1.0
0909-SDHNU,0,-1.0331224013585834,-1.1619847130350858,-0.9182657249804342,1.0,0.0,1.0,0.0,0.0,1.0,1.0,0.0,0.0,1.0,0.0,1.0,0.0,0.0,0.0,0.0,1.0,1.0,0.0,0.0,1.0,0.0,0.0,1.0,0.0,0.0,1.0,0.0,0.0,1.0,0.0,0.0,1.0,0.0,0.0,1.0,0.0,0.0,0.0,0.0,1.0,1.0,0.0,2.0,1.0,0.0,0.0,0.8888256839391833,1.0,0.0,0.0,1.0,0.0,0.0,1.0,0.0,0.0
4647-XXZAM,0,-1.0738427650786138,-0.640180454982923,-0.8815368685108335,1.0,0.0,0.0,1.0,0.0,1.0,0.0,1.0,1.0,0.0,0.0,1.0,0.0,0.0,1.0,0.0,0.0,1.0,0.0,0.0,1.0,0.0,0.0,1.0,0.0,0.0,1.0,0.0,0.0,1.0,0.0,0.0,1.0,0.0,0.0,1.0,0.0,0.0,0.0,0.0,1.0,1.0,0.0,2.0,1.0,0.0,0.0,0.8209180125605242,1.0,0.0,0.0,1.0,0.0,0.0,1.0,0.0,0.0
1502-XFCVR,0,1.0436161483629645,1.3855500882195813,1.7041084488292952,1.0,0.0,1.0,0.0,1.0,0.0,0.0,1.0,1.0,0.0,0.0,0.0,1.0,0.0,0.0,0.0,1.0,0.0,0.0,1.0,0.0,0.0,1.0,1.0,0.0,0.0,0.0,0.0,1.0,0.0,0.0,1.0,0.0,1.0,0.0,0.0,1.0,0.0,0.0,1.0,0.0,0.0,1.0,7.0,0.0,1.0,0.0,1.6328881567254312,0.0,1.0,0.0,0.0,1.0,0.0,0.0,1.0,0.0
7740-KKCXF,0,0.758573602322752,-1.153675728034255,-0.33258936505977343,0.0,1.0,0.0,1.0,1.0,0.0,1.0,0.0,0.0,1.0,0.0,1.0,0.0,0.0,1.0,0.0,0.0,0.0,0.0,1.0,1.0,0.0,0.0,1.0,0.0,0.0,1.0,0.0,0.0,1.0,0.0,0.0,1.0,0.0,0.0,0.0,1.0,0.0,1.0,0.0,0.0,1.0,0.0,2.0,0.0,1.0,0.0,-0.43844046779559026,0.0,1.0,0.0,0.0,1.0,0.0,0.0,1.0,0.0
5360-XGYAZ,0,1.6137012404433893,0.0295237360840249,1.0505553974029516,0.0,1.0,0.0,1.0,0.0,1.0,1.0,0.0,0.0,1.0,0.0,1.0,0.0,0.0,0.0,0.0,1.0,0.0,0.0,1.0,0.0,0.0,1.0,0.0,0.0,1.0,0.0,0.0,1.0,0.0,0.0,1.0,0.0,0.0,1.0,0.0,1.0,1.0,0.0,0.0,0.0,1.0,0.0,7.0,0.0,1.0,0.0,0.6510222407180497,0.0,1.0,0.0,0.0,1.0,0.0,0.0,1.0,0.0
9692-TUSXH,0,-0.5851984004382496,1.0398963121850275,-0.23938851305733305,1.0,0.0,1.0,0.0,1.0,0.0,0.0,1.0,1.0,0.0,0.0,0.0,1.0,0.0,0.0,0.0,1.0,1.0,0.0,0.0,1.0,0.0,0.0,1.0,0.0,0.0,0.0,0.0,1.0,0.0,0.0,1.0,1.0,0.0,0.0,0.0,1.0,0.0,0.0,1.0,0.0,0.0,1.0,5.0,1.0,0.0,0.0,0.40907239814404356,1.0,0.0,0.0,1.0,0.0,0.0,1.0,0.0,0.0
7912-SYRQT,0,-1.0331224013585834,0.3436033691154218,-0.7634089247302256,1.0,0.0,1.0,0.0,1.0,0.0,0.0,1.0,0.0,0.0,1.0,0.0,1.0,0.0,1.0,0.0,0.0,1.0,0.0,0.0,1.0,0.0,0.0,1.0,0.0,0.0,1.0,0.0,0.0,1.0,0.0,0.0,1.0,0.0,0.0,0.0,1.0,1.0,0.0,0.0,0.0,0.0,1.0,3.0,1.0,0.0,0.0,0.7389336672269642,1.0,0.0,0.0,1.0,0.0,0.0,1.0,0.0,0.0
3557-HTYWR,0,0.5956921474426305,0.3087056321119333,0.5351602006727703,1.0,0.0,1.0,0.0,1.0,0.0,0.0,1.0,0.0,0.0,1.0,1.0,0.0,0.0,0.0,0.0,1.0,0.0,0.0,1.0,1.0,0.0,0.0,0.0,0.0,1.0,1.0,0.0,0.0,0.0,0.0,1.0,0.0,0.0,1.0,1.0,0.0,0.0,0.0,0.0,1.0,1.0,0.0,7.0,0.0,1.0,0.0,0.8983838430139959,0.0,1.0,0.0,0.0,1.0,0.0,0.0,1.0,0.0
4816-JBHOV,1,-1.2367242199587352,-0.6667692069855808,-0.9660242680775428,0.0,1.0,1.0,0.0,1.0,0.0,0.0,1.0,1.0,0.0,0.0,1.0,0.0,0.0,1.0,0.0,0.0,1.0,0.0,0.0,1.0,0.0,0.0,1.0,0.0,0.0,1.0,0.0,0.0,1.0,0.0,0.0,1.0,0.0,0.0,0.0,1.0,0.0,0.0,1.0,0.0,0.0,1.0,2.0,1.0,0.0,0.0,0.7811153468877446,1.0,0.0,0.0,1.0,0.0,0.0,1.0,0.0,0.0
8920-NAVAY,1,1.2064976032430856,1.5284646302338678,2.104486073407826,0.0,1.0,1.0,0.0,1.0,0.0,0.0,1.0,0.0,0.0,1.0,0.0,1.0,0.0,1.0,0.0,0.0,0.0,0.0,1.0,0.0,0.0,1.0,0.0,0.0,1.0,0.0,0.0,1.0,0.0,0.0,1.0,0.0,1.0,0.0,0.0,1.0,1.0,0.0,0.0,0.0,1.0,0.0,8.0,0.0,1.0,0.0,1.7442936212645035,0.0,1.0,0.0,0.0,1.0,0.0,0.0,1.0,0.0
1699-TLDLZ,0,-0.6666391278783103,-1.4976677070686424,-0.8743234534564435,1.0,0.0,0.0,1.0,0.0,1.0,0.0,1.0,1.0,0.0,0.0,0.0,0.0,1.0,0.0,1.0,0.0,0.0,1.0,0.0,0.0,1.0,0.0,0.0,1.0,0.0,0.0,1.0,0.0,0.0,1.0,0.0,0.0,0.0,1.0,1.0,0.0,0.0,0.0,0.0,1.0,1.0,0.0,1.0,1.0,0.0,0.0,1.311539357491846,1.0,0.0,0.0,1.0,0.0,0.0,1.0,0.0,0.0
5600-PDUJF,0,-1.0738427650786138,-0.5072366949696331,-0.8694042132205749,0.0,1.0,1.0,0.0,1.0,0.0,0.0,1.0,1.0,0.0,0.0,1.0,0.0,0.0,1.0,0.0,0.0,1.0,0.0,0.0,1.0,0.0,0.0,0.0,0.0,1.0,1.0,0.0,0.0,1.0,0.0,0.0,1.0,0.0,0.0,0.0,1.0,0.0,1.0,0.0,0.0,1.0,0.0,3.0,1.0,0.0,0.0,0.8096196589422733,1.0,0.0,0.0,1.0,0.0,0.0,1.0,0.0,0.0
8292-TYSPY,0,-0.5444780367182193,-0.3244390249513595,-0.5456608513299679,0.0,1.0,1.0,0.0,1.0,0.0,0.0,1.0,1.0,0.0,0.0,1.0,0.0,0.0,1.0,0.0,0.0,1.0,0.0,0.0,0.0,0.0,1.0,0.0,0.0,1.0,1.0,0.0,0.0,1.0,0.0,0.0,1.0,0.0,0.0,0.0,1.0,0.0,1.0,0.0,0.0,0.0,1.0,4.0,1.0,0.0,0.0,1.002172382597612,1.0,0.0,0.0,1.0,0.0,0.0,1.0,0.0,0.0
0567-XRHCU,0,1.4915401492832983,-0.6916961619880726,0.2985954818859842,1.0,0.0,0.0,1.0,0.0,1.0,1.0,0.0,0.0,1.0,0.0,1.0,0.0,0.0,0.0,0.0,1.0,1.0,0.0,0.0,0.0,0.0,1.0,1.0,0.0,0.0,1.0,0.0,0.0,0.0,0.0,1.0,0.0,0.0,1.0,0.0,1.0,0.0,1.0,0.0,0.0,1.0,0.0,4.0,0.0,1.0,0.0,0.20019272161695595,0.0,1.0,0.0,0.0,1.0,0.0,0.0,1.0,0.0
1867-BDVFH,0,-0.8702409464784621,0.31867641411292996,-0.6393249501707635,0.0,1.0,0.0,1.0,0.0,1.0,0.0,1.0,0.0,0.0,1.0,0.0,1.0,0.0,1.0,0.0,0.0,1.0,0.0,0.0,1.0,0.0,0.0,1.0,0.0,0.0,1.0,0.0,0.0,1.0,0.0,0.0,1.0,0.0,0.0,0.0,1.0,0.0,0.0,1.0,0.0,0.0,1.0,3.0,1.0,0.0,0.0,0.7346528024886341,1.0,0.0,0.0,1.0,0.0,0.0,1.0,0.0,0.0
2067-QYTCF,0,1.2879383306831464,1.541759006235197,2.0603893862710496,1.0,0.0,0.0,1.0,1.0,0.0,0.0,1.0,0.0,0.0,1.0,0.0,1.0,0.0,1.0,0.0,0.0,0.0,0.0,1.0,0.0,0.0,1.0,0.0,0.0,1.0,0.0,0.0,1.0,0.0,0.0,1.0,1.0,0.0,0.0,0.0,1.0,0.0,0.0,1.0,0.0,1.0,0.0,8.0,0.0,1.0,0.0,1.5997577967713568,0.0,1.0,0.0,0.0,1.0,0.0,0.0,1.0,0.0
2359-QWQUL,0,0.26992923768238775,1.327387193213767,0.8168804565125729,1.0,0.0,0.0,1.0,1.0,0.0,0.0,1.0,1.0,0.0,0.0,0.0,1.0,0.0,0.0,0.0,1.0,1.0,0.0,0.0,0.0,0.0,1.0,0.0,0.0,1.0,0.0,0.0,1.0,0.0,0.0,1.0,0.0,1.0,0.0,0.0,1.0,0.0,1.0,0.0,0.0,0.0,1.0,7.0,0.0,0.0,1.0,3.026276306806584,0.0,0.0,1.0,0.0,0.0,1.0,0.0,0.0,1.0
9103-TCIHJ,0,-0.7073594915983407,-0.3011738669490337,-0.6103830524601833,1.0,0.0,1.0,0.0,1.0,0.0,0.0,1.0,0.0,0.0,1.0,1.0,0.0,0.0,0.0,0.0,1.0,1.0,0.0,0.0,1.0,0.0,0.0,1.0,0.0,0.0,1.0,0.0,0.0,1.0,0.0,0.0,1.0,0.0,0.0,0.0,1.0,0.0,0.0,0.0,1.0,0.0,1.0,4.0,1.0,0.0,0.0,0.8629036009412546,1.0,0.0,0.0,1.0,0.0,0.0,1.0,0.0,0.0
7407-SUJIZ,0,-0.30015585439803716,-1.4677553610656522,-0.7684605212056241,0.0,1.0,1.0,0.0,1.0,0.0,0.0,1.0,1.0,0.0,0.0,0.0,0.0,1.0,0.0,1.0,0.0,0.0,1.0,0.0,0.0,1.0,0.0,0.0,1.0,0.0,0.0,1.0,0.0,0.0,1.0,0.0,1.0,0.0,0.0,1.0,0.0,0.0,0.0,0.0,1.0,1.0,0.0,1.0,0.0,0.0,1.0,2.5602050066515356,0.0,0.0,1.0,0.0,0.0,1.0,0.0,0.0,1.0
9150-KPBJQ,0,-1.0738427650786138,-1.4993295040688086,-0.9558107782604706,1.0,0.0,1.0,0.0,1.0,0.0,0.0,1.0,1.0,0.0,0.0,0.0,0.0,1.0,0.0,1.0,0.0,0.0,1.0,0.0,0.0,1.0,0.0,0.0,1.0,0.0,0.0,1.0,0.0,0.0,1.0,0.0,0.0,0.0,1.0,1.0,0.0,0.0,1.0,0.0,0.0,1.0,0.0,1.0,1.0,0.0,0.0,0.8900844791653438,1.0,0.0,0.0,1.0,0.0,0.0,1.0,0.0,0.0
0052-DCKON,0,1.369379058123207,1.6963061272506461,2.4966134923889807,0.0,1.0,0.0,1.0,1.0,0.0,0.0,1.0,0.0,0.0,1.0,0.0,1.0,0.0,0.0,0.0,1.0,0.0,0.0,1.0,0.0,0.0,1.0,0.0,0.0,1.0,0.0,0.0,1.0,0.0,0.0,1.0,0.0,1.0,0.0,1.0,0.0,1.0,0.0,0.0,0.0,1.0,0.0,9.0,0.0,1.0,0.0,1.8231719534331838,0.0,1.0,0.0,0.0,1.0,0.0,0.0,1.0,0.0
3654-ARMGP,0,1.1657772395230555,0.7939503561604415,1.3403052651075797,1.0,0.0,1.0,0.0,1.0,0.0,0.0,1.0,0.0,0.0,1.0,1.0,0.0,0.0,1.0,0.0,0.0,0.0,0.0,1.0,0.0,0.0,1.0,0.0,0.0,1.0,0.0,0.0,1.0,0.0,0.0,1.0,0.0,0.0,1.0,1.0,0.0,0.0,1.0,0.0,0.0,1.0,0.0,8.0,0.0,1.0,0.0,1.1497095840161775,0.0,1.0,0.0,0.0,1.0,0.0,0.0,1.0,0.0
9699-UBQFS,1,0.43281069256250915,0.9883806051798778,0.8265645213715246,1.0,0.0,0.0,1.0,1.0,0.0,0.0,1.0,0.0,0.0,1.0,0.0,1.0,0.0,0.0,0.0,1.0,0.0,0.0,1.0,1.0,0.0,0.0,1.0,0.0,0.0,0.0,0.0,1.0,1.0,0.0,0.0,1.0,0.0,0.0,0.0,1.0,0.0,0.0,1.0,0.0,1.0,0.0,6.0,0.0,0.0,1.0,1.9097599379482686,0.0,0.0,1.0,0.0,0.0,1.0,0.0,0.0,1.0
9367-TCUYN,0,-0.8295205827584317,-1.4843733310673135,-0.9087140163610126,1.0,0.0,1.0,0.0,1.0,0.0,0.0,1.0,1.0,0.0,0.0,0.0,0.0,1.0,0.0,1.0,0.0,0.0,1.0,0.0,0.0,1.0,0.0,0.0,1.0,0.0,0.0,1.0,0.0,0.0,1.0,0.0,1.0,0.0,0.0,1.0,0.0,0.0,0.0,0.0,1.0,1.0,0.0,1.0,1.0,0.0,0.0,1.0954689193355955,1.0,0.0,0.0,1.0,0.0,0.0,1.0,0.0,0.0
1261-FWTTE,1,-0.38159658183809786,-1.0007904040189717,-0.6683330260011089,0.0,1.0,1.0,0.0,1.0,0.0,1.0,0.0,0.0,1.0,0.0,1.0,0.0,0.0,1.0,0.0,0.0,1.0,0.0,0.0,1.0,0.0,0.0,1.0,0.0,0.0,1.0,0.0,0.0,0.0,0.0,1.0,1.0,0.0,0.0,0.0,1.0,1.0,0.0,0.0,0.0,1.0,0.0,2.0,0.0,0.0,1.0,1.7514125068464745,0.0,0.0,1.0,0.0,0.0,1.0,0.0,0.0,1.0
3528-HFRIQ,1,1.5729808767233588,-0.41417606296033027,0.6537293319184784,0.0,1.0,0.0,1.0,1.0,0.0,1.0,0.0,0.0,1.0,0.0,1.0,0.0,0.0,1.0,0.0,0.0,0.0,0.0,1.0,0.0,0.0,1.0,1.0,0.0,0.0,0.0,0.0,1.0,0.0,0.0,1.0,1.0,0.0,0.0,0.0,1.0,1.0,0.0,0.0,0.0,1.0,0.0,5.0,0.0,1.0,0.0,0.4155990333971811,0.0,1.0,0.0,0.0,1.0,0.0,0.0,1.0,0.0
0708-SJDIS,0,0.06632741908223598,0.00792037508186511,-0.0555015776035241,1.0,0.0,1.0,0.0,1.0,0.0,0.0,1.0,0.0,0.0,1.0,1.0,0.0,0.0,1.0,0.0,0.0,1.0,0.0,0.0,1.0,0.0,0.0,0.0,0.0,1.0,0.0,0.0,1.0,1.0,0.0,0.0,1.0,0.0,0.0,1.0,0.0,0.0,0.0,0.0,1.0,1.0,0.0,5.0,0.0,0.0,1.0,-0.8367818071544519,0.0,0.0,1.0,0.0,0.0,1.0,0.0,0.0,1.0
4140-WJAWW,0,-1.1145631287986442,-1.4926823160681442,-0.9596932279533532,1.0,0.0,1.0,0.0,1.0,0.0,0.0,1.0,1.0,0.0,0.0,0.0,0.0,1.0,0.0,1.0,0.0,0.0,1.0,0.0,0.0,1.0,0.0,0.0,1.0,0.0,0.0,1.0,0.0,0.0,1.0,0.0,1.0,0.0,0.0,1.0,0.0,0.0,1.0,0.0,0.0,0.0,1.0,1.0,1.0,0.0,0.0,0.8610487850856677,1.0,0.0,0.0,1.0,0.0,0.0,1.0,0.0,0.0
2073-QBVBI,0,0.35136996512244845,-0.9742016520163136,-0.39338499775059604,1.0,0.0,0.0,1.0,1.0,0.0,1.0,0.0,0.0,1.0,0.0,1.0,0.0,0.0,1.0,0.0,0.0,0.0,0.0,1.0,1.0,0.0,0.0,0.0,0.0,1.0,1.0,0.0,0.0,1.0,0.0,0.0,0.0,1.0,0.0,1.0,0.0,0.0,0.0,0.0,1.0,1.0,0.0,3.0,0.0,0.0,1.0,-1.1195749119123082,0.0,0.0,1.0,0.0,0.0,1.0,0.0,0.0,1.0
6928-ONTRW,0,1.6137012404433893,-1.4976677070686424,-0.39861306921203477,1.0,0.0,0.0,1.0,0.0,1.0,0.0,1.0,1.0,0.0,0.0,0.0,0.0,1.0,0.0,1.0,0.0,0.0,1.0,0.0,0.0,1.0,0.0,0.0,1.0,0.0,0.0,1.0,0.0,0.0,1.0,0.0,0.0,0.0,1.0,1.0,0.0,0.0,1.0,0.0,0.0,1.0,0.0,1.0,0.0,1.0,0.0,-0.24701788610047154,0.0,1.0,0.0,0.0,1.0,0.0,0.0,1.0,0.0
3320-VEOYC,1,-0.748079855318371,1.0249401391835322,-0.4455995342452177,0.0,1.0,1.0,0.0,1.0,0.0,0.0,1.0,0.0,0.0,1.0,0.0,1.0,0.0,1.0,0.0,0.0,1.0,0.0,0.0,1.0,0.0,0.0,1.0,0.0,0.0,0.0,0.0,1.0,0.0,0.0,1.0,1.0,0.0,0.0,0.0,1.0,0.0,0.0,1.0,0.0,1.0,0.0,5.0,1.0,0.0,0.0,0.5956577109746894,1.0,0.0,0.0,1.0,0.0,0.0,1.0,0.0,0.0
5231-FIQPA,0,0.35136996512244845,-1.4926823160681442,-0.6498031524668959,1.0,0.0,1.0,0.0,1.0,0.0,0.0,1.0,1.0,0.0,0.0,0.0,0.0,1.0,0.0,1.0,0.0,0.0,1.0,0.0,0.0,1.0,0.0,0.0,1.0,0.0,0.0,1.0,0.0,0.0,1.0,0.0,0.0,0.0,1.0,0.0,1.0,0.0,0.0,0.0,1.0,1.0,0.0,1.0,0.0,0.0,1.0,-1.8493417678441777,0.0,0.0,1.0,0.0,0.0,1.0,0.0,0.0,1.0
6617-WLBQC,0,-0.38159658183809786,0.5679459641378485,-0.2084392123805464,1.0,0.0,0.0,1.0,0.0,1.0,0.0,1.0,0.0,0.0,1.0,0.0,1.0,0.0,0.0,0.0,1.0,1.0,0.0,0.0,1.0,0.0,0.0,1.0,0.0,0.0,1.0,0.0,0.0,1.0,0.0,0.0,0.0,1.0,0.0,1.0,0.0,0.0,1.0,0.0,0.0,1.0,0.0,4.0,0.0,0.0,1.0,0.5462292439217448,0.0,0.0,1.0,0.0,0.0,1.0,0.0,0.0,1.0
2599-CIPQE,0,1.5729808767233588,1.48027251722905,2.4263323291985017,0.0,1.0,0.0,1.0,0.0,1.0,0.0,1.0,1.0,0.0,0.0,0.0,1.0,0.0,0.0,0.0,1.0,0.0,0.0,1.0,0.0,0.0,1.0,0.0,0.0,1.0,0.0,0.0,1.0,0.0,0.0,1.0,0.0,0.0,1.0,1.0,0.0,0.0,1.0,0.0,0.0,1.0,0.0,8.0,0.0,1.0,0.0,1.5425059294126577,0.0,1.0,0.0,0.0,1.0,0.0,0.0,1.0,0.0
6653-CBBOM,0,-1.2774445836787656,0.18407085709947407,-0.9763480547608898,1.0,0.0,1.0,0.0,1.0,0.0,0.0,1.0,1.0,0.0,0.0,0.0,1.0,0.0,1.0,0.0,0.0,1.0,0.0,0.0,1.0,0.0,0.0,1.0,0.0,0.0,1.0,0.0,0.0,1.0,0.0,0.0,1.0,0.0,0.0,0.0,1.0,0.0,0.0,1.0,0.0,0.0,1.0,2.0,1.0,0.0,0.0,0.7642977763851152,1.0,0.0,0.0,1.0,0.0,0.0,1.0,0.0,0.0
8774-GSBUN,0,1.6137012404433893,-1.3082228490497045,-0.21450554002567565,0.0,1.0,0.0,1.0,1.0,0.0,0.0,1.0,0.0,0.0,1.0,0.0,0.0,1.0,0.0,1.0,0.0,0.0,1.0,0.0,0.0,1.0,0.0,0.0,1.0,0.0,0.0,1.0,0.0,0.0,1.0,0.0,0.0,0.0,1.0,1.0,0.0,0.0,0.0,0.0,1.0,1.0,0.0,2.0,0.0,1.0,0.0,-0.13292766631742622,0.0,1.0,0.0,0.0,1.0,0.0,0.0,1.0,0.0
7326-RIGQZ,0,-1.0738427650786138,0.16745288709781284,-0.8406608498692898,0.0,1.0,0.0,1.0,0.0,1.0,0.0,1.0,1.0,0.0,0.0,0.0,1.0,0.0,1.0,0.0,0.0,1.0,0.0,0.0,1.0,0.0,0.0,1.0,0.0,0.0,1.0,0.0,0.0,1.0,0.0,0.0,1.0,0.0,0.0,0.0,1.0,0.0,0.0,1.0,0.0,1.0,0.0,2.0,1.0,0.0,0.0,0.7828528320975807,1.0,0.0,0.0,1.0,0.0,0.0,1.0,0.0,0.0
1401-FTHFQ,0,-0.38159658183809786,-1.4876969250676457,-0.8109027553482739,0.0,1.0,0.0,1.0,0.0,1.0,0.0,1.0,1.0,0.0,0.0,0.0,0.0,1.0,0.0,1.0,0.0,0.0,1.0,0.0,0.0,1.0,0.0,0.0,1.0,0.0,0.0,1.0,0.0,0.0,1.0,0.0,0.0,1.0,0.0,0.0,1.0,0.0,1.0,0.0,0.0,1.0,0.0,1.0,0.0,0.0,1.0,2.1250262553251074,0.0,0.0,1.0,0.0,0.0,1.0,0.0,0.0,1.0
3247-ZVOUO,1,-0.9109613101984924,0.6909189421501416,-0.6315821101582532,0.0,1.0,0.0,1.0,1.0,0.0,0.0,1.0,0.0,0.0,1.0,0.0,1.0,0.0,1.0,0.0,0.0,1.0,0.0,0.0,1.0,0.0,0.0,1.0,0.0,0.0,1.0,0.0,0.0,0.0,0.0,1.0,1.0,0.0,0.0,1.0,0.0,0.0,0.0,1.0,0.0,0.0,1.0,4.0,1.0,0.0,0.0,0.6933138686434835,1.0,0.0,0.0,1.0,0.0,0.0,1.0,0.0,0.0
0254-FNMCI,0,1.6137012404433893,1.5002140812310438,2.3563379378603373,1.0,0.0,1.0,0.0,1.0,0.0,0.0,1.0,1.0,0.0,0.0,0.0,1.0,0.0,0.0,0.0,1.0,0.0,0.0,1.0,0.0,0.0,1.0,0.0,0.0,1.0,0.0,0.0,1.0,0.0,0.0,1.0,0.0,0.0,1.0,0.0,1.0,0.0,0.0,1.0,0.0,1.0,0.0,8.0,0.0,1.0,0.0,1.460207056179059,0.0,1.0,0.0,0.0,1.0,0.0,0.0,1.0,0.0
1848-LBZHY,0,-1.0331224013585834,-0.4806479429669752,-0.8506978647003218,1.0,0.0,0.0,1.0,1.0,0.0,0.0,1.0,1.0,0.0,0.0,1.0,0.0,0.0,0.0,0.0,1.0,1.0,0.0,0.0,1.0,0.0,0.0,1.0,0.0,0.0,1.0,0.0,0.0,1.0,0.0,0.0,1.0,0.0,0.0,0.0,1.0,1.0,0.0,0.0,0.0,1.0,0.0,3.0,1.0,0.0,0.0,0.823424081775433,1.0,0.0,0.0,1.0,0.0,0.0,1.0,0.0,0.0
6101-IMRMM,0,-1.0738427650786138,0.9883806051798778,-0.7534822067654686,0.0,1.0,1.0,0.0,0.0,1.0,0.0,1.0,1.0,0.0,0.0,0.0,1.0,0.0,1.0,0.0,0.0,1.0,0.0,0.0,0.0,0.0,1.0,1.0,0.0,0.0,0.0,0.0,1.0,0.0,0.0,1.0,1.0,0.0,0.0,1.0,0.0,0.0,0.0,0.0,1.0,0.0,1.0,5.0,1.0,0.0,0.0,0.7016690257351669,1.0,0.0,0.0,1.0,0.0,0.0,1.0,0.0,0.0
8118-TJAFG,0,-0.9516816739185228,1.221032185203135,-0.6072726808312261,0.0,1.0,0.0,1.0,0.0,1.0,0.0,1.0,1.0,0.0,0.0,0.0,1.0,0.0,1.0,0.0,0.0,0.0,0.0,1.0,1.0,0.0,0.0,0.0,0.0,1.0,0.0,0.0,1.0,0.0,0.0,1.0,1.0,0.0,0.0,0.0,1.0,0.0,0.0,1.0,0.0,1.0,0.0,6.0,1.0,0.0,0.0,0.6381048384916332,1.0,0.0,0.0,1.0,0.0,0.0,1.0,0.0,0.0
5429-LWCMV,0,-0.8295205827584317,0.8105683261621028,-0.5407857298406095,1.0,0.0,1.0,0.0,1.0,0.0,0.0,1.0,0.0,0.0,1.0,0.0,1.0,0.0,1.0,0.0,0.0,0.0,0.0,1.0,1.0,0.0,0.0,1.0,0.0,0.0,1.0,0.0,0.0,0.0,0.0,1.0,1.0,0.0,0.0,0.0,1.0,0.0,0.0,1.0,0.0,1.0,0.0,5.0,1.0,0.0,0.0,0.651925631600746,1.0,0.0,0.0,1.0,0.0,0.0,1.0,0.0,0.0
7298-IZWLY,0,-1.2774445836787656,-1.5076384890696393,-0.9988044967344957,1.0,0.0,1.0,0.0,1.0,0.0,0.0,1.0,1.0,0.0,0.0,0.0,0.0,1.0,0.0,1.0,0.0,0.0,1.0,0.0,0.0,1.0,0.0,0.0,1.0,0.0,0.0,1.0,0.0,0.0,1.0,0.0,1.0,0.0,0.0,0.0,1.0,0.0,0.0,0.0,1.0,1.0,0.0,1.0,1.0,0.0,0.0,0.7818769671073743,1.0,0.0,0.0,1.0,0.0,0.0,1.0,0.0,0.0
9758-MFWGD,1,0.6364125111626608,-1.1586611190347533,-0.394664441399387,1.0,0.0,0.0,1.0,0.0,1.0,1.0,0.0,0.0,1.0,0.0,1.0,0.0,0.0,1.0,0.0,0.0,0.0,0.0,1.0,1.0,0.0,0.0,1.0,0.0,0.0,1.0,0.0,0.0,1.0,0.0,0.0,0.0,1.0,0.0,1.0,0.0,1.0,0.0,0.0,0.0,1.0,0.0,2.0,0.0,1.0,0.0,-0.6201393506208344,0.0,1.0,0.0,0.0,1.0,0.0,0.0,1.0,0.0
3955-JBZZM,0,-0.5037576729981889,0.466576347127715,-0.2832425470883039,0.0,1.0,1.0,0.0,1.0,0.0,0.0,1.0,1.0,0.0,0.0,0.0,1.0,0.0,1.0,0.0,0.0,1.0,0.0,0.0,1.0,0.0,0.0,1.0,0.0,0.0,0.0,0.0,1.0,1.0,0.0,0.0,1.0,0.0,0.0,1.0,0.0,0.0,0.0,1.0,0.0,1.0,0.0,3.0,1.0,0.0,0.0,0.5622595193489434,1.0,0.0,0.0,1.0,0.0,0.0,1.0,0.0,0.0
1268-ASBGA,1,-0.6666391278783103,0.684271754149477,-0.40066459092475115,1.0,0.0,0.0,1.0,1.0,0.0,0.0,1.0,0.0,0.0,1.0,0.0,1.0,0.0,1.0,0.0,0.0,1.0,0.0,0.0,1.0,0.0,0.0,1.0,0.0,0.0,1.0,0.0,0.0,0.0,0.0,1.0,1.0,0.0,0.0,0.0,1.0,0.0,1.0,0.0,0.0,0.0,1.0,4.0,1.0,0.0,0.0,0.6010217135017754,1.0,0.0,0.0,1.0,0.0,0.0,1.0,0.0,0.0
8943-URTMR,0,-1.2367242199587352,0.4948268961305394,-0.9399942076366246,1.0,0.0,1.0,0.0,1.0,0.0,0.0,1.0,1.0,0.0,0.0,0.0,1.0,0.0,1.0,0.0,0.0,1.0,0.0,0.0,1.0,0.0,0.0,1.0,0.0,0.0,0.0,0.0,1.0,1.0,0.0,0.0,1.0,0.0,0.0,0.0,1.0,0.0,0.0,0.0,1.0,0.0,1.0,3.0,1.0,0.0,0.0,0.7600677600281723,1.0,0.0,0.0,1.0,0.0,0.0,1.0,0.0,0.0
4815-TUMEQ,0,-0.9109613101984924,-1.5109620830699715,-0.9256556150208645,1.0,0.0,1.0,0.0,1.0,0.0,0.0,1.0,1.0,0.0,0.0,0.0,0.0,1.0,0.0,1.0,0.0,0.0,1.0,0.0,0.0,1.0,0.0,0.0,1.0,0.0,0.0,1.0,0.0,0.0,1.0,0.0,0.0,1.0,0.0,0.0,1.0,0.0,0.0,0.0,1.0,1.0,0.0,1.0,1.0,0.0,0.0,1.0161305476509976,1.0,0.0,0.0,1.0,0.0,0.0,1.0,0.0,0.0
4713-LZDRV,1,-1.2367242199587352,0.4931650991303729,-0.9213099184896263,1.0,0.0,1.0,0.0,1.0,0.0,0.0,1.0,1.0,0.0,0.0,0.0,1.0,0.0,1.0,0.0,0.0,1.0,0.0,0.0,1.0,0.0,0.0,1.0,0.0,0.0,1.0,0.0,0.0,0.0,0.0,1.0,1.0,0.0,0.0,0.0,1.0,0.0,0.0,1.0,0.0,0.0,1.0,3.0,1.0,0.0,0.0,0.7449598735281233,1.0,0.0,0.0,1.0,0.0,0.0,1.0,0.0,0.0
9909-IDLEK,0,-0.5037576729981889,1.0648232671875193,-0.20144639105870643,0.0,1.0,0.0,1.0,0.0,1.0,0.0,1.0,0.0,0.0,1.0,0.0,1.0,0.0,1.0,0.0,0.0,0.0,0.0,1.0,1.0,0.0,0.0,0.0,0.0,1.0,0.0,0.0,1.0,1.0,0.0,0.0,1.0,0.0,0.0,1.0,0.0,0.0,0.0,0.0,1.0,1.0,0.0,6.0,1.0,0.0,0.0,0.3998874892758818,1.0,0.0,0.0,1.0,0.0,0.0,1.0,0.0,0.0
4092-OFQZS,0,-0.5037576729981889,-1.4660935640654862,-0.8231677668780625,0.0,1.0,0.0,1.0,1.0,0.0,0.0,1.0,1.0,0.0,0.0,0.0,0.0,1.0,0.0,1.0,0.0,0.0,1.0,0.0,0.0,1.0,0.0,0.0,1.0,0.0,0.0,1.0,0.0,0.0,1.0,0.0,0.0,1.0,0.0,1.0,0.0,0.0,0.0,0.0,1.0,1.0,0.0,1.0,1.0,0.0,0.0,1.6340550447179432,1.0,0.0,0.0,1.0,0.0,0.0,1.0,0.0,0.0
1561-BWHIN,0,-0.5444780367182193,-1.4943441130683104,-0.8553744518303851,0.0,1.0,0.0,1.0,0.0,1.0,0.0,1.0,1.0,0.0,0.0,0.0,0.0,1.0,0.0,1.0,0.0,0.0,1.0,0.0,0.0,1.0,0.0,0.0,1.0,0.0,0.0,1.0,0.0,0.0,1.0,0.0,0.0,1.0,0.0,1.0,0.0,0.0,0.0,0.0,1.0,1.0,0.0,1.0,1.0,0.0,0.0,1.5709990011462343,1.0,0.0,0.0,1.0,0.0,0.0,1.0,0.0,0.0
4325-NFSKC,1,-0.5444780367182193,0.85876043916692,-0.27499234149092805,0.0,1.0,1.0,0.0,1.0,0.0,0.0,1.0,0.0,0.0,1.0,0.0,1.0,0.0,0.0,0.0,1.0,1.0,0.0,0.0,1.0,0.0,0.0,1.0,0.0,0.0,0.0,0.0,1.0,1.0,0.0,0.0,1.0,0.0,0.0,0.0,1.0,0.0,0.0,1.0,0.0,0.0,1.0,5.0,1.0,0.0,0.0,0.5050568121138802,1.0,0.0,0.0,1.0,0.0,0.0,1.0,0.0,0.0
9927-DSWDF,0,-0.4223169455581282,1.3240635992134344,-0.04533220653296189,0.0,1.0,0.0,1.0,1.0,0.0,0.0,1.0,1.0,0.0,0.0,0.0,1.0,0.0,0.0,0.0,1.0,0.0,0.0,1.0,1.0,0.0,0.0,0.0,0.0,1.0,0.0,0.0,1.0,0.0,0.0,1.0,1.0,0.0,0.0,0.0,1.0,0.0,0.0,1.0,0.0,1.0,0.0,7.0,0.0,0.0,1.0,0.1073416707753734,0.0,0.0,1.0,0.0,0.0,1.0,0.0,0.0,1.0
9500-LTVBP,0,0.10704778280226633,0.5081212721318681,0.24379999872052585,1.0,0.0,1.0,0.0,1.0,0.0,0.0,1.0,0.0,0.0,1.0,0.0,1.0,0.0,1.0,0.0,0.0,1.0,0.0,0.0,1.0,0.0,0.0,0.0,0.0,1.0,1.0,0.0,0.0,1.0,0.0,0.0,1.0,0.0,0.0,1.0,0.0,0.0,1.0,0.0,0.0,1.0,0.0,4.0,0.0,0.0,1.0,2.2774876072946024,0.0,0.0,1.0,0.0,0.0,1.0,0.0,0.0,1.0
7252-NTGSS,0,-1.2774445836787656,-0.6518130339840859,-0.9874439195081627,1.0,0.0,1.0,0.0,1.0,0.0,0.0,1.0,1.0,0.0,0.0,1.0,0.0,0.0,1.0,0.0,0.0,1.0,0.0,0.0,1.0,0.0,0.0,1.0,0.0,0.0,1.0,0.0,0.0,1.0,0.0,0.0,1.0,0.0,0.0,1.0,0.0,0.0,0.0,0.0,1.0,1.0,0.0,2.0,1.0,0.0,0.0,0.772983761584817,1.0,0.0,0.0,1.0,0.0,0.0,1.0,0.0,0.0
8149-AIQCG,0,0.26992923768238775,0.2787932861089434,0.19745325551173826,0.0,1.0,1.0,0.0,1.0,0.0,0.0,1.0,0.0,0.0,1.0,0.0,1.0,0.0,1.0,0.0,0.0,1.0,0.0,0.0,1.0,0.0,0.0,1.0,0.0,0.0,1.0,0.0,0.0,1.0,0.0,0.0,1.0,0.0,0.0,0.0,1.0,0.0,1.0,0.0,0.0,1.0,0.0,3.0,0.0,0.0,1.0,0.731500067228996,0.0,0.0,1.0,0.0,0.0,1.0,0.0,0.0,1.0
1360-JYXKQ,1,0.880734693482843,1.141265929195161,1.391416832939451,1.0,0.0,0.0,1.0,1.0,0.0,0.0,1.0,1.0,0.0,0.0,0.0,1.0,0.0,1.0,0.0,0.0,1.0,0.0,0.0,0.0,0.0,1.0,0.0,0.0,1.0,0.0,0.0,1.0,0.0,0.0,1.0,0.0,1.0,0.0,0.0,1.0,0.0,0.0,1.0,0.0,1.0,0.0,6.0,0.0,1.0,0.0,1.5798365197096171,0.0,1.0,0.0,0.0,1.0,0.0,0.0,1.0,0.0
2955-PSXOE,0,-1.2774445836787656,-1.481049737066981,-0.9984515467624155,1.0,0.0,1.0,0.0,1.0,0.0,0.0,1.0,1.0,0.0,0.0,0.0,0.0,1.0,0.0,1.0,0.0,0.0,1.0,0.0,0.0,1.0,0.0,0.0,1.0,0.0,0.0,1.0,0.0,0.0,1.0,0.0,1.0,0.0,0.0,0.0,1.0,1.0,0.0,0.0,0.0,0.0,1.0,1.0,1.0,0.0,0.0,0.7816006733435669,1.0,0.0,0.0,1.0,0.0,0.0,1.0,0.0,0.0
7762-URZQH,0,1.369379058123207,1.3722557122182522,2.0727205759206035,0.0,1.0,0.0,1.0,1.0,0.0,0.0,1.0,0.0,0.0,1.0,0.0,1.0,0.0,0.0,0.0,1.0,1.0,0.0,0.0,0.0,0.0,1.0,1.0,0.0,0.0,0.0,0.0,1.0,0.0,0.0,1.0,0.0,0.0,1.0,0.0,1.0,0.0,1.0,0.0,0.0,0.0,1.0,7.0,0.0,1.0,0.0,1.5136207638236825,0.0,1.0,0.0,0.0,1.0,0.0,0.0,1.0,0.0
0899-WZRSD,0,0.9621754209229036,1.3489905542159264,1.5490751735930461,0.0,1.0,1.0,0.0,1.0,0.0,0.0,1.0,0.0,0.0,1.0,0.0,1.0,0.0,0.0,0.0,1.0,1.0,0.0,0.0,1.0,0.0,0.0,0.0,0.0,1.0,0.0,0.0,1.0,0.0,0.0,1.0,1.0,0.0,0.0,0.0,1.0,0.0,0.0,0.0,1.0,1.0,0.0,7.0,0.0,1.0,0.0,1.609971674507334,0.0,1.0,0.0,0.0,1.0,0.0,0.0,1.0,0.0
3255-GRXMG,0,-0.5851984004382496,-0.6351950639824246,-0.6777082596344904,0.0,1.0,1.0,0.0,0.0,1.0,0.0,1.0,1.0,0.0,0.0,1.0,0.0,0.0,1.0,0.0,0.0,1.0,0.0,0.0,1.0,0.0,0.0,1.0,0.0,0.0,1.0,0.0,0.0,1.0,0.0,0.0,1.0,0.0,0.0,0.0,1.0,0.0,1.0,0.0,0.0,1.0,0.0,2.0,1.0,0.0,0.0,1.1580828982563198,1.0,0.0,0.0,1.0,0.0,0.0,1.0,0.0,0.0
4828-FAZPK,0,-0.6666391278783103,0.5047976781315361,-0.4479598871835043,1.0,0.0,0.0,1.0,0.0,1.0,0.0,1.0,0.0,0.0,1.0,0.0,1.0,0.0,1.0,0.0,0.0,0.0,0.0,1.0,1.0,0.0,0.0,1.0,0.0,0.0,1.0,0.0,0.0,1.0,0.0,0.0,1.0,0.0,0.0,0.0,1.0,0.0,1.0,0.0,0.0,1.0,0.0,4.0,1.0,0.0,0.0,0.671967588535061,1.0,0.0,0.0,1.0,0.0,0.0,1.0,0.0,0.0
6094-ZIVKX,0,1.4508197855632678,-0.3427187919531868,0.6139783413129404,1.0,0.0,1.0,0.0,1.0,0.0,0.0,1.0,1.0,0.0,0.0,1.0,0.0,0.0,0.0,0.0,1.0,1.0,0.0,0.0,0.0,0.0,1.0,1.0,0.0,0.0,1.0,0.0,0.0,1.0,0.0,0.0,0.0,1.0,0.0,0.0,1.0,0.0,1.0,0.0,0.0,1.0,0.0,4.0,0.0,1.0,0.0,0.4231940778740957,0.0,1.0,0.0,0.0,1.0,0.0,0.0,1.0,0.0
6925-BAYGL,1,0.8400143297628127,-1.3181936310507012,-0.44458480307548703,1.0,0.0,0.0,1.0,1.0,0.0,0.0,1.0,0.0,0.0,1.0,0.0,0.0,1.0,0.0,1.0,0.0,0.0,1.0,0.0,0.0,1.0,0.0,0.0,1.0,0.0,0.0,1.0,0.0,0.0,1.0,0.0,0.0,0.0,1.0,1.0,0.0,0.0,1.0,0.0,0.0,1.0,0.0,2.0,0.0,1.0,0.0,-0.5292585939587727,0.0,1.0,0.0,0.0,1.0,0.0,0.0,1.0,0.0
3262-EIDHV,0,1.6137012404433893,0.6626683931473177,1.5929512669972719,1.0,0.0,0.0,1.0,0.0,1.0,0.0,1.0,0.0,0.0,1.0,1.0,0.0,0.0,0.0,0.0,1.0,1.0,0.0,0.0,0.0,0.0,1.0,0.0,0.0,1.0,0.0,0.0,1.0,0.0,0.0,1.0,0.0,0.0,1.0,1.0,0.0,0.0,1.0,0.0,0.0,1.0,0.0,8.0,0.0,1.0,0.0,0.9871413785116655,0.0,1.0,0.0,0.0,1.0,0.0,0.0,1.0,0.0
7354-OIJLX,0,-0.9516816739185228,0.36853032411791364,-0.6876570369725025,0.0,1.0,1.0,0.0,1.0,0.0,0.0,1.0,0.0,0.0,1.0,0.0,1.0,0.0,1.0,0.0,0.0,1.0,0.0,0.0,1.0,0.0,0.0,1.0,0.0,0.0,1.0,0.0,0.0,1.0,0.0,0.0,1.0,0.0,0.0,0.0,1.0,0.0,0.0,1.0,0.0,1.0,0.0,3.0,1.0,0.0,0.0,0.7225704306578625,1.0,0.0,0.0,1.0,0.0,0.0,1.0,0.0,0.0
1376-HHBDV,0,-0.0965540357978854,-0.5305018529719588,-0.3293686965645412,1.0,0.0,1.0,0.0,1.0,0.0,0.0,1.0,1.0,0.0,0.0,1.0,0.0,0.0,0.0,0.0,1.0,1.0,0.0,0.0,1.0,0.0,0.0,1.0,0.0,0.0,1.0,0.0,0.0,1.0,0.0,0.0,1.0,0.0,0.0,0.0,1.0,0.0,0.0,0.0,1.0,1.0,0.0,3.0,0.0,0.0,1.0,3.411236970498074,0.0,0.0,1.0,0.0,0.0,1.0,0.0,0.0,1.0
6907-NZZIJ,0,0.14776814652229667,1.1429277261953275,0.587793865259237,1.0,0.0,1.0,0.0,1.0,0.0,0.0,1.0,0.0,0.0,1.0,0.0,1.0,0.0,1.0,0.0,0.0,0.0,0.0,1.0,1.0,0.0,0.0,1.0,0.0,0.0,0.0,0.0,1.0,0.0,0.0,1.0,1.0,0.0,0.0,0.0,1.0,0.0,0.0,1.0,0.0,0.0,1.0,6.0,0.0,0.0,1.0,3.977811721219262,0.0,0.0,1.0,0.0,0.0,1.0,0.0,0.0,1.0
6133-OZILE,0,-0.5851984004382496,-0.9825106370171443,-0.7394303860020238,1.0,0.0,1.0,0.0,1.0,0.0,1.0,0.0,0.0,1.0,0.0,1.0,0.0,0.0,1.0,0.0,0.0,1.0,0.0,0.0,0.0,0.0,1.0,0.0,0.0,1.0,1.0,0.0,0.0,1.0,0.0,0.0,1.0,0.0,0.0,0.0,1.0,0.0,0.0,1.0,0.0,1.0,0.0,3.0,1.0,0.0,0.0,1.2635550361181291,1.0,0.0,0.0,1.0,0.0,0.0,1.0,0.0,0.0
4135-FRWKJ,1,0.9214550572028734,0.3818247001192428,0.8255718495750489,1.0,0.0,0.0,1.0,0.0,1.0,0.0,1.0,0.0,0.0,1.0,1.0,0.0,0.0,0.0,0.0,1.0,1.0,0.0,0.0,0.0,0.0,1.0,0.0,0.0,1.0,0.0,0.0,1.0,1.0,0.0,0.0,0.0,1.0,0.0,1.0,0.0,0.0,0.0,1.0,0.0,1.0,0.0,7.0,0.0,1.0,0.0,0.8959436959205769,0.0,1.0,0.0,0.0,1.0,0.0,0.0,1.0,0.0
2911-UREFD,0,0.26992923768238775,-0.29452667894836937,-0.043655694165580836,1.0,0.0,0.0,1.0,1.0,0.0,1.0,0.0,0.0,1.0,0.0,1.0,0.0,0.0,0.0,0.0,1.0,1.0,0.0,0.0,0.0,0.0,1.0,1.0,0.0,0.0,0.0,0.0,1.0,0.0,0.0,1.0,1.0,0.0,0.0,1.0,0.0,0.0,0.0,1.0,0.0,0.0,1.0,5.0,0.0,0.0,1.0,-0.1617301428345021,0.0,0.0,1.0,0.0,0.0,1.0,0.0,0.0,1.0
3744-ZRRDZ,0,-0.46303730927815856,0.5845639341395097,-0.1899093388463334,0.0,1.0,1.0,0.0,1.0,0.0,0.0,1.0,0.0,0.0,1.0,0.0,1.0,0.0,1.0,0.0,0.0,0.0,0.0,1.0,1.0,0.0,0.0,1.0,0.0,0.0,1.0,0.0,0.0,1.0,0.0,0.0,1.0,0.0,0.0,0.0,1.0,0.0,0.0,1.0,0.0,0.0,1.0,4.0,0.0,0.0,1.0,0.4101383086006357,0.0,0.0,1.0,0.0,0.0,1.0,0.0,0.0,1.0
5673-TIYIB,0,-1.2367242199587352,-0.8096837489998675,-0.9733259206249528,0.0,1.0,1.0,0.0,1.0,0.0,1.0,0.0,0.0,1.0,0.0,1.0,0.0,0.0,1.0,0.0,0.0,0.0,0.0,1.0,0.0,0.0,1.0,0.0,0.0,1.0,1.0,0.0,0.0,1.0,0.0,0.0,1.0,0.0,0.0,0.0,1.0,0.0,1.0,0.0,0.0,0.0,1.0,4.0,1.0,0.0,0.0,0.7870193733712347,1.0,0.0,0.0,1.0,0.0,0.0,1.0,0.0,0.0
6551-ZCOTS,1,0.025607055362205634,-1.3248408190513656,-0.6333248006453994,0.0,1.0,1.0,0.0,1.0,0.0,0.0,1.0,0.0,0.0,1.0,0.0,0.0,1.0,0.0,1.0,0.0,0.0,1.0,0.0,0.0,1.0,0.0,0.0,1.0,0.0,0.0,1.0,0.0,0.0,1.0,0.0,0.0,1.0,0.0,0.0,1.0,1.0,0.0,0.0,0.0,1.0,0.0,2.0,0.0,0.0,1.0,-24.732433764334576,0.0,0.0,1.0,0.0,0.0,1.0,0.0,0.0,1.0
7191-ADRGF,0,0.47353105628253944,-0.3477041829536853,0.0472730423915929,0.0,1.0,0.0,1.0,1.0,0.0,1.0,0.0,0.0,1.0,0.0,1.0,0.0,0.0,1.0,0.0,0.0,0.0,0.0,1.0,0.0,0.0,1.0,1.0,0.0,0.0,0.0,0.0,1.0,0.0,0.0,1.0,0.0,0.0,1.0,1.0,0.0,1.0,0.0,0.0,0.0,1.0,0.0,5.0,0.0,0.0,1.0,0.0998309229445486,0.0,0.0,1.0,0.0,0.0,1.0,0.0,0.0,1.0
5018-LXQQG,0,-0.0965540357978854,0.051127097086184216,-0.1587394444369965,1.0,0.0,0.0,1.0,0.0,1.0,0.0,1.0,1.0,0.0,0.0,1.0,0.0,0.0,0.0,0.0,1.0,1.0,0.0,0.0,1.0,0.0,0.0,0.0,0.0,1.0,1.0,0.0,0.0,0.0,0.0,1.0,1.0,0.0,0.0,1.0,0.0,1.0,0.0,0.0,0.0,1.0,0.0,5.0,0.0,0.0,1.0,1.6440477409901595,0.0,0.0,1.0,0.0,0.0,1.0,0.0,0.0,1.0
6892-BOGQE,0,1.5729808767233588,-1.4577845790646555,-0.3485824106696596,1.0,0.0,0.0,1.0,1.0,0.0,0.0,1.0,1.0,0.0,0.0,0.0,0.0,1.0,0.0,1.0,0.0,0.0,1.0,0.0,0.0,1.0,0.0,0.0,1.0,0.0,0.0,1.0,0.0,0.0,1.0,0.0,0.0,0.0,1.0,0.0,1.0,1.0,0.0,0.0,0.0,1.0,0.0,1.0,0.0,1.0,0.0,-0.2216062609710703,0.0,1.0,0.0,0.0,1.0,0.0,0.0,1.0,0.0
1602-IJQQE,0,-1.1552834925186746,0.35191235411625243,-0.8581980516070271,1.0,0.0,1.0,0.0,1.0,0.0,0.0,1.0,0.0,0.0,1.0,0.0,1.0,0.0,1.0,0.0,0.0,1.0,0.0,0.0,1.0,0.0,0.0,1.0,0.0,0.0,1.0,0.0,0.0,1.0,0.0,0.0,1.0,0.0,0.0,1.0,0.0,0.0,0.0,1.0,0.0,0.0,1.0,3.0,1.0,0.0,0.0,0.7428462859241926,1.0,0.0,0.0,1.0,0.0,0.0,1.0,0.0,0.0
4628-WQCQQ,0,0.10704778280226633,0.677624566148813,0.32969919817555604,0.0,1.0,1.0,0.0,0.0,1.0,0.0,1.0,1.0,0.0,0.0,0.0,1.0,0.0,1.0,0.0,0.0,1.0,0.0,0.0,0.0,0.0,1.0,1.0,0.0,0.0,0.0,0.0,1.0,1.0,0.0,0.0,0.0,1.0,0.0,0.0,1.0,0.0,0.0,1.0,0.0,0.0,1.0,4.0,0.0,0.0,1.0,3.0799255205926217,0.0,0.0,1.0,0.0,0.0,1.0,0.0,0.0,1.0
1746-TGTWV,0,-1.2774445836787656,0.35191235411625243,-0.9741200580621334,0.0,1.0,0.0,1.0,1.0,0.0,0.0,1.0,1.0,0.0,0.0,0.0,1.0,0.0,1.0,0.0,0.0,1.0,0.0,0.0,0.0,0.0,1.0,1.0,0.0,0.0,1.0,0.0,0.0,1.0,0.0,0.0,1.0,0.0,0.0,1.0,0.0,0.0,1.0,0.0,0.0,1.0,0.0,3.0,1.0,0.0,0.0,0.7625536720010798,1.0,0.0,0.0,1.0,0.0,0.0,1.0,0.0,0.0
5995-SNNEW,1,-0.38159658183809786,1.3190782082129364,-0.043435100433030685,0.0,1.0,0.0,1.0,1.0,0.0,0.0,1.0,0.0,0.0,1.0,0.0,1.0,0.0,1.0,0.0,0.0,0.0,0.0,1.0,0.0,0.0,1.0,1.0,0.0,0.0,0.0,0.0,1.0,0.0,0.0,1.0,1.0,0.0,0.0,0.0,1.0,0.0,0.0,1.0,0.0,1.0,0.0,7.0,0.0,0.0,1.0,0.11382465802971774,0.0,0.0,1.0,0.0,0.0,1.0,0.0,0.0,1.0
8050-WYBND,0,-0.4223169455581282,-0.5088984919697991,-0.5523227820529825,1.0,0.0,1.0,0.0,0.0,1.0,1.0,0.0,0.0,1.0,0.0,1.0,0.0,0.0,1.0,0.0,0.0,1.0,0.0,0.0,0.0,0.0,1.0,1.0,0.0,0.0,0.0,0.0,1.0,0.0,0.0,1.0,0.0,1.0,0.0,0.0,1.0,0.0,1.0,0.0,0.0,1.0,0.0,4.0,0.0,0.0,1.0,1.3078394979463597,0.0,0.0,1.0,0.0,0.0,1.0,0.0,0.0,1.0
2821-WARNZ,0,0.6771328748826912,-1.505976692069473,-0.6008975219605266,1.0,0.0,1.0,0.0,0.0,1.0,0.0,1.0,1.0,0.0,0.0,0.0,0.0,1.0,0.0,1.0,0.0,0.0,1.0,0.0,0.0,1.0,0.0,0.0,1.0,0.0,0.0,1.0,0.0,0.0,1.0,0.0,0.0,1.0,0.0,1.0,0.0,0.0,1.0,0.0,0.0,1.0,0.0,1.0,0.0,1.0,0.0,-0.8874144857678459,0.0,1.0,0.0,0.0,1.0,0.0,0.0,1.0,0.0
4879-GZLFH,0,0.3920903288424788,0.9102761461720702,0.7024143686922975,1.0,0.0,0.0,1.0,0.0,1.0,0.0,1.0,1.0,0.0,0.0,0.0,1.0,0.0,1.0,0.0,0.0,1.0,0.0,0.0,0.0,0.0,1.0,1.0,0.0,0.0,0.0,0.0,1.0,0.0,0.0,1.0,1.0,0.0,0.0,0.0,1.0,0.0,0.0,1.0,0.0,1.0,0.0,5.0,0.0,0.0,1.0,1.7914605819683211,0.0,0.0,1.0,0.0,0.0,1.0,0.0,0.0,1.0
1644-IRKSF,0,0.025607055362205634,0.9651154471775519,0.3711267011484751,1.0,0.0,0.0,1.0,0.0,1.0,0.0,1.0,1.0,0.0,0.0,0.0,1.0,0.0,1.0,0.0,0.0,1.0,0.0,0.0,0.0,0.0,1.0,1.0,0.0,0.0,0.0,0.0,1.0,0.0,0.0,1.0,0.0,1.0,0.0,0.0,1.0,0.0,0.0,1.0,0.0,0.0,1.0,5.0,0.0,0.0,1.0,14.493142452303761,0.0,0.0,1.0,0.0,0.0,1.0,0.0,0.0,1.0
8314-HTWVE,0,-1.0331224013585834,-1.4926823160681442,-0.943766360463232,1.0,0.0,0.0,1.0,0.0,1.0,0.0,1.0,1.0,0.0,0.0,0.0,0.0,1.0,0.0,1.0,0.0,0.0,1.0,0.0,0.0,1.0,0.0,0.0,1.0,0.0,0.0,1.0,0.0,0.0,1.0,0.0,0.0,0.0,1.0,1.0,0.0,0.0,0.0,0.0,1.0,1.0,0.0,1.0,1.0,0.0,0.0,0.9135087567766939,1.0,0.0,0.0,1.0,0.0,0.0,1.0,0.0,0.0
9402-ROUMJ,0,1.4100994218432374,1.1794872601989819,1.943739420498528,1.0,0.0,0.0,1.0,0.0,1.0,0.0,1.0,0.0,0.0,1.0,0.0,1.0,0.0,0.0,0.0,1.0,1.0,0.0,0.0,0.0,0.0,1.0,0.0,0.0,1.0,1.0,0.0,0.0,0.0,0.0,1.0,0.0,1.0,0.0,0.0,1.0,1.0,0.0,0.0,0.0,1.0,0.0,7.0,0.0,1.0,0.0,1.378441399513329,0.0,1.0,0.0,0.0,1.0,0.0,0.0,1.0,0.0
2507-QZPQS,0,-0.7073594915983407,1.0282637331838649,-0.3671564029503827,0.0,1.0,1.0,0.0,1.0,0.0,0.0,1.0,0.0,0.0,1.0,0.0,1.0,0.0,1.0,0.0,0.0,0.0,0.0,1.0,1.0,0.0,0.0,0.0,0.0,1.0,1.0,0.0,0.0,0.0,0.0,1.0,1.0,0.0,0.0,1.0,0.0,0.0,0.0,1.0,0.0,1.0,0.0,6.0,1.0,0.0,0.0,0.5190520623689671,1.0,0.0,0.0,1.0,0.0,0.0,1.0,0.0,0.0
7159-NOKYQ,0,1.4100994218432374,0.9435120861753926,1.8022064816943488,0.0,1.0,0.0,1.0,1.0,0.0,0.0,1.0,0.0,0.0,1.0,0.0,1.0,0.0,1.0,0.0,0.0,0.0,0.0,1.0,0.0,0.0,1.0,1.0,0.0,0.0,1.0,0.0,0.0,0.0,0.0,1.0,0.0,0.0,1.0,0.0,1.0,0.0,0.0,1.0,0.0,1.0,0.0,6.0,0.0,1.0,0.0,1.2780705060771966,0.0,1.0,0.0,0.0,1.0,0.0,0.0,1.0,0.0
5707-ZMDJP,0,0.8400143297628127,0.16412929309748078,0.6380892362806723,0.0,1.0,0.0,1.0,0.0,1.0,0.0,1.0,1.0,0.0,0.0,1.0,0.0,0.0,0.0,0.0,1.0,0.0,0.0,1.0,1.0,0.0,0.0,0.0,0.0,1.0,0.0,0.0,1.0,1.0,0.0,0.0,0.0,0.0,1.0,0.0,1.0,0.0,0.0,0.0,1.0,1.0,0.0,6.0,0.0,1.0,0.0,0.7596170847000239,0.0,1.0,0.0,0.0,1.0,0.0,0.0,1.0,0.0
8779-YIQQA,0,-0.46303730927815856,-1.4943441130683104,-0.8529038020258234,0.0,1.0,0.0,1.0,0.0,1.0,0.0,1.0,1.0,0.0,0.0,0.0,0.0,1.0,0.0,1.0,0.0,0.0,1.0,0.0,0.0,1.0,0.0,0.0,1.0,0.0,0.0,1.0,0.0,0.0,1.0,0.0,0.0,1.0,0.0,1.0,0.0,0.0,0.0,0.0,1.0,1.0,0.0,1.0,0.0,0.0,1.0,1.8419764129923748,0.0,0.0,1.0,0.0,0.0,1.0,0.0,0.0,1.0
7136-IHZJA,0,0.3106496014024181,0.21896859410296257,0.24878541707615923,1.0,0.0,0.0,1.0,0.0,1.0,0.0,1.0,1.0,0.0,0.0,1.0,0.0,0.0,0.0,0.0,1.0,0.0,0.0,1.0,1.0,0.0,0.0,0.0,0.0,1.0,1.0,0.0,0.0,0.0,0.0,1.0,1.0,0.0,0.0,0.0,1.0,0.0,0.0,0.0,1.0,1.0,0.0,6.0,0.0,0.0,1.0,0.800855420232394,0.0,0.0,1.0,0.0,0.0,1.0,0.0,0.0,1.0
8966-OIQHG,0,-0.4223169455581282,-1.462769970065154,-0.8077923837193167,1.0,0.0,0.0,1.0,0.0,1.0,0.0,1.0,1.0,0.0,0.0,0.0,0.0,1.0,0.0,1.0,0.0,0.0,1.0,0.0,0.0,1.0,0.0,0.0,1.0,0.0,0.0,1.0,0.0,0.0,1.0,0.0,0.0,1.0,0.0,1.0,0.0,1.0,0.0,0.0,0.0,1.0,0.0,1.0,0.0,0.0,1.0,1.9127633693498838,0.0,0.0,1.0,0.0,0.0,1.0,0.0,0.0,1.0
7074-STDCN,0,0.26992923768238775,-0.803036560999203,-0.34800886696502925,0.0,1.0,1.0,0.0,1.0,0.0,1.0,0.0,0.0,1.0,0.0,1.0,0.0,0.0,1.0,0.0,0.0,1.0,0.0,0.0,1.0,0.0,0.0,0.0,0.0,1.0,1.0,0.0,0.0,0.0,0.0,1.0,1.0,0.0,0.0,0.0,1.0,0.0,0.0,1.0,0.0,1.0,0.0,3.0,0.0,0.0,1.0,-1.2892596220884893,0.0,0.0,1.0,0.0,0.0,1.0,0.0,0.0,1.0
3705-PSNGL,0,0.5142514200025698,-1.4744025490663168,-0.5968606566548588,0.0,1.0,1.0,0.0,1.0,0.0,0.0,1.0,1.0,0.0,0.0,0.0,0.0,1.0,0.0,1.0,0.0,0.0,1.0,0.0,0.0,1.0,0.0,0.0,1.0,0.0,0.0,1.0,0.0,0.0,1.0,0.0,0.0,1.0,0.0,0.0,1.0,0.0,0.0,1.0,0.0,0.0,1.0,1.0,0.0,1.0,0.0,-1.1606397832637507,0.0,1.0,0.0,0.0,1.0,0.0,0.0,1.0,0.0
8739-QOTTN,0,-1.2367242199587352,-1.4760643460664828,-0.9888998381429938,1.0,0.0,0.0,1.0,1.0,0.0,0.0,1.0,1.0,0.0,0.0,0.0,0.0,1.0,0.0,1.0,0.0,0.0,1.0,0.0,0.0,1.0,0.0,0.0,1.0,0.0,0.0,1.0,0.0,0.0,1.0,0.0,1.0,0.0,0.0,1.0,0.0,0.0,0.0,0.0,1.0,1.0,0.0,1.0,1.0,0.0,0.0,0.799612251610945,1.0,0.0,0.0,1.0,0.0,0.0,1.0,0.0,0.0
1399-OUPJN,0,1.002895784642934,-1.4960059100684764,-0.4461510185765931,1.0,0.0,0.0,1.0,0.0,1.0,0.0,1.0,1.0,0.0,0.0,0.0,0.0,1.0,0.0,1.0,0.0,0.0,1.0,0.0,0.0,1.0,0.0,0.0,1.0,0.0,0.0,1.0,0.0,0.0,1.0,0.0,0.0,0.0,1.0,1.0,0.0,1.0,0.0,0.0,0.0,1.0,0.0,1.0,0.0,1.0,0.0,-0.444862791736071,0.0,1.0,0.0,0.0,1.0,0.0,0.0,1.0,0.0
0277-BKSQP,0,-0.9924020376385531,-0.34438058895335305,-0.7977553688882847,0.0,1.0,0.0,1.0,0.0,1.0,0.0,1.0,1.0,0.0,0.0,1.0,0.0,0.0,1.0,0.0,0.0,1.0,0.0,0.0,1.0,0.0,0.0,1.0,0.0,0.0,0.0,0.0,1.0,1.0,0.0,0.0,1.0,0.0,0.0,0.0,1.0,0.0,0.0,1.0,0.0,1.0,0.0,3.0,1.0,0.0,0.0,0.803863090392846,1.0,0.0,0.0,1.0,0.0,0.0,1.0,0.0,0.0
6502-HCJTI,1,-1.0331224013585834,0.9950277931805424,-0.7104002507984235,0.0,1.0,0.0,1.0,1.0,0.0,0.0,1.0,0.0,0.0,1.0,0.0,1.0,0.0,0.0,0.0,1.0,0.0,0.0,1.0,1.0,0.0,0.0,1.0,0.0,0.0,1.0,0.0,0.0,0.0,0.0,1.0,1.0,0.0,0.0,0.0,1.0,0.0,1.0,0.0,0.0,0.0,1.0,6.0,1.0,0.0,0.0,0.6876244768908586,1.0,0.0,0.0,1.0,0.0,0.0,1.0,0.0,0.0
2606-RMDHZ,0,-1.0738427650786138,-1.1387195550327598,-0.9152877095910072,0.0,1.0,1.0,0.0,1.0,0.0,1.0,0.0,0.0,1.0,0.0,1.0,0.0,0.0,1.0,0.0,0.0,0.0,0.0,1.0,1.0,0.0,0.0,1.0,0.0,0.0,1.0,0.0,0.0,1.0,0.0,0.0,1.0,0.0,0.0,0.0,1.0,0.0,1.0,0.0,0.0,0.0,1.0,2.0,1.0,0.0,0.0,0.8523479780803859,1.0,0.0,0.0,1.0,0.0,0.0,1.0,0.0,0.0
5774-XZTQC,0,-1.0331224013585834,-1.4727407520661506,-0.9408545231935701,1.0,0.0,0.0,1.0,0.0,1.0,0.0,1.0,1.0,0.0,0.0,0.0,0.0,1.0,0.0,1.0,0.0,0.0,1.0,0.0,0.0,1.0,0.0,0.0,1.0,0.0,0.0,1.0,0.0,0.0,1.0,0.0,1.0,0.0,0.0,1.0,0.0,0.0,0.0,0.0,1.0,1.0,0.0,1.0,1.0,0.0,0.0,0.9106902744111651,1.0,0.0,0.0,1.0,0.0,0.0,1.0,0.0,0.0
2676-SSLTO,0,0.6771328748826912,0.046141706085686136,0.40399516729844814,0.0,1.0,1.0,0.0,1.0,0.0,0.0,1.0,0.0,0.0,1.0,1.0,0.0,0.0,1.0,0.0,0.0,1.0,0.0,0.0,1.0,0.0,0.0,0.0,0.0,1.0,0.0,0.0,1.0,1.0,0.0,0.0,0.0,0.0,1.0,0.0,1.0,1.0,0.0,0.0,0.0,1.0,0.0,5.0,0.0,1.0,0.0,0.596626130976786,0.0,1.0,0.0,0.0,1.0,0.0,0.0,1.0,0.0
6266-QHOJZ,0,1.3286586944031769,0.8338334841644282,1.5712227843410818,1.0,0.0,1.0,0.0,1.0,0.0,0.0,1.0,0.0,0.0,1.0,0.0,1.0,0.0,0.0,0.0,1.0,0.0,0.0,1.0,1.0,0.0,0.0,0.0,0.0,1.0,1.0,0.0,0.0,1.0,0.0,0.0,0.0,1.0,0.0,0.0,1.0,0.0,0.0,1.0,0.0,1.0,0.0,6.0,0.0,1.0,0.0,1.1825631299894235,0.0,1.0,0.0,0.0,1.0,0.0,0.0,1.0,0.0
7269-JISCY,0,0.9214550572028734,-0.6551366279844181,0.07910471799858027,1.0,0.0,1.0,0.0,1.0,0.0,0.0,1.0,1.0,0.0,0.0,1.0,0.0,0.0,1.0,0.0,0.0,1.0,0.0,0.0,1.0,0.0,0.0,1.0,0.0,0.0,1.0,0.0,0.0,1.0,0.0,0.0,0.0,1.0,0.0,1.0,0.0,1.0,0.0,0.0,0.0,1.0,0.0,2.0,0.0,1.0,0.0,0.08584761392346894,0.0,1.0,0.0,0.0,1.0,0.0,0.0,1.0,0.0
0363-SVHYR,0,1.5729808767233588,0.7341256641544608,1.7561465103378766,0.0,1.0,0.0,1.0,0.0,1.0,0.0,1.0,0.0,0.0,1.0,1.0,0.0,0.0,0.0,0.0,1.0,0.0,0.0,1.0,0.0,0.0,1.0,0.0,0.0,1.0,0.0,0.0,1.0,0.0,0.0,1.0,0.0,0.0,1.0,1.0,0.0,1.0,0.0,0.0,0.0,1.0,0.0,9.0,0.0,1.0,0.0,1.1164449208028937,0.0,1.0,0.0,0.0,1.0,0.0,0.0,1.0,0.0
8547-NSBBO,0,0.10704778280226633,1.0631614701873533,0.4941738851649515,0.0,1.0,1.0,0.0,1.0,0.0,0.0,1.0,0.0,0.0,1.0,0.0,1.0,0.0,0.0,0.0,1.0,0.0,0.0,1.0,0.0,0.0,1.0,0.0,0.0,1.0,1.0,0.0,0.0,1.0,0.0,0.0,1.0,0.0,0.0,0.0,1.0,0.0,0.0,0.0,1.0,1.0,0.0,7.0,0.0,0.0,1.0,4.616385993512509,0.0,0.0,1.0,0.0,0.0,1.0,0.0,0.0,1.0
8258-GSTJK,1,-1.1960038562387048,0.40675165512173467,-0.9024712137298432,0.0,1.0,1.0,0.0,1.0,0.0,0.0,1.0,0.0,0.0,1.0,0.0,1.0,0.0,1.0,0.0,0.0,1.0,0.0,0.0,1.0,0.0,0.0,1.0,0.0,0.0,1.0,0.0,0.0,1.0,0.0,0.0,1.0,0.0,0.0,0.0,1.0,0.0,0.0,1.0,0.0,0.0,1.0,3.0,1.0,0.0,0.0,0.7545721604677863,1.0,0.0,0.0,1.0,0.0,0.0,1.0,0.0,0.0
6861-OKBCE,0,-0.8702409464784621,-1.4843733310673135,-0.9097066881574882,1.0,0.0,1.0,0.0,0.0,1.0,0.0,1.0,1.0,0.0,0.0,0.0,0.0,1.0,0.0,1.0,0.0,0.0,1.0,0.0,0.0,1.0,0.0,0.0,1.0,0.0,0.0,1.0,0.0,0.0,1.0,0.0,1.0,0.0,0.0,1.0,0.0,0.0,1.0,0.0,0.0,0.0,1.0,1.0,1.0,0.0,0.0,1.045350361688598,1.0,0.0,0.0,1.0,0.0,0.0,1.0,0.0,0.0
9940-RHLFB,0,-1.2774445836787656,0.3502505571160864,-0.9741421174353884,1.0,0.0,1.0,0.0,1.0,0.0,0.0,1.0,1.0,0.0,0.0,0.0,1.0,0.0,1.0,0.0,0.0,1.0,0.0,0.0,0.0,0.0,1.0,1.0,0.0,0.0,1.0,0.0,0.0,1.0,0.0,0.0,1.0,0.0,0.0,1.0,0.0,0.0,0.0,1.0,0.0,0.0,1.0,3.0,1.0,0.0,0.0,0.7625709403613178,1.0,0.0,0.0,1.0,0.0,0.0,1.0,0.0,0.0
6591-QGOYB,0,-0.62591876415828,1.392197276220246,-0.2696539731632143,0.0,1.0,1.0,0.0,1.0,0.0,0.0,1.0,0.0,0.0,1.0,0.0,1.0,0.0,0.0,0.0,1.0,0.0,0.0,1.0,0.0,0.0,1.0,0.0,0.0,1.0,0.0,0.0,1.0,1.0,0.0,0.0,1.0,0.0,0.0,0.0,1.0,1.0,0.0,0.0,0.0,1.0,0.0,8.0,1.0,0.0,0.0,0.43081305211521864,1.0,0.0,0.0,1.0,0.0,0.0,1.0,0.0,0.0
9070-BCKQP,0,1.6137012404433893,1.5085230662318745,2.469723116391117,1.0,0.0,0.0,1.0,1.0,0.0,0.0,1.0,0.0,0.0,1.0,0.0,1.0,0.0,0.0,0.0,1.0,1.0,0.0,0.0,0.0,0.0,1.0,0.0,0.0,1.0,0.0,0.0,1.0,0.0,0.0,1.0,0.0,0.0,1.0,0.0,1.0,0.0,1.0,0.0,0.0,1.0,0.0,8.0,0.0,1.0,0.0,1.5304711023909991,0.0,1.0,0.0,0.0,1.0,0.0,0.0,1.0,0.0
6421-SZVEM,0,-0.1779947632379461,0.6011819041411709,0.016544335447356506,1.0,0.0,0.0,1.0,0.0,1.0,0.0,1.0,1.0,0.0,0.0,0.0,1.0,0.0,0.0,0.0,1.0,1.0,0.0,0.0,1.0,0.0,0.0,1.0,0.0,0.0,1.0,0.0,0.0,0.0,0.0,1.0,0.0,1.0,0.0,0.0,1.0,1.0,0.0,0.0,0.0,1.0,0.0,4.0,0.0,0.0,1.0,-0.09294843930458666,0.0,0.0,1.0,0.0,0.0,1.0,0.0,0.0,1.0
1328-EUZHC,0,-0.5851984004382496,-1.4843733310673135,-0.843903577737777,1.0,0.0,0.0,1.0,1.0,0.0,0.0,1.0,1.0,0.0,0.0,0.0,0.0,1.0,0.0,1.0,0.0,0.0,1.0,0.0,0.0,1.0,0.0,0.0,1.0,0.0,0.0,1.0,0.0,0.0,1.0,0.0,0.0,0.0,1.0,1.0,0.0,0.0,0.0,0.0,1.0,1.0,0.0,1.0,1.0,0.0,0.0,1.4420811422344724,1.0,0.0,0.0,1.0,0.0,0.0,1.0,0.0,0.0
2995-UPRYS,1,0.3106496014024181,1.1445895231954935,0.7848281871730352,1.0,0.0,0.0,1.0,1.0,0.0,0.0,1.0,1.0,0.0,0.0,0.0,1.0,0.0,1.0,0.0,0.0,0.0,0.0,1.0,1.0,0.0,0.0,0.0,0.0,1.0,0.0,0.0,1.0,0.0,0.0,1.0,0.0,1.0,0.0,0.0,1.0,0.0,1.0,0.0,0.0,0.0,1.0,6.0,0.0,0.0,1.0,2.526409767242425,0.0,0.0,1.0,0.0,0.0,1.0,0.0,0.0,1.0
8878-RYUKI,0,0.7992939660427822,-0.17653909193657447,0.33547875396837,1.0,0.0,1.0,0.0,1.0,0.0,0.0,1.0,1.0,0.0,0.0,1.0,0.0,0.0,1.0,0.0,0.0,1.0,0.0,0.0,0.0,0.0,1.0,1.0,0.0,0.0,1.0,0.0,0.0,0.0,0.0,1.0,1.0,0.0,0.0,0.0,1.0,0.0,0.0,1.0,0.0,1.0,0.0,4.0,0.0,1.0,0.0,0.41971886217193527,0.0,1.0,0.0,0.0,1.0,0.0,0.0,1.0,0.0
9633-DENPU,0,0.5956921474426305,-0.2047896409393986,0.19416640889674103,1.0,0.0,0.0,1.0,1.0,0.0,0.0,1.0,1.0,0.0,0.0,1.0,0.0,0.0,1.0,0.0,0.0,0.0,0.0,1.0,1.0,0.0,0.0,1.0,0.0,0.0,0.0,0.0,1.0,1.0,0.0,0.0,1.0,0.0,0.0,0.0,1.0,1.0,0.0,0.0,0.0,1.0,0.0,4.0,0.0,1.0,0.0,0.3259509290668309,0.0,1.0,0.0,0.0,1.0,0.0,0.0,1.0,0.0
7811-JIVPF,0,-0.38159658183809786,-0.5005895069689685,-0.5303295869177321,1.0,0.0,1.0,0.0,1.0,0.0,0.0,1.0,1.0,0.0,0.0,1.0,0.0,0.0,1.0,0.0,0.0,1.0,0.0,0.0,0.0,0.0,1.0,1.0,0.0,0.0,1.0,0.0,0.0,1.0,0.0,0.0,1.0,0.0,0.0,1.0,0.0,0.0,1.0,0.0,0.0,1.0,0.0,3.0,0.0,0.0,1.0,1.3897650350095065,0.0,0.0,1.0,0.0,0.0,1.0,0.0,0.0,1.0
7113-HIPFI,0,1.369379058123207,0.03617092408468901,0.8002035703317811,0.0,1.0,0.0,1.0,0.0,1.0,0.0,1.0,1.0,0.0,0.0,1.0,0.0,0.0,0.0,0.0,1.0,0.0,0.0,1.0,0.0,0.0,1.0,0.0,0.0,1.0,1.0,0.0,0.0,1.0,0.0,0.0,0.0,0.0,1.0,1.0,0.0,0.0,0.0,0.0,1.0,1.0,0.0,6.0,0.0,1.0,0.0,0.5843550517184735,0.0,1.0,0.0,0.0,1.0,0.0,0.0,1.0,0.0
8541-QVFKM,0,-0.9924020376385531,0.29042586511010604,-0.728444818121026,1.0,0.0,1.0,0.0,1.0,0.0,0.0,1.0,0.0,0.0,1.0,0.0,1.0,0.0,1.0,0.0,0.0,1.0,0.0,0.0,1.0,0.0,0.0,1.0,0.0,0.0,1.0,0.0,0.0,1.0,0.0,0.0,1.0,0.0,0.0,0.0,1.0,0.0,0.0,1.0,0.0,1.0,0.0,3.0,1.0,0.0,0.0,0.7340218888046419,1.0,0.0,0.0,1.0,0.0,0.0,1.0,0.0,0.0
6686-YPGHK,1,0.5956921474426305,0.6892571451499756,0.7760485566175392,0.0,1.0,1.0,0.0,1.0,0.0,0.0,1.0,1.0,0.0,0.0,0.0,1.0,0.0,0.0,0.0,1.0,1.0,0.0,0.0,1.0,0.0,0.0,1.0,0.0,0.0,1.0,0.0,0.0,0.0,0.0,1.0,1.0,0.0,0.0,1.0,0.0,0.0,0.0,0.0,1.0,0.0,1.0,4.0,0.0,1.0,0.0,1.3027678137930772,0.0,1.0,0.0,0.0,1.0,0.0,0.0,1.0,0.0
1383-EZRWL,0,-1.0331224013585834,-1.4860351280674797,-0.9346337799356558,1.0,0.0,1.0,0.0,1.0,0.0,0.0,1.0,1.0,0.0,0.0,0.0,0.0,1.0,0.0,1.0,0.0,0.0,1.0,0.0,0.0,1.0,0.0,0.0,1.0,0.0,0.0,1.0,0.0,0.0,1.0,0.0,1.0,0.0,0.0,1.0,0.0,0.0,0.0,0.0,1.0,0.0,1.0,1.0,1.0,0.0,0.0,0.904668971175717,1.0,0.0,0.0,1.0,0.0,0.0,1.0,0.0,0.0
9258-CNWAC,0,1.5729808767233588,1.624848856243503,2.5957262564237653,1.0,0.0,0.0,1.0,0.0,1.0,0.0,1.0,0.0,0.0,1.0,0.0,1.0,0.0,0.0,0.0,1.0,0.0,0.0,1.0,0.0,0.0,1.0,0.0,0.0,1.0,0.0,0.0,1.0,0.0,0.0,1.0,0.0,0.0,1.0,1.0,0.0,0.0,1.0,0.0,0.0,1.0,0.0,9.0,0.0,1.0,0.0,1.6501956856785598,0.0,1.0,0.0,0.0,1.0,0.0,0.0,1.0,0.0
5371-VYLSX,1,0.7178532386027215,0.6194616711429987,0.8075493416257011,1.0,0.0,1.0,0.0,1.0,0.0,0.0,1.0,0.0,0.0,1.0,0.0,1.0,0.0,0.0,0.0,1.0,0.0,0.0,1.0,1.0,0.0,0.0,1.0,0.0,0.0,1.0,0.0,0.0,1.0,0.0,0.0,1.0,0.0,0.0,0.0,1.0,0.0,0.0,1.0,0.0,1.0,0.0,5.0,0.0,1.0,0.0,1.1249504748318335,0.0,1.0,0.0,0.0,1.0,0.0,0.0,1.0,0.0
6374-AFWOX,0,0.5549717837226001,0.0295237360840249,0.3370008507229662,0.0,1.0,0.0,1.0,1.0,0.0,0.0,1.0,1.0,0.0,0.0,1.0,0.0,0.0,0.0,0.0,1.0,0.0,0.0,1.0,0.0,0.0,1.0,0.0,0.0,1.0,1.0,0.0,0.0,1.0,0.0,0.0,0.0,0.0,1.0,1.0,0.0,0.0,0.0,0.0,1.0,1.0,0.0,6.0,0.0,1.0,0.0,0.6072396121879493,0.0,1.0,0.0,0.0,1.0,0.0,0.0,1.0,0.0
4759-TRPLW,0,-1.2774445836787656,0.1873944510998066,-0.9763039360143799,0.0,1.0,1.0,0.0,1.0,0.0,0.0,1.0,1.0,0.0,0.0,0.0,1.0,0.0,1.0,0.0,0.0,1.0,0.0,0.0,1.0,0.0,0.0,1.0,0.0,0.0,1.0,0.0,0.0,1.0,0.0,0.0,1.0,0.0,0.0,1.0,0.0,0.0,0.0,1.0,0.0,0.0,1.0,2.0,1.0,0.0,0.0,0.7642632396646394,1.0,0.0,0.0,1.0,0.0,0.0,1.0,0.0,0.0
5317-FLPJF,0,1.369379058123207,-0.11339080593026184,0.8427119825941957,1.0,0.0,1.0,0.0,1.0,0.0,1.0,0.0,0.0,1.0,0.0,1.0,0.0,0.0,0.0,0.0,1.0,1.0,0.0,0.0,0.0,0.0,1.0,0.0,0.0,1.0,0.0,0.0,1.0,0.0,0.0,1.0,0.0,0.0,1.0,0.0,1.0,1.0,0.0,0.0,0.0,1.0,0.0,6.0,0.0,1.0,0.0,0.6153971594608498,0.0,1.0,0.0,0.0,1.0,0.0,0.0,1.0,0.0
7621-VPNET,0,0.3920903288424788,0.7025515211513048,0.6381554144004374,1.0,0.0,0.0,1.0,1.0,0.0,0.0,1.0,0.0,0.0,1.0,0.0,1.0,0.0,1.0,0.0,0.0,1.0,0.0,0.0,0.0,0.0,1.0,0.0,0.0,1.0,1.0,0.0,0.0,1.0,0.0,0.0,1.0,0.0,0.0,0.0,1.0,0.0,1.0,0.0,0.0,1.0,0.0,5.0,0.0,0.0,1.0,1.6275724430245118,0.0,0.0,1.0,0.0,0.0,1.0,0.0,0.0,1.0
6034-YMTOB,0,-1.1145631287986442,0.36188313611724954,-0.8311312006231231,1.0,0.0,1.0,0.0,1.0,0.0,0.0,1.0,1.0,0.0,0.0,0.0,1.0,0.0,1.0,0.0,0.0,1.0,0.0,0.0,1.0,0.0,0.0,0.0,0.0,1.0,1.0,0.0,0.0,1.0,0.0,0.0,1.0,0.0,0.0,0.0,1.0,0.0,0.0,0.0,1.0,1.0,0.0,3.0,1.0,0.0,0.0,0.74570132381732,1.0,0.0,0.0,1.0,0.0,0.0,1.0,0.0,0.0
8563-IIOXK,0,-1.0331224013585834,-0.4989277099688025,-0.8611981263697092,0.0,1.0,0.0,1.0,0.0,1.0,0.0,1.0,1.0,0.0,0.0,1.0,0.0,0.0,0.0,0.0,1.0,1.0,0.0,0.0,1.0,0.0,0.0,1.0,0.0,0.0,1.0,0.0,0.0,1.0,0.0,0.0,0.0,1.0,0.0,0.0,1.0,0.0,0.0,1.0,0.0,0.0,1.0,3.0,1.0,0.0,0.0,0.8335877000026433,1.0,0.0,0.0,1.0,0.0,0.0,1.0,0.0,0.0
4903-CNOZC,0,-0.13727439951791576,0.20401242110146783,-0.14060663962137385,0.0,1.0,1.0,0.0,1.0,0.0,0.0,1.0,0.0,0.0,1.0,1.0,0.0,0.0,1.0,0.0,0.0,0.0,0.0,1.0,0.0,0.0,1.0,1.0,0.0,0.0,1.0,0.0,0.0,0.0,0.0,1.0,0.0,1.0,0.0,1.0,0.0,0.0,1.0,0.0,0.0,1.0,0.0,6.0,0.0,0.0,1.0,1.0242743010725988,0.0,0.0,1.0,0.0,0.0,1.0,0.0,0.0,1.0
4353-HYOJD,0,-0.21871512695797646,-0.49560411596847015,-0.41787090206366323,1.0,0.0,0.0,1.0,0.0,1.0,0.0,1.0,1.0,0.0,0.0,1.0,0.0,0.0,1.0,0.0,0.0,0.0,0.0,1.0,1.0,0.0,0.0,1.0,0.0,0.0,1.0,0.0,0.0,1.0,0.0,0.0,1.0,0.0,0.0,1.0,0.0,0.0,0.0,0.0,1.0,1.0,0.0,3.0,0.0,0.0,1.0,1.910571563456387,0.0,0.0,1.0,0.0,0.0,1.0,0.0,0.0,1.0
8020-BWHYL,1,-0.7073594915983407,0.3502505571160864,-0.5011229767280916,1.0,0.0,1.0,0.0,1.0,0.0,0.0,1.0,1.0,0.0,0.0,0.0,1.0,0.0,1.0,0.0,0.0,0.0,0.0,1.0,1.0,0.0,0.0,1.0,0.0,0.0,1.0,0.0,0.0,1.0,0.0,0.0,1.0,0.0,0.0,0.0,1.0,0.0,1.0,0.0,0.0,0.0,1.0,3.0,1.0,0.0,0.0,0.7084417226038211,1.0,0.0,0.0,1.0,0.0,0.0,1.0,0.0,0.0
7267-FRMJW,0,-0.30015585439803716,-1.4843733310673135,-0.7929243661454364,1.0,0.0,0.0,1.0,0.0,1.0,0.0,1.0,1.0,0.0,0.0,0.0,0.0,1.0,0.0,1.0,0.0,0.0,1.0,0.0,0.0,1.0,0.0,0.0,1.0,0.0,0.0,1.0,0.0,0.0,1.0,0.0,0.0,0.0,1.0,1.0,0.0,0.0,0.0,0.0,1.0,1.0,0.0,1.0,0.0,0.0,1.0,2.6417088140281217,0.0,0.0,1.0,0.0,0.0,1.0,0.0,0.0,1.0
2982-VPSGI,0,-0.8702409464784621,0.9717626351782166,-0.5313663774607178,1.0,0.0,0.0,1.0,1.0,0.0,0.0,1.0,0.0,0.0,1.0,0.0,1.0,0.0,1.0,0.0,0.0,1.0,0.0,0.0,1.0,0.0,0.0,1.0,0.0,0.0,0.0,0.0,1.0,0.0,0.0,1.0,1.0,0.0,0.0,0.0,1.0,0.0,0.0,1.0,0.0,0.0,1.0,5.0,1.0,0.0,0.0,0.6105968463228003,1.0,0.0,0.0,1.0,0.0,0.0,1.0,0.0,0.0
4188-FRABG,0,1.002895784642934,1.2725478922082847,1.6070030877607169,0.0,1.0,0.0,1.0,1.0,0.0,0.0,1.0,0.0,0.0,1.0,0.0,1.0,0.0,0.0,0.0,1.0,0.0,0.0,1.0,0.0,0.0,1.0,0.0,0.0,1.0,0.0,0.0,1.0,1.0,0.0,0.0,1.0,0.0,0.0,0.0,1.0,0.0,0.0,1.0,0.0,1.0,0.0,8.0,0.0,1.0,0.0,1.6023629896229608,0.0,1.0,0.0,0.0,1.0,0.0,0.0,1.0,0.0
8199-ZLLSA,0,1.4100994218432374,1.7810577742591183,2.435729622205138,0.0,1.0,1.0,0.0,1.0,0.0,0.0,1.0,0.0,0.0,1.0,0.0,1.0,0.0,0.0,0.0,1.0,0.0,0.0,1.0,0.0,0.0,1.0,0.0,0.0,1.0,0.0,0.0,1.0,0.0,0.0,1.0,0.0,1.0,0.0,0.0,1.0,1.0,0.0,0.0,0.0,0.0,1.0,9.0,0.0,1.0,0.0,1.7273460186383376,0.0,1.0,0.0,0.0,1.0,0.0,0.0,1.0,0.0
4128-ETESU,1,0.5956921474426305,1.1612074931971548,1.0870416007667472,1.0,0.0,0.0,1.0,1.0,0.0,0.0,1.0,0.0,0.0,1.0,0.0,1.0,0.0,1.0,0.0,0.0,1.0,0.0,0.0,0.0,0.0,1.0,1.0,0.0,0.0,0.0,0.0,1.0,0.0,0.0,1.0,1.0,0.0,0.0,1.0,0.0,0.0,0.0,1.0,0.0,1.0,0.0,6.0,0.0,1.0,0.0,1.8248378888886345,0.0,1.0,0.0,0.0,1.0,0.0,0.0,1.0,0.0
0620-DLSLK,0,-0.7888002190384014,0.5696077611380149,-0.5534257507157333,1.0,0.0,1.0,0.0,1.0,0.0,0.0,1.0,1.0,0.0,0.0,0.0,1.0,0.0,1.0,0.0,0.0,1.0,0.0,0.0,1.0,0.0,0.0,1.0,0.0,0.0,0.0,0.0,1.0,1.0,0.0,0.0,1.0,0.0,0.0,0.0,1.0,0.0,0.0,0.0,1.0,1.0,0.0,3.0,1.0,0.0,0.0,0.7016044587188315,1.0,0.0,0.0,1.0,0.0,0.0,1.0,0.0,0.0
4625-EWPTF,0,-0.9924020376385531,-1.140381352032926,-0.9074566320854767,0.0,1.0,1.0,0.0,1.0,0.0,1.0,0.0,0.0,1.0,0.0,1.0,0.0,0.0,0.0,0.0,1.0,1.0,0.0,0.0,1.0,0.0,0.0,1.0,0.0,0.0,1.0,0.0,0.0,1.0,0.0,0.0,1.0,0.0,0.0,0.0,1.0,0.0,0.0,1.0,0.0,0.0,1.0,2.0,1.0,0.0,0.0,0.9144042410924446,1.0,0.0,0.0,1.0,0.0,0.0,1.0,0.0,0.0
5980-NOPLP,0,0.47353105628253944,1.0415581091851935,0.9180226828868189,1.0,0.0,0.0,1.0,1.0,0.0,0.0,1.0,0.0,0.0,1.0,0.0,1.0,0.0,1.0,0.0,0.0,1.0,0.0,0.0,1.0,0.0,0.0,1.0,0.0,0.0,0.0,0.0,1.0,0.0,0.0,1.0,1.0,0.0,0.0,0.0,1.0,0.0,0.0,1.0,0.0,0.0,1.0,5.0,0.0,0.0,1.0,1.9386747093079082,0.0,0.0,1.0,0.0,0.0,1.0,0.0,0.0,1.0
3850-OKINF,0,1.5729808767233588,0.04780350308585216,1.0629307057990154,0.0,1.0,0.0,1.0,0.0,1.0,0.0,1.0,0.0,0.0,1.0,1.0,0.0,0.0,0.0,0.0,1.0,1.0,0.0,0.0,1.0,0.0,0.0,1.0,0.0,0.0,0.0,0.0,1.0,1.0,0.0,0.0,0.0,1.0,0.0,0.0,1.0,0.0,0.0,1.0,0.0,1.0,0.0,5.0,0.0,1.0,0.0,0.6757429295727883,0.0,1.0,0.0,0.0,1.0,0.0,0.0,1.0,0.0
6892-XPFPU,1,-0.3408762181180675,1.3124310202122718,0.06644263775020146,0.0,1.0,0.0,1.0,1.0,0.0,0.0,1.0,0.0,0.0,1.0,0.0,1.0,0.0,1.0,0.0,0.0,0.0,0.0,1.0,0.0,0.0,1.0,1.0,0.0,0.0,0.0,0.0,1.0,0.0,0.0,1.0,1.0,0.0,0.0,0.0,1.0,0.0,0.0,1.0,0.0,0.0,1.0,7.0,0.0,0.0,1.0,-0.19491719931951387,0.0,0.0,1.0,0.0,0.0,1.0,0.0,0.0,1.0
8010-EZLOU,1,-0.7073594915983407,0.5131066631323666,-0.47032809166409006,0.0,1.0,1.0,0.0,1.0,0.0,0.0,1.0,0.0,0.0,1.0,0.0,1.0,0.0,1.0,0.0,0.0,0.0,0.0,1.0,1.0,0.0,0.0,1.0,0.0,0.0,1.0,0.0,0.0,1.0,0.0,0.0,1.0,0.0,0.0,0.0,1.0,0.0,0.0,1.0,0.0,0.0,1.0,4.0,1.0,0.0,0.0,0.6649067373102503,1.0,0.0,0.0,1.0,0.0,0.0,1.0,0.0,0.0
1156-ZFYDO,0,-1.2774445836787656,-1.4960059100684764,-0.9986500811217106,1.0,0.0,1.0,0.0,1.0,0.0,0.0,1.0,1.0,0.0,0.0,0.0,0.0,1.0,0.0,1.0,0.0,0.0,1.0,0.0,0.0,1.0,0.0,0.0,1.0,0.0,0.0,1.0,0.0,0.0,1.0,0.0,1.0,0.0,0.0,1.0,0.0,0.0,0.0,1.0,0.0,1.0,0.0,1.0,1.0,0.0,0.0,0.7817560885857086,1.0,0.0,0.0,1.0,0.0,0.0,1.0,0.0,0.0
3295-YVUSR,1,-1.2367242199587352,0.2605135191071156,-0.9392883076924639,0.0,1.0,1.0,0.0,1.0,0.0,0.0,1.0,0.0,0.0,1.0,0.0,1.0,0.0,1.0,0.0,0.0,1.0,0.0,0.0,1.0,0.0,0.0,1.0,0.0,0.0,1.0,0.0,0.0,1.0,0.0,0.0,1.0,0.0,0.0,0.0,1.0,0.0,0.0,0.0,1.0,1.0,0.0,3.0,1.0,0.0,0.0,0.7594969780116414,1.0,0.0,0.0,1.0,0.0,0.0,1.0,0.0,0.0
8016-NCFVO,1,0.9214550572028734,1.7195712852529719,1.8085375218185384,0.0,1.0,1.0,0.0,1.0,0.0,0.0,1.0,0.0,0.0,1.0,0.0,1.0,0.0,0.0,0.0,1.0,0.0,0.0,1.0,0.0,0.0,1.0,0.0,0.0,1.0,0.0,0.0,1.0,0.0,0.0,1.0,1.0,0.0,0.0,0.0,1.0,0.0,0.0,1.0,0.0,1.0,0.0,9.0,0.0,1.0,0.0,1.9626974833785729,0.0,1.0,0.0,0.0,1.0,0.0,0.0,1.0,0.0
4119-ZYPZY,1,1.5729808767233588,1.397182667220744,2.355896750395237,0.0,1.0,1.0,0.0,1.0,0.0,0.0,1.0,0.0,0.0,1.0,0.0,1.0,0.0,1.0,0.0,0.0,0.0,0.0,1.0,1.0,0.0,0.0,0.0,0.0,1.0,0.0,0.0,1.0,0.0,0.0,1.0,0.0,0.0,1.0,0.0,1.0,0.0,0.0,1.0,0.0,1.0,0.0,7.0,0.0,1.0,0.0,1.497727521839142,0.0,1.0,0.0,0.0,1.0,0.0,0.0,1.0,0.0
5549-ZGHFB,0,0.7178532386027215,-1.3231790220511994,-0.45082760570665636,0.0,1.0,0.0,1.0,0.0,1.0,0.0,1.0,0.0,0.0,1.0,0.0,0.0,1.0,0.0,1.0,0.0,0.0,1.0,0.0,0.0,1.0,0.0,0.0,1.0,0.0,0.0,1.0,0.0,0.0,1.0,0.0,0.0,0.0,1.0,1.0,0.0,0.0,0.0,0.0,1.0,1.0,0.0,2.0,0.0,1.0,0.0,-0.6280219708755204,0.0,1.0,0.0,0.0,1.0,0.0,0.0,1.0,0.0
7577-SWIFR,0,-1.2774445836787656,0.8138919201624348,-0.9679875522972391,0.0,1.0,1.0,0.0,1.0,0.0,0.0,1.0,1.0,0.0,0.0,0.0,1.0,0.0,1.0,0.0,0.0,1.0,0.0,0.0,1.0,0.0,0.0,1.0,0.0,0.0,0.0,0.0,1.0,0.0,0.0,1.0,1.0,0.0,0.0,0.0,1.0,0.0,0.0,1.0,0.0,1.0,0.0,4.0,1.0,0.0,0.0,0.7577530678549227,1.0,0.0,0.0,1.0,0.0,0.0,1.0,0.0,0.0
0303-WMMRN,0,-1.1145631287986442,-1.5126238800701375,-0.96939935218556,0.0,1.0,1.0,0.0,1.0,0.0,0.0,1.0,1.0,0.0,0.0,0.0,0.0,1.0,0.0,1.0,0.0,0.0,1.0,0.0,0.0,1.0,0.0,0.0,1.0,0.0,0.0,1.0,0.0,0.0,1.0,0.0,1.0,0.0,0.0,0.0,1.0,0.0,0.0,0.0,1.0,1.0,0.0,1.0,1.0,0.0,0.0,0.869757241324184,1.0,0.0,0.0,1.0,0.0,0.0,1.0,0.0,0.0
6408-OTUBZ,0,1.369379058123207,1.3224018022132684,1.983468351730811,1.0,0.0,1.0,0.0,1.0,0.0,0.0,1.0,0.0,0.0,1.0,0.0,1.0,0.0,0.0,0.0,1.0,0.0,0.0,1.0,0.0,0.0,1.0,0.0,0.0,1.0,0.0,0.0,1.0,1.0,0.0,0.0,0.0,1.0,0.0,0.0,1.0,1.0,0.0,0.0,0.0,1.0,0.0,8.0,0.0,1.0,0.0,1.4484436138882097,0.0,1.0,0.0,0.0,1.0,0.0,0.0,1.0,0.0
5204-HMGYF,0,0.6771328748826912,0.7457582431556239,0.9095960023034028,1.0,0.0,0.0,1.0,0.0,1.0,0.0,1.0,1.0,0.0,0.0,1.0,0.0,0.0,0.0,0.0,1.0,0.0,0.0,1.0,0.0,0.0,1.0,0.0,0.0,1.0,0.0,0.0,1.0,0.0,0.0,1.0,0.0,1.0,0.0,0.0,1.0,0.0,0.0,0.0,1.0,1.0,0.0,8.0,0.0,1.0,0.0,1.34330503811528,0.0,1.0,0.0,0.0,1.0,0.0,0.0,1.0,0.0
1078-TDCRN,1,-1.1960038562387048,-1.1304105700319294,-0.9708111520738811,1.0,0.0,0.0,1.0,1.0,0.0,1.0,0.0,0.0,1.0,0.0,1.0,0.0,0.0,1.0,0.0,0.0,0.0,0.0,1.0,1.0,0.0,0.0,1.0,0.0,0.0,1.0,0.0,0.0,1.0,0.0,0.0,1.0,0.0,0.0,0.0,1.0,0.0,0.0,1.0,0.0,1.0,0.0,2.0,1.0,0.0,0.0,0.8117123929073031,1.0,0.0,0.0,1.0,0.0,0.0,1.0,0.0,0.0
3727-OVPRY,0,1.369379058123207,-1.2982520670487077,-0.25092556526970616,0.0,1.0,0.0,1.0,0.0,1.0,0.0,1.0,0.0,0.0,1.0,0.0,0.0,1.0,0.0,1.0,0.0,0.0,1.0,0.0,0.0,1.0,0.0,0.0,1.0,0.0,0.0,1.0,0.0,0.0,1.0,0.0,0.0,1.0,0.0,0.0,1.0,0.0,1.0,0.0,0.0,1.0,0.0,2.0,0.0,1.0,0.0,-0.1832403992022563,0.0,1.0,0.0,0.0,1.0,0.0,0.0,1.0,0.0
3797-FKOGQ,0,-0.8702409464784621,0.7125223031523015,-0.6132948897298452,0.0,1.0,1.0,0.0,0.0,1.0,0.0,1.0,0.0,0.0,1.0,0.0,1.0,0.0,1.0,0.0,0.0,1.0,0.0,0.0,1.0,0.0,0.0,1.0,0.0,0.0,1.0,0.0,0.0,0.0,0.0,1.0,1.0,0.0,0.0,1.0,0.0,0.0,0.0,1.0,0.0,1.0,0.0,4.0,1.0,0.0,0.0,0.7047414767273582,1.0,0.0,0.0,1.0,0.0,0.0,1.0,0.0,0.0
7622-NXQZR,0,-0.1779947632379461,-1.152013931034089,-0.6496266774808558,0.0,1.0,1.0,0.0,1.0,0.0,1.0,0.0,0.0,1.0,0.0,1.0,0.0,0.0,1.0,0.0,0.0,1.0,0.0,0.0,1.0,0.0,0.0,0.0,0.0,1.0,1.0,0.0,0.0,1.0,0.0,0.0,1.0,0.0,0.0,0.0,1.0,0.0,1.0,0.0,0.0,1.0,0.0,2.0,0.0,0.0,1.0,3.6496954498173912,0.0,0.0,1.0,0.0,0.0,1.0,0.0,0.0,1.0
6196-HBOBZ,0,1.3286586944031769,1.1495749141959914,1.7930959605400274,0.0,1.0,0.0,1.0,1.0,0.0,0.0,1.0,0.0,0.0,1.0,0.0,1.0,0.0,0.0,0.0,1.0,0.0,0.0,1.0,0.0,0.0,1.0,1.0,0.0,0.0,0.0,0.0,1.0,1.0,0.0,0.0,0.0,0.0,1.0,0.0,1.0,0.0,0.0,1.0,0.0,1.0,0.0,7.0,0.0,1.0,0.0,1.3495534768208266,0.0,1.0,0.0,0.0,1.0,0.0,0.0,1.0,0.0
3970-XGJDU,0,1.2064976032430856,-1.5142856770703037,-0.5116232383974789,1.0,0.0,1.0,0.0,1.0,0.0,0.0,1.0,1.0,0.0,0.0,0.0,0.0,1.0,0.0,1.0,0.0,0.0,1.0,0.0,0.0,1.0,0.0,0.0,1.0,0.0,0.0,1.0,0.0,0.0,1.0,0.0,0.0,0.0,1.0,0.0,1.0,0.0,1.0,0.0,0.0,1.0,0.0,1.0,0.0,1.0,0.0,-0.42405657253046103,0.0,1.0,0.0,0.0,1.0,0.0,0.0,1.0,0.0
7017-VFULY,0,-1.2367242199587352,-1.4843733310673135,-0.9883262944383633,1.0,0.0,0.0,1.0,1.0,0.0,0.0,1.0,1.0,0.0,0.0,0.0,0.0,1.0,0.0,1.0,0.0,0.0,1.0,0.0,0.0,1.0,0.0,0.0,1.0,0.0,0.0,1.0,0.0,0.0,1.0,0.0,1.0,0.0,0.0,1.0,0.0,1.0,0.0,0.0,0.0,1.0,0.0,1.0,1.0,0.0,0.0,0.7991484912225136,1.0,0.0,0.0,1.0,0.0,0.0,1.0,0.0,0.0
5562-YJQGT,0,-1.2367242199587352,-1.4760643460664828,-0.9918778535324209,1.0,0.0,1.0,0.0,1.0,0.0,0.0,1.0,1.0,0.0,0.0,0.0,0.0,1.0,0.0,1.0,0.0,0.0,1.0,0.0,0.0,1.0,0.0,0.0,1.0,0.0,0.0,1.0,0.0,0.0,1.0,0.0,1.0,0.0,0.0,1.0,0.0,0.0,1.0,0.0,0.0,1.0,0.0,1.0,1.0,0.0,0.0,0.8020202382431841,1.0,0.0,0.0,1.0,0.0,0.0,1.0,0.0,0.0
8807-OPMBM,0,0.9214550572028734,-1.2999138640488739,-0.3949953319982122,1.0,0.0,0.0,1.0,0.0,1.0,0.0,1.0,0.0,0.0,1.0,0.0,0.0,1.0,0.0,1.0,0.0,0.0,1.0,0.0,0.0,1.0,0.0,0.0,1.0,0.0,0.0,1.0,0.0,0.0,1.0,0.0,0.0,0.0,1.0,0.0,1.0,0.0,1.0,0.0,0.0,1.0,0.0,2.0,0.0,1.0,0.0,-0.42866478284599346,0.0,1.0,0.0,0.0,1.0,0.0,0.0,1.0,0.0
5439-WIKXB,1,0.35136996512244845,0.9900424021800438,0.691847928903145,0.0,1.0,0.0,1.0,1.0,0.0,0.0,1.0,1.0,0.0,0.0,0.0,1.0,0.0,1.0,0.0,0.0,0.0,0.0,1.0,1.0,0.0,0.0,1.0,0.0,0.0,0.0,0.0,1.0,0.0,0.0,1.0,1.0,0.0,0.0,0.0,1.0,0.0,0.0,1.0,0.0,1.0,0.0,5.0,0.0,0.0,1.0,1.9690013307257033,0.0,0.0,1.0,0.0,0.0,1.0,0.0,0.0,1.0
9874-QLCLH,0,-0.62591876415828,1.3107692232121058,-0.2381531881550522,1.0,0.0,0.0,1.0,0.0,1.0,0.0,1.0,0.0,0.0,1.0,0.0,1.0,0.0,0.0,0.0,1.0,1.0,0.0,0.0,0.0,0.0,1.0,1.0,0.0,0.0,0.0,0.0,1.0,0.0,0.0,1.0,1.0,0.0,0.0,0.0,1.0,0.0,0.0,1.0,0.0,0.0,1.0,7.0,1.0,0.0,0.0,0.3804857783346929,1.0,0.0,0.0,1.0,0.0,0.0,1.0,0.0,0.0
8294-UIMBA,0,-0.0965540357978854,0.9850570111795457,0.15653311812368456,1.0,0.0,1.0,0.0,1.0,0.0,0.0,1.0,1.0,0.0,0.0,0.0,1.0,0.0,1.0,0.0,0.0,1.0,0.0,0.0,1.0,0.0,0.0,0.0,0.0,1.0,0.0,0.0,1.0,0.0,0.0,1.0,0.0,1.0,0.0,0.0,1.0,1.0,0.0,0.0,0.0,1.0,0.0,5.0,0.0,0.0,1.0,-1.621197051269324,0.0,0.0,1.0,0.0,0.0,1.0,0.0,0.0,1.0
8109-YUOHE,0,-0.62591876415828,-0.28787949094770476,-0.5895810634807037,0.0,1.0,1.0,0.0,1.0,0.0,0.0,1.0,1.0,0.0,0.0,1.0,0.0,0.0,0.0,0.0,1.0,0.0,0.0,1.0,1.0,0.0,0.0,1.0,0.0,0.0,1.0,0.0,0.0,1.0,0.0,0.0,0.0,1.0,0.0,1.0,0.0,0.0,0.0,0.0,1.0,1.0,0.0,4.0,1.0,0.0,0.0,0.9419450210500683,1.0,0.0,0.0,1.0,0.0,0.0,1.0,0.0,0.0
5840-NVDCG,0,-0.6666391278783103,0.11593718009266311,-0.5155056880903618,1.0,0.0,0.0,1.0,0.0,1.0,0.0,1.0,1.0,0.0,0.0,1.0,0.0,0.0,0.0,0.0,1.0,0.0,0.0,1.0,1.0,0.0,0.0,0.0,0.0,1.0,1.0,0.0,0.0,0.0,0.0,1.0,0.0,0.0,1.0,1.0,0.0,1.0,0.0,0.0,0.0,1.0,0.0,6.0,1.0,0.0,0.0,0.7732904753596511,1.0,0.0,0.0,1.0,0.0,0.0,1.0,0.0,0.0
8092-NLTGF,0,1.6137012404433893,-1.329826210051864,-0.2231086955951317,0.0,1.0,1.0,0.0,1.0,0.0,0.0,1.0,0.0,0.0,1.0,0.0,0.0,1.0,0.0,1.0,0.0,0.0,1.0,0.0,0.0,1.0,0.0,0.0,1.0,0.0,0.0,1.0,0.0,0.0,1.0,0.0,0.0,0.0,1.0,1.0,0.0,1.0,0.0,0.0,0.0,1.0,0.0,2.0,0.0,1.0,0.0,-0.13825898499887695,0.0,1.0,0.0,0.0,1.0,0.0,0.0,1.0,0.0
5928-QLDHB,0,-0.9516816739185228,0.3818247001192428,-0.7052162980834948,0.0,1.0,1.0,0.0,1.0,0.0,0.0,1.0,0.0,0.0,1.0,0.0,1.0,0.0,1.0,0.0,0.0,1.0,0.0,0.0,1.0,0.0,0.0,1.0,0.0,0.0,1.0,0.0,0.0,1.0,0.0,0.0,1.0,0.0,0.0,0.0,1.0,0.0,0.0,1.0,0.0,1.0,0.0,3.0,1.0,0.0,0.0,0.7410212021628896,1.0,0.0,0.0,1.0,0.0,0.0,1.0,0.0,0.0
9840-EFJQB,0,-1.2774445836787656,0.31867641411292996,-0.9745612455272338,1.0,0.0,1.0,0.0,1.0,0.0,0.0,1.0,1.0,0.0,0.0,0.0,1.0,0.0,1.0,0.0,0.0,0.0,0.0,1.0,1.0,0.0,0.0,1.0,0.0,0.0,1.0,0.0,0.0,1.0,0.0,0.0,1.0,0.0,0.0,1.0,0.0,0.0,0.0,1.0,0.0,1.0,0.0,3.0,1.0,0.0,0.0,0.7628990392058395,1.0,0.0,0.0,1.0,0.0,0.0,1.0,0.0,0.0
0696-UKTOX,0,-0.38159658183809786,-0.35268957395418365,-0.42832704498654056,0.0,1.0,1.0,0.0,0.0,1.0,0.0,1.0,1.0,0.0,0.0,1.0,0.0,0.0,1.0,0.0,0.0,0.0,0.0,1.0,1.0,0.0,0.0,0.0,0.0,1.0,1.0,0.0,0.0,1.0,0.0,0.0,1.0,0.0,0.0,1.0,0.0,0.0,0.0,1.0,0.0,1.0,0.0,4.0,0.0,0.0,1.0,1.122460381912617,0.0,0.0,1.0,0.0,0.0,1.0,0.0,0.0,1.0
4801-KFYKL,0,-0.9924020376385531,-1.505976692069473,-0.9371264891134725,0.0,1.0,1.0,0.0,0.0,1.0,0.0,1.0,1.0,0.0,0.0,0.0,0.0,1.0,0.0,1.0,0.0,0.0,1.0,0.0,0.0,1.0,0.0,0.0,1.0,0.0,0.0,1.0,0.0,0.0,1.0,0.0,1.0,0.0,0.0,1.0,0.0,1.0,0.0,0.0,0.0,1.0,0.0,1.0,1.0,0.0,0.0,0.9443012545030538,1.0,0.0,0.0,1.0,0.0,0.0,1.0,0.0,0.0
3472-OAOOR,0,-0.5444780367182193,-0.9908196220179748,-0.7381509423532329,0.0,1.0,0.0,1.0,0.0,1.0,1.0,0.0,0.0,1.0,0.0,1.0,0.0,0.0,0.0,0.0,1.0,0.0,0.0,1.0,1.0,0.0,0.0,1.0,0.0,0.0,1.0,0.0,0.0,1.0,0.0,0.0,1.0,0.0,0.0,0.0,1.0,0.0,0.0,0.0,1.0,1.0,0.0,3.0,1.0,0.0,0.0,1.3557037980858797,1.0,0.0,0.0,1.0,0.0,0.0,1.0,0.0,0.0
6135-OZQVA,0,-1.0331224013585834,-0.3693075439558449,-0.8289693820441316,1.0,0.0,1.0,0.0,1.0,0.0,0.0,1.0,0.0,0.0,1.0,1.0,0.0,0.0,0.0,0.0,1.0,1.0,0.0,0.0,1.0,0.0,0.0,1.0,0.0,0.0,1.0,0.0,0.0,1.0,0.0,0.0,1.0,0.0,0.0,0.0,1.0,0.0,0.0,1.0,0.0,1.0,0.0,4.0,1.0,0.0,0.0,0.8023922247296302,1.0,0.0,0.0,1.0,0.0,0.0,1.0,0.0,0.0
8062-YBDOE,1,-1.2774445836787656,0.16246749609731476,-0.9766348266132051,0.0,1.0,1.0,0.0,1.0,0.0,0.0,1.0,1.0,0.0,0.0,0.0,1.0,0.0,1.0,0.0,0.0,1.0,0.0,0.0,1.0,0.0,0.0,1.0,0.0,0.0,1.0,0.0,0.0,1.0,0.0,0.0,1.0,0.0,0.0,0.0,1.0,0.0,0.0,1.0,0.0,0.0,1.0,2.0,1.0,0.0,0.0,0.764522265068209,1.0,0.0,0.0,1.0,0.0,0.0,1.0,0.0,0.0
2252-JHJGE,0,1.1657772395230555,1.304122035211441,1.8001108412351223,0.0,1.0,1.0,0.0,1.0,0.0,0.0,1.0,0.0,0.0,1.0,0.0,1.0,0.0,0.0,0.0,1.0,1.0,0.0,0.0,0.0,0.0,1.0,1.0,0.0,0.0,0.0,0.0,1.0,0.0,0.0,1.0,0.0,1.0,0.0,1.0,0.0,0.0,0.0,1.0,0.0,1.0,0.0,7.0,0.0,1.0,0.0,1.5441293415297646,0.0,1.0,0.0,0.0,1.0,0.0,0.0,1.0,0.0
4188-PCPIG,0,1.002895784642934,0.1857326540996401,0.8123803443685494,1.0,0.0,0.0,1.0,1.0,0.0,0.0,1.0,1.0,0.0,0.0,1.0,0.0,0.0,0.0,0.0,1.0,0.0,0.0,1.0,1.0,0.0,0.0,0.0,0.0,1.0,0.0,0.0,1.0,1.0,0.0,0.0,0.0,0.0,1.0,0.0,1.0,0.0,1.0,0.0,0.0,1.0,0.0,6.0,0.0,1.0,0.0,0.8100346584443818,0.0,1.0,0.0,0.0,1.0,0.0,0.0,1.0,0.0
6000-APYLU,0,-0.9516816739185228,0.53304822713436,-0.6927527521944111,0.0,1.0,1.0,0.0,1.0,0.0,0.0,1.0,1.0,0.0,0.0,0.0,1.0,0.0,1.0,0.0,0.0,1.0,0.0,0.0,1.0,0.0,0.0,1.0,0.0,0.0,1.0,0.0,0.0,0.0,0.0,1.0,1.0,0.0,0.0,0.0,1.0,0.0,0.0,1.0,0.0,0.0,1.0,3.0,1.0,0.0,0.0,0.7279248630921104,1.0,0.0,0.0,1.0,0.0,0.0,1.0,0.0,0.0
7105-BENQF,0,-0.7073594915983407,0.0029349840813665527,-0.5879045511133225,0.0,1.0,1.0,0.0,0.0,1.0,0.0,1.0,1.0,0.0,0.0,1.0,0.0,0.0,0.0,0.0,1.0,1.0,0.0,0.0,0.0,0.0,1.0,1.0,0.0,0.0,1.0,0.0,0.0,0.0,0.0,1.0,0.0,1.0,0.0,1.0,0.0,0.0,0.0,0.0,1.0,1.0,0.0,5.0,1.0,0.0,0.0,0.8311255565185118,1.0,0.0,0.0,1.0,0.0,0.0,1.0,0.0,0.0
7721-DVEKZ,0,-1.2774445836787656,-1.4993295040688086,-0.9986941998682206,1.0,0.0,1.0,0.0,1.0,0.0,0.0,1.0,1.0,0.0,0.0,0.0,0.0,1.0,0.0,1.0,0.0,0.0,1.0,0.0,0.0,1.0,0.0,0.0,1.0,0.0,0.0,1.0,0.0,0.0,1.0,0.0,1.0,0.0,0.0,1.0,0.0,0.0,0.0,0.0,1.0,1.0,0.0,1.0,1.0,0.0,0.0,0.7817906253061845,1.0,0.0,0.0,1.0,0.0,0.0,1.0,0.0,0.0
3566-VVORZ,0,-0.8295205827584317,-0.626886078981594,-0.7841447355899401,1.0,0.0,0.0,1.0,1.0,0.0,0.0,1.0,1.0,0.0,0.0,1.0,0.0,0.0,1.0,0.0,0.0,1.0,0.0,0.0,1.0,0.0,0.0,1.0,0.0,0.0,1.0,0.0,0.0,1.0,0.0,0.0,1.0,0.0,0.0,1.0,0.0,1.0,0.0,0.0,0.0,1.0,0.0,2.0,1.0,0.0,0.0,0.9452987085412615,1.0,0.0,0.0,1.0,0.0,0.0,1.0,0.0,0.0
9507-HSMMZ,0,0.880734693482843,-1.4876969250676457,-0.500152364304871,0.0,1.0,1.0,0.0,1.0,0.0,0.0,1.0,1.0,0.0,0.0,0.0,0.0,1.0,0.0,1.0,0.0,0.0,1.0,0.0,0.0,1.0,0.0,0.0,1.0,0.0,0.0,1.0,0.0,0.0,1.0,0.0,0.0,0.0,1.0,1.0,0.0,0.0,0.0,0.0,1.0,1.0,0.0,1.0,0.0,1.0,0.0,-0.5678808476671121,0.0,1.0,0.0,0.0,1.0,0.0,0.0,1.0,0.0
2480-SQIOB,0,-1.1552834925186746,-0.6634456129852487,-0.9325160801031742,0.0,1.0,0.0,1.0,0.0,1.0,0.0,1.0,1.0,0.0,0.0,1.0,0.0,0.0,1.0,0.0,0.0,1.0,0.0,0.0,1.0,0.0,0.0,1.0,0.0,0.0,1.0,0.0,0.0,1.0,0.0,0.0,1.0,0.0,0.0,1.0,0.0,0.0,0.0,1.0,0.0,1.0,0.0,2.0,1.0,0.0,0.0,0.8071751099551875,1.0,0.0,0.0,1.0,0.0,0.0,1.0,0.0,0.0
0947-IDHRQ,0,-1.0331224013585834,0.5164302571326987,-0.7749900956891087,1.0,0.0,1.0,0.0,1.0,0.0,0.0,1.0,1.0,0.0,0.0,0.0,1.0,0.0,1.0,0.0,0.0,1.0,0.0,0.0,1.0,0.0,0.0,1.0,0.0,0.0,0.0,0.0,1.0,1.0,0.0,0.0,1.0,0.0,0.0,0.0,1.0,0.0,0.0,0.0,1.0,0.0,1.0,3.0,1.0,0.0,0.0,0.7501435402716814,1.0,0.0,0.0,1.0,0.0,0.0,1.0,0.0,0.0
7813-TKCVO,0,-0.5037576729981889,-1.4760643460664828,-0.833910681653255,1.0,0.0,0.0,1.0,1.0,0.0,0.0,1.0,1.0,0.0,0.0,0.0,0.0,1.0,0.0,1.0,0.0,0.0,1.0,0.0,0.0,1.0,0.0,0.0,1.0,0.0,0.0,1.0,0.0,0.0,1.0,0.0,0.0,1.0,0.0,1.0,0.0,0.0,0.0,0.0,1.0,1.0,0.0,1.0,1.0,0.0,0.0,1.6553806053019724,1.0,0.0,0.0,1.0,0.0,0.0,1.0,0.0,0.0
0128-MKWSG,0,-0.2594354906780068,-0.6302096729819263,-0.5013215110873868,1.0,0.0,1.0,0.0,0.0,1.0,1.0,0.0,0.0,1.0,0.0,1.0,0.0,0.0,0.0,0.0,1.0,1.0,0.0,0.0,1.0,0.0,0.0,0.0,0.0,1.0,1.0,0.0,0.0,0.0,0.0,1.0,1.0,0.0,0.0,1.0,0.0,0.0,0.0,0.0,1.0,1.0,0.0,4.0,0.0,0.0,1.0,1.9323551676651363,0.0,0.0,1.0,0.0,0.0,1.0,0.0,0.0,1.0
3672-YITQD,1,0.14776814652229667,0.642726829145324,0.3257285109896532,0.0,1.0,0.0,1.0,1.0,0.0,0.0,1.0,0.0,0.0,1.0,0.0,1.0,0.0,1.0,0.0,0.0,1.0,0.0,0.0,1.0,0.0,0.0,1.0,0.0,0.0,1.0,0.0,0.0,0.0,0.0,1.0,1.0,0.0,0.0,0.0,1.0,0.0,0.0,1.0,0.0,0.0,1.0,4.0,0.0,0.0,1.0,2.204321558168182,0.0,0.0,1.0,0.0,0.0,1.0,0.0,0.0,1.0
4350-ZTLPI,0,0.8400143297628127,1.4686399382278874,1.5154346293791476,1.0,0.0,0.0,1.0,1.0,0.0,0.0,1.0,0.0,0.0,1.0,0.0,1.0,0.0,1.0,0.0,0.0,0.0,0.0,1.0,0.0,0.0,1.0,0.0,0.0,1.0,0.0,0.0,1.0,0.0,0.0,1.0,0.0,1.0,0.0,0.0,1.0,1.0,0.0,0.0,0.0,1.0,0.0,8.0,0.0,1.0,0.0,1.8040580686368142,0.0,1.0,0.0,0.0,1.0,0.0,0.0,1.0,0.0
9048-JVYVF,0,-1.1960038562387048,0.15249671409631763,-0.9229423121104975,0.0,1.0,1.0,0.0,1.0,0.0,0.0,1.0,1.0,0.0,0.0,1.0,0.0,0.0,1.0,0.0,0.0,1.0,0.0,0.0,1.0,0.0,0.0,0.0,0.0,1.0,0.0,0.0,1.0,0.0,0.0,1.0,1.0,0.0,0.0,0.0,1.0,0.0,0.0,1.0,0.0,0.0,1.0,5.0,1.0,0.0,0.0,0.7716884082740715,1.0,0.0,0.0,1.0,0.0,0.0,1.0,0.0,0.0
0361-HJRDX,0,1.4508197855632678,-0.013682985920294679,0.9954510830119232,1.0,0.0,1.0,0.0,1.0,0.0,1.0,0.0,0.0,1.0,0.0,1.0,0.0,0.0,0.0,0.0,1.0,0.0,0.0,1.0,0.0,0.0,1.0,0.0,0.0,1.0,0.0,0.0,1.0,0.0,0.0,1.0,0.0,0.0,1.0,1.0,0.0,0.0,1.0,0.0,0.0,1.0,0.0,7.0,0.0,1.0,0.0,0.6861300713688904,0.0,1.0,0.0,0.0,1.0,0.0,0.0,1.0,0.0
5727-MYATE,0,1.6137012404433893,0.8654076271675846,1.815177393168298,0.0,1.0,0.0,1.0,0.0,1.0,0.0,1.0,0.0,0.0,1.0,1.0,0.0,0.0,0.0,0.0,1.0,0.0,0.0,1.0,0.0,0.0,1.0,0.0,0.0,1.0,0.0,0.0,1.0,0.0,0.0,1.0,0.0,0.0,1.0,0.0,1.0,0.0,1.0,0.0,0.0,1.0,0.0,9.0,0.0,1.0,0.0,1.124853441067908,0.0,1.0,0.0,0.0,1.0,0.0,0.0,1.0,0.0
3823-KYNQY,0,-0.8295205827584317,-1.3231790220511994,-0.8836545683433149,0.0,1.0,1.0,0.0,1.0,0.0,0.0,1.0,0.0,0.0,1.0,0.0,0.0,1.0,0.0,1.0,0.0,0.0,1.0,0.0,0.0,1.0,0.0,0.0,1.0,0.0,0.0,1.0,0.0,0.0,1.0,0.0,0.0,1.0,0.0,1.0,0.0,0.0,1.0,0.0,0.0,1.0,0.0,2.0,1.0,0.0,0.0,1.0652593639145995,1.0,0.0,0.0,1.0,0.0,0.0,1.0,0.0,0.0
8988-ECPJR,1,0.06632741908223598,0.4931650991303729,0.1919163528247295,1.0,0.0,0.0,1.0,0.0,1.0,0.0,1.0,0.0,0.0,1.0,0.0,1.0,0.0,1.0,0.0,0.0,0.0,0.0,1.0,1.0,0.0,0.0,1.0,0.0,0.0,1.0,0.0,0.0,1.0,0.0,0.0,1.0,0.0,0.0,0.0,1.0,0.0,0.0,0.0,1.0,0.0,1.0,4.0,0.0,0.0,1.0,2.893469329581213,0.0,0.0,1.0,0.0,0.0,1.0,0.0,0.0,1.0
7570-WELNY,0,1.4508197855632678,0.6626683931473177,1.5122801390036806,1.0,0.0,0.0,1.0,1.0,0.0,0.0,1.0,0.0,0.0,1.0,0.0,1.0,0.0,0.0,0.0,1.0,0.0,0.0,1.0,1.0,0.0,0.0,1.0,0.0,0.0,1.0,0.0,0.0,1.0,0.0,0.0,0.0,0.0,1.0,0.0,1.0,1.0,0.0,0.0,0.0,1.0,0.0,5.0,0.0,1.0,0.0,1.0423625001891956,0.0,1.0,0.0,0.0,1.0,0.0,0.0,1.0,0.0
3021-VLNRJ,0,0.7178532386027215,0.2006888271011353,0.5271526481811996,1.0,0.0,1.0,0.0,0.0,1.0,0.0,1.0,1.0,0.0,0.0,1.0,0.0,0.0,0.0,0.0,1.0,1.0,0.0,0.0,0.0,0.0,1.0,0.0,0.0,1.0,0.0,0.0,1.0,1.0,0.0,0.0,0.0,1.0,0.0,0.0,1.0,0.0,1.0,0.0,0.0,1.0,0.0,6.0,0.0,1.0,0.0,0.734345991399698,0.0,1.0,0.0,0.0,1.0,0.0,0.0,1.0,0.0
3776-EKTKM,1,-1.2774445836787656,-0.9409657120129912,-0.9912822504545356,1.0,0.0,1.0,0.0,1.0,0.0,1.0,0.0,0.0,1.0,0.0,1.0,0.0,0.0,1.0,0.0,0.0,1.0,0.0,0.0,1.0,0.0,0.0,1.0,0.0,0.0,0.0,0.0,1.0,1.0,0.0,0.0,1.0,0.0,0.0,0.0,1.0,0.0,0.0,1.0,0.0,0.0,1.0,2.0,1.0,0.0,0.0,0.7759884562662248,1.0,0.0,0.0,1.0,0.0,0.0,1.0,0.0,0.0
2080-CAZNM,1,0.35136996512244845,1.3174164112127704,0.8164833877939824,1.0,0.0,1.0,0.0,1.0,0.0,0.0,1.0,0.0,0.0,1.0,0.0,1.0,0.0,1.0,0.0,0.0,0.0,0.0,1.0,0.0,0.0,1.0,1.0,0.0,0.0,0.0,0.0,1.0,0.0,0.0,1.0,1.0,0.0,0.0,0.0,1.0,0.0,0.0,1.0,0.0,1.0,0.0,7.0,0.0,0.0,1.0,2.323714229557006,0.0,0.0,1.0,0.0,0.0,1.0,0.0,0.0,1.0
1028-FFNJK,1,-0.0965540357978854,1.221032185203135,0.2798670739924761,0.0,1.0,0.0,1.0,1.0,0.0,0.0,1.0,0.0,0.0,1.0,0.0,1.0,0.0,1.0,0.0,0.0,1.0,0.0,0.0,1.0,0.0,0.0,0.0,0.0,1.0,0.0,0.0,1.0,0.0,0.0,1.0,1.0,0.0,0.0,0.0,1.0,0.0,0.0,1.0,0.0,1.0,0.0,6.0,0.0,0.0,1.0,-2.898553868616286,0.0,0.0,1.0,0.0,0.0,1.0,0.0,0.0,1.0
6907-FLBER,0,-1.2774445836787656,-0.3477041829536853,-0.9834070542024949,0.0,1.0,1.0,0.0,1.0,0.0,0.0,1.0,0.0,0.0,1.0,1.0,0.0,0.0,1.0,0.0,0.0,0.0,0.0,1.0,1.0,0.0,0.0,1.0,0.0,0.0,1.0,0.0,0.0,1.0,0.0,0.0,1.0,0.0,0.0,1.0,0.0,0.0,0.0,1.0,0.0,1.0,0.0,4.0,1.0,0.0,0.0,0.7698236516612674,1.0,0.0,0.0,1.0,0.0,0.0,1.0,0.0,0.0
3001-UNBTL,1,-0.13727439951791576,1.302460238211275,0.3006690629719558,0.0,1.0,0.0,1.0,0.0,1.0,0.0,1.0,0.0,0.0,1.0,0.0,1.0,0.0,1.0,0.0,0.0,1.0,0.0,0.0,0.0,0.0,1.0,1.0,0.0,0.0,0.0,0.0,1.0,0.0,0.0,1.0,1.0,0.0,0.0,0.0,1.0,0.0,0.0,1.0,0.0,1.0,0.0,6.0,0.0,0.0,1.0,-2.1902777504607864,0.0,0.0,1.0,0.0,0.0,1.0,0.0,0.0,1.0
5982-PSMKW,0,-0.38159658183809786,0.8753784091685812,-0.0375011290274314,1.0,0.0,0.0,1.0,0.0,1.0,0.0,1.0,0.0,0.0,1.0,1.0,0.0,0.0,0.0,0.0,1.0,0.0,0.0,1.0,0.0,0.0,1.0,0.0,0.0,1.0,0.0,0.0,1.0,0.0,0.0,1.0,0.0,0.0,1.0,0.0,1.0,0.0,1.0,0.0,0.0,1.0,0.0,9.0,0.0,0.0,1.0,0.09827427920552552,0.0,0.0,1.0,0.0,0.0,1.0,0.0,0.0,1.0
3507-GASNP,0,1.125056875803025,-1.4893587220678117,-0.4823945688345835,0.0,1.0,1.0,0.0,0.0,1.0,0.0,1.0,1.0,0.0,0.0,0.0,0.0,1.0,0.0,1.0,0.0,0.0,1.0,0.0,0.0,1.0,0.0,0.0,1.0,0.0,0.0,1.0,0.0,0.0,1.0,0.0,0.0,0.0,1.0,1.0,0.0,0.0,0.0,0.0,1.0,1.0,0.0,1.0,0.0,1.0,0.0,-0.42877349510909624,0.0,1.0,0.0,0.0,1.0,0.0,0.0,1.0,0.0
7096-ZNBZI,0,1.6137012404433893,-1.2733251120462157,-0.1627101316228993,1.0,0.0,0.0,1.0,1.0,0.0,0.0,1.0,0.0,0.0,1.0,0.0,0.0,1.0,0.0,1.0,0.0,0.0,1.0,0.0,0.0,1.0,0.0,0.0,1.0,0.0,0.0,1.0,0.0,0.0,1.0,0.0,0.0,0.0,1.0,1.0,0.0,0.0,1.0,0.0,0.0,1.0,0.0,2.0,0.0,1.0,0.0,-0.10083039384551268,0.0,1.0,0.0,0.0,1.0,0.0,0.0,1.0,0.0
1902-XBTFB,0,-0.4223169455581282,0.8188773111629334,-0.12432682215917237,0.0,1.0,1.0,0.0,0.0,1.0,0.0,1.0,1.0,0.0,0.0,0.0,1.0,0.0,1.0,0.0,0.0,0.0,0.0,1.0,0.0,0.0,1.0,1.0,0.0,0.0,0.0,0.0,1.0,1.0,0.0,0.0,1.0,0.0,0.0,0.0,1.0,0.0,0.0,1.0,0.0,0.0,1.0,5.0,0.0,0.0,1.0,0.2943922176621726,0.0,0.0,1.0,0.0,0.0,1.0,0.0,0.0,1.0
1676-MQAOA,0,1.6137012404433893,0.3436033691154218,1.3469671958305947,0.0,1.0,1.0,0.0,1.0,0.0,0.0,1.0,1.0,0.0,0.0,1.0,0.0,0.0,0.0,0.0,1.0,0.0,0.0,1.0,0.0,0.0,1.0,0.0,0.0,1.0,0.0,0.0,1.0,1.0,0.0,0.0,0.0,0.0,1.0,0.0,1.0,1.0,0.0,0.0,0.0,1.0,0.0,7.0,0.0,1.0,0.0,0.8347066743658788,0.0,1.0,0.0,0.0,1.0,0.0,0.0,1.0,0.0
0786-IVLAW,1,1.369379058123207,1.440389389225063,2.1862160513176585,1.0,0.0,1.0,0.0,1.0,0.0,0.0,1.0,0.0,0.0,1.0,0.0,1.0,0.0,1.0,0.0,0.0,0.0,0.0,1.0,0.0,0.0,1.0,1.0,0.0,0.0,0.0,0.0,1.0,0.0,0.0,1.0,0.0,1.0,0.0,1.0,0.0,1.0,0.0,0.0,0.0,1.0,0.0,7.0,0.0,1.0,0.0,1.5965017416828047,0.0,1.0,0.0,0.0,1.0,0.0,0.0,1.0,0.0
7566-DSRLQ,0,1.6137012404433893,1.5085230662318745,2.5216067622869134,1.0,0.0,0.0,1.0,1.0,0.0,0.0,1.0,0.0,0.0,1.0,0.0,1.0,0.0,1.0,0.0,0.0,0.0,0.0,1.0,0.0,0.0,1.0,0.0,0.0,1.0,0.0,0.0,1.0,0.0,0.0,1.0,0.0,0.0,1.0,0.0,1.0,0.0,0.0,1.0,0.0,1.0,0.0,8.0,0.0,1.0,0.0,1.5626230550545175,0.0,1.0,0.0,0.0,1.0,0.0,0.0,1.0,0.0
0643-OKLRP,1,0.5956921474426305,0.5180920541328647,0.6805535297965771,1.0,0.0,0.0,1.0,1.0,0.0,0.0,1.0,0.0,0.0,1.0,0.0,1.0,0.0,0.0,0.0,1.0,1.0,0.0,0.0,1.0,0.0,0.0,1.0,0.0,0.0,1.0,0.0,0.0,1.0,0.0,0.0,1.0,0.0,0.0,1.0,0.0,0.0,0.0,1.0,0.0,0.0,1.0,4.0,0.0,1.0,0.0,1.1424584539485125,0.0,1.0,0.0,0.0,1.0,0.0,0.0,1.0,0.0
7245-JMTTQ,0,0.758573602322752,1.5533915852363596,1.508838876775898,1.0,0.0,1.0,0.0,1.0,0.0,0.0,1.0,0.0,0.0,1.0,0.0,1.0,0.0,1.0,0.0,0.0,0.0,0.0,1.0,0.0,0.0,1.0,0.0,0.0,1.0,0.0,0.0,1.0,0.0,0.0,1.0,0.0,1.0,0.0,0.0,1.0,0.0,0.0,1.0,0.0,1.0,0.0,8.0,0.0,1.0,0.0,1.9890474334406498,0.0,1.0,0.0,0.0,1.0,0.0,0.0,1.0,0.0
6050-IJRHS,0,1.5322605130033284,1.3872118852197473,2.256100145789547,1.0,0.0,0.0,1.0,0.0,1.0,0.0,1.0,0.0,0.0,1.0,0.0,1.0,0.0,1.0,0.0,0.0,0.0,0.0,1.0,0.0,0.0,1.0,1.0,0.0,0.0,0.0,0.0,1.0,0.0,0.0,1.0,0.0,1.0,0.0,0.0,1.0,0.0,0.0,1.0,0.0,1.0,0.0,7.0,0.0,1.0,0.0,1.472399847573861,0.0,1.0,0.0,0.0,1.0,0.0,0.0,1.0,0.0
6202-JVYEU,0,-0.9516816739185228,-1.491020519067978,-0.9347440768019308,0.0,1.0,1.0,0.0,1.0,0.0,0.0,1.0,1.0,0.0,0.0,0.0,0.0,1.0,0.0,1.0,0.0,0.0,1.0,0.0,0.0,1.0,0.0,0.0,1.0,0.0,0.0,1.0,0.0,0.0,1.0,0.0,0.0,1.0,0.0,0.0,1.0,0.0,0.0,1.0,0.0,1.0,0.0,1.0,1.0,0.0,0.0,0.9822024553159127,1.0,0.0,0.0,1.0,0.0,0.0,1.0,0.0,0.0
8591-TKMZH,0,1.0843365120829946,1.5400972092350305,1.8847085376681065,0.0,1.0,0.0,1.0,0.0,1.0,0.0,1.0,0.0,0.0,1.0,0.0,1.0,0.0,0.0,0.0,1.0,0.0,0.0,1.0,1.0,0.0,0.0,0.0,0.0,1.0,0.0,0.0,1.0,0.0,0.0,1.0,0.0,0.0,1.0,0.0,1.0,0.0,0.0,0.0,1.0,1.0,0.0,8.0,0.0,1.0,0.0,1.7381214380096903,0.0,1.0,0.0,0.0,1.0,0.0,0.0,1.0,0.0
0734-OXWBT,0,-1.1960038562387048,0.19736523310080326,-0.9078095820575568,0.0,1.0,1.0,0.0,0.0,1.0,0.0,1.0,1.0,0.0,0.0,1.0,0.0,0.0,1.0,0.0,0.0,1.0,0.0,0.0,1.0,0.0,0.0,0.0,0.0,1.0,0.0,0.0,1.0,0.0,0.0,1.0,1.0,0.0,0.0,1.0,0.0,0.0,0.0,0.0,1.0,1.0,0.0,5.0,1.0,0.0,0.0,0.7590356647448563,1.0,0.0,0.0,1.0,0.0,0.0,1.0,0.0,0.0
4282-ACRXS,1,0.22920887396235737,-1.3265026160515319,-0.585698613787821,0.0,1.0,0.0,1.0,1.0,0.0,1.0,0.0,0.0,1.0,0.0,1.0,0.0,0.0,1.0,0.0,0.0,1.0,0.0,0.0,1.0,0.0,0.0,1.0,0.0,0.0,1.0,0.0,0.0,1.0,0.0,0.0,1.0,0.0,0.0,0.0,1.0,0.0,0.0,1.0,0.0,1.0,0.0,1.0,0.0,0.0,1.0,-2.5553051400793905,0.0,0.0,1.0,0.0,0.0,1.0,0.0,0.0,1.0
0365-TRTPY,0,0.18848851024232702,0.8787020031689138,0.484864829651335,1.0,0.0,1.0,0.0,1.0,0.0,0.0,1.0,0.0,0.0,1.0,0.0,1.0,0.0,0.0,0.0,1.0,0.0,0.0,1.0,0.0,0.0,1.0,1.0,0.0,0.0,1.0,0.0,0.0,1.0,0.0,0.0,1.0,0.0,0.0,1.0,0.0,1.0,0.0,0.0,0.0,1.0,0.0,6.0,0.0,0.0,1.0,2.5723840091259507,0.0,0.0,1.0,0.0,0.0,1.0,0.0,0.0,1.0
7349-ALMUX,0,0.18848851024232702,0.0278619390838584,0.01345602319165434,0.0,1.0,1.0,0.0,1.0,0.0,0.0,1.0,1.0,0.0,0.0,1.0,0.0,0.0,0.0,0.0,1.0,0.0,0.0,1.0,0.0,0.0,1.0,0.0,0.0,1.0,1.0,0.0,0.0,1.0,0.0,0.0,0.0,0.0,1.0,1.0,0.0,1.0,0.0,0.0,0.0,1.0,0.0,6.0,0.0,0.0,1.0,0.07138908984083345,0.0,0.0,1.0,0.0,0.0,1.0,0.0,0.0,1.0
9381-NDKME,1,-0.3408762181180675,-0.801374763999037,-0.595603272379323,1.0,0.0,0.0,1.0,1.0,0.0,1.0,0.0,0.0,1.0,0.0,1.0,0.0,0.0,1.0,0.0,0.0,1.0,0.0,0.0,0.0,0.0,1.0,1.0,0.0,0.0,1.0,0.0,0.0,0.0,0.0,1.0,1.0,0.0,0.0,0.0,1.0,0.0,1.0,0.0,0.0,0.0,1.0,3.0,0.0,0.0,1.0,1.7472714161978498,0.0,0.0,1.0,0.0,0.0,1.0,0.0,0.0,1.0
6502-KUGLL,0,-0.748079855318371,-0.17653909193657447,-0.6628623014338652,1.0,0.0,0.0,1.0,0.0,1.0,0.0,1.0,1.0,0.0,0.0,1.0,0.0,0.0,0.0,0.0,1.0,0.0,0.0,1.0,1.0,0.0,0.0,0.0,0.0,1.0,1.0,0.0,0.0,1.0,0.0,0.0,1.0,0.0,0.0,1.0,0.0,1.0,0.0,0.0,0.0,1.0,0.0,5.0,1.0,0.0,0.0,0.8860849503182537,1.0,0.0,0.0,1.0,0.0,0.0,1.0,0.0,0.0
1841-YSJGV,0,1.6137012404433893,1.5018758782312098,2.4570169173962277,0.0,1.0,0.0,1.0,1.0,0.0,0.0,1.0,0.0,0.0,1.0,0.0,1.0,0.0,0.0,0.0,1.0,0.0,0.0,1.0,1.0,0.0,0.0,0.0,0.0,1.0,0.0,0.0,1.0,0.0,0.0,1.0,0.0,0.0,1.0,0.0,1.0,0.0,1.0,0.0,0.0,1.0,0.0,8.0,0.0,1.0,0.0,1.5225971547999335,0.0,1.0,0.0,0.0,1.0,0.0,0.0,1.0,0.0
2794-XIMMO,0,0.8400143297628127,-0.143303151933252,0.3974876521882186,0.0,1.0,0.0,1.0,1.0,0.0,1.0,0.0,0.0,1.0,0.0,1.0,0.0,0.0,1.0,0.0,0.0,0.0,0.0,1.0,0.0,0.0,1.0,0.0,0.0,1.0,0.0,0.0,1.0,0.0,0.0,1.0,0.0,1.0,0.0,0.0,1.0,0.0,0.0,1.0,0.0,0.0,1.0,6.0,0.0,1.0,0.0,0.473191513650075,0.0,1.0,0.0,0.0,1.0,0.0,0.0,1.0,0.0
8382-SHQEH,0,-0.9924020376385531,0.6693155811479823,-0.66987718212896,1.0,0.0,0.0,1.0,1.0,0.0,0.0,1.0,0.0,0.0,1.0,0.0,1.0,0.0,1.0,0.0,0.0,1.0,0.0,0.0,1.0,0.0,0.0,1.0,0.0,0.0,1.0,0.0,0.0,0.0,0.0,1.0,1.0,0.0,0.0,0.0,1.0,0.0,0.0,1.0,0.0,0.0,1.0,4.0,1.0,0.0,0.0,0.6750058511799819,1.0,0.0,0.0,1.0,0.0,0.0,1.0,0.0,0.0
3511-BFTJW,0,1.6137012404433893,-0.8728320350061801,0.21163743251471326,0.0,1.0,0.0,1.0,0.0,1.0,1.0,0.0,0.0,1.0,0.0,1.0,0.0,0.0,0.0,0.0,1.0,0.0,0.0,1.0,0.0,0.0,1.0,1.0,0.0,0.0,1.0,0.0,0.0,1.0,0.0,0.0,0.0,0.0,1.0,1.0,0.0,0.0,1.0,0.0,0.0,1.0,0.0,4.0,0.0,1.0,0.0,0.13115031903709923,0.0,1.0,0.0,0.0,1.0,0.0,0.0,1.0,0.0
7668-XCFYV,1,-0.62591876415828,0.9235705221733989,-0.29497813365997205,1.0,0.0,0.0,1.0,1.0,0.0,0.0,1.0,0.0,0.0,1.0,0.0,1.0,0.0,1.0,0.0,0.0,1.0,0.0,0.0,1.0,0.0,0.0,1.0,0.0,0.0,0.0,0.0,1.0,0.0,0.0,1.0,1.0,0.0,0.0,0.0,1.0,0.0,0.0,1.0,0.0,1.0,0.0,5.0,1.0,0.0,0.0,0.47127223299760207,1.0,0.0,0.0,1.0,0.0,0.0,1.0,0.0,0.0
2983-ZANRP,0,-1.2367242199587352,0.2920876621102721,-0.9432148761318566,1.0,0.0,0.0,1.0,0.0,1.0,0.0,1.0,1.0,0.0,0.0,0.0,1.0,0.0,1.0,0.0,0.0,0.0,0.0,1.0,1.0,0.0,0.0,1.0,0.0,0.0,1.0,0.0,0.0,1.0,0.0,0.0,1.0,0.0,0.0,0.0,1.0,1.0,0.0,0.0,0.0,0.0,1.0,3.0,1.0,0.0,0.0,0.7626719529785938,1.0,0.0,0.0,1.0,0.0,0.0,1.0,0.0,0.0
7845-URHJN,0,-0.9924020376385531,-1.4827115340671475,-0.9384279921355183,1.0,0.0,0.0,1.0,1.0,0.0,0.0,1.0,1.0,0.0,0.0,0.0,0.0,1.0,0.0,1.0,0.0,0.0,1.0,0.0,0.0,1.0,0.0,0.0,1.0,0.0,0.0,1.0,0.0,0.0,1.0,0.0,1.0,0.0,0.0,1.0,0.0,1.0,0.0,0.0,0.0,0.0,1.0,1.0,1.0,0.0,0.0,0.9456127220058239,1.0,0.0,0.0,1.0,0.0,0.0,1.0,0.0,0.0
3034-ZBEQN,0,0.6364125111626608,-0.9991286070188055,-0.29947824580399524,1.0,0.0,0.0,1.0,1.0,0.0,1.0,0.0,0.0,1.0,0.0,1.0,0.0,0.0,1.0,0.0,0.0,0.0,0.0,1.0,0.0,0.0,1.0,1.0,0.0,0.0,1.0,0.0,0.0,1.0,0.0,0.0,0.0,1.0,0.0,1.0,0.0,0.0,0.0,0.0,1.0,0.0,1.0,3.0,0.0,1.0,0.0,-0.4705725304753657,0.0,1.0,0.0,0.0,1.0,0.0,0.0,1.0,0.0
5018-HEKFO,0,-0.9109613101984924,-1.3381351950526947,-0.8881767398605931,1.0,0.0,1.0,0.0,1.0,0.0,0.0,1.0,0.0,0.0,1.0,0.0,0.0,1.0,0.0,1.0,0.0,0.0,1.0,0.0,0.0,1.0,0.0,0.0,1.0,0.0,0.0,1.0,0.0,0.0,1.0,0.0,1.0,0.0,0.0,0.0,1.0,0.0,0.0,0.0,1.0,1.0,0.0,2.0,1.0,0.0,0.0,0.9749884324583065,1.0,0.0,0.0,1.0,0.0,0.0,1.0,0.0,0.0
2923-ARZLG,0,-1.318164947398796,-1.4976677070686424,,0.0,1.0,0.0,1.0,0.0,1.0,0.0,1.0,1.0,0.0,0.0,0.0,0.0,1.0,0.0,1.0,0.0,0.0,1.0,0.0,0.0,1.0,0.0,0.0,1.0,0.0,0.0,1.0,0.0,0.0,1.0,0.0,0.0,1.0,0.0,0.0,1.0,0.0,0.0,0.0,1.0,1.0,0.0,1.0,1.0,0.0,0.0,,1.0,0.0,0.0,1.0,0.0,0.0,1.0,0.0,0.0
3976-NLDEZ,0,-1.2774445836787656,-1.4677553610656522,-0.9982750717763753,0.0,1.0,1.0,0.0,1.0,0.0,0.0,1.0,1.0,0.0,0.0,0.0,0.0,1.0,0.0,1.0,0.0,0.0,1.0,0.0,0.0,1.0,0.0,0.0,1.0,0.0,0.0,1.0,0.0,0.0,1.0,0.0,1.0,0.0,0.0,1.0,0.0,0.0,0.0,0.0,1.0,1.0,0.0,1.0,1.0,0.0,0.0,0.7814625264616629,1.0,0.0,0.0,1.0,0.0,0.0,1.0,0.0,0.0
2282-YGNOR,0,-0.13727439951791576,-0.22473120494139212,-0.242123875340955,1.0,0.0,1.0,0.0,1.0,0.0,0.0,1.0,1.0,0.0,0.0,1.0,0.0,0.0,0.0,0.0,1.0,1.0,0.0,0.0,0.0,0.0,1.0,0.0,0.0,1.0,1.0,0.0,0.0,1.0,0.0,0.0,0.0,1.0,0.0,1.0,0.0,0.0,1.0,0.0,0.0,1.0,0.0,5.0,0.0,0.0,1.0,1.7637948240258394,0.0,0.0,1.0,0.0,0.0,1.0,0.0,0.0,1.0
5336-UFNZP,1,1.3286586944031769,1.4187860282229037,2.101905126736989,1.0,0.0,0.0,1.0,0.0,1.0,0.0,1.0,0.0,0.0,1.0,0.0,1.0,0.0,1.0,0.0,0.0,0.0,0.0,1.0,0.0,0.0,1.0,1.0,0.0,0.0,0.0,0.0,1.0,0.0,0.0,1.0,0.0,1.0,0.0,0.0,1.0,0.0,0.0,1.0,0.0,1.0,0.0,7.0,0.0,1.0,0.0,1.5819752172555859,0.0,1.0,0.0,0.0,1.0,0.0,0.0,1.0,0.0
6854-EXGSF,0,-0.9924020376385531,0.02453834508352634,-0.7544969379351993,1.0,0.0,1.0,0.0,1.0,0.0,0.0,1.0,0.0,0.0,1.0,1.0,0.0,0.0,0.0,0.0,1.0,0.0,0.0,1.0,0.0,0.0,1.0,1.0,0.0,0.0,1.0,0.0,0.0,1.0,0.0,0.0,1.0,0.0,0.0,0.0,1.0,1.0,0.0,0.0,0.0,1.0,0.0,6.0,1.0,0.0,0.0,0.7602734671228052,1.0,0.0,0.0,1.0,0.0,0.0,1.0,0.0,0.0
1241-EZFMJ,0,1.1657772395230555,-1.3065610520495383,-0.32855249975410566,0.0,1.0,0.0,1.0,1.0,0.0,0.0,1.0,0.0,0.0,1.0,0.0,0.0,1.0,0.0,1.0,0.0,0.0,1.0,0.0,0.0,1.0,0.0,0.0,1.0,0.0,0.0,1.0,0.0,0.0,1.0,0.0,0.0,0.0,1.0,1.0,0.0,1.0,0.0,0.0,0.0,1.0,0.0,2.0,0.0,1.0,0.0,-0.2818312869862887,0.0,1.0,0.0,0.0,1.0,0.0,0.0,1.0,0.0
9233-PSYHO,1,0.5142514200025698,1.1761636661986499,0.9602443232969183,1.0,0.0,1.0,0.0,1.0,0.0,0.0,1.0,0.0,0.0,1.0,0.0,1.0,0.0,1.0,0.0,0.0,1.0,0.0,0.0,0.0,0.0,1.0,1.0,0.0,0.0,0.0,0.0,1.0,0.0,0.0,1.0,0.0,1.0,0.0,0.0,1.0,1.0,0.0,0.0,0.0,1.0,0.0,6.0,0.0,1.0,0.0,1.8672662552727997,0.0,1.0,0.0,0.0,1.0,0.0,0.0,1.0,0.0
5376-PCKNB,0,1.6137012404433893,1.3190782082129364,2.2834537686257663,0.0,1.0,0.0,1.0,0.0,1.0,0.0,1.0,0.0,0.0,1.0,0.0,1.0,0.0,1.0,0.0,0.0,0.0,0.0,1.0,0.0,0.0,1.0,1.0,0.0,0.0,0.0,0.0,1.0,0.0,0.0,1.0,0.0,1.0,0.0,0.0,1.0,0.0,1.0,0.0,0.0,1.0,0.0,7.0,0.0,1.0,0.0,1.4150412179136407,0.0,1.0,0.0,0.0,1.0,0.0,0.0,1.0,0.0
8044-BGWPI,0,-0.8295205827584317,-1.4494755940638249,-0.872338109863492,0.0,1.0,0.0,1.0,0.0,1.0,0.0,1.0,1.0,0.0,0.0,0.0,0.0,1.0,0.0,1.0,0.0,0.0,1.0,0.0,0.0,1.0,0.0,0.0,1.0,0.0,0.0,1.0,0.0,0.0,1.0,0.0,1.0,0.0,0.0,0.0,1.0,0.0,0.0,1.0,0.0,1.0,0.0,1.0,1.0,0.0,0.0,1.0516171967218437,1.0,0.0,0.0,1.0,0.0,0.0,1.0,0.0,0.0
4060-LDNLU,0,-1.0331224013585834,1.044881703185526,-0.7251359121327737,0.0,1.0,1.0,0.0,1.0,0.0,0.0,1.0,0.0,0.0,1.0,0.0,1.0,0.0,1.0,0.0,0.0,1.0,0.0,0.0,1.0,0.0,0.0,1.0,0.0,0.0,0.0,0.0,1.0,0.0,0.0,1.0,1.0,0.0,0.0,1.0,0.0,0.0,0.0,1.0,0.0,1.0,0.0,5.0,1.0,0.0,0.0,0.7018877058315653,1.0,0.0,0.0,1.0,0.0,0.0,1.0,0.0,0.0
3589-PPVKW,0,-0.9516816739185228,-0.6767399889865777,-0.8537641175827689,0.0,1.0,1.0,0.0,1.0,0.0,0.0,1.0,1.0,0.0,0.0,1.0,0.0,0.0,1.0,0.0,0.0,1.0,0.0,0.0,1.0,0.0,0.0,1.0,0.0,0.0,1.0,0.0,0.0,1.0,0.0,0.0,1.0,0.0,0.0,0.0,1.0,0.0,0.0,0.0,1.0,1.0,0.0,2.0,1.0,0.0,0.0,0.8971110203976284,1.0,0.0,0.0,1.0,0.0,0.0,1.0,0.0,0.0
8327-LZKAS,1,0.43281069256250915,1.422109622223236,0.9929363144608511,1.0,0.0,0.0,1.0,1.0,0.0,0.0,1.0,0.0,0.0,1.0,0.0,1.0,0.0,1.0,0.0,0.0,1.0,0.0,0.0,0.0,0.0,1.0,0.0,0.0,1.0,0.0,0.0,1.0,0.0,0.0,1.0,0.0,1.0,0.0,0.0,1.0,0.0,0.0,1.0,0.0,0.0,1.0,7.0,0.0,0.0,1.0,2.2941584658688745,0.0,0.0,1.0,0.0,0.0,1.0,0.0,0.0,1.0
5887-IKKYO,0,1.0436161483629645,0.9833952141793793,1.4472491066478947,0.0,1.0,0.0,1.0,0.0,1.0,0.0,1.0,0.0,0.0,1.0,0.0,1.0,0.0,1.0,0.0,0.0,1.0,0.0,0.0,0.0,0.0,1.0,0.0,0.0,1.0,1.0,0.0,0.0,0.0,0.0,1.0,0.0,0.0,1.0,1.0,0.0,1.0,0.0,0.0,0.0,1.0,0.0,6.0,0.0,1.0,0.0,1.386763810542867,0.0,1.0,0.0,0.0,1.0,0.0,0.0,1.0,0.0
1075-BGWOH,1,-0.6666391278783103,1.1296333501939984,-0.30695637333744547,0.0,1.0,0.0,1.0,1.0,0.0,0.0,1.0,0.0,0.0,1.0,0.0,1.0,0.0,1.0,0.0,0.0,1.0,0.0,0.0,0.0,0.0,1.0,1.0,0.0,0.0,0.0,0.0,1.0,0.0,0.0,1.0,1.0,0.0,0.0,0.0,1.0,0.0,0.0,1.0,0.0,0.0,1.0,6.0,1.0,0.0,0.0,0.4604535805067205,1.0,0.0,0.0,1.0,0.0,0.0,1.0,0.0,0.0
1755-RMCXH,0,-1.2367242199587352,-1.477726143066649,-0.9896057380871542,0.0,1.0,0.0,1.0,0.0,1.0,0.0,1.0,1.0,0.0,0.0,0.0,0.0,1.0,0.0,1.0,0.0,0.0,1.0,0.0,0.0,1.0,0.0,0.0,1.0,0.0,0.0,1.0,0.0,0.0,1.0,0.0,1.0,0.0,0.0,1.0,0.0,0.0,0.0,0.0,1.0,1.0,0.0,1.0,1.0,0.0,0.0,0.8001830336274757,1.0,0.0,0.0,1.0,0.0,0.0,1.0,0.0,0.0
0302-JOIVN,0,-0.9924020376385531,1.2093996062019723,-0.6354866192243909,1.0,0.0,0.0,1.0,1.0,0.0,0.0,1.0,1.0,0.0,0.0,0.0,1.0,0.0,1.0,0.0,0.0,0.0,0.0,1.0,0.0,0.0,1.0,1.0,0.0,0.0,0.0,0.0,1.0,0.0,0.0,1.0,1.0,0.0,0.0,1.0,0.0,0.0,0.0,1.0,0.0,0.0,1.0,6.0,1.0,0.0,0.0,0.6403519895389858,1.0,0.0,0.0,1.0,0.0,0.0,1.0,0.0,0.0
3858-XHYJO,0,0.3106496014024181,1.3622849302172555,0.8582197219924719,1.0,0.0,0.0,1.0,1.0,0.0,0.0,1.0,0.0,0.0,1.0,0.0,1.0,0.0,0.0,0.0,1.0,1.0,0.0,0.0,0.0,0.0,1.0,1.0,0.0,0.0,0.0,0.0,1.0,0.0,0.0,1.0,0.0,1.0,0.0,1.0,0.0,1.0,0.0,0.0,0.0,1.0,0.0,7.0,0.0,0.0,1.0,2.762661590802194,0.0,0.0,1.0,0.0,0.0,1.0,0.0,0.0,1.0
4299-SIMNS,0,-0.9516816739185228,0.544680806135523,-0.661274026559504,0.0,1.0,1.0,0.0,1.0,0.0,0.0,1.0,0.0,0.0,1.0,0.0,1.0,0.0,0.0,0.0,1.0,1.0,0.0,0.0,1.0,0.0,0.0,1.0,0.0,0.0,1.0,0.0,0.0,1.0,0.0,0.0,1.0,0.0,0.0,0.0,1.0,0.0,0.0,1.0,0.0,1.0,0.0,4.0,1.0,0.0,0.0,0.6948479146779475,1.0,0.0,0.0,1.0,0.0,0.0,1.0,0.0,0.0
7025-IWFHT,0,0.35136996512244845,0.8238627021634315,0.6381554144004374,0.0,1.0,1.0,0.0,1.0,0.0,0.0,1.0,1.0,0.0,0.0,0.0,1.0,0.0,1.0,0.0,0.0,0.0,0.0,1.0,1.0,0.0,0.0,0.0,0.0,1.0,0.0,0.0,1.0,1.0,0.0,0.0,0.0,1.0,0.0,0.0,1.0,0.0,0.0,1.0,0.0,1.0,0.0,5.0,0.0,0.0,1.0,1.8161922695300594,0.0,0.0,1.0,0.0,0.0,1.0,0.0,0.0,1.0
6261-LHRTG,0,-0.2594354906780068,-0.3327480099521901,-0.3866568889078163,1.0,0.0,1.0,0.0,1.0,0.0,0.0,1.0,1.0,0.0,0.0,1.0,0.0,0.0,1.0,0.0,0.0,0.0,0.0,1.0,0.0,0.0,1.0,1.0,0.0,0.0,1.0,0.0,0.0,1.0,0.0,0.0,1.0,0.0,0.0,0.0,1.0,0.0,1.0,0.0,0.0,1.0,0.0,4.0,0.0,0.0,1.0,1.4903777732851047,0.0,0.0,1.0,0.0,0.0,1.0,0.0,0.0,1.0
7841-FCRQD,0,0.025607055362205634,-0.3659839499555126,-0.18794605462663702,1.0,0.0,0.0,1.0,1.0,0.0,0.0,1.0,1.0,0.0,0.0,1.0,0.0,0.0,1.0,0.0,0.0,0.0,0.0,1.0,1.0,0.0,0.0,0.0,0.0,1.0,1.0,0.0,0.0,1.0,0.0,0.0,0.0,1.0,0.0,0.0,1.0,0.0,1.0,0.0,0.0,1.0,0.0,4.0,0.0,0.0,1.0,-7.339619958959956,0.0,0.0,1.0,0.0,0.0,1.0,0.0,0.0,1.0
2056-EVGZL,0,1.4508197855632678,1.3622849302172555,2.223231679639574,0.0,1.0,0.0,1.0,0.0,1.0,0.0,1.0,1.0,0.0,0.0,0.0,1.0,0.0,1.0,0.0,0.0,0.0,0.0,1.0,0.0,0.0,1.0,0.0,0.0,1.0,0.0,0.0,1.0,0.0,0.0,1.0,0.0,1.0,0.0,1.0,0.0,0.0,1.0,0.0,0.0,1.0,0.0,7.0,0.0,1.0,0.0,1.5323968571164917,0.0,1.0,0.0,0.0,1.0,0.0,0.0,1.0,0.0
8777-MBMTS,1,1.3286586944031769,1.3656085242175875,1.9598427629746893,1.0,0.0,0.0,1.0,1.0,0.0,0.0,1.0,1.0,0.0,0.0,0.0,1.0,0.0,1.0,0.0,0.0,0.0,0.0,1.0,0.0,0.0,1.0,0.0,0.0,1.0,0.0,0.0,1.0,0.0,0.0,1.0,0.0,0.0,1.0,0.0,1.0,0.0,1.0,0.0,0.0,1.0,0.0,7.0,0.0,1.0,0.0,1.4750535793957495,0.0,1.0,0.0,0.0,1.0,0.0,0.0,1.0,0.0
7753-USQYQ,0,0.9214550572028734,-0.018668376920792765,0.5929557586009108,0.0,1.0,1.0,0.0,1.0,0.0,0.0,1.0,1.0,0.0,0.0,1.0,0.0,0.0,1.0,0.0,0.0,0.0,0.0,1.0,1.0,0.0,0.0,0.0,0.0,1.0,1.0,0.0,0.0,0.0,0.0,1.0,0.0,1.0,0.0,0.0,1.0,0.0,0.0,1.0,0.0,1.0,0.0,5.0,0.0,1.0,0.0,0.6434993806435444,0.0,1.0,0.0,0.0,1.0,0.0,0.0,1.0,0.0
5366-IJEQJ,0,-0.5037576729981889,0.7956121531606076,-0.23023387315650162,0.0,1.0,1.0,0.0,1.0,0.0,0.0,1.0,0.0,0.0,1.0,0.0,1.0,0.0,1.0,0.0,0.0,1.0,0.0,0.0,0.0,0.0,1.0,1.0,0.0,0.0,0.0,0.0,1.0,1.0,0.0,0.0,1.0,0.0,0.0,0.0,1.0,0.0,0.0,1.0,0.0,0.0,1.0,5.0,1.0,0.0,0.0,0.45703298529674086,1.0,0.0,0.0,1.0,0.0,0.0,1.0,0.0,0.0
7661-CPURM,0,-0.5444780367182193,0.7623762131572851,-0.24589602816756262,0.0,1.0,1.0,0.0,1.0,0.0,0.0,1.0,1.0,0.0,0.0,0.0,1.0,0.0,1.0,0.0,0.0,1.0,0.0,0.0,1.0,0.0,0.0,0.0,0.0,1.0,1.0,0.0,0.0,0.0,0.0,1.0,0.0,1.0,0.0,0.0,1.0,0.0,1.0,0.0,0.0,1.0,0.0,4.0,1.0,0.0,0.0,0.45161790115478956,1.0,0.0,0.0,1.0,0.0,0.0,1.0,0.0,0.0
6233-HXJMX,0,0.5142514200025698,0.8155537171626008,0.8421604982628204,1.0,0.0,1.0,0.0,1.0,0.0,0.0,1.0,0.0,0.0,1.0,0.0,1.0,0.0,1.0,0.0,0.0,1.0,0.0,0.0,0.0,0.0,1.0,1.0,0.0,0.0,1.0,0.0,0.0,0.0,0.0,1.0,1.0,0.0,0.0,0.0,1.0,0.0,1.0,0.0,0.0,1.0,0.0,5.0,0.0,1.0,0.0,1.6376435056972947,0.0,1.0,0.0,0.0,1.0,0.0,0.0,1.0,0.0
5902-WBLSE,0,1.5322605130033284,-1.4827115340671475,-0.38475978280788503,1.0,0.0,0.0,1.0,0.0,1.0,0.0,1.0,1.0,0.0,0.0,0.0,0.0,1.0,0.0,1.0,0.0,0.0,1.0,0.0,0.0,1.0,0.0,0.0,1.0,0.0,0.0,1.0,0.0,0.0,1.0,0.0,0.0,0.0,1.0,0.0,1.0,0.0,1.0,0.0,0.0,1.0,0.0,1.0,0.0,1.0,0.0,-0.2511059833120226,0.0,1.0,0.0,0.0,1.0,0.0,0.0,1.0,0.0
1981-INRFU,0,-1.2367242199587352,0.4981504901308714,-0.9347881955484408,1.0,0.0,1.0,0.0,1.0,0.0,0.0,1.0,1.0,0.0,0.0,0.0,1.0,0.0,1.0,0.0,0.0,1.0,0.0,0.0,1.0,0.0,0.0,1.0,0.0,0.0,0.0,0.0,1.0,1.0,0.0,0.0,1.0,0.0,0.0,0.0,1.0,0.0,0.0,1.0,0.0,0.0,1.0,3.0,1.0,0.0,0.0,0.7558582426562579,1.0,0.0,0.0,1.0,0.0,0.0,1.0,0.0,0.0
4971-PUYQO,0,-0.21871512695797646,0.9900424021800438,0.19469583385486133,1.0,0.0,1.0,0.0,1.0,0.0,0.0,1.0,0.0,0.0,1.0,0.0,1.0,0.0,1.0,0.0,0.0,1.0,0.0,0.0,1.0,0.0,0.0,1.0,0.0,0.0,0.0,0.0,1.0,0.0,0.0,1.0,1.0,0.0,0.0,0.0,1.0,0.0,0.0,0.0,1.0,0.0,1.0,5.0,0.0,0.0,1.0,-0.8901800097817187,0.0,0.0,1.0,0.0,0.0,1.0,0.0,0.0,1.0
3239-TPHPZ,0,-0.8295205827584317,-1.4860351280674797,-0.8906473896651549,1.0,0.0,0.0,1.0,1.0,0.0,0.0,1.0,1.0,0.0,0.0,0.0,0.0,1.0,0.0,1.0,0.0,0.0,1.0,0.0,0.0,1.0,0.0,0.0,1.0,0.0,0.0,1.0,0.0,0.0,1.0,0.0,0.0,0.0,1.0,0.0,1.0,0.0,0.0,1.0,0.0,1.0,0.0,1.0,1.0,0.0,0.0,1.0736893190804937,1.0,0.0,0.0,1.0,0.0,0.0,1.0,0.0,0.0
5115-GZDEL,0,1.6137012404433893,0.08103944308917463,1.0537319471516737,0.0,1.0,1.0,0.0,0.0,1.0,1.0,0.0,0.0,1.0,0.0,1.0,0.0,0.0,0.0,0.0,1.0,0.0,0.0,1.0,0.0,0.0,1.0,0.0,0.0,1.0,0.0,0.0,1.0,0.0,0.0,1.0,0.0,0.0,1.0,1.0,0.0,0.0,1.0,0.0,0.0,1.0,0.0,7.0,0.0,1.0,0.0,0.6529907276158161,0.0,1.0,0.0,0.0,1.0,0.0,0.0,1.0,0.0
3338-CVVEH,0,-0.8295205827584317,0.9900424021800438,-0.4896079838889736,0.0,1.0,1.0,0.0,1.0,0.0,0.0,1.0,0.0,0.0,1.0,0.0,1.0,0.0,1.0,0.0,0.0,1.0,0.0,0.0,1.0,0.0,0.0,1.0,0.0,0.0,0.0,0.0,1.0,0.0,0.0,1.0,1.0,0.0,0.0,1.0,0.0,0.0,0.0,1.0,0.0,1.0,0.0,5.0,1.0,0.0,0.0,0.5902300606705433,1.0,0.0,0.0,1.0,0.0,0.0,1.0,0.0,0.0
8485-GJCDN,1,-1.1145631287986442,0.142525932095321,-0.8668453259229931,1.0,0.0,1.0,0.0,1.0,0.0,0.0,1.0,1.0,0.0,0.0,0.0,1.0,0.0,1.0,0.0,0.0,1.0,0.0,0.0,1.0,0.0,0.0,1.0,0.0,0.0,1.0,0.0,0.0,1.0,0.0,0.0,1.0,0.0,0.0,0.0,1.0,0.0,0.0,0.0,1.0,0.0,1.0,2.0,1.0,0.0,0.0,0.7777444843858606,1.0,0.0,0.0,1.0,0.0,0.0,1.0,0.0,0.0
2615-YVMYX,1,1.5729808767233588,1.42044782522307,2.39575803786705,0.0,1.0,0.0,1.0,1.0,0.0,0.0,1.0,0.0,0.0,1.0,0.0,1.0,0.0,0.0,0.0,1.0,0.0,0.0,1.0,0.0,0.0,1.0,1.0,0.0,0.0,0.0,0.0,1.0,0.0,0.0,1.0,1.0,0.0,0.0,0.0,1.0,0.0,0.0,1.0,0.0,1.0,0.0,8.0,0.0,1.0,0.0,1.5230687628304802,0.0,1.0,0.0,0.0,1.0,0.0,0.0,1.0,0.0
2851-STERV,1,0.10704778280226633,0.27380789510844483,0.08292098957169798,0.0,1.0,1.0,0.0,1.0,0.0,0.0,1.0,1.0,0.0,0.0,1.0,0.0,0.0,1.0,0.0,0.0,1.0,0.0,0.0,0.0,0.0,1.0,0.0,0.0,1.0,0.0,0.0,1.0,0.0,0.0,1.0,0.0,1.0,0.0,0.0,1.0,0.0,0.0,1.0,0.0,1.0,0.0,6.0,0.0,0.0,1.0,0.774616600185599,0.0,0.0,1.0,0.0,0.0,1.0,0.0,0.0,1.0
4393-GEADV,0,1.5322605130033284,1.6614083902471577,2.452560923998715,0.0,1.0,0.0,1.0,0.0,1.0,0.0,1.0,0.0,0.0,1.0,0.0,1.0,0.0,0.0,0.0,1.0,0.0,0.0,1.0,0.0,0.0,1.0,0.0,0.0,1.0,0.0,0.0,1.0,0.0,0.0,1.0,0.0,0.0,1.0,1.0,0.0,0.0,1.0,0.0,0.0,1.0,0.0,9.0,0.0,1.0,0.0,1.600616150573207,0.0,1.0,0.0,0.0,1.0,0.0,0.0,1.0,0.0
8486-AYEQH,0,-0.055833672077855064,0.37517751211857825,-0.02448609880697227,1.0,0.0,1.0,0.0,1.0,0.0,0.0,1.0,0.0,0.0,1.0,0.0,1.0,0.0,1.0,0.0,0.0,1.0,0.0,0.0,1.0,0.0,0.0,1.0,0.0,0.0,1.0,0.0,0.0,1.0,0.0,0.0,1.0,0.0,0.0,0.0,1.0,0.0,0.0,1.0,0.0,1.0,0.0,3.0,0.0,0.0,1.0,0.4385543328196038,0.0,0.0,1.0,0.0,0.0,1.0,0.0,0.0,1.0
1527-SXDPN,0,0.7992939660427822,1.0465435001856922,1.1942722141593773,0.0,1.0,0.0,1.0,0.0,1.0,0.0,1.0,0.0,0.0,1.0,0.0,1.0,0.0,1.0,0.0,0.0,1.0,0.0,0.0,0.0,0.0,1.0,0.0,0.0,1.0,1.0,0.0,0.0,0.0,0.0,1.0,0.0,0.0,1.0,0.0,1.0,1.0,0.0,0.0,0.0,0.0,1.0,6.0,0.0,1.0,0.0,1.4941589263735964,0.0,1.0,0.0,0.0,1.0,0.0,0.0,1.0,0.0
6029-WTIPC,1,0.18848851024232702,1.2077378092018058,0.6444643951513719,0.0,1.0,1.0,0.0,1.0,0.0,0.0,1.0,0.0,0.0,1.0,0.0,1.0,0.0,1.0,0.0,0.0,1.0,0.0,0.0,0.0,0.0,1.0,1.0,0.0,0.0,0.0,0.0,1.0,0.0,0.0,1.0,1.0,0.0,0.0,0.0,1.0,0.0,0.0,1.0,0.0,0.0,1.0,6.0,0.0,0.0,1.0,3.4191176657018896,0.0,0.0,1.0,0.0,0.0,1.0,0.0,0.0,1.0
8634-CILSZ,0,1.4915401492832983,1.327387193213767,2.178164380079578,0.0,1.0,1.0,0.0,1.0,0.0,0.0,1.0,0.0,0.0,1.0,0.0,1.0,0.0,1.0,0.0,0.0,0.0,0.0,1.0,1.0,0.0,0.0,0.0,0.0,1.0,0.0,0.0,1.0,0.0,0.0,1.0,0.0,1.0,0.0,0.0,1.0,1.0,0.0,0.0,0.0,0.0,1.0,7.0,0.0,1.0,0.0,1.4603457916477878,0.0,1.0,0.0,0.0,1.0,0.0,0.0,1.0,0.0
5419-JKZNQ,1,-0.0965540357978854,0.4366640011247251,0.030066731252680827,0.0,1.0,0.0,1.0,1.0,0.0,0.0,1.0,0.0,0.0,1.0,0.0,1.0,0.0,1.0,0.0,0.0,1.0,0.0,0.0,1.0,0.0,0.0,1.0,0.0,0.0,1.0,0.0,0.0,1.0,0.0,0.0,1.0,0.0,0.0,1.0,0.0,0.0,0.0,0.0,1.0,1.0,0.0,3.0,0.0,0.0,1.0,-0.3113979752811048,0.0,0.0,1.0,0.0,0.0,1.0,0.0,0.0,1.0
2495-KZNFB,0,0.025607055362205634,0.8604222361670865,0.3116105121064433,1.0,0.0,1.0,0.0,1.0,0.0,0.0,1.0,0.0,0.0,1.0,0.0,1.0,0.0,0.0,0.0,1.0,1.0,0.0,0.0,1.0,0.0,0.0,1.0,0.0,0.0,1.0,0.0,0.0,0.0,0.0,1.0,1.0,0.0,0.0,0.0,1.0,0.0,0.0,1.0,0.0,1.0,0.0,5.0,0.0,0.0,1.0,12.16893187048599,0.0,0.0,1.0,0.0,0.0,1.0,0.0,0.0,1.0
1409-PHXTF,1,0.880734693482843,1.5184938482328711,1.674063582455964,0.0,1.0,0.0,1.0,1.0,0.0,0.0,1.0,0.0,0.0,1.0,0.0,1.0,0.0,1.0,0.0,0.0,0.0,0.0,1.0,0.0,0.0,1.0,0.0,0.0,1.0,0.0,0.0,1.0,0.0,0.0,1.0,0.0,0.0,1.0,0.0,1.0,0.0,0.0,1.0,0.0,1.0,0.0,8.0,0.0,1.0,0.0,1.9007580771411674,0.0,1.0,0.0,0.0,1.0,0.0,0.0,1.0,0.0
4560-WQAQW,0,1.0843365120829946,0.1308933530941583,0.7886885774926629,1.0,0.0,1.0,0.0,1.0,0.0,0.0,1.0,0.0,0.0,1.0,1.0,0.0,0.0,0.0,0.0,1.0,1.0,0.0,0.0,1.0,0.0,0.0,0.0,0.0,1.0,1.0,0.0,0.0,0.0,0.0,1.0,0.0,1.0,0.0,1.0,0.0,1.0,0.0,0.0,0.0,1.0,0.0,6.0,0.0,1.0,0.0,0.7273466942265031,0.0,1.0,0.0,0.0,1.0,0.0,0.0,1.0,0.0
9591-YVTEB,1,0.9214550572028734,-0.6617838159850825,0.08636225179948047,0.0,1.0,1.0,0.0,1.0,0.0,1.0,0.0,0.0,1.0,0.0,1.0,0.0,0.0,0.0,0.0,1.0,0.0,0.0,1.0,1.0,0.0,0.0,1.0,0.0,0.0,0.0,0.0,1.0,1.0,0.0,0.0,1.0,0.0,0.0,0.0,1.0,0.0,0.0,1.0,0.0,1.0,0.0,4.0,0.0,1.0,0.0,0.09372378080124467,0.0,1.0,0.0,0.0,1.0,0.0,0.0,1.0,0.0
9309-BZGNT,1,1.4915401492832983,-1.1619847130350858,-0.0657371267938512,0.0,1.0,0.0,1.0,1.0,0.0,1.0,0.0,0.0,1.0,0.0,1.0,0.0,0.0,1.0,0.0,0.0,1.0,0.0,0.0,0.0,0.0,1.0,1.0,0.0,0.0,1.0,0.0,0.0,1.0,0.0,0.0,0.0,1.0,0.0,0.0,1.0,0.0,1.0,0.0,0.0,1.0,0.0,2.0,0.0,1.0,0.0,-0.04407332033632392,0.0,1.0,0.0,0.0,1.0,0.0,0.0,1.0,0.0
4274-DRSQT,0,1.369379058123207,0.8022593411612722,1.639805375790925,1.0,0.0,1.0,0.0,1.0,0.0,0.0,1.0,0.0,0.0,1.0,0.0,1.0,0.0,1.0,0.0,0.0,0.0,0.0,1.0,1.0,0.0,0.0,1.0,0.0,0.0,0.0,0.0,1.0,1.0,0.0,0.0,0.0,1.0,0.0,0.0,1.0,1.0,0.0,0.0,0.0,1.0,0.0,5.0,0.0,1.0,0.0,1.197480979472805,0.0,1.0,0.0,0.0,1.0,0.0,0.0,1.0,0.0
2027-DNKIV,0,0.18848851024232702,-0.19980424993890028,-0.035383429194950036,0.0,1.0,0.0,1.0,0.0,1.0,0.0,1.0,1.0,0.0,0.0,1.0,0.0,0.0,0.0,0.0,1.0,1.0,0.0,0.0,0.0,0.0,1.0,0.0,0.0,1.0,1.0,0.0,0.0,1.0,0.0,0.0,0.0,1.0,0.0,0.0,1.0,0.0,0.0,0.0,1.0,1.0,0.0,5.0,0.0,0.0,1.0,-0.18772194204018025,0.0,0.0,1.0,0.0,0.0,1.0,0.0,0.0,1.0
8075-GXIUB,1,-0.9516816739185228,-1.4926823160681442,-0.92656004932432,0.0,1.0,0.0,1.0,1.0,0.0,0.0,1.0,1.0,0.0,0.0,0.0,0.0,1.0,0.0,1.0,0.0,0.0,1.0,0.0,0.0,1.0,0.0,0.0,1.0,0.0,0.0,1.0,0.0,0.0,1.0,0.0,0.0,1.0,0.0,1.0,0.0,0.0,1.0,0.0,0.0,1.0,0.0,1.0,1.0,0.0,0.0,0.973602912315454,1.0,0.0,0.0,1.0,0.0,0.0,1.0,0.0,0.0
2885-HIJDH,0,1.4915401492832983,0.7357874611546272,1.725395744020385,0.0,1.0,0.0,1.0,0.0,1.0,0.0,1.0,0.0,0.0,1.0,1.0,0.0,0.0,0.0,0.0,1.0,1.0,0.0,0.0,0.0,0.0,1.0,0.0,0.0,1.0,0.0,0.0,1.0,0.0,0.0,1.0,0.0,0.0,1.0,1.0,0.0,1.0,0.0,0.0,0.0,1.0,0.0,8.0,0.0,1.0,0.0,1.1567879985325618,0.0,1.0,0.0,0.0,1.0,0.0,0.0,1.0,0.0
5424-RLQLC,0,-0.9109613101984924,-0.1698919039359101,-0.725466802731599,0.0,1.0,1.0,0.0,1.0,0.0,0.0,1.0,1.0,0.0,0.0,1.0,0.0,0.0,1.0,0.0,0.0,0.0,0.0,1.0,1.0,0.0,0.0,1.0,0.0,0.0,0.0,0.0,1.0,1.0,0.0,0.0,1.0,0.0,0.0,0.0,1.0,0.0,0.0,0.0,1.0,1.0,0.0,4.0,1.0,0.0,0.0,0.7963749882786182,1.0,0.0,0.0,1.0,0.0,0.0,1.0,0.0,0.0
6682-QJDGB,0,0.3106496014024181,-0.3161300399505289,-0.06357530821485985,0.0,1.0,1.0,0.0,0.0,1.0,0.0,1.0,1.0,0.0,0.0,1.0,0.0,0.0,0.0,0.0,1.0,0.0,0.0,1.0,1.0,0.0,0.0,1.0,0.0,0.0,1.0,0.0,0.0,1.0,0.0,0.0,1.0,0.0,0.0,0.0,1.0,0.0,0.0,0.0,1.0,0.0,1.0,4.0,0.0,0.0,1.0,-0.20465279185246357,0.0,0.0,1.0,0.0,0.0,1.0,0.0,0.0,1.0
6507-DTJZV,0,-0.7888002190384014,0.05445069108651675,-0.6404058594602593,0.0,1.0,1.0,0.0,0.0,1.0,0.0,1.0,1.0,0.0,0.0,1.0,0.0,0.0,1.0,0.0,0.0,1.0,0.0,0.0,1.0,0.0,0.0,1.0,0.0,0.0,0.0,0.0,1.0,0.0,0.0,1.0,1.0,0.0,0.0,1.0,0.0,0.0,1.0,0.0,0.0,1.0,0.0,4.0,1.0,0.0,0.0,0.8118733286369464,1.0,0.0,0.0,1.0,0.0,0.0,1.0,0.0,0.0
8780-IXSTS,0,-1.0738427650786138,0.8421424691652587,-0.7773725080006504,1.0,0.0,1.0,0.0,1.0,0.0,0.0,1.0,0.0,0.0,1.0,0.0,1.0,0.0,1.0,0.0,0.0,0.0,0.0,1.0,1.0,0.0,0.0,1.0,0.0,0.0,0.0,0.0,1.0,1.0,0.0,0.0,1.0,0.0,0.0,0.0,1.0,0.0,0.0,1.0,0.0,0.0,1.0,5.0,1.0,0.0,0.0,0.7239165111325592,1.0,0.0,0.0,1.0,0.0,0.0,1.0,0.0,0.0
7673-BQGKU,0,1.4915401492832983,-1.4827115340671475,-0.41727529898577786,1.0,0.0,0.0,1.0,0.0,1.0,0.0,1.0,1.0,0.0,0.0,0.0,0.0,1.0,0.0,1.0,0.0,0.0,1.0,0.0,0.0,1.0,0.0,0.0,1.0,0.0,0.0,1.0,0.0,0.0,1.0,0.0,0.0,0.0,1.0,1.0,0.0,1.0,0.0,0.0,0.0,1.0,0.0,1.0,0.0,1.0,0.0,-0.27976135887879605,0.0,1.0,0.0,0.0,1.0,0.0,0.0,1.0,0.0
6723-WSNTY,1,1.369379058123207,1.440389389225063,2.1612227814197253,1.0,0.0,0.0,1.0,1.0,0.0,0.0,1.0,0.0,0.0,1.0,0.0,1.0,0.0,1.0,0.0,0.0,0.0,0.0,1.0,0.0,0.0,1.0,0.0,0.0,1.0,0.0,0.0,1.0,0.0,0.0,1.0,0.0,1.0,0.0,0.0,1.0,0.0,1.0,0.0,0.0,1.0,0.0,8.0,0.0,1.0,0.0,1.57825020661684,0.0,1.0,0.0,0.0,1.0,0.0,0.0,1.0,0.0
9530-EHPOH,0,-0.8702409464784621,-0.3659839499555126,-0.7391215547764536,0.0,1.0,1.0,0.0,1.0,0.0,0.0,1.0,0.0,0.0,1.0,1.0,0.0,0.0,1.0,0.0,0.0,1.0,0.0,0.0,0.0,0.0,1.0,1.0,0.0,0.0,1.0,0.0,0.0,1.0,0.0,0.0,1.0,0.0,0.0,1.0,0.0,0.0,0.0,1.0,0.0,0.0,1.0,4.0,1.0,0.0,0.0,0.8493297836276271,1.0,0.0,0.0,1.0,0.0,0.0,1.0,0.0,0.0
2725-IWWBA,0,0.5549717837226001,-0.2612907389450469,0.12212049584586043,0.0,1.0,0.0,1.0,0.0,1.0,0.0,1.0,1.0,0.0,0.0,1.0,0.0,0.0,0.0,0.0,1.0,1.0,0.0,0.0,0.0,0.0,1.0,0.0,0.0,1.0,1.0,0.0,0.0,1.0,0.0,0.0,0.0,1.0,0.0,1.0,0.0,0.0,0.0,0.0,1.0,1.0,0.0,5.0,0.0,1.0,0.0,0.220048116728943,0.0,1.0,0.0,0.0,1.0,0.0,0.0,1.0,0.0
0345-HKJVM,0,-1.0738427650786138,0.8155537171626008,-0.752533653715503,1.0,0.0,1.0,0.0,1.0,0.0,0.0,1.0,1.0,0.0,0.0,0.0,1.0,0.0,1.0,0.0,0.0,1.0,0.0,0.0,1.0,0.0,0.0,1.0,0.0,0.0,0.0,0.0,1.0,0.0,0.0,1.0,1.0,0.0,0.0,1.0,0.0,0.0,0.0,1.0,0.0,0.0,1.0,4.0,1.0,0.0,0.0,0.7007856999068309,1.0,0.0,0.0,1.0,0.0,0.0,1.0,0.0,0.0
1061-PNTHC,0,0.9621754209229036,1.4902432992300467,1.6190254461847002,1.0,0.0,0.0,1.0,0.0,1.0,0.0,1.0,0.0,0.0,1.0,0.0,1.0,0.0,0.0,0.0,1.0,1.0,0.0,0.0,0.0,0.0,1.0,0.0,0.0,1.0,0.0,0.0,1.0,0.0,0.0,1.0,1.0,0.0,0.0,0.0,1.0,0.0,0.0,0.0,1.0,1.0,0.0,8.0,0.0,1.0,0.0,1.6826717986952486,0.0,1.0,0.0,0.0,1.0,0.0,0.0,1.0,0.0
0394-YONDK,0,1.5322605130033284,-1.3165318340505352,-0.21757179290812273,0.0,1.0,0.0,1.0,0.0,1.0,0.0,1.0,0.0,0.0,1.0,0.0,0.0,1.0,0.0,1.0,0.0,0.0,1.0,0.0,0.0,1.0,0.0,0.0,1.0,0.0,0.0,1.0,0.0,0.0,1.0,0.0,0.0,0.0,1.0,1.0,0.0,0.0,1.0,0.0,0.0,1.0,0.0,2.0,0.0,1.0,0.0,-0.1419939958393029,0.0,1.0,0.0,0.0,1.0,0.0,0.0,1.0,0.0
6574-MCOEH,0,0.025607055362205634,0.47820892612887816,0.10945841559748164,1.0,0.0,0.0,1.0,0.0,1.0,0.0,1.0,0.0,0.0,1.0,1.0,0.0,0.0,1.0,0.0,0.0,1.0,0.0,0.0,0.0,0.0,1.0,0.0,0.0,1.0,0.0,0.0,1.0,0.0,0.0,1.0,0.0,1.0,0.0,0.0,1.0,0.0,0.0,1.0,0.0,1.0,0.0,7.0,0.0,0.0,1.0,4.27454129532735,0.0,0.0,1.0,0.0,0.0,1.0,0.0,0.0,1.0
7399-QHBJS,0,1.6137012404433893,0.06608327008767942,1.0928211565595614,1.0,0.0,0.0,1.0,0.0,1.0,0.0,1.0,0.0,0.0,1.0,1.0,0.0,0.0,0.0,0.0,1.0,0.0,0.0,1.0,1.0,0.0,0.0,0.0,0.0,1.0,1.0,0.0,0.0,1.0,0.0,0.0,0.0,0.0,1.0,1.0,0.0,0.0,1.0,0.0,0.0,1.0,0.0,6.0,0.0,1.0,0.0,0.6772140524966641,0.0,1.0,0.0,0.0,1.0,0.0,0.0,1.0,0.0
3049-SOLAY,0,-1.1960038562387048,1.0116457631822036,-0.8781617844028161,1.0,0.0,0.0,1.0,1.0,0.0,0.0,1.0,0.0,0.0,1.0,0.0,1.0,0.0,1.0,0.0,0.0,1.0,0.0,0.0,1.0,0.0,0.0,1.0,0.0,0.0,0.0,0.0,1.0,0.0,0.0,1.0,1.0,0.0,0.0,0.0,1.0,0.0,0.0,1.0,0.0,0.0,1.0,5.0,1.0,0.0,0.0,0.7342466161978226,1.0,0.0,0.0,1.0,0.0,0.0,1.0,0.0,0.0
0997-YTLNY,0,-0.5444780367182193,-0.5305018529719588,-0.5866251074645316,1.0,0.0,1.0,0.0,0.0,1.0,0.0,1.0,1.0,0.0,0.0,1.0,0.0,0.0,1.0,0.0,0.0,1.0,0.0,0.0,1.0,0.0,0.0,0.0,0.0,1.0,1.0,0.0,0.0,1.0,0.0,0.0,1.0,0.0,0.0,1.0,0.0,0.0,0.0,0.0,1.0,1.0,0.0,3.0,1.0,0.0,0.0,1.0774082109911156,1.0,0.0,0.0,1.0,0.0,0.0,1.0,0.0,0.0
3317-HRTNN,1,-1.1145631287986442,-0.6335332669822583,-0.9200084154675804,1.0,0.0,1.0,0.0,1.0,0.0,1.0,0.0,0.0,1.0,0.0,1.0,0.0,0.0,1.0,0.0,0.0,1.0,0.0,0.0,1.0,0.0,0.0,1.0,0.0,0.0,0.0,0.0,1.0,0.0,0.0,1.0,1.0,0.0,0.0,1.0,0.0,0.0,0.0,1.0,0.0,0.0,1.0,3.0,1.0,0.0,0.0,0.8254430742377341,1.0,0.0,0.0,1.0,0.0,0.0,1.0,0.0,0.0
9479-HYNYL,0,1.5729808767233588,0.5297246331340278,1.5096330142130787,1.0,0.0,0.0,1.0,1.0,0.0,0.0,1.0,1.0,0.0,0.0,1.0,0.0,0.0,1.0,0.0,0.0,0.0,0.0,1.0,0.0,0.0,1.0,0.0,0.0,1.0,0.0,0.0,1.0,0.0,0.0,1.0,0.0,0.0,1.0,0.0,1.0,0.0,1.0,0.0,0.0,1.0,0.0,7.0,0.0,1.0,0.0,0.9597275062604457,0.0,1.0,0.0,0.0,1.0,0.0,0.0,1.0,0.0
3235-ETOOB,0,-0.9924020376385531,0.3236618051134285,-0.738283298592763,0.0,1.0,0.0,1.0,1.0,0.0,0.0,1.0,1.0,0.0,0.0,0.0,1.0,0.0,0.0,0.0,1.0,1.0,0.0,0.0,1.0,0.0,0.0,1.0,0.0,0.0,1.0,0.0,0.0,1.0,0.0,0.0,1.0,0.0,0.0,0.0,1.0,0.0,0.0,1.0,0.0,0.0,1.0,3.0,1.0,0.0,0.0,0.7439356939950744,1.0,0.0,0.0,1.0,0.0,0.0,1.0,0.0,0.0
9708-KFDBY,0,-1.2774445836787656,-1.4694171580658184,-0.9982971311496303,0.0,1.0,1.0,0.0,1.0,0.0,0.0,1.0,1.0,0.0,0.0,0.0,0.0,1.0,0.0,1.0,0.0,0.0,1.0,0.0,0.0,1.0,0.0,0.0,1.0,0.0,0.0,1.0,0.0,0.0,1.0,0.0,1.0,0.0,0.0,1.0,0.0,0.0,1.0,0.0,0.0,1.0,0.0,1.0,1.0,0.0,0.0,0.7814797948219009,1.0,0.0,0.0,1.0,0.0,0.0,1.0,0.0,0.0
8058-INTPH,0,-1.2774445836787656,0.4948268961305394,-0.972222951962202,1.0,0.0,1.0,0.0,1.0,0.0,0.0,1.0,1.0,0.0,0.0,0.0,1.0,0.0,1.0,0.0,0.0,1.0,0.0,0.0,1.0,0.0,0.0,1.0,0.0,0.0,0.0,0.0,1.0,1.0,0.0,0.0,1.0,0.0,0.0,0.0,1.0,0.0,0.0,1.0,0.0,0.0,1.0,3.0,1.0,0.0,0.0,0.7610685930206139,1.0,0.0,0.0,1.0,0.0,0.0,1.0,0.0,0.0
3642-GKTCT,0,1.1657772395230555,1.6730409692483204,2.078147181741337,1.0,0.0,1.0,0.0,1.0,0.0,0.0,1.0,0.0,0.0,1.0,0.0,1.0,0.0,0.0,0.0,1.0,0.0,0.0,1.0,0.0,0.0,1.0,0.0,0.0,1.0,0.0,0.0,1.0,0.0,0.0,1.0,0.0,1.0,0.0,0.0,1.0,0.0,0.0,0.0,1.0,1.0,0.0,9.0,0.0,1.0,0.0,1.78262802813988,0.0,1.0,0.0,0.0,1.0,0.0,0.0,1.0,0.0
0774-RMNUW,0,1.5729808767233588,-0.16823010693574386,0.8114979694383488,1.0,0.0,0.0,1.0,0.0,1.0,1.0,0.0,0.0,1.0,0.0,1.0,0.0,0.0,0.0,0.0,1.0,0.0,0.0,1.0,1.0,0.0,0.0,0.0,0.0,1.0,0.0,0.0,1.0,0.0,0.0,1.0,0.0,0.0,1.0,1.0,0.0,1.0,0.0,0.0,0.0,1.0,0.0,6.0,0.0,1.0,0.0,0.5158981787043476,0.0,1.0,0.0,0.0,1.0,0.0,0.0,1.0,0.0
1334-PDUKM,0,1.4508197855632678,0.720831288153132,1.5351777684423864,1.0,0.0,0.0,1.0,1.0,0.0,0.0,1.0,0.0,0.0,1.0,0.0,1.0,0.0,1.0,0.0,0.0,0.0,0.0,1.0,0.0,0.0,1.0,1.0,0.0,0.0,1.0,0.0,0.0,1.0,0.0,0.0,0.0,1.0,0.0,1.0,0.0,0.0,1.0,0.0,0.0,1.0,0.0,5.0,0.0,1.0,0.0,1.0581450457999975,0.0,1.0,0.0,0.0,1.0,0.0,0.0,1.0,0.0
0756-MPZRL,0,0.5549717837226001,-1.0323645470221279,-0.3288833903529309,0.0,1.0,1.0,0.0,1.0,0.0,1.0,0.0,0.0,1.0,0.0,1.0,0.0,0.0,1.0,0.0,0.0,1.0,0.0,0.0,0.0,0.0,1.0,0.0,0.0,1.0,1.0,0.0,0.0,1.0,0.0,0.0,0.0,1.0,0.0,1.0,0.0,0.0,1.0,0.0,0.0,1.0,0.0,3.0,0.0,1.0,0.0,-0.5926128138386971,0.0,1.0,0.0,0.0,1.0,0.0,0.0,1.0,0.0
2242-MFOTG,0,0.025607055362205634,0.5097830691320341,0.14117979433819391,0.0,1.0,1.0,0.0,1.0,0.0,0.0,1.0,0.0,0.0,1.0,0.0,1.0,0.0,0.0,0.0,1.0,1.0,0.0,0.0,1.0,0.0,0.0,1.0,0.0,0.0,1.0,0.0,0.0,1.0,0.0,0.0,0.0,1.0,0.0,1.0,0.0,1.0,0.0,0.0,0.0,1.0,0.0,4.0,0.0,0.0,1.0,5.513316245903315,0.0,0.0,1.0,0.0,0.0,1.0,0.0,0.0,1.0
2927-CVULT,0,0.8400143297628127,1.3057838322116073,1.4484623721769205,1.0,0.0,0.0,1.0,0.0,1.0,0.0,1.0,0.0,0.0,1.0,0.0,1.0,0.0,0.0,0.0,1.0,0.0,0.0,1.0,0.0,0.0,1.0,0.0,0.0,1.0,1.0,0.0,0.0,0.0,0.0,1.0,0.0,0.0,1.0,0.0,1.0,1.0,0.0,0.0,0.0,1.0,0.0,8.0,0.0,1.0,0.0,1.7243305511060865,0.0,1.0,0.0,0.0,1.0,0.0,0.0,1.0,0.0
2144-BFDSO,1,0.7178532386027215,1.461992750227223,1.3891226581209288,1.0,0.0,0.0,1.0,1.0,0.0,0.0,1.0,0.0,0.0,1.0,0.0,1.0,0.0,0.0,0.0,1.0,0.0,0.0,1.0,0.0,0.0,1.0,1.0,0.0,0.0,0.0,0.0,1.0,0.0,0.0,1.0,1.0,0.0,0.0,1.0,0.0,1.0,0.0,0.0,0.0,1.0,0.0,8.0,0.0,1.0,0.0,1.9351067647543276,0.0,1.0,0.0,0.0,1.0,0.0,0.0,1.0,0.0
8745-PVESG,0,1.002895784642934,-0.7864185909975417,-0.01105194049466793,1.0,0.0,1.0,0.0,1.0,0.0,1.0,0.0,0.0,1.0,0.0,1.0,0.0,0.0,0.0,0.0,1.0,1.0,0.0,0.0,0.0,0.0,1.0,0.0,0.0,1.0,1.0,0.0,0.0,1.0,0.0,0.0,0.0,1.0,0.0,0.0,1.0,0.0,1.0,0.0,0.0,1.0,0.0,4.0,0.0,1.0,0.0,-0.011020028864317948,0.0,1.0,0.0,0.0,1.0,0.0,0.0,1.0,0.0
7647-GYYKX,0,0.880734693482843,-1.4760643460664828,-0.5254324060551188,1.0,0.0,0.0,1.0,0.0,1.0,0.0,1.0,1.0,0.0,0.0,0.0,0.0,1.0,0.0,1.0,0.0,0.0,1.0,0.0,0.0,1.0,0.0,0.0,1.0,0.0,0.0,1.0,0.0,0.0,1.0,0.0,0.0,0.0,1.0,0.0,1.0,1.0,0.0,0.0,0.0,1.0,0.0,1.0,0.0,1.0,0.0,-0.5965842040096203,0.0,1.0,0.0,0.0,1.0,0.0,0.0,1.0,0.0
5647-FXOTP,1,1.125056875803025,1.3672703212177542,1.816787727415914,1.0,0.0,0.0,1.0,1.0,0.0,0.0,1.0,0.0,0.0,1.0,0.0,1.0,0.0,1.0,0.0,0.0,0.0,0.0,1.0,0.0,0.0,1.0,1.0,0.0,0.0,0.0,0.0,1.0,0.0,0.0,1.0,1.0,0.0,0.0,0.0,1.0,0.0,0.0,1.0,0.0,1.0,0.0,7.0,0.0,1.0,0.0,1.6148407840440568,0.0,1.0,0.0,0.0,1.0,0.0,0.0,1.0,0.0
5569-OUICF,1,-0.1779947632379461,1.2143849972024705,0.2333438557976484,1.0,0.0,0.0,1.0,1.0,0.0,0.0,1.0,0.0,0.0,1.0,0.0,1.0,0.0,1.0,0.0,0.0,1.0,0.0,0.0,1.0,0.0,0.0,0.0,0.0,1.0,0.0,0.0,1.0,0.0,0.0,1.0,1.0,0.0,0.0,0.0,1.0,0.0,1.0,0.0,0.0,0.0,1.0,6.0,0.0,0.0,1.0,-1.3109591066210795,0.0,0.0,1.0,0.0,0.0,1.0,0.0,0.0,1.0
8821-XNHVZ,0,-1.2774445836787656,0.5081212721318681,-0.9720464769761619,1.0,0.0,0.0,1.0,0.0,1.0,0.0,1.0,1.0,0.0,0.0,0.0,1.0,0.0,1.0,0.0,0.0,1.0,0.0,0.0,1.0,0.0,0.0,1.0,0.0,0.0,0.0,0.0,1.0,1.0,0.0,0.0,1.0,0.0,0.0,0.0,1.0,0.0,0.0,0.0,1.0,0.0,1.0,3.0,1.0,0.0,0.0,0.7609304461387101,1.0,0.0,0.0,1.0,0.0,0.0,1.0,0.0,0.0
2082-OJVTK,0,-0.13727439951791576,0.8122301231622688,0.18311466289597822,0.0,1.0,0.0,1.0,0.0,1.0,0.0,1.0,0.0,0.0,1.0,0.0,1.0,0.0,1.0,0.0,0.0,1.0,0.0,0.0,0.0,0.0,1.0,1.0,0.0,0.0,1.0,0.0,0.0,0.0,0.0,1.0,1.0,0.0,0.0,0.0,1.0,0.0,0.0,1.0,0.0,0.0,1.0,5.0,0.0,0.0,1.0,-1.3339316255546965,0.0,0.0,1.0,0.0,0.0,1.0,0.0,0.0,1.0
9700-ISPUP,0,-0.9109613101984924,0.02453834508352634,-0.7351949863370608,1.0,0.0,0.0,1.0,0.0,1.0,0.0,1.0,1.0,0.0,0.0,1.0,0.0,0.0,1.0,0.0,0.0,0.0,0.0,1.0,1.0,0.0,0.0,0.0,0.0,1.0,1.0,0.0,0.0,0.0,0.0,1.0,1.0,0.0,0.0,0.0,1.0,0.0,0.0,1.0,0.0,1.0,0.0,5.0,1.0,0.0,0.0,0.8070540187671272,1.0,0.0,0.0,1.0,0.0,0.0,1.0,0.0,0.0
9839-ETQOE,0,0.43281069256250915,-0.8080219519997013,-0.16343809094031483,0.0,1.0,1.0,0.0,0.0,1.0,1.0,0.0,0.0,1.0,0.0,1.0,0.0,0.0,0.0,0.0,1.0,0.0,0.0,1.0,0.0,0.0,1.0,1.0,0.0,0.0,1.0,0.0,0.0,1.0,0.0,0.0,1.0,0.0,0.0,0.0,1.0,0.0,0.0,1.0,0.0,1.0,0.0,4.0,0.0,0.0,1.0,-0.37762027082246846,0.0,0.0,1.0,0.0,0.0,1.0,0.0,0.0,1.0
6078-VESFR,1,-0.7888002190384014,0.18905624809997262,-0.6327512569407691,0.0,1.0,0.0,1.0,1.0,0.0,0.0,1.0,1.0,0.0,0.0,0.0,1.0,0.0,1.0,0.0,0.0,1.0,0.0,0.0,1.0,0.0,0.0,1.0,0.0,0.0,1.0,0.0,0.0,1.0,0.0,0.0,1.0,0.0,0.0,1.0,0.0,1.0,0.0,0.0,0.0,1.0,0.0,2.0,1.0,0.0,0.0,0.8021692206324865,1.0,0.0,0.0,1.0,0.0,0.0,1.0,0.0,0.0
9027-TMATR,0,0.43281069256250915,0.466576347127715,0.5192774519291591,1.0,0.0,0.0,1.0,1.0,0.0,0.0,1.0,1.0,0.0,0.0,1.0,0.0,0.0,0.0,0.0,1.0,1.0,0.0,0.0,0.0,0.0,1.0,0.0,0.0,1.0,0.0,0.0,1.0,0.0,0.0,1.0,0.0,0.0,1.0,0.0,1.0,0.0,0.0,1.0,0.0,1.0,0.0,7.0,0.0,0.0,1.0,1.1997796284900284,0.0,0.0,1.0,0.0,0.0,1.0,0.0,0.0,1.0
5940-NFXKV,0,-0.5444780367182193,0.6277706561438292,-0.36069300658666315,0.0,1.0,0.0,1.0,0.0,1.0,0.0,1.0,0.0,0.0,1.0,0.0,1.0,0.0,1.0,0.0,0.0,1.0,0.0,0.0,1.0,0.0,0.0,1.0,0.0,0.0,1.0,0.0,0.0,0.0,0.0,1.0,1.0,0.0,0.0,0.0,1.0,0.0,0.0,1.0,0.0,0.0,1.0,4.0,1.0,0.0,0.0,0.6624564854088515,1.0,0.0,0.0,1.0,0.0,0.0,1.0,0.0,0.0
1941-HOSAM,0,-1.2774445836787656,0.8421424691652587,-0.9676125429519039,0.0,1.0,0.0,1.0,0.0,1.0,0.0,1.0,1.0,0.0,0.0,0.0,1.0,0.0,1.0,0.0,0.0,1.0,0.0,0.0,1.0,0.0,0.0,1.0,0.0,0.0,0.0,0.0,1.0,0.0,0.0,1.0,1.0,0.0,0.0,0.0,1.0,0.0,0.0,1.0,0.0,1.0,0.0,4.0,1.0,0.0,0.0,0.7574595057308772,1.0,0.0,0.0,1.0,0.0,0.0,1.0,0.0,0.0
9110-HSGTV,0,1.4915401492832983,0.5878875281398422,1.4435651913143073,1.0,0.0,1.0,0.0,1.0,0.0,0.0,1.0,1.0,0.0,0.0,1.0,0.0,0.0,0.0,0.0,1.0,1.0,0.0,0.0,0.0,0.0,1.0,0.0,0.0,1.0,0.0,0.0,1.0,0.0,0.0,1.0,0.0,0.0,1.0,0.0,1.0,0.0,1.0,0.0,0.0,1.0,0.0,7.0,0.0,1.0,0.0,0.9678352889179392,0.0,1.0,0.0,0.0,1.0,0.0,0.0,1.0,0.0
0704-VCUMB,0,1.1657772395230555,-1.479387940066815,-0.443173003187166,1.0,0.0,0.0,1.0,1.0,0.0,0.0,1.0,1.0,0.0,0.0,0.0,0.0,1.0,0.0,1.0,0.0,0.0,1.0,0.0,0.0,1.0,0.0,0.0,1.0,0.0,0.0,1.0,0.0,0.0,1.0,0.0,0.0,0.0,1.0,1.0,0.0,0.0,1.0,0.0,0.0,1.0,0.0,1.0,0.0,1.0,0.0,-0.38015238946376895,0.0,1.0,0.0,0.0,1.0,0.0,0.0,1.0,0.0
6171-ZTVYB,0,0.43281069256250915,0.04946530008601819,0.2753228431019429,0.0,1.0,0.0,1.0,1.0,0.0,0.0,1.0,0.0,0.0,1.0,1.0,0.0,0.0,0.0,0.0,1.0,0.0,0.0,1.0,1.0,0.0,0.0,0.0,0.0,1.0,1.0,0.0,0.0,1.0,0.0,0.0,1.0,0.0,0.0,1.0,0.0,1.0,0.0,0.0,0.0,1.0,0.0,6.0,0.0,0.0,1.0,0.6361276369395127,0.0,0.0,1.0,0.0,0.0,1.0,0.0,0.0,1.0
8053-WWDRO,0,-1.0738427650786138,-1.504314895069307,-0.9428178074132664,1.0,0.0,0.0,1.0,1.0,0.0,0.0,1.0,1.0,0.0,0.0,0.0,0.0,1.0,0.0,1.0,0.0,0.0,1.0,0.0,0.0,1.0,0.0,0.0,1.0,0.0,0.0,1.0,0.0,0.0,1.0,0.0,1.0,0.0,0.0,1.0,0.0,1.0,0.0,0.0,0.0,0.0,1.0,1.0,1.0,0.0,0.0,0.8779849695632532,1.0,0.0,0.0,1.0,0.0,0.0,1.0,0.0,0.0
9564-KCLHR,0,-1.2774445836787656,-0.44907379996381874,-0.9847526759710509,0.0,1.0,1.0,0.0,1.0,0.0,0.0,1.0,1.0,0.0,0.0,1.0,0.0,0.0,1.0,0.0,0.0,1.0,0.0,0.0,1.0,0.0,0.0,0.0,0.0,1.0,1.0,0.0,0.0,1.0,0.0,0.0,1.0,0.0,0.0,1.0,0.0,0.0,0.0,0.0,1.0,0.0,1.0,3.0,1.0,0.0,0.0,0.770877021635784,1.0,0.0,0.0,1.0,0.0,0.0,1.0,0.0,0.0
1935-IMVBB,0,0.9621754209229036,0.82884809316393,1.177815921711136,0.0,1.0,0.0,1.0,1.0,0.0,0.0,1.0,1.0,0.0,0.0,0.0,1.0,0.0,1.0,0.0,0.0,1.0,0.0,0.0,1.0,0.0,0.0,1.0,0.0,0.0,0.0,0.0,1.0,0.0,0.0,1.0,1.0,0.0,0.0,1.0,0.0,0.0,0.0,0.0,1.0,1.0,0.0,4.0,0.0,1.0,0.0,1.2241176568212409,0.0,1.0,0.0,0.0,1.0,0.0,0.0,1.0,0.0
2535-PBCGC,0,1.5322605130033284,-0.007035797919630092,0.980141877972942,1.0,0.0,0.0,1.0,1.0,0.0,1.0,0.0,0.0,1.0,0.0,1.0,0.0,0.0,0.0,0.0,1.0,0.0,0.0,1.0,0.0,0.0,1.0,0.0,0.0,1.0,0.0,0.0,1.0,0.0,0.0,1.0,0.0,0.0,1.0,1.0,0.0,1.0,0.0,0.0,0.0,1.0,0.0,7.0,0.0,1.0,0.0,0.6396705192459743,0.0,1.0,0.0,0.0,1.0,0.0,0.0,1.0,0.0
2082-CEFLT,0,-1.2774445836787656,-0.6368568609825906,-0.9872453851488676,0.0,1.0,1.0,0.0,1.0,0.0,0.0,1.0,1.0,0.0,0.0,1.0,0.0,0.0,1.0,0.0,0.0,1.0,0.0,0.0,1.0,0.0,0.0,1.0,0.0,0.0,1.0,0.0,0.0,1.0,0.0,0.0,1.0,0.0,0.0,0.0,1.0,0.0,0.0,1.0,0.0,0.0,1.0,2.0,1.0,0.0,0.0,0.7728283463426753,1.0,0.0,0.0,1.0,0.0,0.0,1.0,0.0,0.0
1470-PSXNM,0,0.6771328748826912,0.9601300561770538,0.9868699868157218,0.0,1.0,0.0,1.0,0.0,1.0,0.0,1.0,0.0,0.0,1.0,0.0,1.0,0.0,1.0,0.0,0.0,0.0,0.0,1.0,0.0,0.0,1.0,1.0,0.0,0.0,0.0,0.0,1.0,1.0,0.0,0.0,0.0,1.0,0.0,0.0,1.0,0.0,0.0,1.0,0.0,1.0,0.0,6.0,0.0,1.0,0.0,1.4574244190797714,0.0,1.0,0.0,0.0,1.0,0.0,0.0,1.0,0.0
1213-NGCUN,0,-1.0738427650786138,-0.5022513039691348,-0.889412064762874,1.0,0.0,1.0,0.0,1.0,0.0,0.0,1.0,1.0,0.0,0.0,1.0,0.0,0.0,1.0,0.0,0.0,1.0,0.0,0.0,1.0,0.0,0.0,0.0,0.0,1.0,1.0,0.0,0.0,1.0,0.0,0.0,1.0,0.0,0.0,0.0,1.0,1.0,0.0,0.0,0.0,0.0,1.0,3.0,1.0,0.0,0.0,0.8282516711818253,1.0,0.0,0.0,1.0,0.0,0.0,1.0,0.0,0.0
2498-XLDZR,0,-0.015113308357824713,0.2937494591104381,0.014801644960210162,1.0,0.0,0.0,1.0,0.0,1.0,0.0,1.0,1.0,0.0,0.0,1.0,0.0,0.0,0.0,0.0,1.0,0.0,0.0,1.0,0.0,0.0,1.0,0.0,0.0,1.0,1.0,0.0,0.0,0.0,0.0,1.0,0.0,0.0,1.0,1.0,0.0,0.0,0.0,0.0,1.0,1.0,0.0,7.0,0.0,0.0,1.0,-0.979378214866291,0.0,0.0,1.0,0.0,0.0,1.0,0.0,0.0,1.0
9866-OCCKE,1,1.6137012404433893,1.4952286902305454,2.555379662740342,1.0,0.0,0.0,1.0,1.0,0.0,0.0,1.0,0.0,0.0,1.0,0.0,1.0,0.0,0.0,0.0,1.0,1.0,0.0,0.0,0.0,0.0,1.0,0.0,0.0,1.0,0.0,0.0,1.0,0.0,0.0,1.0,0.0,0.0,1.0,0.0,1.0,0.0,0.0,0.0,1.0,1.0,0.0,8.0,0.0,1.0,0.0,1.5835518983911867,0.0,1.0,0.0,0.0,1.0,0.0,0.0,1.0,0.0
5338-YHWYT,0,0.18848851024232702,-0.11006721192992953,0.008404426716255676,0.0,1.0,1.0,0.0,0.0,1.0,0.0,1.0,1.0,0.0,0.0,1.0,0.0,0.0,0.0,0.0,1.0,0.0,0.0,1.0,1.0,0.0,0.0,0.0,0.0,1.0,1.0,0.0,0.0,1.0,0.0,0.0,0.0,0.0,1.0,1.0,0.0,0.0,1.0,0.0,0.0,1.0,0.0,5.0,0.0,0.0,1.0,0.04458853595612098,0.0,0.0,1.0,0.0,0.0,1.0,0.0,0.0,1.0
7718-UPSKJ,0,1.4915401492832983,1.3838882912194153,2.1920838446034923,1.0,0.0,0.0,1.0,1.0,0.0,0.0,1.0,1.0,0.0,0.0,0.0,1.0,0.0,0.0,0.0,1.0,0.0,0.0,1.0,1.0,0.0,0.0,0.0,0.0,1.0,0.0,0.0,1.0,0.0,0.0,1.0,0.0,1.0,0.0,0.0,1.0,0.0,1.0,0.0,0.0,1.0,0.0,7.0,0.0,1.0,0.0,1.4696780677723045,0.0,1.0,0.0,0.0,1.0,0.0,0.0,1.0,0.0
8731-WBBMB,0,-0.2594354906780068,0.5696077611380149,-0.09033332797319346,1.0,0.0,0.0,1.0,1.0,0.0,0.0,1.0,1.0,0.0,0.0,1.0,0.0,0.0,1.0,0.0,0.0,0.0,0.0,1.0,0.0,0.0,1.0,0.0,0.0,1.0,0.0,0.0,1.0,0.0,0.0,1.0,1.0,0.0,0.0,1.0,0.0,1.0,0.0,0.0,0.0,1.0,0.0,7.0,0.0,0.0,1.0,0.3481918674161234,0.0,0.0,1.0,0.0,0.0,1.0,0.0,0.0,1.0
1448-CYWKC,0,1.0436161483629645,1.3440051632154282,1.7392049116780244,1.0,0.0,0.0,1.0,0.0,1.0,0.0,1.0,0.0,0.0,1.0,0.0,1.0,0.0,1.0,0.0,0.0,0.0,0.0,1.0,0.0,0.0,1.0,1.0,0.0,0.0,0.0,0.0,1.0,0.0,0.0,1.0,0.0,1.0,0.0,0.0,1.0,0.0,1.0,0.0,0.0,1.0,0.0,7.0,0.0,1.0,0.0,1.666517823058002,0.0,1.0,0.0,0.0,1.0,0.0,0.0,1.0,0.0
7901-IIDQV,0,-0.3408762181180675,-0.33773340095268845,-0.4592984050365823,0.0,1.0,1.0,0.0,1.0,0.0,0.0,1.0,0.0,0.0,1.0,1.0,0.0,0.0,1.0,0.0,0.0,1.0,0.0,0.0,1.0,0.0,0.0,0.0,0.0,1.0,1.0,0.0,0.0,1.0,0.0,0.0,0.0,1.0,0.0,1.0,0.0,1.0,0.0,0.0,0.0,1.0,0.0,4.0,0.0,0.0,1.0,1.3474052474892735,0.0,0.0,1.0,0.0,0.0,1.0,0.0,0.0,1.0
2690-DVRVK,0,-1.1145631287986442,-1.4694171580658184,-0.963487440153216,0.0,1.0,0.0,1.0,0.0,1.0,0.0,1.0,1.0,0.0,0.0,0.0,0.0,1.0,0.0,1.0,0.0,0.0,1.0,0.0,0.0,1.0,0.0,0.0,1.0,0.0,0.0,1.0,0.0,0.0,1.0,0.0,0.0,1.0,0.0,1.0,0.0,0.0,0.0,1.0,0.0,1.0,0.0,1.0,1.0,0.0,0.0,0.8644529997970879,1.0,0.0,0.0,1.0,0.0,0.0,1.0,0.0,0.0
5688-KZTSN,0,-0.7073594915983407,-1.4876969250676457,-0.8802794842352976,0.0,1.0,0.0,1.0,0.0,1.0,0.0,1.0,1.0,0.0,0.0,0.0,0.0,1.0,0.0,1.0,0.0,0.0,1.0,0.0,0.0,1.0,0.0,0.0,1.0,0.0,0.0,1.0,0.0,0.0,1.0,0.0,1.0,0.0,0.0,0.0,1.0,0.0,0.0,1.0,0.0,0.0,1.0,1.0,1.0,0.0,0.0,1.244458432651026,1.0,0.0,0.0,1.0,0.0,0.0,1.0,0.0,0.0
1270-XKUCC,0,-0.0965540357978854,-1.4976677070686424,-0.7429819450960813,1.0,0.0,0.0,1.0,0.0,1.0,0.0,1.0,1.0,0.0,0.0,0.0,0.0,1.0,0.0,1.0,0.0,0.0,1.0,0.0,0.0,1.0,0.0,0.0,1.0,0.0,0.0,1.0,0.0,0.0,1.0,0.0,0.0,0.0,1.0,1.0,0.0,0.0,0.0,0.0,1.0,1.0,0.0,1.0,0.0,0.0,1.0,7.6949859108049115,0.0,0.0,1.0,0.0,0.0,1.0,0.0,0.0,1.0
0334-ZFJSR,0,0.9214550572028734,0.042818112085353605,0.5200715893663396,1.0,0.0,0.0,1.0,1.0,0.0,0.0,1.0,0.0,0.0,1.0,1.0,0.0,0.0,0.0,0.0,1.0,0.0,0.0,1.0,1.0,0.0,0.0,0.0,0.0,1.0,1.0,0.0,0.0,1.0,0.0,0.0,0.0,1.0,0.0,0.0,1.0,0.0,1.0,0.0,0.0,1.0,0.0,6.0,0.0,1.0,0.0,0.5644025558284361,0.0,1.0,0.0,0.0,1.0,0.0,0.0,1.0,0.0
2894-QOJRX,0,-0.30015585439803716,-1.0223937650211312,-0.6310306258268777,1.0,0.0,0.0,1.0,1.0,0.0,1.0,0.0,0.0,1.0,0.0,1.0,0.0,0.0,1.0,0.0,0.0,1.0,0.0,0.0,1.0,0.0,0.0,1.0,0.0,0.0,0.0,0.0,1.0,1.0,0.0,0.0,1.0,0.0,0.0,0.0,1.0,1.0,0.0,0.0,0.0,0.0,1.0,2.0,0.0,0.0,1.0,2.102343221298849,0.0,0.0,1.0,0.0,0.0,1.0,0.0,0.0,1.0
5747-PMBSQ,1,-0.9109613101984924,0.9219087251732329,-0.5952503224072427,0.0,1.0,0.0,1.0,1.0,0.0,0.0,1.0,1.0,0.0,0.0,0.0,1.0,0.0,1.0,0.0,0.0,0.0,0.0,1.0,0.0,0.0,1.0,0.0,0.0,1.0,0.0,0.0,1.0,1.0,0.0,0.0,1.0,0.0,0.0,0.0,1.0,0.0,0.0,0.0,1.0,0.0,1.0,6.0,1.0,0.0,0.0,0.6534309588598682,1.0,0.0,0.0,1.0,0.0,0.0,1.0,0.0,0.0
5583-EJXRD,0,0.47353105628253944,-0.35601316795451593,0.04054493354881318,0.0,1.0,0.0,1.0,0.0,1.0,1.0,0.0,0.0,1.0,0.0,1.0,0.0,0.0,0.0,0.0,1.0,0.0,0.0,1.0,0.0,0.0,1.0,0.0,0.0,1.0,1.0,0.0,0.0,0.0,0.0,1.0,0.0,0.0,1.0,0.0,1.0,0.0,1.0,0.0,0.0,1.0,0.0,6.0,0.0,0.0,1.0,0.08562254367667373,0.0,0.0,1.0,0.0,0.0,1.0,0.0,0.0,1.0
4565-EVZMJ,0,0.5956921474426305,-0.19481885893840195,0.23371886514298382,1.0,0.0,1.0,0.0,1.0,0.0,0.0,1.0,1.0,0.0,0.0,1.0,0.0,0.0,0.0,0.0,1.0,0.0,0.0,1.0,1.0,0.0,0.0,0.0,0.0,1.0,1.0,0.0,0.0,1.0,0.0,0.0,0.0,1.0,0.0,0.0,1.0,0.0,0.0,0.0,1.0,1.0,0.0,5.0,0.0,1.0,0.0,0.39234840705281016,0.0,1.0,0.0,0.0,1.0,0.0,0.0,1.0,0.0
3143-JQEGI,0,-0.7888002190384014,0.7839795741594444,-0.4678795012327833,1.0,0.0,0.0,1.0,0.0,1.0,0.0,1.0,1.0,0.0,0.0,0.0,1.0,0.0,1.0,0.0,0.0,1.0,0.0,0.0,1.0,0.0,0.0,1.0,0.0,0.0,0.0,0.0,1.0,0.0,0.0,1.0,1.0,0.0,0.0,1.0,0.0,0.0,0.0,1.0,0.0,0.0,1.0,4.0,1.0,0.0,0.0,0.5931533611934829,1.0,0.0,0.0,1.0,0.0,0.0,1.0,0.0,0.0
6386-SZZKH,0,0.6771328748826912,1.435403998224565,1.3279299567115161,1.0,0.0,0.0,1.0,0.0,1.0,0.0,1.0,0.0,0.0,1.0,0.0,1.0,0.0,1.0,0.0,0.0,0.0,0.0,1.0,0.0,0.0,1.0,0.0,0.0,1.0,0.0,0.0,1.0,0.0,0.0,1.0,0.0,0.0,1.0,0.0,1.0,1.0,0.0,0.0,0.0,0.0,1.0,8.0,0.0,1.0,0.0,1.9611069052607601,0.0,1.0,0.0,0.0,1.0,0.0,0.0,1.0,0.0
3327-YBAKM,0,1.2879383306831464,1.068146861187852,1.7784485366986973,1.0,0.0,0.0,1.0,1.0,0.0,0.0,1.0,1.0,0.0,0.0,0.0,1.0,0.0,0.0,0.0,1.0,1.0,0.0,0.0,1.0,0.0,0.0,0.0,0.0,1.0,0.0,0.0,1.0,0.0,0.0,1.0,0.0,1.0,0.0,0.0,1.0,0.0,0.0,0.0,1.0,1.0,0.0,6.0,0.0,1.0,0.0,1.3808491403120016,0.0,1.0,0.0,0.0,1.0,0.0,0.0,1.0,0.0
9441-QHEVC,0,-1.2774445836787656,-1.517609271070636,-0.9989368529740258,0.0,1.0,1.0,0.0,1.0,0.0,0.0,1.0,1.0,0.0,0.0,0.0,0.0,1.0,0.0,1.0,0.0,0.0,1.0,0.0,0.0,1.0,0.0,0.0,1.0,0.0,0.0,1.0,0.0,0.0,1.0,0.0,1.0,0.0,0.0,1.0,0.0,0.0,0.0,0.0,1.0,1.0,0.0,1.0,1.0,0.0,0.0,0.7819805772688022,1.0,0.0,0.0,1.0,0.0,0.0,1.0,0.0,0.0
6705-LNMDD,0,-0.5037576729981889,-0.4906187249679718,-0.5648304466885763,0.0,1.0,1.0,0.0,1.0,0.0,0.0,1.0,1.0,0.0,0.0,1.0,0.0,0.0,1.0,0.0,0.0,1.0,0.0,0.0,1.0,0.0,0.0,0.0,0.0,1.0,1.0,0.0,0.0,1.0,0.0,0.0,1.0,0.0,0.0,1.0,0.0,0.0,0.0,0.0,1.0,1.0,0.0,3.0,1.0,0.0,0.0,1.1212344287024032,1.0,0.0,0.0,1.0,0.0,0.0,1.0,0.0,0.0
2580-ASVVY,0,0.18848851024232702,-0.6435040489832552,-0.3045077829061388,1.0,0.0,0.0,1.0,1.0,0.0,1.0,0.0,0.0,1.0,0.0,1.0,0.0,0.0,0.0,0.0,1.0,1.0,0.0,0.0,1.0,0.0,0.0,0.0,0.0,1.0,0.0,0.0,1.0,1.0,0.0,0.0,0.0,0.0,1.0,1.0,0.0,0.0,0.0,1.0,0.0,1.0,0.0,4.0,0.0,0.0,1.0,-1.6155243760728628,0.0,0.0,1.0,0.0,0.0,1.0,0.0,0.0,1.0
3370-GQEAL,0,-0.0965540357978854,0.6875953481498096,0.09999494447107987,0.0,1.0,0.0,1.0,0.0,1.0,0.0,1.0,0.0,0.0,1.0,0.0,1.0,0.0,1.0,0.0,0.0,1.0,0.0,0.0,1.0,0.0,0.0,1.0,0.0,0.0,0.0,0.0,1.0,1.0,0.0,0.0,1.0,0.0,0.0,1.0,0.0,0.0,0.0,1.0,0.0,1.0,0.0,4.0,0.0,0.0,1.0,-1.0356371294556475,0.0,0.0,1.0,0.0,0.0,1.0,0.0,0.0,1.0
5032-USPKF,0,0.22920887396235737,0.642726829145324,0.3989876895695597,1.0,0.0,1.0,0.0,1.0,0.0,0.0,1.0,0.0,0.0,1.0,1.0,0.0,0.0,0.0,0.0,1.0,0.0,0.0,1.0,0.0,0.0,1.0,1.0,0.0,0.0,0.0,0.0,1.0,0.0,0.0,1.0,0.0,1.0,0.0,1.0,0.0,1.0,0.0,0.0,0.0,1.0,0.0,8.0,0.0,0.0,1.0,1.7407165903842137,0.0,0.0,1.0,0.0,0.0,1.0,0.0,0.0,1.0
2982-IHMFT,1,-1.2774445836787656,0.32200000811326246,-0.9745171267807238,1.0,0.0,1.0,0.0,1.0,0.0,0.0,1.0,0.0,0.0,1.0,0.0,1.0,0.0,1.0,0.0,0.0,1.0,0.0,0.0,1.0,0.0,0.0,1.0,0.0,0.0,1.0,0.0,0.0,1.0,0.0,0.0,1.0,0.0,0.0,0.0,1.0,0.0,0.0,0.0,1.0,0.0,1.0,3.0,1.0,0.0,0.0,0.7628645024853635,1.0,0.0,0.0,1.0,0.0,0.0,1.0,0.0,0.0
3521-SYVOR,0,0.18848851024232702,-0.00038860991896550476,0.027309309595803893,1.0,0.0,1.0,0.0,1.0,0.0,0.0,1.0,1.0,0.0,0.0,1.0,0.0,0.0,1.0,0.0,0.0,1.0,0.0,0.0,1.0,0.0,0.0,1.0,0.0,0.0,0.0,0.0,1.0,0.0,0.0,1.0,1.0,0.0,0.0,0.0,1.0,0.0,0.0,1.0,0.0,0.0,1.0,4.0,0.0,0.0,1.0,0.1448858052975969,0.0,0.0,1.0,0.0,0.0,1.0,0.0,0.0,1.0
4254-QPEDE,0,0.7992939660427822,0.04946530008601819,0.4618348439730987,1.0,0.0,0.0,1.0,1.0,0.0,1.0,0.0,0.0,1.0,0.0,1.0,0.0,0.0,0.0,0.0,1.0,0.0,0.0,1.0,0.0,0.0,1.0,0.0,0.0,1.0,0.0,0.0,1.0,0.0,0.0,1.0,0.0,0.0,1.0,1.0,0.0,0.0,1.0,0.0,0.0,1.0,0.0,7.0,0.0,1.0,0.0,0.577803491072994,0.0,1.0,0.0,0.0,1.0,0.0,0.0,1.0,0.0
6283-GITPX,0,1.5729808767233588,0.4034280611214026,1.4291824799520372,0.0,1.0,1.0,0.0,0.0,1.0,0.0,1.0,1.0,0.0,0.0,1.0,0.0,0.0,0.0,0.0,1.0,0.0,0.0,1.0,0.0,0.0,1.0,0.0,0.0,1.0,0.0,0.0,1.0,1.0,0.0,0.0,0.0,0.0,1.0,0.0,1.0,0.0,1.0,0.0,0.0,1.0,0.0,7.0,0.0,1.0,0.0,0.9085822345972413,0.0,1.0,0.0,0.0,1.0,0.0,0.0,1.0,0.0
9526-JAWYF,0,-0.2594354906780068,0.8321716871642622,0.02294155369131099,0.0,1.0,1.0,0.0,1.0,0.0,0.0,1.0,1.0,0.0,0.0,0.0,1.0,0.0,1.0,0.0,0.0,0.0,0.0,1.0,0.0,0.0,1.0,1.0,0.0,0.0,0.0,0.0,1.0,1.0,0.0,0.0,1.0,0.0,0.0,1.0,0.0,0.0,0.0,1.0,0.0,0.0,1.0,5.0,0.0,0.0,1.0,-0.08842874053721679,0.0,0.0,1.0,0.0,0.0,1.0,0.0,0.0,1.0
0771-CHWSK,0,1.369379058123207,0.32698539911376057,1.1096303989798828,0.0,1.0,1.0,0.0,1.0,0.0,0.0,1.0,0.0,0.0,1.0,1.0,0.0,0.0,0.0,0.0,1.0,0.0,0.0,1.0,0.0,0.0,1.0,1.0,0.0,0.0,1.0,0.0,0.0,0.0,0.0,1.0,0.0,0.0,1.0,0.0,1.0,0.0,1.0,0.0,0.0,1.0,0.0,7.0,0.0,1.0,0.0,0.810316465990563,0.0,1.0,0.0,0.0,1.0,0.0,0.0,1.0,0.0
9788-HNGUT,0,1.6137012404433893,1.7345274582544672,2.7843780165006575,0.0,1.0,0.0,1.0,1.0,0.0,0.0,1.0,0.0,0.0,1.0,0.0,1.0,0.0,0.0,0.0,1.0,0.0,0.0,1.0,0.0,0.0,1.0,0.0,0.0,1.0,0.0,0.0,1.0,0.0,0.0,1.0,0.0,0.0,1.0,0.0,1.0,0.0,1.0,0.0,0.0,1.0,0.0,9.0,0.0,1.0,0.0,1.7254606656530838,0.0,1.0,0.0,0.0,1.0,0.0,0.0,1.0,0.0
9495-REDIY,0,-0.30015585439803716,-0.801374763999037,-0.5791690393043364,0.0,1.0,1.0,0.0,0.0,1.0,1.0,0.0,0.0,1.0,0.0,1.0,0.0,0.0,0.0,0.0,1.0,1.0,0.0,0.0,1.0,0.0,0.0,1.0,0.0,0.0,0.0,0.0,1.0,1.0,0.0,0.0,0.0,1.0,0.0,0.0,1.0,0.0,1.0,0.0,0.0,1.0,0.0,3.0,0.0,0.0,1.0,1.9295610291055638,0.0,0.0,1.0,0.0,0.0,1.0,0.0,0.0,1.0
5375-XLDOF,0,1.4915401492832983,1.6481140142458286,2.3746913364085103,0.0,1.0,0.0,1.0,0.0,1.0,0.0,1.0,0.0,0.0,1.0,0.0,1.0,0.0,0.0,0.0,1.0,0.0,0.0,1.0,0.0,0.0,1.0,0.0,0.0,1.0,0.0,0.0,1.0,0.0,0.0,1.0,0.0,0.0,1.0,0.0,1.0,1.0,0.0,0.0,0.0,1.0,0.0,9.0,0.0,1.0,0.0,1.5921068819700066,0.0,1.0,0.0,0.0,1.0,0.0,0.0,1.0,0.0
1172-VIYBP,0,0.8400143297628127,0.16412929309748078,0.618875522175554,0.0,1.0,0.0,1.0,0.0,1.0,0.0,1.0,0.0,0.0,1.0,1.0,0.0,0.0,0.0,0.0,1.0,0.0,0.0,1.0,1.0,0.0,0.0,1.0,0.0,0.0,1.0,0.0,0.0,0.0,0.0,1.0,0.0,0.0,1.0,1.0,0.0,1.0,0.0,0.0,0.0,1.0,0.0,6.0,0.0,1.0,0.0,0.7367440057246408,0.0,1.0,0.0,0.0,1.0,0.0,0.0,1.0,0.0
5649-VUKMC,0,-0.8295205827584317,1.0216165451832002,-0.5153733318508316,1.0,0.0,1.0,0.0,1.0,0.0,0.0,1.0,1.0,0.0,0.0,0.0,1.0,0.0,1.0,0.0,0.0,1.0,0.0,0.0,0.0,0.0,1.0,1.0,0.0,0.0,0.0,0.0,1.0,0.0,0.0,1.0,0.0,1.0,0.0,1.0,0.0,0.0,0.0,0.0,1.0,0.0,1.0,5.0,1.0,0.0,0.0,0.6212905894836798,1.0,0.0,0.0,1.0,0.0,0.0,1.0,0.0,0.0
6559-PDZLR,0,-0.2594354906780068,1.1263097561936661,0.11192906540204332,0.0,1.0,1.0,0.0,1.0,0.0,0.0,1.0,1.0,0.0,0.0,0.0,1.0,0.0,1.0,0.0,0.0,1.0,0.0,0.0,0.0,0.0,1.0,0.0,0.0,1.0,0.0,0.0,1.0,0.0,0.0,1.0,1.0,0.0,0.0,0.0,1.0,0.0,0.0,1.0,0.0,1.0,0.0,6.0,0.0,0.0,1.0,-0.43143312855742566,0.0,0.0,1.0,0.0,0.0,1.0,0.0,0.0,1.0
8992-OBVDG,0,-0.46303730927815856,-0.10342002392926519,-0.3925246821936505,0.0,1.0,1.0,0.0,1.0,0.0,0.0,1.0,1.0,0.0,0.0,1.0,0.0,0.0,1.0,0.0,0.0,1.0,0.0,0.0,0.0,0.0,1.0,1.0,0.0,0.0,1.0,0.0,0.0,0.0,0.0,1.0,1.0,0.0,0.0,1.0,0.0,0.0,0.0,0.0,1.0,1.0,0.0,4.0,0.0,0.0,1.0,0.8477171802971296,0.0,0.0,1.0,0.0,0.0,1.0,0.0,0.0,1.0
4273-MBHYA,0,-1.2774445836787656,0.8172155141627669,-0.9679434335507291,1.0,0.0,1.0,0.0,0.0,1.0,0.0,1.0,1.0,0.0,0.0,0.0,1.0,0.0,1.0,0.0,0.0,1.0,0.0,0.0,1.0,0.0,0.0,1.0,0.0,0.0,0.0,0.0,1.0,0.0,0.0,1.0,1.0,0.0,0.0,0.0,1.0,0.0,0.0,1.0,0.0,1.0,0.0,4.0,1.0,0.0,0.0,0.7577185311344468,1.0,0.0,0.0,1.0,0.0,0.0,1.0,0.0,0.0
4724-WXVWF,0,0.6364125111626608,1.0182929511828682,0.9538471050529639,0.0,1.0,1.0,0.0,1.0,0.0,0.0,1.0,0.0,0.0,1.0,0.0,1.0,0.0,0.0,0.0,1.0,1.0,0.0,0.0,1.0,0.0,0.0,0.0,0.0,1.0,1.0,0.0,0.0,0.0,0.0,1.0,1.0,0.0,0.0,0.0,1.0,0.0,0.0,1.0,0.0,1.0,0.0,6.0,0.0,1.0,0.0,1.4987874818965805,0.0,1.0,0.0,0.0,1.0,0.0,0.0,1.0,0.0
5701-GUXDC,0,-0.2594354906780068,-0.9758634490164798,-0.5756174802102789,1.0,0.0,0.0,1.0,1.0,0.0,1.0,0.0,0.0,1.0,0.0,1.0,0.0,0.0,0.0,0.0,1.0,1.0,0.0,0.0,0.0,0.0,1.0,1.0,0.0,0.0,1.0,0.0,0.0,1.0,0.0,0.0,0.0,1.0,0.0,1.0,0.0,0.0,1.0,0.0,0.0,1.0,0.0,3.0,0.0,0.0,1.0,2.2187306706031795,0.0,0.0,1.0,0.0,0.0,1.0,0.0,0.0,1.0
1460-UZPRJ,0,1.125056875803025,-1.4893587220678117,-0.45228352434148733,0.0,1.0,0.0,1.0,1.0,0.0,0.0,1.0,1.0,0.0,0.0,0.0,0.0,1.0,0.0,1.0,0.0,0.0,1.0,0.0,0.0,1.0,0.0,0.0,1.0,0.0,0.0,1.0,0.0,0.0,1.0,0.0,0.0,0.0,1.0,1.0,0.0,0.0,0.0,0.0,1.0,1.0,0.0,1.0,0.0,1.0,0.0,-0.40200947531533787,0.0,1.0,0.0,0.0,1.0,0.0,0.0,1.0,0.0
6082-GLJIX,0,-0.5851984004382496,-1.5126238800701375,-0.8611760669964542,0.0,1.0,1.0,0.0,1.0,0.0,0.0,1.0,1.0,0.0,0.0,0.0,0.0,1.0,0.0,1.0,0.0,0.0,1.0,0.0,0.0,1.0,0.0,0.0,1.0,0.0,0.0,1.0,0.0,0.0,1.0,0.0,1.0,0.0,0.0,1.0,0.0,0.0,0.0,0.0,1.0,1.0,0.0,1.0,1.0,0.0,0.0,1.4715967547955149,1.0,0.0,0.0,1.0,0.0,0.0,1.0,0.0,0.0
5143-EGQFK,1,-0.9109613101984924,-1.166970104035584,-0.8788015062272115,1.0,0.0,1.0,0.0,1.0,0.0,1.0,0.0,0.0,1.0,0.0,1.0,0.0,0.0,1.0,0.0,0.0,1.0,0.0,0.0,1.0,0.0,0.0,0.0,0.0,1.0,1.0,0.0,0.0,1.0,0.0,0.0,1.0,0.0,0.0,0.0,1.0,0.0,0.0,1.0,0.0,0.0,1.0,2.0,1.0,0.0,0.0,0.9646968497879747,1.0,0.0,0.0,1.0,0.0,0.0,1.0,0.0,0.0
4919-IKATY,0,-1.1145631287986442,0.6560212051466532,-0.8071747212681762,0.0,1.0,0.0,1.0,0.0,1.0,0.0,1.0,0.0,0.0,1.0,0.0,1.0,0.0,0.0,0.0,1.0,1.0,0.0,0.0,0.0,0.0,1.0,1.0,0.0,0.0,1.0,0.0,0.0,1.0,0.0,0.0,1.0,0.0,0.0,0.0,1.0,0.0,0.0,1.0,0.0,0.0,1.0,5.0,1.0,0.0,0.0,0.724207270464982,1.0,0.0,0.0,1.0,0.0,0.0,1.0,0.0,0.0
2495-TTHBQ,0,-1.1552834925186746,-1.4744025490663168,-0.9699728958901904,1.0,0.0,1.0,0.0,0.0,1.0,0.0,1.0,1.0,0.0,0.0,0.0,0.0,1.0,0.0,1.0,0.0,0.0,1.0,0.0,0.0,1.0,0.0,0.0,1.0,0.0,0.0,1.0,0.0,0.0,1.0,0.0,0.0,1.0,0.0,0.0,1.0,0.0,0.0,0.0,1.0,1.0,0.0,1.0,1.0,0.0,0.0,0.839597295530916,1.0,0.0,0.0,1.0,0.0,0.0,1.0,0.0,0.0
0485-ZBSLN,0,1.3286586944031769,-1.329826210051864,-0.25068291216390104,0.0,1.0,0.0,1.0,0.0,1.0,0.0,1.0,0.0,0.0,1.0,0.0,0.0,1.0,0.0,1.0,0.0,0.0,1.0,0.0,0.0,1.0,0.0,0.0,1.0,0.0,0.0,1.0,0.0,0.0,1.0,0.0,0.0,0.0,1.0,1.0,0.0,0.0,1.0,0.0,0.0,1.0,0.0,2.0,0.0,1.0,0.0,-0.18867367008538324,0.0,1.0,0.0,0.0,1.0,0.0,0.0,1.0,0.0
3810-PJUHR,0,1.5322605130033284,-1.3098846460498705,-0.2506608527906459,0.0,1.0,0.0,1.0,0.0,1.0,0.0,1.0,0.0,0.0,1.0,0.0,0.0,1.0,0.0,1.0,0.0,0.0,1.0,0.0,0.0,1.0,0.0,0.0,1.0,0.0,0.0,1.0,0.0,0.0,1.0,0.0,0.0,0.0,1.0,1.0,0.0,0.0,0.0,0.0,1.0,1.0,0.0,2.0,0.0,1.0,0.0,-0.16358892672848083,0.0,1.0,0.0,0.0,1.0,0.0,0.0,1.0,0.0
9050-QLROH,0,-0.5851984004382496,0.8620840331672525,-0.30267685492597246,0.0,1.0,1.0,0.0,1.0,0.0,0.0,1.0,0.0,0.0,1.0,0.0,1.0,0.0,1.0,0.0,0.0,1.0,0.0,0.0,0.0,0.0,1.0,1.0,0.0,0.0,1.0,0.0,0.0,0.0,0.0,1.0,1.0,0.0,0.0,0.0,1.0,0.0,1.0,0.0,0.0,0.0,1.0,5.0,1.0,0.0,0.0,0.5172209197757558,1.0,0.0,0.0,1.0,0.0,0.0,1.0,0.0,0.0
0847-HGRML,0,1.2064976032430856,-1.4876969250676457,-0.4558350834355449,0.0,1.0,1.0,0.0,0.0,1.0,0.0,1.0,1.0,0.0,0.0,0.0,0.0,1.0,0.0,1.0,0.0,0.0,1.0,0.0,0.0,1.0,0.0,0.0,1.0,0.0,0.0,1.0,0.0,0.0,1.0,0.0,0.0,0.0,1.0,1.0,0.0,1.0,0.0,0.0,0.0,1.0,0.0,1.0,0.0,1.0,0.0,-0.3778168163867484,0.0,1.0,0.0,0.0,1.0,0.0,0.0,1.0,0.0
8232-CTLKO,0,1.369379058123207,-0.16656830993557784,0.7559745269554751,1.0,0.0,0.0,1.0,0.0,1.0,0.0,1.0,1.0,0.0,0.0,1.0,0.0,0.0,0.0,0.0,1.0,1.0,0.0,0.0,1.0,0.0,0.0,1.0,0.0,0.0,0.0,0.0,1.0,1.0,0.0,0.0,0.0,0.0,1.0,0.0,1.0,0.0,0.0,1.0,0.0,1.0,0.0,4.0,0.0,1.0,0.0,0.5520564393554921,0.0,1.0,0.0,0.0,1.0,0.0,0.0,1.0,0.0
9227-YBAXE,0,1.3286586944031769,0.5895493251400082,1.2934732156871822,1.0,0.0,0.0,1.0,0.0,1.0,0.0,1.0,0.0,0.0,1.0,1.0,0.0,0.0,0.0,0.0,1.0,0.0,0.0,1.0,1.0,0.0,0.0,0.0,0.0,1.0,0.0,0.0,1.0,0.0,0.0,1.0,0.0,0.0,1.0,0.0,1.0,1.0,0.0,0.0,0.0,1.0,0.0,8.0,0.0,1.0,0.0,0.9735180457824049,0.0,1.0,0.0,0.0,1.0,0.0,0.0,1.0,0.0
6168-WFVVF,1,-1.1960038562387048,0.18407085709947407,-0.9034638855263188,1.0,0.0,1.0,0.0,1.0,0.0,0.0,1.0,1.0,0.0,0.0,0.0,1.0,0.0,1.0,0.0,0.0,1.0,0.0,0.0,1.0,0.0,0.0,1.0,0.0,0.0,1.0,0.0,0.0,1.0,0.0,0.0,1.0,0.0,0.0,0.0,1.0,0.0,0.0,1.0,0.0,0.0,1.0,2.0,1.0,0.0,0.0,0.7554021509325307,1.0,0.0,0.0,1.0,0.0,0.0,1.0,0.0,0.0
9860-LISIZ,0,0.06632741908223598,-1.4760643460664828,-0.7103561320519134,1.0,0.0,1.0,0.0,1.0,0.0,0.0,1.0,1.0,0.0,0.0,0.0,0.0,1.0,0.0,1.0,0.0,0.0,1.0,0.0,0.0,1.0,0.0,0.0,1.0,0.0,0.0,1.0,0.0,0.0,1.0,0.0,1.0,0.0,0.0,1.0,0.0,0.0,0.0,0.0,1.0,1.0,0.0,1.0,0.0,0.0,1.0,-10.709841297626538,0.0,0.0,1.0,0.0,0.0,1.0,0.0,0.0,1.0
0112-QAWRZ,0,-0.6666391278783103,0.8654076271675846,-0.3710829713897754,0.0,1.0,0.0,1.0,0.0,1.0,0.0,1.0,0.0,0.0,1.0,0.0,1.0,0.0,1.0,0.0,0.0,1.0,0.0,0.0,0.0,0.0,1.0,1.0,0.0,0.0,0.0,0.0,1.0,1.0,0.0,0.0,1.0,0.0,0.0,0.0,1.0,1.0,0.0,0.0,0.0,1.0,0.0,5.0,1.0,0.0,0.0,0.5566474511791839,1.0,0.0,0.0,1.0,0.0,0.0,1.0,0.0,0.0
0877-SDMBN,0,0.880734693482843,1.302460238211275,1.4805146415164583,1.0,0.0,1.0,0.0,1.0,0.0,0.0,1.0,0.0,0.0,1.0,0.0,1.0,0.0,0.0,0.0,1.0,1.0,0.0,0.0,0.0,0.0,1.0,1.0,0.0,0.0,0.0,0.0,1.0,0.0,0.0,1.0,0.0,1.0,0.0,0.0,1.0,1.0,0.0,0.0,0.0,0.0,1.0,7.0,0.0,1.0,0.0,1.6809995705537621,0.0,1.0,0.0,0.0,1.0,0.0,0.0,1.0,0.0
2786-GCDPI,1,0.7178532386027215,1.3356961782145975,1.2966718248091593,1.0,0.0,1.0,0.0,1.0,0.0,0.0,1.0,0.0,0.0,1.0,0.0,1.0,0.0,1.0,0.0,0.0,1.0,0.0,0.0,0.0,0.0,1.0,0.0,0.0,1.0,0.0,0.0,1.0,0.0,0.0,1.0,1.0,0.0,0.0,0.0,1.0,0.0,0.0,1.0,0.0,1.0,0.0,7.0,0.0,1.0,0.0,1.806318833823317,0.0,1.0,0.0,0.0,1.0,0.0,0.0,1.0,0.0
4043-MKDTV,0,1.5729808767233588,1.3456669602155942,2.2096651650877397,0.0,1.0,0.0,1.0,1.0,0.0,0.0,1.0,1.0,0.0,0.0,0.0,1.0,0.0,1.0,0.0,0.0,0.0,0.0,1.0,0.0,0.0,1.0,0.0,0.0,1.0,0.0,0.0,1.0,0.0,0.0,1.0,0.0,0.0,1.0,0.0,1.0,0.0,0.0,1.0,0.0,1.0,0.0,7.0,0.0,1.0,0.0,1.404762891771859,0.0,1.0,0.0,0.0,1.0,0.0,0.0,1.0,0.0
8065-YKXKD,0,-0.9109613101984924,0.3319707901142591,-0.6545679770899793,1.0,0.0,1.0,0.0,1.0,0.0,0.0,1.0,0.0,0.0,1.0,0.0,1.0,0.0,1.0,0.0,0.0,1.0,0.0,0.0,1.0,0.0,0.0,1.0,0.0,0.0,1.0,0.0,0.0,1.0,0.0,0.0,1.0,0.0,0.0,0.0,1.0,0.0,0.0,1.0,0.0,0.0,1.0,3.0,1.0,0.0,0.0,0.7185464078022735,1.0,0.0,0.0,1.0,0.0,0.0,1.0,0.0,0.0
9637-EIHEQ,0,-1.2774445836787656,-0.46402997296531395,-0.9849512103303459,1.0,0.0,1.0,0.0,1.0,0.0,0.0,1.0,1.0,0.0,0.0,1.0,0.0,0.0,1.0,0.0,0.0,1.0,0.0,0.0,1.0,0.0,0.0,0.0,0.0,1.0,1.0,0.0,0.0,1.0,0.0,0.0,1.0,0.0,0.0,0.0,1.0,0.0,0.0,1.0,0.0,0.0,1.0,3.0,1.0,0.0,0.0,0.7710324368779258,1.0,0.0,0.0,1.0,0.0,0.0,1.0,0.0,0.0
9229-RQABD,0,-0.5851984004382496,-1.3630621500551865,-0.8200794546223603,0.0,1.0,1.0,0.0,1.0,0.0,0.0,1.0,0.0,0.0,1.0,0.0,0.0,1.0,0.0,1.0,0.0,0.0,1.0,0.0,0.0,1.0,0.0,0.0,1.0,0.0,0.0,1.0,0.0,0.0,1.0,0.0,0.0,1.0,0.0,1.0,0.0,0.0,0.0,0.0,1.0,1.0,0.0,2.0,1.0,0.0,0.0,1.4013699524951035,1.0,0.0,0.0,1.0,0.0,0.0,1.0,0.0,0.0
8313-KTIHG,0,-1.1552834925186746,-0.1150526029304281,-0.8973313797614245,0.0,1.0,1.0,0.0,1.0,0.0,0.0,1.0,1.0,0.0,0.0,1.0,0.0,0.0,1.0,0.0,0.0,1.0,0.0,0.0,1.0,0.0,0.0,0.0,0.0,1.0,0.0,0.0,1.0,1.0,0.0,0.0,1.0,0.0,0.0,0.0,1.0,0.0,0.0,1.0,0.0,1.0,0.0,4.0,1.0,0.0,0.0,0.7767196411723329,1.0,0.0,0.0,1.0,0.0,0.0,1.0,0.0,0.0
5320-BRKGK,0,1.0436161483629645,0.36686852711774764,0.9408100154592497,1.0,0.0,0.0,1.0,0.0,1.0,0.0,1.0,0.0,0.0,1.0,1.0,0.0,0.0,0.0,0.0,1.0,1.0,0.0,0.0,0.0,0.0,1.0,0.0,0.0,1.0,0.0,0.0,1.0,1.0,0.0,0.0,0.0,0.0,1.0,1.0,0.0,0.0,0.0,0.0,1.0,1.0,0.0,7.0,0.0,1.0,0.0,0.9014904732310071,0.0,1.0,0.0,0.0,1.0,0.0,0.0,1.0,0.0
6284-KMNUF,0,0.9621754209229036,1.1047063951915064,1.3179591200002494,1.0,0.0,0.0,1.0,1.0,0.0,0.0,1.0,0.0,0.0,1.0,0.0,1.0,0.0,0.0,0.0,1.0,1.0,0.0,0.0,1.0,0.0,0.0,1.0,0.0,0.0,0.0,0.0,1.0,0.0,0.0,1.0,0.0,1.0,0.0,0.0,1.0,0.0,0.0,1.0,0.0,1.0,0.0,6.0,0.0,1.0,0.0,1.3697700973654925,0.0,1.0,0.0,0.0,1.0,0.0,0.0,1.0,0.0
9689-PTNPG,0,-1.2367242199587352,0.5147684601325326,-0.9435898854771919,0.0,1.0,1.0,0.0,1.0,0.0,0.0,1.0,1.0,0.0,0.0,0.0,1.0,0.0,1.0,0.0,0.0,1.0,0.0,0.0,1.0,0.0,0.0,1.0,0.0,0.0,0.0,0.0,1.0,1.0,0.0,0.0,1.0,0.0,0.0,0.0,1.0,0.0,0.0,1.0,0.0,0.0,1.0,3.0,1.0,0.0,0.0,0.7629751809248758,1.0,0.0,0.0,1.0,0.0,0.0,1.0,0.0,0.0
9465-RWMXL,0,-0.015113308357824713,0.46989994112804756,0.07264132163486069,0.0,1.0,0.0,1.0,1.0,0.0,0.0,1.0,0.0,0.0,1.0,0.0,1.0,0.0,1.0,0.0,0.0,1.0,0.0,0.0,0.0,0.0,1.0,1.0,0.0,0.0,1.0,0.0,0.0,1.0,0.0,0.0,1.0,0.0,0.0,0.0,1.0,0.0,0.0,1.0,0.0,0.0,1.0,4.0,0.0,0.0,1.0,-4.806447398213219,0.0,0.0,1.0,0.0,0.0,1.0,0.0,0.0,1.0
6229-UOLQL,0,0.9621754209229036,-0.42414684496132693,0.265418184510441,0.0,1.0,0.0,1.0,0.0,1.0,1.0,0.0,0.0,1.0,0.0,1.0,0.0,0.0,0.0,0.0,1.0,0.0,0.0,1.0,1.0,0.0,0.0,0.0,0.0,1.0,0.0,0.0,1.0,1.0,0.0,0.0,0.0,1.0,0.0,0.0,1.0,0.0,0.0,0.0,1.0,1.0,0.0,5.0,0.0,1.0,0.0,0.2758521769926902,0.0,1.0,0.0,0.0,1.0,0.0,0.0,1.0,0.0
2362-IBOOY,0,0.14776814652229667,0.6643301901474837,0.33832441311826716,0.0,1.0,1.0,0.0,1.0,0.0,0.0,1.0,0.0,0.0,1.0,0.0,1.0,0.0,1.0,0.0,0.0,1.0,0.0,0.0,1.0,0.0,0.0,1.0,0.0,0.0,1.0,0.0,0.0,0.0,0.0,1.0,1.0,0.0,0.0,0.0,1.0,0.0,0.0,1.0,0.0,0.0,1.0,4.0,0.0,0.0,1.0,2.2895625415942913,0.0,0.0,1.0,0.0,0.0,1.0,0.0,0.0,1.0
3137-LUPIX,0,-1.1552834925186746,-0.012021188920128179,-0.8957431048870634,1.0,0.0,1.0,0.0,1.0,0.0,0.0,1.0,0.0,0.0,1.0,1.0,0.0,0.0,1.0,0.0,0.0,1.0,0.0,0.0,1.0,0.0,0.0,0.0,0.0,1.0,0.0,0.0,1.0,1.0,0.0,0.0,1.0,0.0,0.0,0.0,1.0,0.0,0.0,0.0,1.0,1.0,0.0,5.0,1.0,0.0,0.0,0.7753448488511007,1.0,0.0,0.0,1.0,0.0,0.0,1.0,0.0,0.0
0843-WTBXE,0,0.8400143297628127,0.6875953481498096,0.9855905431669311,0.0,1.0,1.0,0.0,1.0,0.0,0.0,1.0,0.0,0.0,1.0,0.0,1.0,0.0,1.0,0.0,0.0,1.0,0.0,0.0,1.0,0.0,0.0,1.0,0.0,0.0,0.0,0.0,1.0,1.0,0.0,0.0,1.0,0.0,0.0,1.0,0.0,1.0,0.0,0.0,0.0,0.0,1.0,4.0,0.0,1.0,0.0,1.1733020595556072,0.0,1.0,0.0,0.0,1.0,0.0,0.0,1.0,0.0
6143-JQKEA,0,-0.9109613101984924,-0.6302096729819263,-0.8149175612806867,0.0,1.0,1.0,0.0,1.0,0.0,0.0,1.0,1.0,0.0,0.0,1.0,0.0,0.0,1.0,0.0,0.0,1.0,0.0,0.0,1.0,0.0,0.0,1.0,0.0,0.0,1.0,0.0,0.0,1.0,0.0,0.0,1.0,0.0,0.0,0.0,1.0,0.0,1.0,0.0,0.0,1.0,0.0,2.0,1.0,0.0,0.0,0.8945687946979017,1.0,0.0,0.0,1.0,0.0,0.0,1.0,0.0,0.0
8676-OOQEJ,0,-1.1552834925186746,-1.1387195550327598,-0.955126937689565,0.0,1.0,1.0,0.0,1.0,0.0,1.0,0.0,0.0,1.0,0.0,1.0,0.0,0.0,1.0,0.0,0.0,1.0,0.0,0.0,1.0,0.0,0.0,0.0,0.0,1.0,1.0,0.0,0.0,1.0,0.0,0.0,1.0,0.0,0.0,1.0,0.0,0.0,0.0,1.0,0.0,1.0,0.0,2.0,1.0,0.0,0.0,0.826746806194953,1.0,0.0,0.0,1.0,0.0,0.0,1.0,0.0,0.0
5515-IDEJJ,0,-1.2774445836787656,-1.491020519067978,-0.9985839030019455,0.0,1.0,0.0,1.0,0.0,1.0,0.0,1.0,1.0,0.0,0.0,0.0,0.0,1.0,0.0,1.0,0.0,0.0,1.0,0.0,0.0,1.0,0.0,0.0,1.0,0.0,0.0,1.0,0.0,0.0,1.0,0.0,1.0,0.0,0.0,1.0,0.0,0.0,0.0,0.0,1.0,0.0,1.0,1.0,1.0,0.0,0.0,0.7817042835049945,1.0,0.0,0.0,1.0,0.0,0.0,1.0,0.0,0.0
9701-CDXHR,0,0.758573602322752,0.14584952609565352,0.6027942390726475,1.0,0.0,0.0,1.0,1.0,0.0,0.0,1.0,1.0,0.0,0.0,0.0,1.0,0.0,1.0,0.0,0.0,1.0,0.0,0.0,1.0,0.0,0.0,1.0,0.0,0.0,1.0,0.0,0.0,1.0,0.0,0.0,1.0,0.0,0.0,1.0,0.0,0.0,0.0,0.0,1.0,1.0,0.0,2.0,0.0,1.0,0.0,0.7946417291966025,0.0,1.0,0.0,0.0,1.0,0.0,0.0,1.0,0.0
7450-NWRTR,1,-0.8295205827584317,1.1528985081963241,-0.4778723973173053,0.0,1.0,1.0,0.0,1.0,0.0,0.0,1.0,0.0,0.0,1.0,0.0,1.0,0.0,1.0,0.0,0.0,1.0,0.0,0.0,0.0,0.0,1.0,1.0,0.0,0.0,0.0,0.0,1.0,0.0,0.0,1.0,1.0,0.0,0.0,0.0,1.0,0.0,0.0,1.0,0.0,0.0,1.0,6.0,1.0,0.0,0.0,0.5760826280262037,1.0,0.0,0.0,1.0,0.0,0.0,1.0,0.0,0.0
8124-NZVGJ,0,-1.0738427650786138,-0.5155456799704636,-0.8945960174778026,1.0,0.0,1.0,0.0,1.0,0.0,1.0,0.0,0.0,1.0,0.0,1.0,0.0,0.0,1.0,0.0,0.0,1.0,0.0,0.0,1.0,0.0,0.0,0.0,0.0,1.0,0.0,0.0,1.0,0.0,0.0,1.0,0.0,1.0,0.0,0.0,1.0,0.0,0.0,0.0,1.0,1.0,0.0,4.0,1.0,0.0,0.0,0.8330791495459869,1.0,0.0,0.0,1.0,0.0,0.0,1.0,0.0,0.0
2162-FRZAA,0,1.247217966963116,-0.844581486003356,0.04930250473105448,0.0,1.0,0.0,1.0,0.0,1.0,1.0,0.0,0.0,1.0,0.0,1.0,0.0,0.0,1.0,0.0,0.0,0.0,0.0,1.0,0.0,0.0,1.0,0.0,0.0,1.0,1.0,0.0,0.0,1.0,0.0,0.0,0.0,0.0,1.0,1.0,0.0,1.0,0.0,0.0,0.0,1.0,0.0,4.0,0.0,1.0,0.0,0.03952998275923049,0.0,1.0,0.0,0.0,1.0,0.0,0.0,1.0,0.0
5376-DEQCP,0,-1.2774445836787656,0.19404163910047073,-0.9762156985213599,1.0,0.0,1.0,0.0,1.0,0.0,0.0,1.0,1.0,0.0,0.0,0.0,1.0,0.0,1.0,0.0,0.0,1.0,0.0,0.0,1.0,0.0,0.0,1.0,0.0,0.0,1.0,0.0,0.0,1.0,0.0,0.0,1.0,0.0,0.0,0.0,1.0,0.0,0.0,1.0,0.0,0.0,1.0,2.0,1.0,0.0,0.0,0.7641941662236875,1.0,0.0,0.0,1.0,0.0,0.0,1.0,0.0,0.0
5118-MUEYH,0,0.6364125111626608,1.3406815692150957,1.2354350046532363,1.0,0.0,0.0,1.0,1.0,0.0,0.0,1.0,0.0,0.0,1.0,0.0,1.0,0.0,1.0,0.0,0.0,0.0,0.0,1.0,1.0,0.0,0.0,0.0,0.0,1.0,0.0,0.0,1.0,0.0,0.0,1.0,1.0,0.0,0.0,0.0,1.0,0.0,1.0,0.0,0.0,1.0,0.0,7.0,0.0,1.0,0.0,1.9412487702295833,0.0,1.0,0.0,0.0,1.0,0.0,0.0,1.0,0.0
9095-HFAFX,0,-1.1145631287986442,0.5396954151350245,-0.8354768971543611,1.0,0.0,1.0,0.0,1.0,0.0,0.0,1.0,1.0,0.0,0.0,0.0,1.0,0.0,1.0,0.0,0.0,1.0,0.0,0.0,1.0,0.0,0.0,1.0,0.0,0.0,0.0,0.0,1.0,1.0,0.0,0.0,1.0,0.0,0.0,0.0,1.0,0.0,1.0,0.0,0.0,0.0,1.0,3.0,1.0,0.0,0.0,0.7496003371786557,1.0,0.0,0.0,1.0,0.0,0.0,1.0,0.0,0.0
5627-TVBPP,0,0.10704778280226633,-1.4843733310673135,-0.7230182123002923,1.0,0.0,1.0,0.0,0.0,1.0,0.0,1.0,1.0,0.0,0.0,0.0,0.0,1.0,0.0,1.0,0.0,0.0,1.0,0.0,0.0,1.0,0.0,0.0,1.0,0.0,0.0,1.0,0.0,0.0,1.0,0.0,0.0,1.0,0.0,0.0,1.0,0.0,1.0,0.0,0.0,1.0,0.0,1.0,0.0,0.0,1.0,-6.754163359327281,0.0,0.0,1.0,0.0,0.0,1.0,0.0,0.0,1.0
2379-ENZGV,0,-1.0738427650786138,0.6676537841478158,-0.7764018955774297,0.0,1.0,1.0,0.0,1.0,0.0,0.0,1.0,1.0,0.0,0.0,0.0,1.0,0.0,1.0,0.0,0.0,0.0,0.0,1.0,1.0,0.0,0.0,1.0,0.0,0.0,0.0,0.0,1.0,1.0,0.0,0.0,1.0,0.0,0.0,0.0,1.0,0.0,0.0,1.0,0.0,0.0,1.0,4.0,1.0,0.0,0.0,0.7230126428430991,1.0,0.0,0.0,1.0,0.0,0.0,1.0,0.0,0.0
3936-QQFLL,0,-1.2367242199587352,-1.4960059100684764,-0.9900248661789994,0.0,1.0,1.0,0.0,1.0,0.0,0.0,1.0,1.0,0.0,0.0,0.0,0.0,1.0,0.0,1.0,0.0,0.0,1.0,0.0,0.0,1.0,0.0,0.0,1.0,0.0,0.0,1.0,0.0,0.0,1.0,0.0,1.0,0.0,0.0,1.0,0.0,0.0,0.0,0.0,1.0,1.0,0.0,1.0,1.0,0.0,0.0,0.8005219354497908,1.0,0.0,0.0,1.0,0.0,0.0,1.0,0.0,0.0
2589-AYCRP,0,0.7178532386027215,-1.4960059100684764,-0.5710070711999807,1.0,0.0,1.0,0.0,1.0,0.0,0.0,1.0,1.0,0.0,0.0,0.0,0.0,1.0,0.0,1.0,0.0,0.0,1.0,0.0,0.0,1.0,0.0,0.0,1.0,0.0,0.0,1.0,0.0,0.0,1.0,0.0,0.0,1.0,0.0,1.0,0.0,1.0,0.0,0.0,0.0,1.0,0.0,1.0,0.0,1.0,0.0,-0.795437062193141,0.0,1.0,0.0,0.0,1.0,0.0,0.0,1.0,0.0
4067-HLYQI,0,0.025607055362205634,0.1873944510998066,0.05417762622041278,1.0,0.0,1.0,0.0,1.0,0.0,0.0,1.0,1.0,0.0,0.0,0.0,1.0,0.0,1.0,0.0,0.0,1.0,0.0,0.0,1.0,0.0,0.0,1.0,0.0,0.0,1.0,0.0,0.0,1.0,0.0,0.0,1.0,0.0,0.0,0.0,1.0,1.0,0.0,0.0,0.0,1.0,0.0,2.0,0.0,0.0,1.0,2.1157304287464256,0.0,0.0,1.0,0.0,0.0,1.0,0.0,0.0,1.0
5124-EOGYE,0,-0.055833672077855064,-1.4727407520661506,-0.7256432777176391,0.0,1.0,1.0,0.0,1.0,0.0,0.0,1.0,1.0,0.0,0.0,0.0,0.0,1.0,0.0,1.0,0.0,0.0,1.0,0.0,0.0,1.0,0.0,0.0,1.0,0.0,0.0,1.0,0.0,0.0,1.0,0.0,0.0,0.0,1.0,1.0,0.0,0.0,0.0,0.0,1.0,1.0,0.0,1.0,0.0,0.0,1.0,12.996517168095169,0.0,0.0,1.0,0.0,0.0,1.0,0.0,0.0,1.0
5057-RKGLH,0,-0.9516816739185228,-1.4760643460664828,-0.9230526089767727,1.0,0.0,0.0,1.0,0.0,1.0,0.0,1.0,1.0,0.0,0.0,0.0,0.0,1.0,0.0,1.0,0.0,0.0,1.0,0.0,0.0,1.0,0.0,0.0,1.0,0.0,0.0,1.0,0.0,0.0,1.0,0.0,0.0,0.0,1.0,1.0,0.0,0.0,0.0,0.0,1.0,1.0,0.0,1.0,1.0,0.0,0.0,0.9699173938866862,1.0,0.0,0.0,1.0,0.0,0.0,1.0,0.0,0.0
0292-WEGCH,0,0.880734693482843,0.7125223031523015,0.9885906179296132,1.0,0.0,0.0,1.0,0.0,1.0,0.0,1.0,0.0,0.0,1.0,1.0,0.0,0.0,1.0,0.0,0.0,0.0,0.0,1.0,0.0,0.0,1.0,0.0,0.0,1.0,0.0,0.0,1.0,0.0,0.0,1.0,1.0,0.0,0.0,0.0,1.0,0.0,0.0,1.0,0.0,1.0,0.0,8.0,0.0,1.0,0.0,1.1224613101367187,0.0,1.0,0.0,0.0,1.0,0.0,0.0,1.0,0.0
8910-ICHIU,0,0.5549717837226001,1.0266019361836989,1.0504230411634214,1.0,0.0,1.0,0.0,1.0,0.0,0.0,1.0,1.0,0.0,0.0,0.0,1.0,0.0,0.0,0.0,1.0,0.0,0.0,1.0,0.0,0.0,1.0,1.0,0.0,0.0,0.0,0.0,1.0,1.0,0.0,0.0,0.0,1.0,0.0,0.0,1.0,0.0,1.0,0.0,0.0,1.0,0.0,6.0,0.0,1.0,0.0,1.8927503559144372,0.0,1.0,0.0,0.0,1.0,0.0,0.0,1.0,0.0
4097-YODCF,0,0.06632741908223598,1.2974748472107767,0.5239099203127123,0.0,1.0,1.0,0.0,0.0,1.0,0.0,1.0,0.0,0.0,1.0,0.0,1.0,0.0,0.0,0.0,1.0,0.0,0.0,1.0,1.0,0.0,0.0,1.0,0.0,0.0,0.0,0.0,1.0,0.0,0.0,1.0,0.0,1.0,0.0,0.0,1.0,0.0,0.0,1.0,0.0,1.0,0.0,7.0,0.0,0.0,1.0,7.898843759669635,0.0,0.0,1.0,0.0,0.0,1.0,0.0,0.0,1.0
9715-WZCLW,0,1.5729808767233588,1.0781176431888486,2.0413742065252265,0.0,1.0,0.0,1.0,0.0,1.0,0.0,1.0,0.0,0.0,1.0,0.0,1.0,0.0,0.0,0.0,1.0,1.0,0.0,0.0,1.0,0.0,0.0,1.0,0.0,0.0,0.0,0.0,1.0,0.0,0.0,1.0,0.0,0.0,1.0,0.0,1.0,0.0,0.0,1.0,0.0,1.0,0.0,6.0,0.0,1.0,0.0,1.297774331991605,0.0,1.0,0.0,0.0,1.0,0.0,0.0,1.0,0.0
9786-YWNHU,0,1.247217966963116,-0.04027173792295256,0.7636511888482204,1.0,0.0,0.0,1.0,0.0,1.0,0.0,1.0,1.0,0.0,0.0,1.0,0.0,0.0,0.0,0.0,1.0,0.0,0.0,1.0,0.0,0.0,1.0,0.0,0.0,1.0,1.0,0.0,0.0,1.0,0.0,0.0,0.0,0.0,1.0,1.0,0.0,0.0,0.0,0.0,1.0,1.0,0.0,6.0,0.0,1.0,0.0,0.6122836657875085,0.0,1.0,0.0,0.0,1.0,0.0,0.0,1.0,0.0
6407-GSJNL,0,0.758573602322752,-1.3231790220511994,-0.43911407850824313,1.0,0.0,1.0,0.0,1.0,0.0,0.0,1.0,0.0,0.0,1.0,0.0,0.0,1.0,0.0,1.0,0.0,0.0,1.0,0.0,0.0,1.0,0.0,0.0,1.0,0.0,0.0,1.0,0.0,0.0,1.0,0.0,0.0,0.0,1.0,1.0,0.0,1.0,0.0,0.0,0.0,1.0,0.0,2.0,0.0,1.0,0.0,-0.5788681245480677,0.0,1.0,0.0,0.0,1.0,0.0,0.0,1.0,0.0
6005-OBZPH,1,-0.2594354906780068,0.8105683261621028,-0.002492903671721887,1.0,0.0,1.0,0.0,1.0,0.0,0.0,1.0,0.0,0.0,1.0,0.0,1.0,0.0,1.0,0.0,0.0,0.0,0.0,1.0,1.0,0.0,0.0,1.0,0.0,0.0,0.0,0.0,1.0,1.0,0.0,0.0,1.0,0.0,0.0,0.0,1.0,0.0,0.0,1.0,0.0,0.0,1.0,5.0,0.0,0.0,1.0,0.009608953906834222,0.0,0.0,1.0,0.0,0.0,1.0,0.0,0.0,1.0
4049-ZPALD,0,1.2879383306831464,1.1379423351948288,1.8055595064291112,1.0,0.0,0.0,1.0,1.0,0.0,0.0,1.0,1.0,0.0,0.0,0.0,1.0,0.0,0.0,0.0,1.0,1.0,0.0,0.0,0.0,0.0,1.0,1.0,0.0,0.0,0.0,0.0,1.0,0.0,0.0,1.0,0.0,0.0,1.0,0.0,1.0,1.0,0.0,0.0,0.0,1.0,0.0,6.0,0.0,1.0,0.0,1.4018990377213238,0.0,1.0,0.0,0.0,1.0,0.0,0.0,1.0,0.0
7932-WPTDS,1,-1.2774445836787656,-1.328164413051698,-0.996422084422954,1.0,0.0,0.0,1.0,1.0,0.0,1.0,0.0,0.0,1.0,0.0,1.0,0.0,0.0,1.0,0.0,0.0,1.0,0.0,0.0,1.0,0.0,0.0,1.0,0.0,0.0,1.0,0.0,0.0,1.0,0.0,0.0,1.0,0.0,0.0,0.0,1.0,0.0,0.0,1.0,0.0,0.0,1.0,1.0,1.0,0.0,0.0,0.780011984201673,1.0,0.0,0.0,1.0,0.0,0.0,1.0,0.0,0.0
3733-UOCWF,1,1.1657772395230555,0.6909189421501416,1.3096427362831085,0.0,1.0,0.0,1.0,1.0,0.0,0.0,1.0,0.0,0.0,1.0,0.0,1.0,0.0,1.0,0.0,0.0,0.0,0.0,1.0,1.0,0.0,0.0,0.0,0.0,1.0,1.0,0.0,0.0,1.0,0.0,0.0,0.0,1.0,0.0,0.0,1.0,1.0,0.0,0.0,0.0,1.0,0.0,5.0,0.0,1.0,0.0,1.1234073645312475,0.0,1.0,0.0,0.0,1.0,0.0,0.0,1.0,0.0
6833-JMZYP,0,-0.7073594915983407,0.9717626351782166,-0.34317786422218083,1.0,0.0,1.0,0.0,1.0,0.0,0.0,1.0,1.0,0.0,0.0,0.0,1.0,0.0,1.0,0.0,0.0,1.0,0.0,0.0,0.0,0.0,1.0,1.0,0.0,0.0,0.0,0.0,1.0,0.0,0.0,1.0,1.0,0.0,0.0,0.0,1.0,0.0,1.0,0.0,0.0,1.0,0.0,5.0,1.0,0.0,0.0,0.48515340261673795,1.0,0.0,0.0,1.0,0.0,0.0,1.0,0.0,0.0
2722-VOJQL,0,1.2879383306831464,1.3589613362169235,2.0381976567765046,0.0,1.0,1.0,0.0,1.0,0.0,0.0,1.0,0.0,0.0,1.0,0.0,1.0,0.0,1.0,0.0,0.0,0.0,0.0,1.0,1.0,0.0,0.0,0.0,0.0,1.0,0.0,0.0,1.0,0.0,0.0,1.0,0.0,1.0,0.0,0.0,1.0,0.0,1.0,0.0,0.0,0.0,1.0,7.0,0.0,1.0,0.0,1.582527368135248,0.0,1.0,0.0,0.0,1.0,0.0,0.0,1.0,0.0
1310-QRITU,0,-0.5851984004382496,-0.4806479429669752,-0.6044270216813291,1.0,0.0,1.0,0.0,1.0,0.0,0.0,1.0,0.0,0.0,1.0,1.0,0.0,0.0,1.0,0.0,0.0,1.0,0.0,0.0,1.0,0.0,0.0,1.0,0.0,0.0,1.0,0.0,0.0,1.0,0.0,0.0,1.0,0.0,0.0,0.0,1.0,0.0,0.0,1.0,0.0,1.0,0.0,3.0,1.0,0.0,0.0,1.0328582942617057,1.0,0.0,0.0,1.0,0.0,0.0,1.0,0.0,0.0
8961-QDZZJ,0,1.002895784642934,1.0049985751815391,1.4349620357448514,1.0,0.0,0.0,1.0,0.0,1.0,0.0,1.0,1.0,0.0,0.0,0.0,1.0,0.0,1.0,0.0,0.0,0.0,0.0,1.0,1.0,0.0,0.0,1.0,0.0,0.0,0.0,0.0,1.0,0.0,0.0,1.0,0.0,1.0,0.0,0.0,1.0,0.0,0.0,1.0,0.0,1.0,0.0,5.0,0.0,1.0,0.0,1.4308186929469926,0.0,1.0,0.0,0.0,1.0,0.0,0.0,1.0,0.0
9715-SBVSU,0,-0.748079855318371,-0.11172900893009581,-0.6475530963948843,0.0,1.0,0.0,1.0,0.0,1.0,0.0,1.0,1.0,0.0,0.0,1.0,0.0,0.0,0.0,0.0,1.0,0.0,0.0,1.0,1.0,0.0,0.0,1.0,0.0,0.0,1.0,0.0,0.0,0.0,0.0,1.0,0.0,0.0,1.0,0.0,1.0,1.0,0.0,0.0,0.0,1.0,0.0,5.0,1.0,0.0,0.0,0.8656202834379172,1.0,0.0,0.0,1.0,0.0,0.0,1.0,0.0,0.0
8490-BXHEO,1,-0.5851984004382496,0.5247392421335293,-0.38456124844858985,0.0,1.0,1.0,0.0,1.0,0.0,0.0,1.0,0.0,0.0,1.0,0.0,1.0,0.0,1.0,0.0,0.0,0.0,0.0,1.0,1.0,0.0,0.0,1.0,0.0,0.0,1.0,0.0,0.0,1.0,0.0,0.0,1.0,0.0,0.0,0.0,1.0,0.0,1.0,0.0,0.0,1.0,0.0,4.0,1.0,0.0,0.0,0.6571467867318085,1.0,0.0,0.0,1.0,0.0,0.0,1.0,0.0,0.0
7173-TETGO,1,1.6137012404433893,0.45660556512671835,1.4642789428007668,1.0,0.0,0.0,1.0,1.0,0.0,0.0,1.0,0.0,0.0,1.0,0.0,1.0,0.0,0.0,0.0,1.0,1.0,0.0,0.0,1.0,0.0,0.0,1.0,0.0,0.0,1.0,0.0,0.0,1.0,0.0,0.0,0.0,0.0,1.0,1.0,0.0,1.0,0.0,0.0,0.0,1.0,0.0,4.0,0.0,1.0,0.0,0.9074039891042245,0.0,1.0,0.0,0.0,1.0,0.0,0.0,1.0,0.0
7929-SKFGK,0,1.5322605130033284,1.6464522172456624,2.629918284969039,0.0,1.0,0.0,1.0,1.0,0.0,0.0,1.0,0.0,0.0,1.0,0.0,1.0,0.0,0.0,0.0,1.0,0.0,0.0,1.0,0.0,0.0,1.0,0.0,0.0,1.0,0.0,0.0,1.0,0.0,0.0,1.0,0.0,0.0,1.0,1.0,0.0,0.0,1.0,0.0,0.0,1.0,0.0,9.0,0.0,1.0,0.0,1.7163649801392005,0.0,1.0,0.0,0.0,1.0,0.0,0.0,1.0,0.0
2300-RQGOI,0,0.22920887396235737,-1.4860351280674797,-0.6802230281855622,1.0,0.0,1.0,0.0,1.0,0.0,0.0,1.0,1.0,0.0,0.0,0.0,0.0,1.0,0.0,1.0,0.0,0.0,1.0,0.0,0.0,1.0,0.0,0.0,1.0,0.0,0.0,1.0,0.0,0.0,1.0,0.0,0.0,0.0,1.0,1.0,0.0,0.0,0.0,0.0,1.0,1.0,0.0,1.0,0.0,0.0,1.0,-2.9676993583471565,0.0,0.0,1.0,0.0,0.0,1.0,0.0,0.0,1.0
3563-SVYLG,0,1.4508197855632678,-0.07018408392594272,0.9231845762284924,0.0,1.0,0.0,1.0,0.0,1.0,0.0,1.0,1.0,0.0,0.0,1.0,0.0,0.0,0.0,0.0,1.0,0.0,0.0,1.0,0.0,0.0,1.0,0.0,0.0,1.0,1.0,0.0,0.0,1.0,0.0,0.0,0.0,0.0,1.0,1.0,0.0,0.0,1.0,0.0,0.0,1.0,0.0,6.0,0.0,1.0,0.0,0.6363192626781514,0.0,1.0,0.0,0.0,1.0,0.0,0.0,1.0,0.0
5228-EXCET,0,-0.7888002190384014,0.534710024134526,-0.5623377375107595,0.0,1.0,1.0,0.0,1.0,0.0,0.0,1.0,1.0,0.0,0.0,0.0,1.0,0.0,1.0,0.0,0.0,1.0,0.0,0.0,1.0,0.0,0.0,1.0,0.0,0.0,1.0,0.0,0.0,0.0,0.0,1.0,1.0,0.0,0.0,0.0,1.0,0.0,0.0,1.0,0.0,0.0,1.0,3.0,1.0,0.0,0.0,0.7129026132831019,1.0,0.0,0.0,1.0,0.0,0.0,1.0,0.0,0.0
6435-VWCCY,1,1.3286586944031769,0.9285559131738974,1.625819733147245,0.0,1.0,0.0,1.0,1.0,0.0,0.0,1.0,0.0,0.0,1.0,0.0,1.0,0.0,0.0,0.0,1.0,0.0,0.0,1.0,1.0,0.0,0.0,1.0,0.0,0.0,0.0,0.0,1.0,1.0,0.0,0.0,0.0,0.0,1.0,0.0,1.0,0.0,1.0,0.0,0.0,1.0,0.0,6.0,0.0,1.0,0.0,1.2236549085147488,0.0,1.0,0.0,0.0,1.0,0.0,0.0,1.0,0.0
4998-IKFSE,0,-0.0965540357978854,1.1861344481996465,0.3589499271117066,1.0,0.0,1.0,0.0,1.0,0.0,0.0,1.0,0.0,0.0,1.0,0.0,1.0,0.0,1.0,0.0,0.0,1.0,0.0,0.0,0.0,0.0,1.0,1.0,0.0,0.0,0.0,0.0,1.0,0.0,0.0,1.0,1.0,0.0,0.0,1.0,0.0,0.0,0.0,1.0,0.0,1.0,0.0,6.0,0.0,0.0,1.0,-3.7176066660029536,0.0,0.0,1.0,0.0,0.0,1.0,0.0,0.0,1.0
8630-QSGXK,0,0.758573602322752,0.3469269631157543,0.7138190646651404,0.0,1.0,0.0,1.0,1.0,0.0,0.0,1.0,0.0,0.0,1.0,1.0,0.0,0.0,1.0,0.0,0.0,1.0,0.0,0.0,1.0,0.0,0.0,0.0,0.0,1.0,0.0,0.0,1.0,0.0,0.0,1.0,0.0,0.0,1.0,0.0,1.0,1.0,0.0,0.0,0.0,1.0,0.0,6.0,0.0,1.0,0.0,0.9410017201751114,0.0,1.0,0.0,0.0,1.0,0.0,0.0,1.0,0.0
2455-USLMV,0,-0.055833672077855064,0.6643301901474837,0.145635787735707,1.0,0.0,1.0,0.0,1.0,0.0,0.0,1.0,0.0,0.0,1.0,0.0,1.0,0.0,0.0,0.0,1.0,1.0,0.0,0.0,0.0,0.0,1.0,1.0,0.0,0.0,1.0,0.0,0.0,1.0,0.0,0.0,1.0,0.0,0.0,0.0,1.0,0.0,1.0,0.0,0.0,1.0,0.0,5.0,0.0,0.0,1.0,-2.6083863431484664,0.0,0.0,1.0,0.0,0.0,1.0,0.0,0.0,1.0
7394-FKDNK,0,-0.9516816739185228,0.8205391081630994,-0.6309865070803677,1.0,0.0,0.0,1.0,1.0,0.0,0.0,1.0,1.0,0.0,0.0,0.0,1.0,0.0,1.0,0.0,0.0,1.0,0.0,0.0,1.0,0.0,0.0,1.0,0.0,0.0,0.0,0.0,1.0,0.0,0.0,1.0,1.0,0.0,0.0,1.0,0.0,0.0,0.0,1.0,0.0,0.0,1.0,4.0,1.0,0.0,0.0,0.6630226517678947,1.0,0.0,0.0,1.0,0.0,0.0,1.0,0.0,0.0
9488-FVZCC,0,1.6137012404433893,0.4898415051300408,1.4905075376009802,1.0,0.0,0.0,1.0,0.0,1.0,0.0,1.0,0.0,0.0,1.0,1.0,0.0,0.0,0.0,0.0,1.0,0.0,0.0,1.0,0.0,0.0,1.0,0.0,0.0,1.0,1.0,0.0,0.0,0.0,0.0,1.0,0.0,0.0,1.0,0.0,1.0,1.0,0.0,0.0,0.0,1.0,0.0,8.0,0.0,1.0,0.0,0.9236576760586986,0.0,1.0,0.0,0.0,1.0,0.0,0.0,1.0,0.0
6331-LWDTQ,0,-0.9109613101984924,0.2455573461056209,-0.656950389401521,0.0,1.0,1.0,0.0,1.0,0.0,0.0,1.0,0.0,0.0,1.0,1.0,0.0,0.0,1.0,0.0,0.0,1.0,0.0,0.0,1.0,0.0,0.0,1.0,0.0,0.0,0.0,0.0,1.0,0.0,0.0,1.0,1.0,0.0,0.0,0.0,1.0,0.0,1.0,0.0,0.0,0.0,1.0,5.0,1.0,0.0,0.0,0.7211616805749697,1.0,0.0,0.0,1.0,0.0,0.0,1.0,0.0,0.0
5995-WWKKG,0,0.18848851024232702,-1.4943441130683104,-0.7007161859394716,1.0,0.0,1.0,0.0,1.0,0.0,0.0,1.0,1.0,0.0,0.0,0.0,0.0,1.0,0.0,1.0,0.0,0.0,1.0,0.0,0.0,1.0,0.0,0.0,1.0,0.0,0.0,1.0,0.0,0.0,1.0,0.0,0.0,1.0,0.0,0.0,1.0,0.0,0.0,1.0,0.0,1.0,0.0,1.0,0.0,0.0,1.0,-3.7175538447336014,0.0,0.0,1.0,0.0,0.0,1.0,0.0,0.0,1.0
1597-FZREH,0,-1.2367242199587352,0.3868100911197414,-0.9364205891693118,1.0,0.0,1.0,0.0,1.0,0.0,0.0,1.0,1.0,0.0,0.0,1.0,0.0,0.0,1.0,0.0,0.0,1.0,0.0,0.0,0.0,0.0,1.0,0.0,0.0,1.0,0.0,0.0,1.0,0.0,0.0,1.0,1.0,0.0,0.0,1.0,0.0,0.0,0.0,1.0,0.0,0.0,1.0,6.0,1.0,0.0,0.0,0.7571781760694851,1.0,0.0,0.0,1.0,0.0,0.0,1.0,0.0,0.0
7879-CGSFV,0,0.9214550572028734,1.2010906212011416,1.4421313320527314,0.0,1.0,1.0,0.0,1.0,0.0,0.0,1.0,1.0,0.0,0.0,0.0,1.0,0.0,0.0,0.0,1.0,0.0,0.0,1.0,1.0,0.0,0.0,1.0,0.0,0.0,0.0,0.0,1.0,0.0,0.0,1.0,0.0,1.0,0.0,0.0,1.0,0.0,0.0,0.0,1.0,1.0,0.0,6.0,0.0,1.0,0.0,1.5650587847771968,0.0,1.0,0.0,0.0,1.0,0.0,0.0,1.0,0.0
9921-EZKBY,0,0.025607055362205634,1.0149693571825356,0.43759159276583676,0.0,1.0,1.0,0.0,0.0,1.0,0.0,1.0,0.0,0.0,1.0,0.0,1.0,0.0,0.0,0.0,1.0,1.0,0.0,0.0,0.0,0.0,1.0,1.0,0.0,0.0,1.0,0.0,0.0,0.0,0.0,1.0,1.0,0.0,0.0,0.0,1.0,1.0,0.0,0.0,0.0,1.0,0.0,6.0,0.0,0.0,1.0,17.08871194193198,0.0,0.0,1.0,0.0,0.0,1.0,0.0,0.0,1.0
7432-FFVAR,0,0.5549717837226001,0.8703930181680831,0.8617712810865293,1.0,0.0,0.0,1.0,0.0,1.0,0.0,1.0,1.0,0.0,0.0,0.0,1.0,0.0,1.0,0.0,0.0,1.0,0.0,0.0,0.0,0.0,1.0,0.0,0.0,1.0,1.0,0.0,0.0,0.0,0.0,1.0,0.0,1.0,0.0,1.0,0.0,1.0,0.0,0.0,0.0,1.0,0.0,5.0,0.0,1.0,0.0,1.5528199925877337,0.0,1.0,0.0,0.0,1.0,0.0,0.0,1.0,0.0
7246-ZGQDF,0,-1.2774445836787656,-0.3410569949530208,-0.9833188167094749,1.0,0.0,1.0,0.0,0.0,1.0,0.0,1.0,1.0,0.0,0.0,1.0,0.0,0.0,0.0,0.0,1.0,1.0,0.0,0.0,1.0,0.0,0.0,0.0,0.0,1.0,1.0,0.0,0.0,1.0,0.0,0.0,1.0,0.0,0.0,1.0,0.0,0.0,0.0,1.0,0.0,1.0,0.0,4.0,1.0,0.0,0.0,0.7697545782203156,1.0,0.0,0.0,1.0,0.0,0.0,1.0,0.0,0.0
7000-WCEVQ,1,-0.5037576729981889,-0.10508182092943122,-0.48925503391689334,1.0,0.0,1.0,0.0,1.0,0.0,0.0,1.0,0.0,0.0,1.0,1.0,0.0,0.0,1.0,0.0,0.0,1.0,0.0,0.0,1.0,0.0,0.0,1.0,0.0,0.0,1.0,0.0,0.0,0.0,0.0,1.0,1.0,0.0,0.0,0.0,1.0,0.0,0.0,0.0,1.0,0.0,1.0,4.0,1.0,0.0,0.0,0.9712110805281021,1.0,0.0,0.0,1.0,0.0,0.0,1.0,0.0,0.0
0727-IWKVK,0,-0.9516816739185228,0.50313588113137,-0.6801347906925421,0.0,1.0,0.0,1.0,1.0,0.0,0.0,1.0,1.0,0.0,0.0,0.0,1.0,0.0,1.0,0.0,0.0,0.0,0.0,1.0,0.0,0.0,1.0,1.0,0.0,0.0,1.0,0.0,0.0,1.0,0.0,0.0,1.0,0.0,0.0,0.0,1.0,0.0,0.0,1.0,0.0,0.0,1.0,4.0,1.0,0.0,0.0,0.7146662684930204,1.0,0.0,0.0,1.0,0.0,0.0,1.0,0.0,0.0
5959-BELXA,1,-0.015113308357824713,1.04321990618536,0.32469172044666755,0.0,1.0,1.0,0.0,1.0,0.0,0.0,1.0,0.0,0.0,1.0,0.0,1.0,0.0,1.0,0.0,0.0,1.0,0.0,0.0,1.0,0.0,0.0,1.0,0.0,0.0,0.0,0.0,1.0,0.0,0.0,1.0,1.0,0.0,0.0,0.0,1.0,0.0,1.0,0.0,0.0,0.0,1.0,5.0,0.0,0.0,1.0,-21.48382821015908,0.0,0.0,1.0,0.0,0.0,1.0,0.0,0.0,1.0
4456-RHSNB,0,-0.5444780367182193,-0.5039131009693008,-0.5825441234123537,1.0,0.0,0.0,1.0,0.0,1.0,0.0,1.0,1.0,0.0,0.0,1.0,0.0,0.0,1.0,0.0,0.0,1.0,0.0,0.0,0.0,0.0,1.0,1.0,0.0,0.0,1.0,0.0,0.0,1.0,0.0,0.0,1.0,0.0,0.0,0.0,1.0,1.0,0.0,0.0,0.0,1.0,0.0,3.0,1.0,0.0,0.0,1.0699129884532599,1.0,0.0,0.0,1.0,0.0,0.0,1.0,0.0,0.0
3512-IZIKN,0,1.5322605130033284,0.017891157082861757,1.092578503453756,1.0,0.0,0.0,1.0,1.0,0.0,0.0,1.0,0.0,0.0,1.0,1.0,0.0,0.0,0.0,0.0,1.0,1.0,0.0,0.0,0.0,0.0,1.0,0.0,0.0,1.0,1.0,0.0,0.0,1.0,0.0,0.0,0.0,0.0,1.0,1.0,0.0,0.0,1.0,0.0,0.0,0.0,1.0,6.0,0.0,1.0,0.0,0.713050094407401,0.0,1.0,0.0,0.0,1.0,0.0,0.0,1.0,0.0
2481-SBOYW,0,1.1657772395230555,-1.3215172250510334,-0.3463102952243931,1.0,0.0,1.0,0.0,0.0,1.0,0.0,1.0,0.0,0.0,1.0,0.0,0.0,1.0,0.0,1.0,0.0,0.0,1.0,0.0,0.0,1.0,0.0,0.0,1.0,0.0,0.0,1.0,0.0,0.0,1.0,0.0,0.0,0.0,1.0,0.0,1.0,0.0,1.0,0.0,0.0,1.0,0.0,2.0,0.0,1.0,0.0,-0.2970638673354749,0.0,1.0,0.0,0.0,1.0,0.0,0.0,1.0,0.0
7109-MFBYV,0,-0.2594354906780068,-0.641842251983089,-0.4633132109689951,0.0,1.0,1.0,0.0,1.0,0.0,0.0,1.0,1.0,0.0,0.0,1.0,0.0,0.0,1.0,0.0,0.0,1.0,0.0,0.0,1.0,0.0,0.0,1.0,0.0,0.0,1.0,0.0,0.0,1.0,0.0,0.0,1.0,0.0,0.0,1.0,0.0,0.0,0.0,1.0,0.0,1.0,0.0,2.0,0.0,0.0,1.0,1.785851310312925,0.0,0.0,1.0,0.0,0.0,1.0,0.0,0.0,1.0
1833-TCXKK,0,0.5142514200025698,1.4287568102239003,1.1468666210343492,0.0,1.0,0.0,1.0,1.0,0.0,0.0,1.0,0.0,0.0,1.0,0.0,1.0,0.0,1.0,0.0,0.0,0.0,0.0,1.0,0.0,0.0,1.0,1.0,0.0,0.0,0.0,0.0,1.0,0.0,0.0,1.0,1.0,0.0,0.0,0.0,1.0,1.0,0.0,0.0,0.0,1.0,0.0,7.0,0.0,1.0,0.0,2.230167144756971,0.0,1.0,0.0,0.0,1.0,0.0,0.0,1.0,0.0
1832-PEUTS,0,1.2064976032430856,0.8089065291619363,1.3801886119526476,0.0,1.0,0.0,1.0,0.0,1.0,0.0,1.0,0.0,0.0,1.0,0.0,1.0,0.0,1.0,0.0,0.0,1.0,0.0,0.0,0.0,0.0,1.0,1.0,0.0,0.0,0.0,0.0,1.0,1.0,0.0,0.0,0.0,0.0,1.0,0.0,1.0,0.0,1.0,0.0,0.0,1.0,0.0,5.0,0.0,1.0,0.0,1.143962995237353,0.0,1.0,0.0,0.0,1.0,0.0,0.0,1.0,0.0
6141-OOXUQ,0,-1.2774445836787656,-1.4993295040688086,-0.9986941998682206,0.0,1.0,1.0,0.0,1.0,0.0,0.0,1.0,1.0,0.0,0.0,0.0,0.0,1.0,0.0,1.0,0.0,0.0,1.0,0.0,0.0,1.0,0.0,0.0,1.0,0.0,0.0,1.0,0.0,0.0,1.0,0.0,1.0,0.0,0.0,1.0,0.0,0.0,0.0,0.0,1.0,0.0,1.0,1.0,1.0,0.0,0.0,0.7817906253061845,1.0,0.0,0.0,1.0,0.0,0.0,1.0,0.0,0.0
8660-BUETV,0,-1.1960038562387048,-0.6651074099854147,-0.9420457293493408,1.0,0.0,1.0,0.0,1.0,0.0,0.0,1.0,1.0,0.0,0.0,1.0,0.0,0.0,1.0,0.0,0.0,1.0,0.0,0.0,1.0,0.0,0.0,1.0,0.0,0.0,1.0,0.0,0.0,1.0,0.0,0.0,1.0,0.0,0.0,1.0,0.0,0.0,0.0,0.0,1.0,1.0,0.0,2.0,1.0,0.0,0.0,0.7876611136622643,1.0,0.0,0.0,1.0,0.0,0.0,1.0,0.0,0.0
0580-PIQHM,0,0.35136996512244845,1.2243557792034672,0.7267458573925796,1.0,0.0,0.0,1.0,0.0,1.0,0.0,1.0,0.0,0.0,1.0,0.0,1.0,0.0,0.0,0.0,1.0,0.0,0.0,1.0,0.0,0.0,1.0,1.0,0.0,0.0,1.0,0.0,0.0,0.0,0.0,1.0,0.0,1.0,0.0,0.0,1.0,1.0,0.0,0.0,0.0,1.0,0.0,7.0,0.0,0.0,1.0,2.0683209423984685,0.0,0.0,1.0,0.0,0.0,1.0,0.0,0.0,1.0
5696-CEIQJ,0,1.4100994218432374,1.2758714862086173,2.034844632041742,0.0,1.0,0.0,1.0,0.0,1.0,0.0,1.0,1.0,0.0,0.0,0.0,1.0,0.0,1.0,0.0,0.0,0.0,0.0,1.0,0.0,0.0,1.0,0.0,0.0,1.0,0.0,0.0,1.0,0.0,0.0,1.0,0.0,0.0,1.0,1.0,0.0,1.0,0.0,0.0,0.0,1.0,0.0,7.0,0.0,1.0,0.0,1.4430504690100912,0.0,1.0,0.0,0.0,1.0,0.0,0.0,1.0,0.0
7503-ZGUZJ,0,-1.2774445836787656,0.6610065961471517,-0.9700170146367004,0.0,1.0,1.0,0.0,1.0,0.0,0.0,1.0,0.0,0.0,1.0,0.0,1.0,0.0,1.0,0.0,0.0,1.0,0.0,0.0,1.0,0.0,0.0,1.0,0.0,0.0,0.0,0.0,1.0,1.0,0.0,0.0,1.0,0.0,0.0,0.0,1.0,0.0,0.0,0.0,1.0,0.0,1.0,4.0,1.0,0.0,0.0,0.7593417569968164,1.0,0.0,0.0,1.0,0.0,0.0,1.0,0.0,0.0
1696-HXOWK,0,1.5729808767233588,1.0266019361836989,2.017836855262125,1.0,0.0,0.0,1.0,1.0,0.0,0.0,1.0,0.0,0.0,1.0,0.0,1.0,0.0,0.0,0.0,1.0,0.0,0.0,1.0,1.0,0.0,0.0,1.0,0.0,0.0,0.0,0.0,1.0,1.0,0.0,0.0,0.0,1.0,0.0,1.0,0.0,0.0,0.0,0.0,1.0,1.0,0.0,6.0,0.0,1.0,0.0,1.2828107989878654,0.0,1.0,0.0,0.0,1.0,0.0,0.0,1.0,0.0
3026-ATZYV,0,0.18848851024232702,0.3436033691154218,0.1656656986512611,1.0,0.0,0.0,1.0,0.0,1.0,0.0,1.0,1.0,0.0,0.0,1.0,0.0,0.0,0.0,0.0,1.0,0.0,0.0,1.0,1.0,0.0,0.0,1.0,0.0,0.0,0.0,0.0,1.0,0.0,0.0,1.0,0.0,1.0,0.0,1.0,0.0,1.0,0.0,0.0,0.0,1.0,0.0,6.0,0.0,0.0,1.0,0.8789166959740721,0.0,0.0,1.0,0.0,0.0,1.0,0.0,0.0,1.0
4012-YCFAI,0,1.125056875803025,-0.11339080593026184,0.6542366975033436,0.0,1.0,0.0,1.0,1.0,0.0,0.0,1.0,1.0,0.0,0.0,1.0,0.0,0.0,0.0,0.0,1.0,0.0,0.0,1.0,1.0,0.0,0.0,0.0,0.0,1.0,1.0,0.0,0.0,1.0,0.0,0.0,0.0,0.0,1.0,0.0,1.0,0.0,0.0,0.0,1.0,1.0,0.0,5.0,0.0,1.0,0.0,0.5815143319188846,0.0,1.0,0.0,0.0,1.0,0.0,0.0,1.0,0.0
2506-TNFCO,1,-1.2774445836787656,0.15914390209698223,-0.9766789453597151,1.0,0.0,0.0,1.0,1.0,0.0,0.0,1.0,1.0,0.0,0.0,0.0,1.0,0.0,1.0,0.0,0.0,1.0,0.0,0.0,1.0,0.0,0.0,1.0,0.0,0.0,1.0,0.0,0.0,1.0,0.0,0.0,1.0,0.0,0.0,0.0,1.0,0.0,0.0,1.0,0.0,0.0,1.0,2.0,1.0,0.0,0.0,0.7645568017886849,1.0,0.0,0.0,1.0,0.0,0.0,1.0,0.0,0.0
9970-QBCDA,0,-1.0738427650786138,-1.4976677070686424,-0.9502076974536965,1.0,0.0,1.0,0.0,1.0,0.0,0.0,1.0,1.0,0.0,0.0,0.0,0.0,1.0,0.0,1.0,0.0,0.0,1.0,0.0,0.0,1.0,0.0,0.0,1.0,0.0,0.0,1.0,0.0,0.0,1.0,0.0,1.0,0.0,0.0,1.0,0.0,0.0,1.0,0.0,0.0,1.0,0.0,1.0,1.0,0.0,0.0,0.8848666940398242,1.0,0.0,0.0,1.0,0.0,0.0,1.0,0.0,0.0
8718-PTMEZ,0,-0.7888002190384014,-1.1204397880309327,-0.8541611863013593,1.0,0.0,1.0,0.0,1.0,0.0,1.0,0.0,0.0,1.0,0.0,1.0,0.0,0.0,1.0,0.0,0.0,0.0,0.0,1.0,1.0,0.0,0.0,1.0,0.0,0.0,1.0,0.0,0.0,1.0,0.0,0.0,1.0,0.0,0.0,0.0,1.0,0.0,0.0,1.0,0.0,0.0,1.0,2.0,1.0,0.0,0.0,1.0828612438047205,1.0,0.0,0.0,1.0,0.0,0.0,1.0,0.0,0.0
9496-IVVRP,0,-0.8702409464784621,-0.4573827849646494,-0.7507247851085916,1.0,0.0,0.0,1.0,0.0,1.0,0.0,1.0,1.0,0.0,0.0,1.0,0.0,0.0,0.0,0.0,1.0,1.0,0.0,0.0,1.0,0.0,0.0,1.0,0.0,0.0,1.0,0.0,0.0,1.0,0.0,0.0,1.0,0.0,0.0,1.0,0.0,1.0,0.0,0.0,0.0,1.0,0.0,3.0,1.0,0.0,0.0,0.862663137314433,1.0,0.0,0.0,1.0,0.0,0.0,1.0,0.0,0.0
2207-OBZNX,0,-1.0331224013585834,-0.4573827849646494,-0.8511611115386771,0.0,1.0,1.0,0.0,1.0,0.0,0.0,1.0,1.0,0.0,0.0,1.0,0.0,0.0,0.0,0.0,1.0,1.0,0.0,0.0,1.0,0.0,0.0,1.0,0.0,0.0,1.0,0.0,0.0,1.0,0.0,0.0,1.0,0.0,0.0,0.0,1.0,0.0,0.0,0.0,1.0,0.0,1.0,3.0,1.0,0.0,0.0,0.8238724766972216,1.0,0.0,0.0,1.0,0.0,0.0,1.0,0.0,0.0
2657-VPXTA,0,-0.9109613101984924,0.8005975441611056,-0.5973018441199591,1.0,0.0,0.0,1.0,0.0,1.0,0.0,1.0,1.0,0.0,0.0,0.0,1.0,0.0,1.0,0.0,0.0,1.0,0.0,0.0,1.0,0.0,0.0,1.0,0.0,0.0,0.0,0.0,1.0,0.0,0.0,1.0,1.0,0.0,0.0,0.0,1.0,0.0,0.0,1.0,0.0,1.0,0.0,4.0,1.0,0.0,0.0,0.6556829993030232,1.0,0.0,0.0,1.0,0.0,0.0,1.0,0.0,0.0
6551-VLJMV,0,0.06632741908223598,-1.4860351280674797,-0.7077972447543316,0.0,1.0,0.0,1.0,1.0,0.0,0.0,1.0,1.0,0.0,0.0,0.0,0.0,1.0,0.0,1.0,0.0,0.0,1.0,0.0,0.0,1.0,0.0,0.0,1.0,0.0,0.0,1.0,0.0,0.0,1.0,0.0,0.0,0.0,1.0,1.0,0.0,0.0,1.0,0.0,0.0,1.0,0.0,1.0,0.0,0.0,1.0,-10.671261667467716,0.0,0.0,1.0,0.0,0.0,1.0,0.0,0.0,1.0
1221-GHZEP,0,1.2064976032430856,0.011243969082197169,0.6897743478171736,1.0,0.0,1.0,0.0,1.0,0.0,0.0,1.0,1.0,0.0,0.0,1.0,0.0,0.0,0.0,0.0,1.0,1.0,0.0,0.0,1.0,0.0,0.0,0.0,0.0,1.0,1.0,0.0,0.0,0.0,0.0,1.0,0.0,0.0,1.0,0.0,1.0,0.0,0.0,0.0,1.0,1.0,0.0,5.0,0.0,1.0,0.0,0.5717163017672382,0.0,1.0,0.0,0.0,1.0,0.0,0.0,1.0,0.0
9289-LBQVU,0,1.2879383306831464,0.179085466098976,0.9694651413175147,0.0,1.0,0.0,1.0,1.0,0.0,0.0,1.0,0.0,0.0,1.0,1.0,0.0,0.0,1.0,0.0,0.0,0.0,0.0,1.0,1.0,0.0,0.0,0.0,0.0,1.0,1.0,0.0,0.0,0.0,0.0,1.0,0.0,1.0,0.0,0.0,1.0,0.0,0.0,0.0,1.0,1.0,0.0,6.0,0.0,1.0,0.0,0.7527263675763826,0.0,1.0,0.0,0.0,1.0,0.0,0.0,1.0,0.0
6142-VSJQO,0,-1.2774445836787656,-0.6784017859867437,-0.987796869480243,1.0,0.0,0.0,1.0,0.0,1.0,0.0,1.0,1.0,0.0,0.0,1.0,0.0,0.0,1.0,0.0,0.0,1.0,0.0,0.0,1.0,0.0,0.0,1.0,0.0,0.0,1.0,0.0,0.0,1.0,0.0,0.0,1.0,0.0,0.0,0.0,1.0,1.0,0.0,0.0,0.0,0.0,1.0,2.0,1.0,0.0,0.0,0.7732600553486246,1.0,0.0,0.0,1.0,0.0,0.0,1.0,0.0,0.0
3458-IDMFK,0,-0.30015585439803716,-1.462769970065154,-0.7870345134863471,0.0,1.0,1.0,0.0,1.0,0.0,0.0,1.0,1.0,0.0,0.0,0.0,0.0,1.0,0.0,1.0,0.0,0.0,1.0,0.0,0.0,1.0,0.0,0.0,1.0,0.0,0.0,1.0,0.0,0.0,1.0,0.0,0.0,0.0,1.0,0.0,1.0,0.0,0.0,0.0,1.0,1.0,0.0,1.0,0.0,0.0,1.0,2.622086166084435,0.0,0.0,1.0,0.0,0.0,1.0,0.0,0.0,1.0
6933-FHBZC,0,-0.2594354906780068,-0.28954128794787104,-0.3221111627636411,1.0,0.0,1.0,0.0,1.0,0.0,0.0,1.0,1.0,0.0,0.0,1.0,0.0,0.0,1.0,0.0,0.0,0.0,0.0,1.0,0.0,0.0,1.0,1.0,0.0,0.0,1.0,0.0,0.0,1.0,0.0,0.0,0.0,1.0,0.0,0.0,1.0,0.0,0.0,0.0,1.0,1.0,0.0,4.0,0.0,0.0,1.0,1.2415848036898813,0.0,0.0,1.0,0.0,0.0,1.0,0.0,0.0,1.0
0221-NAUXK,0,-0.9109613101984924,-1.4893587220678117,-0.9105228849679238,0.0,1.0,1.0,0.0,0.0,1.0,0.0,1.0,1.0,0.0,0.0,0.0,0.0,1.0,0.0,1.0,0.0,0.0,1.0,0.0,0.0,1.0,0.0,0.0,1.0,0.0,0.0,1.0,0.0,0.0,1.0,0.0,0.0,1.0,0.0,0.0,1.0,1.0,0.0,0.0,0.0,1.0,0.0,1.0,1.0,0.0,0.0,0.9995187224466503,1.0,0.0,0.0,1.0,0.0,0.0,1.0,0.0,0.0
9770-KXGQU,0,0.8400143297628127,1.1246479591934997,1.336158102935637,1.0,0.0,1.0,0.0,1.0,0.0,0.0,1.0,0.0,0.0,1.0,0.0,1.0,0.0,0.0,0.0,1.0,0.0,0.0,1.0,0.0,0.0,1.0,1.0,0.0,0.0,0.0,0.0,1.0,1.0,0.0,0.0,0.0,1.0,0.0,1.0,0.0,0.0,0.0,0.0,1.0,1.0,0.0,7.0,0.0,1.0,0.0,1.5906372731914182,0.0,1.0,0.0,0.0,1.0,0.0,0.0,1.0,0.0
6437-UKHMV,0,-1.0331224013585834,0.4964886931307054,-0.7488056196354054,1.0,0.0,1.0,0.0,1.0,0.0,0.0,1.0,1.0,0.0,0.0,0.0,1.0,0.0,1.0,0.0,0.0,1.0,0.0,0.0,1.0,0.0,0.0,1.0,0.0,0.0,0.0,0.0,1.0,1.0,0.0,0.0,1.0,0.0,0.0,0.0,1.0,0.0,0.0,1.0,0.0,0.0,1.0,3.0,1.0,0.0,0.0,0.7247985511210541,1.0,0.0,0.0,1.0,0.0,0.0,1.0,0.0,0.0
6538-POCHL,0,0.025607055362205634,0.4732235351283796,0.1294883265130357,0.0,1.0,1.0,0.0,1.0,0.0,0.0,1.0,1.0,0.0,0.0,0.0,1.0,0.0,1.0,0.0,0.0,0.0,0.0,1.0,0.0,0.0,1.0,1.0,0.0,0.0,1.0,0.0,0.0,1.0,0.0,0.0,1.0,0.0,0.0,0.0,1.0,0.0,1.0,0.0,0.0,1.0,0.0,4.0,0.0,0.0,1.0,5.056744115301604,0.0,0.0,1.0,0.0,0.0,1.0,0.0,0.0,1.0
6726-NNFWD,1,1.5729808767233588,0.8205391081630994,1.8317881012293245,1.0,0.0,0.0,1.0,1.0,0.0,0.0,1.0,1.0,0.0,0.0,0.0,1.0,0.0,1.0,0.0,0.0,0.0,0.0,1.0,0.0,0.0,1.0,1.0,0.0,0.0,1.0,0.0,0.0,0.0,0.0,1.0,0.0,0.0,1.0,1.0,0.0,0.0,1.0,0.0,0.0,1.0,0.0,5.0,0.0,1.0,0.0,1.1645329757886702,0.0,1.0,0.0,0.0,1.0,0.0,0.0,1.0,0.0
3002-WQZWT,0,-0.13727439951791576,0.31369102311243185,-0.12796661874624993,1.0,0.0,1.0,0.0,1.0,0.0,0.0,1.0,0.0,0.0,1.0,0.0,1.0,0.0,1.0,0.0,0.0,1.0,0.0,0.0,1.0,0.0,0.0,1.0,0.0,0.0,1.0,0.0,0.0,1.0,0.0,0.0,1.0,0.0,0.0,0.0,1.0,0.0,0.0,1.0,0.0,1.0,0.0,3.0,0.0,0.0,1.0,0.9321958004962821,0.0,0.0,1.0,0.0,0.0,1.0,0.0,0.0,1.0
4277-UDIEF,0,-0.3408762181180675,0.5396954151350245,-0.15858502882421144,0.0,1.0,0.0,1.0,0.0,1.0,0.0,1.0,0.0,0.0,1.0,1.0,0.0,0.0,0.0,0.0,1.0,1.0,0.0,0.0,1.0,0.0,0.0,0.0,0.0,1.0,0.0,0.0,1.0,0.0,0.0,1.0,1.0,0.0,0.0,1.0,0.0,1.0,0.0,0.0,0.0,1.0,0.0,7.0,0.0,0.0,1.0,0.4652276116525183,0.0,0.0,1.0,0.0,0.0,1.0,0.0,0.0,1.0
1208-NBVFH,0,-0.5037576729981889,-0.5039131009693008,-0.5927355538561709,0.0,1.0,0.0,1.0,0.0,1.0,0.0,1.0,1.0,0.0,0.0,1.0,0.0,0.0,1.0,0.0,0.0,1.0,0.0,0.0,0.0,0.0,1.0,1.0,0.0,0.0,1.0,0.0,0.0,1.0,0.0,0.0,1.0,0.0,0.0,0.0,1.0,0.0,0.0,1.0,0.0,1.0,0.0,3.0,1.0,0.0,0.0,1.1766283386383318,1.0,0.0,0.0,1.0,0.0,0.0,1.0,0.0,0.0
4912-PIGUY,0,-1.2774445836787656,0.6593447991469852,-0.9700390740099556,1.0,0.0,1.0,0.0,1.0,0.0,0.0,1.0,0.0,0.0,1.0,0.0,1.0,0.0,1.0,0.0,0.0,1.0,0.0,0.0,1.0,0.0,0.0,1.0,0.0,0.0,0.0,0.0,1.0,1.0,0.0,0.0,1.0,0.0,0.0,0.0,1.0,0.0,0.0,1.0,0.0,1.0,0.0,4.0,1.0,0.0,0.0,0.7593590253570545,1.0,0.0,0.0,1.0,0.0,0.0,1.0,0.0,0.0
1114-CENIM,0,0.880734693482843,-0.3244390249513595,0.3570748803850303,0.0,1.0,1.0,0.0,0.0,1.0,0.0,1.0,0.0,0.0,1.0,1.0,0.0,0.0,1.0,0.0,0.0,0.0,0.0,1.0,1.0,0.0,0.0,1.0,0.0,0.0,1.0,0.0,0.0,1.0,0.0,0.0,1.0,0.0,0.0,0.0,1.0,0.0,1.0,0.0,0.0,0.0,1.0,4.0,0.0,1.0,0.0,0.40542842586680305,0.0,1.0,0.0,0.0,1.0,0.0,0.0,1.0,0.0
6060-DRTNL,1,-1.1145631287986442,0.6676537841478158,-0.8240280824350081,1.0,0.0,1.0,0.0,1.0,0.0,0.0,1.0,1.0,0.0,0.0,0.0,1.0,0.0,1.0,0.0,0.0,1.0,0.0,0.0,0.0,0.0,1.0,1.0,0.0,0.0,0.0,0.0,1.0,1.0,0.0,0.0,1.0,0.0,0.0,0.0,1.0,0.0,0.0,0.0,1.0,0.0,1.0,4.0,1.0,0.0,0.0,0.7393283172064058,1.0,0.0,0.0,1.0,0.0,0.0,1.0,0.0,0.0
2725-TTRIQ,0,1.6137012404433893,0.6460504231456565,1.6338272856388159,1.0,0.0,0.0,1.0,0.0,1.0,0.0,1.0,0.0,0.0,1.0,1.0,0.0,0.0,0.0,0.0,1.0,1.0,0.0,0.0,0.0,0.0,1.0,0.0,0.0,1.0,0.0,0.0,1.0,0.0,0.0,1.0,0.0,0.0,1.0,0.0,1.0,1.0,0.0,0.0,0.0,1.0,0.0,8.0,0.0,1.0,0.0,1.0124719772725073,0.0,1.0,0.0,0.0,1.0,0.0,0.0,1.0,0.0
3374-TTZTK,0,0.7992939660427822,1.3805646972190828,1.4134320874479562,0.0,1.0,0.0,1.0,1.0,0.0,0.0,1.0,1.0,0.0,0.0,0.0,1.0,0.0,0.0,0.0,1.0,0.0,0.0,1.0,0.0,0.0,1.0,0.0,0.0,1.0,0.0,0.0,1.0,0.0,0.0,1.0,0.0,0.0,1.0,0.0,1.0,0.0,0.0,1.0,0.0,1.0,0.0,8.0,0.0,1.0,0.0,1.768350753910611,0.0,1.0,0.0,0.0,1.0,0.0,0.0,1.0,0.0
8990-ZXLSU,0,-0.9516816739185228,0.142525932095321,-0.7199299000445901,1.0,0.0,1.0,0.0,1.0,0.0,0.0,1.0,1.0,0.0,0.0,0.0,1.0,0.0,1.0,0.0,0.0,1.0,0.0,0.0,1.0,0.0,0.0,1.0,0.0,0.0,1.0,0.0,0.0,1.0,0.0,0.0,1.0,0.0,0.0,1.0,0.0,0.0,0.0,1.0,0.0,1.0,0.0,2.0,1.0,0.0,0.0,0.7564818360747653,1.0,0.0,0.0,1.0,0.0,0.0,1.0,0.0,0.0
2275-RBYQS,0,-1.2774445836787656,-0.6435040489832552,-0.9873336226418876,1.0,0.0,1.0,0.0,1.0,0.0,0.0,1.0,1.0,0.0,0.0,1.0,0.0,0.0,1.0,0.0,0.0,1.0,0.0,0.0,1.0,0.0,0.0,1.0,0.0,0.0,1.0,0.0,0.0,1.0,0.0,0.0,1.0,0.0,0.0,0.0,1.0,0.0,0.0,0.0,1.0,1.0,0.0,2.0,1.0,0.0,0.0,0.7728974197836271,1.0,0.0,0.0,1.0,0.0,0.0,1.0,0.0,0.0
8473-VUVJN,1,-1.2774445836787656,0.2954112561106046,-0.9748700767528039,0.0,1.0,1.0,0.0,1.0,0.0,0.0,1.0,0.0,0.0,1.0,0.0,1.0,0.0,1.0,0.0,0.0,1.0,0.0,0.0,1.0,0.0,0.0,1.0,0.0,0.0,1.0,0.0,0.0,1.0,0.0,0.0,1.0,0.0,0.0,0.0,1.0,0.0,0.0,1.0,0.0,0.0,1.0,3.0,1.0,0.0,0.0,0.763140796249171,1.0,0.0,0.0,1.0,0.0,0.0,1.0,0.0,0.0
6289-CPNLD,0,0.025607055362205634,0.30372024111143525,0.05371437938205757,0.0,1.0,0.0,1.0,0.0,1.0,0.0,1.0,1.0,0.0,0.0,1.0,0.0,0.0,1.0,0.0,0.0,1.0,0.0,0.0,0.0,0.0,1.0,0.0,0.0,1.0,0.0,0.0,1.0,0.0,0.0,1.0,0.0,1.0,0.0,0.0,1.0,0.0,0.0,0.0,1.0,0.0,1.0,6.0,0.0,0.0,1.0,2.0976398348924,0.0,0.0,1.0,0.0,0.0,1.0,0.0,0.0,1.0
5536-SLHPM,0,0.9214550572028734,0.43167861012422654,0.9595163639795026,1.0,0.0,0.0,1.0,1.0,0.0,0.0,1.0,0.0,0.0,1.0,0.0,1.0,0.0,1.0,0.0,0.0,1.0,0.0,0.0,0.0,0.0,1.0,1.0,0.0,0.0,1.0,0.0,0.0,1.0,0.0,0.0,1.0,0.0,0.0,0.0,1.0,0.0,0.0,1.0,0.0,0.0,1.0,4.0,0.0,1.0,0.0,1.0413056572635961,0.0,1.0,0.0,0.0,1.0,0.0,0.0,1.0,0.0
4419-UJMUS,0,1.4915401492832983,1.1495749141959914,2.0176162615295747,0.0,1.0,0.0,1.0,0.0,1.0,0.0,1.0,0.0,0.0,1.0,0.0,1.0,0.0,1.0,0.0,0.0,1.0,0.0,0.0,1.0,0.0,0.0,0.0,0.0,1.0,0.0,0.0,1.0,0.0,0.0,1.0,0.0,0.0,1.0,0.0,1.0,0.0,0.0,1.0,0.0,1.0,0.0,6.0,0.0,1.0,0.0,1.3527066385032023,0.0,1.0,0.0,0.0,1.0,0.0,0.0,1.0,0.0
7794-JASDG,0,-1.2774445836787656,-0.46569176996548,-0.984973269703601,0.0,1.0,1.0,0.0,1.0,0.0,0.0,1.0,1.0,0.0,0.0,1.0,0.0,0.0,0.0,0.0,1.0,1.0,0.0,0.0,1.0,0.0,0.0,1.0,0.0,0.0,1.0,0.0,0.0,1.0,0.0,0.0,1.0,0.0,0.0,0.0,1.0,0.0,0.0,0.0,1.0,1.0,0.0,3.0,1.0,0.0,0.0,0.7710497052381637,1.0,0.0,0.0,1.0,0.0,0.0,1.0,0.0,0.0
7609-YBPXG,0,0.880734693482843,0.7424346491552913,1.0817473511855433,0.0,1.0,1.0,0.0,1.0,0.0,0.0,1.0,0.0,0.0,1.0,1.0,0.0,0.0,0.0,0.0,1.0,1.0,0.0,0.0,0.0,0.0,1.0,0.0,0.0,1.0,0.0,0.0,1.0,0.0,0.0,1.0,0.0,0.0,1.0,1.0,0.0,1.0,0.0,0.0,0.0,1.0,0.0,8.0,0.0,1.0,0.0,1.2282329277932733,0.0,1.0,0.0,0.0,1.0,0.0,0.0,1.0,0.0
5519-TEEUH,0,0.025607055362205634,-1.4827115340671475,-0.7064075042392656,0.0,1.0,1.0,0.0,0.0,1.0,0.0,1.0,1.0,0.0,0.0,0.0,0.0,1.0,0.0,1.0,0.0,0.0,1.0,0.0,0.0,1.0,0.0,0.0,1.0,0.0,0.0,1.0,0.0,0.0,1.0,0.0,0.0,1.0,0.0,0.0,1.0,0.0,0.0,0.0,1.0,1.0,0.0,1.0,0.0,0.0,1.0,-27.586440309020364,0.0,0.0,1.0,0.0,0.0,1.0,0.0,0.0,1.0
7856-GANIL,1,0.5142514200025698,1.1279715531938321,0.9893626959935388,0.0,1.0,0.0,1.0,1.0,0.0,0.0,1.0,0.0,0.0,1.0,0.0,1.0,0.0,1.0,0.0,0.0,0.0,0.0,1.0,0.0,0.0,1.0,0.0,0.0,1.0,0.0,0.0,1.0,1.0,0.0,0.0,0.0,1.0,0.0,0.0,1.0,1.0,0.0,0.0,0.0,1.0,0.0,7.0,0.0,1.0,0.0,1.9238890890930251,0.0,1.0,0.0,0.0,1.0,0.0,0.0,1.0,0.0
0804-XBFBV,0,-0.8702409464784621,-1.3148700370503688,-0.8657202978869873,1.0,0.0,1.0,0.0,0.0,1.0,1.0,0.0,0.0,1.0,0.0,1.0,0.0,0.0,1.0,0.0,0.0,1.0,0.0,0.0,1.0,0.0,0.0,1.0,0.0,0.0,1.0,0.0,0.0,1.0,0.0,0.0,1.0,0.0,0.0,1.0,0.0,0.0,0.0,1.0,0.0,1.0,0.0,1.0,1.0,0.0,0.0,0.9948052908682726,1.0,0.0,0.0,1.0,0.0,0.0,1.0,0.0,0.0
2676-OXPPQ,0,-1.0738427650786138,-0.3011738669490337,-0.8592789608965228,0.0,1.0,1.0,0.0,1.0,0.0,0.0,1.0,1.0,0.0,0.0,1.0,0.0,0.0,0.0,0.0,1.0,0.0,0.0,1.0,1.0,0.0,0.0,1.0,0.0,0.0,1.0,0.0,0.0,1.0,0.0,0.0,1.0,0.0,0.0,0.0,1.0,1.0,0.0,0.0,0.0,1.0,0.0,4.0,1.0,0.0,0.0,0.8001906692863148,1.0,0.0,0.0,1.0,0.0,0.0,1.0,0.0,0.0
3703-TTEPD,0,-0.46303730927815856,0.019552954083027783,-0.3789361082685609,0.0,1.0,1.0,0.0,1.0,0.0,0.0,1.0,1.0,0.0,0.0,1.0,0.0,0.0,0.0,0.0,1.0,1.0,0.0,0.0,0.0,0.0,1.0,1.0,0.0,0.0,0.0,0.0,1.0,1.0,0.0,0.0,1.0,0.0,0.0,1.0,0.0,1.0,0.0,0.0,0.0,1.0,0.0,5.0,0.0,0.0,1.0,0.8183705733330532,0.0,0.0,1.0,0.0,0.0,1.0,0.0,0.0,1.0
2799-TSLAG,0,1.3286586944031769,-1.3115464430500368,-0.23592519145629567,1.0,0.0,0.0,1.0,0.0,1.0,0.0,1.0,0.0,0.0,1.0,0.0,0.0,1.0,0.0,1.0,0.0,0.0,1.0,0.0,0.0,1.0,0.0,0.0,1.0,0.0,0.0,1.0,0.0,0.0,1.0,0.0,0.0,0.0,1.0,0.0,1.0,1.0,0.0,0.0,0.0,1.0,0.0,2.0,0.0,1.0,0.0,-0.1775664378294468,0.0,1.0,0.0,0.0,1.0,0.0,0.0,1.0,0.0
0196-VULGZ,1,-1.0738427650786138,0.6510358141461546,-0.7978436063813047,1.0,0.0,0.0,1.0,1.0,0.0,0.0,1.0,0.0,0.0,1.0,0.0,1.0,0.0,1.0,0.0,0.0,1.0,0.0,0.0,1.0,0.0,0.0,1.0,0.0,0.0,1.0,0.0,0.0,0.0,0.0,1.0,1.0,0.0,0.0,0.0,1.0,0.0,0.0,1.0,0.0,0.0,1.0,4.0,1.0,0.0,0.0,0.742979915055717,1.0,0.0,0.0,1.0,0.0,0.0,1.0,0.0,0.0
8837-VVWLQ,0,-0.9924020376385531,0.6709773781481484,-0.7124738318843948,1.0,0.0,1.0,0.0,1.0,0.0,0.0,1.0,1.0,0.0,0.0,0.0,1.0,0.0,0.0,0.0,1.0,1.0,0.0,0.0,1.0,0.0,0.0,1.0,0.0,0.0,0.0,0.0,1.0,1.0,0.0,0.0,1.0,0.0,0.0,1.0,0.0,0.0,0.0,1.0,0.0,0.0,1.0,4.0,1.0,0.0,0.0,0.7179286265672582,1.0,0.0,0.0,1.0,0.0,0.0,1.0,0.0,0.0
2696-NARTR,0,-0.8702409464784621,0.3020584441112687,-0.5987136440082801,0.0,1.0,1.0,0.0,1.0,0.0,0.0,1.0,1.0,0.0,0.0,0.0,1.0,0.0,1.0,0.0,0.0,1.0,0.0,0.0,1.0,0.0,0.0,0.0,0.0,1.0,1.0,0.0,0.0,1.0,0.0,0.0,1.0,0.0,0.0,0.0,1.0,0.0,0.0,1.0,0.0,0.0,1.0,3.0,1.0,0.0,0.0,0.6879860645848132,1.0,0.0,0.0,1.0,0.0,0.0,1.0,0.0,0.0
2208-NKVVH,0,0.43281069256250915,-1.3464441800535252,-0.5317855055525631,0.0,1.0,0.0,1.0,0.0,1.0,0.0,1.0,0.0,0.0,1.0,0.0,0.0,1.0,0.0,1.0,0.0,0.0,1.0,0.0,0.0,1.0,0.0,0.0,1.0,0.0,0.0,1.0,0.0,0.0,1.0,0.0,0.0,0.0,1.0,1.0,0.0,0.0,0.0,0.0,1.0,1.0,0.0,2.0,0.0,0.0,1.0,-1.228679223251305,0.0,0.0,1.0,0.0,0.0,1.0,0.0,0.0,1.0
7614-QVWQL,0,0.6771328748826912,-0.4307940329619915,0.11380411212871964,0.0,1.0,0.0,1.0,0.0,1.0,1.0,0.0,0.0,1.0,0.0,1.0,0.0,0.0,1.0,0.0,0.0,0.0,0.0,1.0,1.0,0.0,0.0,1.0,0.0,0.0,0.0,0.0,1.0,0.0,0.0,1.0,0.0,1.0,0.0,0.0,1.0,1.0,0.0,0.0,0.0,0.0,1.0,4.0,0.0,1.0,0.0,0.16806762210213977,0.0,1.0,0.0,0.0,1.0,0.0,0.0,1.0,0.0
1976-CFOCS,1,-1.2774445836787656,-0.6235624849812617,-0.9870689101628275,1.0,0.0,0.0,1.0,1.0,0.0,0.0,1.0,1.0,0.0,0.0,1.0,0.0,0.0,1.0,0.0,0.0,1.0,0.0,0.0,1.0,0.0,0.0,1.0,0.0,0.0,1.0,0.0,0.0,1.0,0.0,0.0,1.0,0.0,0.0,1.0,0.0,0.0,0.0,1.0,0.0,0.0,1.0,2.0,1.0,0.0,0.0,0.7726901994607714,1.0,0.0,0.0,1.0,0.0,0.0,1.0,0.0,0.0
4631-OACRM,1,-0.7073594915983407,0.48651791112970877,-0.497306705154974,0.0,1.0,1.0,0.0,1.0,0.0,0.0,1.0,1.0,0.0,0.0,0.0,1.0,0.0,1.0,0.0,0.0,1.0,0.0,0.0,1.0,0.0,0.0,1.0,0.0,0.0,1.0,0.0,0.0,0.0,0.0,1.0,1.0,0.0,0.0,0.0,1.0,0.0,0.0,1.0,0.0,0.0,1.0,3.0,1.0,0.0,0.0,0.7030466277214518,1.0,0.0,0.0,1.0,0.0,0.0,1.0,0.0,0.0
7139-JZFVG,0,1.125056875803025,-0.14164135493308597,0.6225814968823964,0.0,1.0,0.0,1.0,0.0,1.0,0.0,1.0,1.0,0.0,0.0,1.0,0.0,0.0,0.0,0.0,1.0,0.0,0.0,1.0,0.0,0.0,1.0,1.0,0.0,0.0,1.0,0.0,0.0,1.0,0.0,0.0,0.0,0.0,1.0,1.0,0.0,1.0,0.0,0.0,0.0,1.0,0.0,5.0,0.0,1.0,0.0,0.5533777982895488,0.0,1.0,0.0,0.0,1.0,0.0,0.0,1.0,0.0
4987-GQWPO,0,-0.62591876415828,-1.3181936310507012,-0.8384769719170433,0.0,1.0,1.0,0.0,1.0,0.0,1.0,0.0,0.0,1.0,0.0,1.0,0.0,0.0,1.0,0.0,0.0,1.0,0.0,0.0,1.0,0.0,0.0,1.0,0.0,0.0,1.0,0.0,0.0,1.0,0.0,0.0,1.0,0.0,0.0,1.0,0.0,0.0,1.0,0.0,0.0,1.0,0.0,1.0,1.0,0.0,0.0,1.3395939216562813,1.0,0.0,0.0,1.0,0.0,0.0,1.0,0.0,0.0
3755-JBMNH,1,-0.6666391278783103,0.23392476710445778,-0.4921448118133004,0.0,1.0,0.0,1.0,1.0,0.0,0.0,1.0,1.0,0.0,0.0,0.0,1.0,0.0,1.0,0.0,0.0,1.0,0.0,0.0,1.0,0.0,0.0,1.0,0.0,0.0,1.0,0.0,0.0,1.0,0.0,0.0,1.0,0.0,0.0,0.0,1.0,1.0,0.0,0.0,0.0,0.0,1.0,2.0,1.0,0.0,0.0,0.7382477133912511,1.0,0.0,0.0,1.0,0.0,0.0,1.0,0.0,0.0
1757-TCATG,0,0.10704778280226633,-1.4860351280674797,-0.6779067939937856,0.0,1.0,0.0,1.0,0.0,1.0,0.0,1.0,1.0,0.0,0.0,0.0,0.0,1.0,0.0,1.0,0.0,0.0,1.0,0.0,0.0,1.0,0.0,0.0,1.0,0.0,0.0,1.0,0.0,0.0,1.0,0.0,0.0,1.0,0.0,1.0,0.0,1.0,0.0,0.0,0.0,1.0,0.0,1.0,0.0,0.0,1.0,-6.3327495091232615,0.0,0.0,1.0,0.0,0.0,1.0,0.0,0.0,1.0
6345-ULYRW,1,0.47353105628253944,0.785641371159611,0.7189588986335591,0.0,1.0,0.0,1.0,1.0,0.0,0.0,1.0,0.0,0.0,1.0,0.0,1.0,0.0,1.0,0.0,0.0,0.0,0.0,1.0,1.0,0.0,0.0,1.0,0.0,0.0,1.0,0.0,0.0,0.0,0.0,1.0,0.0,1.0,0.0,1.0,0.0,0.0,0.0,0.0,1.0,0.0,1.0,5.0,0.0,0.0,1.0,1.5182930223790463,0.0,0.0,1.0,0.0,0.0,1.0,0.0,0.0,1.0
4776-XSKYQ,0,-0.8295205827584317,-1.1470285400335904,-0.8446315370551926,1.0,0.0,0.0,1.0,0.0,1.0,1.0,0.0,0.0,1.0,0.0,1.0,0.0,0.0,1.0,0.0,0.0,1.0,0.0,0.0,1.0,0.0,0.0,0.0,0.0,1.0,1.0,0.0,0.0,1.0,0.0,0.0,0.0,1.0,0.0,1.0,0.0,0.0,1.0,0.0,0.0,1.0,0.0,2.0,1.0,0.0,0.0,1.0182164910803202,1.0,0.0,0.0,1.0,0.0,0.0,1.0,0.0,0.0
8048-DSDFQ,0,-1.2774445836787656,-1.481049737066981,-0.9984515467624155,0.0,1.0,1.0,0.0,1.0,0.0,0.0,1.0,1.0,0.0,0.0,0.0,0.0,1.0,0.0,1.0,0.0,0.0,1.0,0.0,0.0,1.0,0.0,0.0,1.0,0.0,0.0,1.0,0.0,0.0,1.0,0.0,1.0,0.0,0.0,1.0,0.0,0.0,0.0,0.0,1.0,1.0,0.0,1.0,1.0,0.0,0.0,0.7816006733435669,1.0,0.0,0.0,1.0,0.0,0.0,1.0,0.0,0.0
5753-QQWPW,0,-0.1779947632379461,-0.1615829189350795,-0.2773306350559597,1.0,0.0,1.0,0.0,1.0,0.0,0.0,1.0,1.0,0.0,0.0,1.0,0.0,0.0,0.0,0.0,1.0,0.0,0.0,1.0,1.0,0.0,0.0,0.0,0.0,1.0,1.0,0.0,0.0,1.0,0.0,0.0,0.0,1.0,0.0,0.0,1.0,0.0,0.0,1.0,0.0,1.0,0.0,5.0,0.0,0.0,1.0,1.5580831144184835,0.0,0.0,1.0,0.0,0.0,1.0,0.0,0.0,1.0
6010-DDPPW,0,1.5322605130033284,-1.3165318340505352,-0.15108484191750618,0.0,1.0,0.0,1.0,1.0,0.0,0.0,1.0,0.0,0.0,1.0,0.0,0.0,1.0,0.0,1.0,0.0,0.0,1.0,0.0,0.0,1.0,0.0,0.0,1.0,0.0,0.0,1.0,0.0,0.0,1.0,0.0,0.0,0.0,1.0,1.0,0.0,1.0,0.0,0.0,0.0,1.0,0.0,2.0,0.0,1.0,0.0,-0.09860258137264807,0.0,1.0,0.0,0.0,1.0,0.0,0.0,1.0,0.0
1809-DMJHQ,0,-1.1145631287986442,-0.6235624849812617,-0.9095522725447032,1.0,0.0,1.0,0.0,0.0,1.0,0.0,1.0,1.0,0.0,0.0,1.0,0.0,0.0,1.0,0.0,0.0,1.0,0.0,0.0,1.0,0.0,0.0,1.0,0.0,0.0,1.0,0.0,0.0,1.0,0.0,0.0,1.0,0.0,0.0,1.0,0.0,0.0,0.0,0.0,1.0,0.0,1.0,2.0,1.0,0.0,0.0,0.8160616918353325,1.0,0.0,0.0,1.0,0.0,0.0,1.0,0.0,0.0
6693-FRIRW,0,-0.5851984004382496,1.2143849972024705,-0.21558644931517135,0.0,1.0,1.0,0.0,1.0,0.0,0.0,1.0,1.0,0.0,0.0,0.0,1.0,0.0,1.0,0.0,0.0,0.0,0.0,1.0,0.0,0.0,1.0,1.0,0.0,0.0,0.0,0.0,1.0,0.0,0.0,1.0,1.0,0.0,0.0,1.0,0.0,0.0,1.0,0.0,0.0,1.0,0.0,6.0,1.0,0.0,0.0,0.36839890395072966,1.0,0.0,0.0,1.0,0.0,0.0,1.0,0.0,0.0
6586-MYGKD,0,1.5322605130033284,0.40508985812156867,1.3264299193301752,0.0,1.0,0.0,1.0,1.0,0.0,0.0,1.0,0.0,0.0,1.0,1.0,0.0,0.0,0.0,0.0,1.0,1.0,0.0,0.0,1.0,0.0,0.0,0.0,0.0,1.0,0.0,0.0,1.0,0.0,0.0,1.0,0.0,0.0,1.0,0.0,1.0,0.0,1.0,0.0,0.0,1.0,0.0,7.0,0.0,1.0,0.0,0.865668669311518,0.0,1.0,0.0,0.0,1.0,0.0,0.0,1.0,0.0
3173-NVMPX,0,-0.9516816739185228,-0.31446824295036285,-0.7862403760491666,1.0,0.0,0.0,1.0,0.0,1.0,0.0,1.0,0.0,0.0,1.0,1.0,0.0,0.0,1.0,0.0,0.0,0.0,0.0,1.0,1.0,0.0,0.0,1.0,0.0,0.0,1.0,0.0,0.0,1.0,0.0,0.0,1.0,0.0,0.0,0.0,1.0,0.0,0.0,0.0,1.0,1.0,0.0,4.0,1.0,0.0,0.0,0.8261589958035482,1.0,0.0,0.0,1.0,0.0,0.0,1.0,0.0,0.0
0248-PGHBZ,1,1.4100994218432374,0.9202469281730669,1.7019025115037936,1.0,0.0,1.0,0.0,1.0,0.0,0.0,1.0,1.0,0.0,0.0,0.0,1.0,0.0,0.0,0.0,1.0,0.0,0.0,1.0,1.0,0.0,0.0,0.0,0.0,1.0,0.0,0.0,1.0,1.0,0.0,0.0,0.0,0.0,1.0,0.0,1.0,1.0,0.0,0.0,0.0,1.0,0.0,6.0,0.0,1.0,0.0,1.2069379542607857,0.0,1.0,0.0,0.0,1.0,0.0,0.0,1.0,0.0
0623-GDISB,0,-1.2774445836787656,-0.5421344319731216,-0.9859880008733318,1.0,0.0,1.0,0.0,1.0,0.0,0.0,1.0,1.0,0.0,0.0,1.0,0.0,0.0,0.0,0.0,1.0,1.0,0.0,0.0,1.0,0.0,0.0,1.0,0.0,0.0,1.0,0.0,0.0,1.0,0.0,0.0,1.0,0.0,0.0,0.0,1.0,1.0,0.0,0.0,0.0,1.0,0.0,3.0,1.0,0.0,0.0,0.7718440498091107,1.0,0.0,0.0,1.0,0.0,0.0,1.0,0.0,0.0
2892-GESUL,0,-0.5851984004382496,-1.5093002860698053,-0.870926309975171,1.0,0.0,0.0,1.0,0.0,1.0,0.0,1.0,1.0,0.0,0.0,0.0,0.0,1.0,0.0,1.0,0.0,0.0,1.0,0.0,0.0,1.0,0.0,0.0,1.0,0.0,0.0,1.0,0.0,0.0,1.0,0.0,0.0,0.0,1.0,1.0,0.0,0.0,0.0,0.0,1.0,1.0,0.0,1.0,1.0,0.0,0.0,1.4882581861518118,1.0,0.0,0.0,1.0,0.0,0.0,1.0,0.0,0.0
6923-EFPNL,0,-1.1552834925186746,-0.43245582996215753,-0.9186407343257695,0.0,1.0,1.0,0.0,1.0,0.0,0.0,1.0,0.0,0.0,1.0,1.0,0.0,0.0,1.0,0.0,0.0,1.0,0.0,0.0,1.0,0.0,0.0,1.0,0.0,0.0,1.0,0.0,0.0,1.0,0.0,0.0,1.0,0.0,0.0,1.0,0.0,0.0,1.0,0.0,0.0,0.0,1.0,3.0,1.0,0.0,0.0,0.7951647714821998,1.0,0.0,0.0,1.0,0.0,0.0,1.0,0.0,0.0
7472-EQOAV,1,1.5729808767233588,0.7291402731539627,1.7188882289101555,0.0,1.0,0.0,1.0,0.0,1.0,0.0,1.0,1.0,0.0,0.0,0.0,1.0,0.0,0.0,0.0,1.0,0.0,0.0,1.0,0.0,0.0,1.0,1.0,0.0,0.0,1.0,0.0,0.0,1.0,0.0,0.0,0.0,1.0,0.0,0.0,1.0,1.0,0.0,0.0,0.0,1.0,0.0,5.0,0.0,1.0,0.0,1.092758503517686,0.0,1.0,0.0,0.0,1.0,0.0,0.0,1.0,0.0
9574-RKJIF,0,-0.0965540357978854,0.9850570111795457,0.2450353236228066,0.0,1.0,0.0,1.0,0.0,1.0,0.0,1.0,0.0,0.0,1.0,0.0,1.0,0.0,0.0,0.0,1.0,0.0,0.0,1.0,1.0,0.0,0.0,1.0,0.0,0.0,0.0,0.0,1.0,1.0,0.0,0.0,1.0,0.0,0.0,0.0,1.0,0.0,0.0,1.0,0.0,0.0,1.0,6.0,0.0,0.0,1.0,-2.537805091189912,0.0,0.0,1.0,0.0,0.0,1.0,0.0,0.0,1.0
2043-WVTQJ,0,-1.2774445836787656,-0.3011738669490337,-0.9827893917513545,0.0,1.0,0.0,1.0,1.0,0.0,0.0,1.0,1.0,0.0,0.0,1.0,0.0,0.0,0.0,0.0,1.0,1.0,0.0,0.0,0.0,0.0,1.0,1.0,0.0,0.0,1.0,0.0,0.0,1.0,0.0,0.0,1.0,0.0,0.0,1.0,0.0,0.0,0.0,0.0,1.0,1.0,0.0,4.0,1.0,0.0,0.0,0.7693401375746042,1.0,0.0,0.0,1.0,0.0,0.0,1.0,0.0,0.0
8034-RYTVV,0,0.9214550572028734,0.6477122201458225,1.0176207531332138,1.0,0.0,1.0,0.0,1.0,0.0,0.0,1.0,0.0,0.0,1.0,0.0,1.0,0.0,0.0,0.0,1.0,1.0,0.0,0.0,0.0,0.0,1.0,1.0,0.0,0.0,1.0,0.0,0.0,1.0,0.0,0.0,0.0,1.0,0.0,0.0,1.0,0.0,1.0,0.0,0.0,1.0,0.0,5.0,0.0,1.0,0.0,1.1043628717197087,0.0,1.0,0.0,0.0,1.0,0.0,0.0,1.0,0.0
3863-QSTYI,0,1.0843365120829946,-0.003712203919297562,0.6406701829515091,0.0,1.0,1.0,0.0,1.0,0.0,0.0,1.0,1.0,0.0,0.0,1.0,0.0,0.0,1.0,0.0,0.0,1.0,0.0,0.0,0.0,0.0,1.0,0.0,0.0,1.0,0.0,0.0,1.0,1.0,0.0,0.0,1.0,0.0,0.0,0.0,1.0,0.0,0.0,1.0,0.0,1.0,0.0,5.0,0.0,1.0,0.0,0.5908407360744415,0.0,1.0,0.0,0.0,1.0,0.0,0.0,1.0,0.0
2619-WFQWU,0,-1.2774445836787656,0.179085466098976,-0.976414232880655,1.0,0.0,1.0,0.0,1.0,0.0,0.0,1.0,1.0,0.0,0.0,0.0,1.0,0.0,1.0,0.0,0.0,1.0,0.0,0.0,1.0,0.0,0.0,1.0,0.0,0.0,1.0,0.0,0.0,1.0,0.0,0.0,1.0,0.0,0.0,0.0,1.0,0.0,0.0,0.0,1.0,0.0,1.0,2.0,1.0,0.0,0.0,0.7643495814658293,1.0,0.0,0.0,1.0,0.0,0.0,1.0,0.0,0.0
5044-LRQAQ,0,-1.0331224013585834,0.14751132309581955,-0.7966744595987889,1.0,0.0,0.0,1.0,1.0,0.0,0.0,1.0,1.0,0.0,0.0,0.0,1.0,0.0,1.0,0.0,0.0,1.0,0.0,0.0,1.0,0.0,0.0,1.0,0.0,0.0,1.0,0.0,0.0,1.0,0.0,0.0,1.0,0.0,0.0,0.0,1.0,1.0,0.0,0.0,0.0,1.0,0.0,2.0,1.0,0.0,0.0,0.7711326930392186,1.0,0.0,0.0,1.0,0.0,0.0,1.0,0.0,0.0
1716-LSAMB,0,0.5142514200025698,-0.33607160395252245,0.11929689606921841,0.0,1.0,0.0,1.0,0.0,1.0,0.0,1.0,1.0,0.0,0.0,1.0,0.0,0.0,0.0,0.0,1.0,1.0,0.0,0.0,1.0,0.0,0.0,0.0,0.0,1.0,1.0,0.0,0.0,1.0,0.0,0.0,0.0,0.0,1.0,1.0,0.0,1.0,0.0,0.0,0.0,1.0,0.0,4.0,0.0,1.0,0.0,0.23198165611020044,0.0,1.0,0.0,0.0,1.0,0.0,0.0,1.0,0.0
1333-PBMXB,0,0.880734693482843,-1.329826210051864,-0.41522377727306137,1.0,0.0,0.0,1.0,0.0,1.0,0.0,1.0,0.0,0.0,1.0,0.0,0.0,1.0,0.0,1.0,0.0,0.0,1.0,0.0,0.0,1.0,0.0,0.0,1.0,0.0,0.0,1.0,0.0,0.0,1.0,0.0,0.0,1.0,0.0,0.0,1.0,1.0,0.0,0.0,0.0,1.0,0.0,2.0,0.0,1.0,0.0,-0.471451596429192,0.0,1.0,0.0,0.0,1.0,0.0,0.0,1.0,0.0
6546-OPBBH,0,0.758573602322752,-1.3564149620545218,-0.47072516038268036,0.0,1.0,0.0,1.0,0.0,1.0,0.0,1.0,0.0,0.0,1.0,0.0,0.0,1.0,0.0,1.0,0.0,0.0,1.0,0.0,0.0,1.0,0.0,0.0,1.0,0.0,0.0,1.0,0.0,0.0,1.0,0.0,0.0,1.0,0.0,0.0,1.0,0.0,0.0,0.0,1.0,1.0,0.0,2.0,0.0,1.0,0.0,-0.6205398644789645,0.0,1.0,0.0,0.0,1.0,0.0,0.0,1.0,0.0
5985-BEHZK,1,1.6137012404433893,1.3373579752147637,2.3359771363459583,1.0,0.0,0.0,1.0,1.0,0.0,0.0,1.0,0.0,0.0,1.0,0.0,1.0,0.0,1.0,0.0,0.0,0.0,0.0,1.0,0.0,0.0,1.0,1.0,0.0,0.0,0.0,0.0,1.0,0.0,0.0,1.0,0.0,1.0,0.0,1.0,0.0,0.0,1.0,0.0,0.0,1.0,0.0,7.0,0.0,1.0,0.0,1.4475896019662924,0.0,1.0,0.0,0.0,1.0,0.0,0.0,1.0,0.0
9127-QRZMH,0,0.47353105628253944,-0.16324471593524553,0.14146656619050896,0.0,1.0,0.0,1.0,1.0,0.0,0.0,1.0,1.0,0.0,0.0,1.0,0.0,0.0,0.0,0.0,1.0,0.0,0.0,1.0,1.0,0.0,0.0,0.0,0.0,1.0,1.0,0.0,0.0,1.0,0.0,0.0,0.0,1.0,0.0,0.0,1.0,1.0,0.0,0.0,0.0,1.0,0.0,5.0,0.0,0.0,1.0,0.29874823269479667,0.0,0.0,1.0,0.0,0.0,1.0,0.0,0.0,1.0
5919-VCZYM,0,-1.2367242199587352,-1.4860351280674797,-0.9885248287976586,0.0,1.0,1.0,0.0,1.0,0.0,0.0,1.0,1.0,0.0,0.0,0.0,0.0,1.0,0.0,1.0,0.0,0.0,1.0,0.0,0.0,1.0,0.0,0.0,1.0,0.0,0.0,1.0,0.0,0.0,1.0,0.0,1.0,0.0,0.0,1.0,0.0,0.0,0.0,0.0,1.0,1.0,0.0,1.0,1.0,0.0,0.0,0.799309023664663,1.0,0.0,0.0,1.0,0.0,0.0,1.0,0.0,0.0
9644-KVCNC,0,1.369379058123207,0.9102761461720702,1.6648648238086223,1.0,0.0,1.0,0.0,1.0,0.0,0.0,1.0,0.0,0.0,1.0,0.0,1.0,0.0,1.0,0.0,0.0,1.0,0.0,0.0,0.0,0.0,1.0,1.0,0.0,0.0,0.0,0.0,1.0,1.0,0.0,0.0,0.0,1.0,0.0,0.0,1.0,1.0,0.0,0.0,0.0,1.0,0.0,5.0,0.0,1.0,0.0,1.2157808416395612,0.0,1.0,0.0,0.0,1.0,0.0,0.0,1.0,0.0
2137-DQMEV,0,1.4508197855632678,-0.6634456129852487,0.30898544668909655,0.0,1.0,0.0,1.0,0.0,1.0,1.0,0.0,0.0,1.0,0.0,1.0,0.0,0.0,0.0,0.0,1.0,0.0,0.0,1.0,1.0,0.0,0.0,1.0,0.0,0.0,0.0,0.0,1.0,1.0,0.0,0.0,0.0,1.0,0.0,1.0,0.0,0.0,0.0,0.0,1.0,1.0,0.0,4.0,0.0,1.0,0.0,0.2129730031005441,0.0,1.0,0.0,0.0,1.0,0.0,0.0,1.0,0.0
8174-LNWMW,0,-0.055833672077855064,-1.4577845790646555,-0.7032309544905434,1.0,0.0,1.0,0.0,1.0,0.0,0.0,1.0,1.0,0.0,0.0,0.0,0.0,1.0,0.0,1.0,0.0,0.0,1.0,0.0,0.0,1.0,0.0,0.0,1.0,0.0,0.0,1.0,0.0,0.0,1.0,0.0,0.0,0.0,1.0,1.0,0.0,0.0,1.0,0.0,0.0,1.0,0.0,1.0,0.0,0.0,1.0,12.59510485912427,0.0,0.0,1.0,0.0,0.0,1.0,0.0,0.0,1.0
9279-CJEOJ,1,-0.46303730927815856,1.0182929511828682,-0.11391479798280511,1.0,0.0,1.0,0.0,1.0,0.0,0.0,1.0,0.0,0.0,1.0,0.0,1.0,0.0,1.0,0.0,0.0,1.0,0.0,0.0,1.0,0.0,0.0,1.0,0.0,0.0,0.0,0.0,1.0,0.0,0.0,1.0,1.0,0.0,0.0,0.0,1.0,1.0,0.0,0.0,0.0,1.0,0.0,5.0,0.0,0.0,1.0,0.24601645634212496,0.0,0.0,1.0,0.0,0.0,1.0,0.0,0.0,1.0
7964-VEXDG,0,-0.46303730927815856,0.5180920541328647,-0.23652079453418104,0.0,1.0,1.0,0.0,0.0,1.0,0.0,1.0,0.0,0.0,1.0,0.0,1.0,0.0,0.0,0.0,1.0,1.0,0.0,0.0,1.0,0.0,0.0,1.0,0.0,0.0,1.0,0.0,0.0,1.0,0.0,0.0,1.0,0.0,0.0,1.0,0.0,0.0,0.0,1.0,0.0,1.0,0.0,4.0,0.0,0.0,1.0,0.5108028873589036,0.0,0.0,1.0,0.0,0.0,1.0,0.0,0.0,1.0
2404-JIBFC,0,0.9214550572028734,0.6759627691486464,1.0476656195065446,1.0,0.0,0.0,1.0,0.0,1.0,0.0,1.0,0.0,0.0,1.0,1.0,0.0,0.0,0.0,0.0,1.0,1.0,0.0,0.0,0.0,0.0,1.0,0.0,0.0,1.0,0.0,0.0,1.0,0.0,0.0,1.0,0.0,0.0,1.0,0.0,1.0,1.0,0.0,0.0,0.0,1.0,0.0,8.0,0.0,1.0,0.0,1.1369687662106822,0.0,1.0,0.0,0.0,1.0,0.0,0.0,1.0,0.0
0778-NELLA,0,-0.9516816739185228,-0.9991286070188055,-0.8767279251412401,0.0,1.0,1.0,0.0,1.0,0.0,1.0,0.0,0.0,1.0,0.0,1.0,0.0,0.0,1.0,0.0,0.0,1.0,0.0,0.0,1.0,0.0,0.0,1.0,0.0,0.0,0.0,0.0,1.0,1.0,0.0,0.0,1.0,0.0,0.0,0.0,1.0,0.0,1.0,0.0,0.0,0.0,1.0,2.0,1.0,0.0,0.0,0.9212407353935242,1.0,0.0,0.0,1.0,0.0,0.0,1.0,0.0,0.0
8029-XYPWT,1,1.5729808767233588,1.6713791722481544,2.529459899165699,0.0,1.0,0.0,1.0,1.0,0.0,0.0,1.0,0.0,0.0,1.0,0.0,1.0,0.0,0.0,0.0,1.0,0.0,0.0,1.0,0.0,0.0,1.0,0.0,0.0,1.0,0.0,0.0,1.0,0.0,0.0,1.0,0.0,0.0,1.0,0.0,1.0,1.0,0.0,0.0,0.0,1.0,0.0,9.0,0.0,1.0,0.0,1.6080678008207958,0.0,1.0,0.0,0.0,1.0,0.0,0.0,1.0,0.0
4614-NUVZD,0,-1.2774445836787656,0.5430190091353566,-0.9715832301378067,1.0,0.0,1.0,0.0,1.0,0.0,0.0,1.0,1.0,0.0,0.0,0.0,1.0,0.0,1.0,0.0,0.0,1.0,0.0,0.0,1.0,0.0,0.0,1.0,0.0,0.0,1.0,0.0,0.0,0.0,0.0,1.0,1.0,0.0,0.0,0.0,1.0,0.0,0.0,1.0,0.0,0.0,1.0,3.0,1.0,0.0,0.0,0.7605678105737127,1.0,0.0,0.0,1.0,0.0,0.0,1.0,0.0,0.0
4632-PAOYU,0,-0.4223169455581282,-1.4893587220678117,-0.8161087674364575,0.0,1.0,0.0,1.0,0.0,1.0,0.0,1.0,1.0,0.0,0.0,0.0,0.0,1.0,0.0,1.0,0.0,0.0,1.0,0.0,0.0,1.0,0.0,0.0,1.0,0.0,0.0,1.0,0.0,0.0,1.0,0.0,0.0,1.0,0.0,1.0,0.0,0.0,0.0,0.0,1.0,1.0,0.0,1.0,0.0,0.0,1.0,1.9324556497677343,0.0,0.0,1.0,0.0,0.0,1.0,0.0,0.0,1.0
3803-KMQFW,0,-1.2774445836787656,-1.4694171580658184,-0.9982971311496303,1.0,0.0,0.0,1.0,0.0,1.0,0.0,1.0,1.0,0.0,0.0,0.0,0.0,1.0,0.0,1.0,0.0,0.0,1.0,0.0,0.0,1.0,0.0,0.0,1.0,0.0,0.0,1.0,0.0,0.0,1.0,0.0,1.0,0.0,0.0,1.0,0.0,0.0,0.0,0.0,1.0,0.0,1.0,1.0,1.0,0.0,0.0,0.7814797948219009,1.0,0.0,0.0,1.0,0.0,0.0,1.0,0.0,0.0
6804-GDMOI,0,1.1657772395230555,1.3905354792200795,1.8287659670933873,1.0,0.0,1.0,0.0,1.0,0.0,0.0,1.0,0.0,0.0,1.0,0.0,1.0,0.0,1.0,0.0,0.0,1.0,0.0,0.0,0.0,0.0,1.0,0.0,0.0,1.0,0.0,0.0,1.0,0.0,0.0,1.0,0.0,0.0,1.0,0.0,1.0,0.0,0.0,1.0,0.0,0.0,1.0,7.0,0.0,1.0,0.0,1.5687096171491346,0.0,1.0,0.0,0.0,1.0,0.0,0.0,1.0,0.0
2990-OGYTD,0,1.4100994218432374,0.7108605061521354,1.588517332973014,1.0,0.0,0.0,1.0,1.0,0.0,0.0,1.0,0.0,0.0,1.0,1.0,0.0,0.0,1.0,0.0,0.0,0.0,0.0,1.0,0.0,0.0,1.0,0.0,0.0,1.0,0.0,0.0,1.0,0.0,0.0,1.0,0.0,0.0,1.0,1.0,0.0,1.0,0.0,0.0,0.0,1.0,0.0,8.0,0.0,1.0,0.0,1.126528603845929,0.0,1.0,0.0,0.0,1.0,0.0,0.0,1.0,0.0
6646-JPPHA,1,-0.748079855318371,0.46823814412788106,-0.5468520574857387,1.0,0.0,1.0,0.0,1.0,0.0,0.0,1.0,1.0,0.0,0.0,0.0,1.0,0.0,0.0,0.0,1.0,0.0,0.0,1.0,1.0,0.0,0.0,1.0,0.0,0.0,1.0,0.0,0.0,1.0,0.0,0.0,1.0,0.0,0.0,1.0,0.0,0.0,0.0,1.0,0.0,1.0,0.0,4.0,1.0,0.0,0.0,0.7310075971140904,1.0,0.0,0.0,1.0,0.0,0.0,1.0,0.0,0.0
9572-MTILT,0,1.0843365120829946,1.395520870220578,1.751337566968283,0.0,1.0,0.0,1.0,1.0,0.0,0.0,1.0,0.0,0.0,1.0,0.0,1.0,0.0,0.0,0.0,1.0,0.0,0.0,1.0,0.0,0.0,1.0,0.0,0.0,1.0,0.0,0.0,1.0,1.0,0.0,0.0,1.0,0.0,0.0,0.0,1.0,0.0,0.0,1.0,0.0,0.0,1.0,8.0,0.0,1.0,0.0,1.615123670053302,0.0,1.0,0.0,0.0,1.0,0.0,0.0,1.0,0.0
7658-UYUQS,1,-0.46303730927815856,0.7241548821534641,-0.18796811399989202,0.0,1.0,0.0,1.0,1.0,0.0,0.0,1.0,1.0,0.0,0.0,0.0,1.0,0.0,1.0,0.0,0.0,1.0,0.0,0.0,0.0,0.0,1.0,1.0,0.0,0.0,0.0,0.0,1.0,1.0,0.0,0.0,1.0,0.0,0.0,1.0,0.0,1.0,0.0,0.0,0.0,1.0,0.0,4.0,0.0,0.0,1.0,0.4059459361771962,0.0,0.0,1.0,0.0,0.0,1.0,0.0,0.0,1.0
7880-XSOJX,0,-1.1552834925186746,-0.7432118689932226,-0.9427736886667564,0.0,1.0,1.0,0.0,1.0,0.0,1.0,0.0,0.0,1.0,0.0,1.0,0.0,0.0,0.0,0.0,1.0,0.0,0.0,1.0,1.0,0.0,0.0,0.0,0.0,1.0,1.0,0.0,0.0,1.0,0.0,0.0,1.0,0.0,0.0,1.0,0.0,0.0,0.0,0.0,1.0,1.0,0.0,4.0,1.0,0.0,0.0,0.8160539770298127,1.0,0.0,0.0,1.0,0.0,0.0,1.0,0.0,0.0
9611-CTWIH,0,-1.1960038562387048,0.8205391081630994,-0.9012800075740722,1.0,0.0,1.0,0.0,1.0,0.0,0.0,1.0,1.0,0.0,0.0,0.0,1.0,0.0,1.0,0.0,0.0,1.0,0.0,0.0,1.0,0.0,0.0,1.0,0.0,0.0,0.0,0.0,1.0,0.0,0.0,1.0,1.0,0.0,0.0,0.0,1.0,0.0,0.0,1.0,0.0,0.0,1.0,4.0,1.0,0.0,0.0,0.753576171910093,1.0,0.0,0.0,1.0,0.0,0.0,1.0,0.0,0.0
4589-IUAJB,0,1.5322605130033284,-1.3464441800535252,-0.24669016560474316,0.0,1.0,0.0,1.0,1.0,0.0,0.0,1.0,0.0,0.0,1.0,0.0,0.0,1.0,0.0,1.0,0.0,0.0,1.0,0.0,0.0,1.0,0.0,0.0,1.0,0.0,0.0,1.0,0.0,0.0,1.0,0.0,0.0,0.0,1.0,1.0,0.0,1.0,0.0,0.0,0.0,1.0,0.0,2.0,0.0,1.0,0.0,-0.1609975350217795,0.0,1.0,0.0,0.0,1.0,0.0,0.0,1.0,0.0
0329-GTIAJ,0,-1.1960038562387048,1.1013828011911744,-0.8682571258113142,1.0,0.0,1.0,0.0,1.0,0.0,0.0,1.0,1.0,0.0,0.0,0.0,1.0,0.0,1.0,0.0,0.0,0.0,0.0,1.0,1.0,0.0,0.0,0.0,0.0,1.0,0.0,0.0,1.0,0.0,0.0,1.0,1.0,0.0,0.0,0.0,1.0,0.0,0.0,1.0,0.0,0.0,1.0,6.0,1.0,0.0,0.0,0.7259651557829282,1.0,0.0,0.0,1.0,0.0,0.0,1.0,0.0,0.0
8746-BFOAJ,1,-0.46303730927815856,-1.4710789550659844,-0.8178514579236038,0.0,1.0,1.0,0.0,1.0,0.0,0.0,1.0,1.0,0.0,0.0,0.0,0.0,1.0,0.0,1.0,0.0,0.0,1.0,0.0,0.0,1.0,0.0,0.0,1.0,0.0,0.0,1.0,0.0,0.0,1.0,0.0,0.0,1.0,0.0,1.0,0.0,1.0,0.0,0.0,0.0,1.0,0.0,1.0,0.0,0.0,1.0,1.76627550639186,0.0,0.0,1.0,0.0,0.0,1.0,0.0,0.0,1.0
8457-XIGKN,0,-0.5037576729981889,-1.5009913010689746,-0.8502346178619664,0.0,1.0,1.0,0.0,1.0,0.0,0.0,1.0,1.0,0.0,0.0,0.0,0.0,1.0,0.0,1.0,0.0,0.0,1.0,0.0,0.0,1.0,0.0,0.0,1.0,0.0,0.0,1.0,0.0,0.0,1.0,0.0,1.0,0.0,0.0,0.0,1.0,0.0,1.0,0.0,0.0,1.0,0.0,1.0,1.0,0.0,0.0,1.6877849478731874,1.0,0.0,0.0,1.0,0.0,0.0,1.0,0.0,0.0
6072-NUQCB,0,-0.4223169455581282,-1.479387940066815,-0.7919537537222157,0.0,1.0,0.0,1.0,0.0,1.0,0.0,1.0,1.0,0.0,0.0,0.0,0.0,1.0,0.0,1.0,0.0,0.0,1.0,0.0,0.0,1.0,0.0,0.0,1.0,0.0,0.0,1.0,0.0,0.0,1.0,0.0,0.0,1.0,0.0,1.0,0.0,1.0,0.0,0.0,0.0,1.0,0.0,1.0,0.0,0.0,1.0,1.8752592384745077,0.0,0.0,1.0,0.0,0.0,1.0,0.0,0.0,1.0
6629-CZTTH,0,-1.2774445836787656,-0.3011738669490337,-0.9827893917513545,0.0,1.0,1.0,0.0,1.0,0.0,0.0,1.0,1.0,0.0,0.0,1.0,0.0,0.0,1.0,0.0,0.0,1.0,0.0,0.0,1.0,0.0,0.0,1.0,0.0,0.0,1.0,0.0,0.0,0.0,0.0,1.0,1.0,0.0,0.0,0.0,1.0,0.0,0.0,0.0,1.0,0.0,1.0,3.0,1.0,0.0,0.0,0.7693401375746042,1.0,0.0,0.0,1.0,0.0,0.0,1.0,0.0,0.0
8838-GPHZP,0,1.247217966963116,-1.4677553610656522,-0.4343933726316698,1.0,0.0,1.0,0.0,1.0,0.0,0.0,1.0,1.0,0.0,0.0,0.0,0.0,1.0,0.0,1.0,0.0,0.0,1.0,0.0,0.0,1.0,0.0,0.0,1.0,0.0,0.0,1.0,0.0,0.0,1.0,0.0,0.0,0.0,1.0,0.0,1.0,0.0,0.0,0.0,1.0,1.0,0.0,1.0,0.0,1.0,0.0,-0.34828986122560895,0.0,1.0,0.0,0.0,1.0,0.0,0.0,1.0,0.0
8750-QWZAJ,0,1.5322605130033284,-1.4943441130683104,-0.39907631605039007,1.0,0.0,0.0,1.0,0.0,1.0,0.0,1.0,1.0,0.0,0.0,0.0,0.0,1.0,0.0,1.0,0.0,0.0,1.0,0.0,0.0,1.0,0.0,0.0,1.0,0.0,0.0,1.0,0.0,0.0,1.0,0.0,0.0,0.0,1.0,1.0,0.0,1.0,0.0,0.0,0.0,1.0,0.0,1.0,0.0,1.0,0.0,-0.2604493900767403,0.0,1.0,0.0,0.0,1.0,0.0,0.0,1.0,0.0
5364-EVNIB,0,-0.7888002190384014,0.4998122871310375,-0.5778895956555454,0.0,1.0,1.0,0.0,1.0,0.0,0.0,1.0,1.0,0.0,0.0,0.0,1.0,0.0,1.0,0.0,0.0,0.0,0.0,1.0,0.0,0.0,1.0,1.0,0.0,0.0,1.0,0.0,0.0,1.0,0.0,0.0,1.0,0.0,0.0,0.0,1.0,0.0,0.0,1.0,0.0,0.0,1.0,4.0,1.0,0.0,0.0,0.7326184523123362,1.0,0.0,0.0,1.0,0.0,0.0,1.0,0.0,0.0
6918-UMQCG,0,-1.1145631287986442,0.5131066631323666,-0.8378372500926478,1.0,0.0,1.0,0.0,1.0,0.0,0.0,1.0,1.0,0.0,0.0,0.0,1.0,0.0,1.0,0.0,0.0,1.0,0.0,0.0,1.0,0.0,0.0,1.0,0.0,0.0,0.0,0.0,1.0,1.0,0.0,0.0,1.0,0.0,0.0,1.0,0.0,0.0,0.0,1.0,0.0,1.0,0.0,3.0,1.0,0.0,0.0,0.7517180754002949,1.0,0.0,0.0,1.0,0.0,0.0,1.0,0.0,0.0
0675-NCDYU,0,1.6137012404433893,1.7162476912526399,2.761811277660777,1.0,0.0,0.0,1.0,0.0,1.0,0.0,1.0,0.0,0.0,1.0,0.0,1.0,0.0,0.0,0.0,1.0,0.0,0.0,1.0,0.0,0.0,1.0,0.0,0.0,1.0,0.0,0.0,1.0,0.0,0.0,1.0,0.0,0.0,1.0,0.0,1.0,0.0,1.0,0.0,0.0,1.0,0.0,9.0,0.0,1.0,0.0,1.7114762066502016,0.0,1.0,0.0,0.0,1.0,0.0,0.0,1.0,0.0
6339-DKLMK,0,-0.7888002190384014,-1.1004982240289392,-0.8353224815415761,1.0,0.0,1.0,0.0,1.0,0.0,1.0,0.0,0.0,1.0,0.0,1.0,0.0,0.0,1.0,0.0,0.0,0.0,0.0,1.0,1.0,0.0,0.0,1.0,0.0,0.0,1.0,0.0,0.0,1.0,0.0,0.0,1.0,0.0,0.0,0.0,1.0,0.0,0.0,1.0,0.0,1.0,0.0,2.0,1.0,0.0,0.0,1.0589785111366834,1.0,0.0,0.0,1.0,0.0,0.0,1.0,0.0,0.0
1346-PJWTK,0,1.1657772395230555,0.9767480261787151,1.5214568382777671,0.0,1.0,0.0,1.0,1.0,0.0,0.0,1.0,1.0,0.0,0.0,0.0,1.0,0.0,1.0,0.0,0.0,0.0,0.0,1.0,0.0,0.0,1.0,0.0,0.0,1.0,1.0,0.0,0.0,0.0,0.0,1.0,1.0,0.0,0.0,1.0,0.0,0.0,1.0,0.0,0.0,1.0,0.0,6.0,0.0,1.0,0.0,1.3051008260379382,0.0,1.0,0.0,0.0,1.0,0.0,0.0,1.0,0.0
5088-QZLRL,0,-1.2774445836787656,-1.4660935640654862,-0.9982530124031203,0.0,1.0,1.0,0.0,1.0,0.0,0.0,1.0,1.0,0.0,0.0,0.0,0.0,1.0,0.0,1.0,0.0,0.0,1.0,0.0,0.0,1.0,0.0,0.0,1.0,0.0,0.0,1.0,0.0,0.0,1.0,0.0,1.0,0.0,0.0,1.0,0.0,0.0,0.0,1.0,0.0,1.0,0.0,1.0,1.0,0.0,0.0,0.781445258101425,1.0,0.0,0.0,1.0,0.0,0.0,1.0,0.0,0.0
8023-QHAIO,1,0.9621754209229036,0.4017662641212361,0.8790437703452063,1.0,0.0,0.0,1.0,1.0,0.0,0.0,1.0,0.0,0.0,1.0,0.0,1.0,0.0,1.0,0.0,0.0,1.0,0.0,0.0,1.0,0.0,0.0,0.0,0.0,1.0,1.0,0.0,0.0,1.0,0.0,0.0,1.0,0.0,0.0,0.0,1.0,1.0,0.0,0.0,0.0,1.0,0.0,4.0,0.0,1.0,0.0,0.9136003178111132,0.0,1.0,0.0,0.0,1.0,0.0,0.0,1.0,0.0
4397-FRLTA,0,-1.1552834925186746,-1.4827115340671475,-0.9700831927564656,1.0,0.0,1.0,0.0,1.0,0.0,0.0,1.0,1.0,0.0,0.0,0.0,0.0,1.0,0.0,1.0,0.0,0.0,1.0,0.0,0.0,1.0,0.0,0.0,1.0,0.0,0.0,1.0,0.0,0.0,1.0,0.0,1.0,0.0,0.0,1.0,0.0,0.0,0.0,0.0,1.0,1.0,0.0,1.0,1.0,0.0,0.0,0.8396927672198906,1.0,0.0,0.0,1.0,0.0,0.0,1.0,0.0,0.0
3057-VJJQE,0,0.10704778280226633,-0.3161300399505289,-0.15847473195793638,0.0,1.0,1.0,0.0,1.0,0.0,0.0,1.0,0.0,0.0,1.0,1.0,0.0,0.0,0.0,0.0,1.0,1.0,0.0,0.0,1.0,0.0,0.0,1.0,0.0,0.0,1.0,0.0,0.0,1.0,0.0,0.0,0.0,0.0,1.0,1.0,0.0,0.0,0.0,0.0,1.0,1.0,0.0,4.0,0.0,0.0,1.0,-1.4804111566762994,0.0,0.0,1.0,0.0,0.0,1.0,0.0,0.0,1.0
5087-SUURX,0,-0.5851984004382496,-0.8545522680043529,-0.7118341100599994,1.0,0.0,0.0,1.0,1.0,0.0,1.0,0.0,0.0,1.0,0.0,1.0,0.0,0.0,1.0,0.0,0.0,1.0,0.0,0.0,0.0,0.0,1.0,1.0,0.0,0.0,0.0,0.0,1.0,1.0,0.0,0.0,1.0,0.0,0.0,0.0,1.0,0.0,0.0,1.0,0.0,0.0,1.0,3.0,1.0,0.0,0.0,1.2163979080033602,1.0,0.0,0.0,1.0,0.0,0.0,1.0,0.0,0.0
2302-OUZXB,0,1.6137012404433893,0.5779167461388456,1.5445971208222782,0.0,1.0,0.0,1.0,1.0,0.0,0.0,1.0,0.0,0.0,1.0,1.0,0.0,0.0,1.0,0.0,0.0,0.0,0.0,1.0,0.0,0.0,1.0,1.0,0.0,0.0,0.0,0.0,1.0,0.0,0.0,1.0,0.0,0.0,1.0,1.0,0.0,1.0,0.0,0.0,0.0,1.0,0.0,7.0,0.0,1.0,0.0,0.9571766335123324,0.0,1.0,0.0,0.0,1.0,0.0,0.0,1.0,0.0
8133-ANHHJ,1,0.6771328748826912,1.2708860952081187,1.2718991486437767,1.0,0.0,1.0,0.0,1.0,0.0,0.0,1.0,0.0,0.0,1.0,0.0,1.0,0.0,0.0,0.0,1.0,0.0,0.0,1.0,0.0,0.0,1.0,0.0,0.0,1.0,1.0,0.0,0.0,0.0,0.0,1.0,0.0,1.0,0.0,1.0,0.0,1.0,0.0,0.0,0.0,1.0,0.0,8.0,0.0,1.0,0.0,1.878359766337035,0.0,1.0,0.0,0.0,1.0,0.0,0.0,1.0,0.0
2270-CHBFN,0,0.47353105628253944,1.0083221691818711,0.7841002278556198,1.0,0.0,0.0,1.0,1.0,0.0,0.0,1.0,0.0,0.0,1.0,0.0,1.0,0.0,0.0,0.0,1.0,0.0,0.0,1.0,0.0,0.0,1.0,0.0,0.0,1.0,1.0,0.0,0.0,1.0,0.0,0.0,1.0,0.0,0.0,0.0,1.0,0.0,1.0,0.0,0.0,1.0,0.0,7.0,0.0,0.0,1.0,1.6558580846021103,0.0,0.0,1.0,0.0,0.0,1.0,0.0,0.0,1.0
0013-EXCHZ,1,-1.1960038562387048,0.6360796411446599,-0.8893900053896189,1.0,0.0,0.0,1.0,1.0,0.0,0.0,1.0,1.0,0.0,0.0,0.0,1.0,0.0,1.0,0.0,0.0,1.0,0.0,0.0,1.0,0.0,0.0,0.0,0.0,1.0,0.0,0.0,1.0,1.0,0.0,0.0,1.0,0.0,0.0,0.0,1.0,0.0,0.0,0.0,1.0,0.0,1.0,4.0,1.0,0.0,0.0,0.7436347305657096,1.0,0.0,0.0,1.0,0.0,0.0,1.0,0.0,0.0
5982-FPVQN,0,0.18848851024232702,1.0099839661820376,0.5512856025221864,1.0,0.0,0.0,1.0,0.0,1.0,0.0,1.0,0.0,0.0,1.0,0.0,1.0,0.0,1.0,0.0,0.0,0.0,0.0,1.0,0.0,0.0,1.0,1.0,0.0,0.0,1.0,0.0,0.0,0.0,0.0,1.0,1.0,0.0,0.0,0.0,1.0,0.0,0.0,1.0,0.0,1.0,0.0,6.0,0.0,0.0,1.0,2.9247703311646718,0.0,0.0,1.0,0.0,0.0,1.0,0.0,0.0,1.0
9107-UKCKY,0,1.1657772395230555,0.4998122871310375,1.160984619917559,0.0,1.0,0.0,1.0,1.0,0.0,0.0,1.0,0.0,0.0,1.0,1.0,0.0,0.0,1.0,0.0,0.0,0.0,0.0,1.0,0.0,0.0,1.0,1.0,0.0,0.0,0.0,0.0,1.0,0.0,0.0,1.0,0.0,1.0,0.0,0.0,1.0,0.0,0.0,1.0,0.0,1.0,0.0,7.0,0.0,1.0,0.0,0.9958889061794883,0.0,1.0,0.0,0.0,1.0,0.0,0.0,1.0,0.0
4654-ULTTN,0,1.5322605130033284,0.33363258711442517,1.3379007934227833,0.0,1.0,0.0,1.0,1.0,0.0,0.0,1.0,0.0,0.0,1.0,1.0,0.0,0.0,0.0,0.0,1.0,1.0,0.0,0.0,0.0,0.0,1.0,0.0,0.0,1.0,1.0,0.0,0.0,0.0,0.0,1.0,0.0,0.0,1.0,0.0,1.0,0.0,1.0,0.0,0.0,1.0,0.0,7.0,0.0,1.0,0.0,0.8731549120197664,0.0,1.0,0.0,0.0,1.0,0.0,0.0,1.0,0.0
5550-VFRLC,1,-1.2774445836787656,0.16911468409797886,-0.9765465891201851,1.0,0.0,1.0,0.0,1.0,0.0,0.0,1.0,1.0,0.0,0.0,0.0,1.0,0.0,1.0,0.0,0.0,1.0,0.0,0.0,1.0,0.0,0.0,1.0,0.0,0.0,1.0,0.0,0.0,1.0,0.0,0.0,1.0,0.0,0.0,0.0,1.0,0.0,0.0,1.0,0.0,0.0,1.0,2.0,1.0,0.0,0.0,0.7644531916272571,1.0,0.0,0.0,1.0,0.0,0.0,1.0,0.0,0.0
5546-BYZSM,0,0.35136996512244845,-1.4727407520661506,-0.6651785356256418,1.0,0.0,1.0,0.0,1.0,0.0,0.0,1.0,1.0,0.0,0.0,0.0,0.0,1.0,0.0,1.0,0.0,0.0,1.0,0.0,0.0,1.0,0.0,0.0,1.0,0.0,0.0,1.0,0.0,0.0,1.0,0.0,1.0,0.0,0.0,1.0,0.0,0.0,0.0,1.0,0.0,1.0,0.0,1.0,0.0,0.0,1.0,-1.893100155540712,0.0,0.0,1.0,0.0,0.0,1.0,0.0,0.0,1.0
1492-KGETH,0,1.5322605130033284,0.4516201741262198,1.3953213420055883,0.0,1.0,0.0,1.0,0.0,1.0,0.0,1.0,0.0,0.0,1.0,1.0,0.0,0.0,0.0,0.0,1.0,0.0,0.0,1.0,0.0,0.0,1.0,0.0,0.0,1.0,1.0,0.0,0.0,0.0,0.0,1.0,0.0,1.0,0.0,1.0,0.0,1.0,0.0,0.0,0.0,1.0,0.0,8.0,0.0,1.0,0.0,0.9106293154227864,0.0,1.0,0.0,0.0,1.0,0.0,0.0,1.0,0.0
4929-BSTRX,0,-1.2774445836787656,-0.3726311379561772,-0.98373794480132,1.0,0.0,1.0,0.0,1.0,0.0,0.0,1.0,1.0,0.0,0.0,1.0,0.0,0.0,1.0,0.0,0.0,1.0,0.0,0.0,1.0,0.0,0.0,1.0,0.0,0.0,0.0,0.0,1.0,1.0,0.0,0.0,1.0,0.0,0.0,0.0,1.0,0.0,0.0,0.0,1.0,0.0,1.0,3.0,1.0,0.0,0.0,0.770082677064837,1.0,0.0,0.0,1.0,0.0,0.0,1.0,0.0,0.0
4163-HFTUK,0,0.758573602322752,-1.517609271070636,-0.5627348062293499,0.0,1.0,1.0,0.0,1.0,0.0,0.0,1.0,1.0,0.0,0.0,0.0,0.0,1.0,0.0,1.0,0.0,0.0,1.0,0.0,0.0,1.0,0.0,0.0,1.0,0.0,0.0,1.0,0.0,0.0,1.0,0.0,0.0,1.0,0.0,1.0,0.0,0.0,0.0,1.0,0.0,1.0,0.0,1.0,0.0,1.0,0.0,-0.7418328353455172,0.0,1.0,0.0,0.0,1.0,0.0,0.0,1.0,0.0
8215-NGSPE,0,0.3920903288424788,-1.4876969250676457,-0.6396117220230788,1.0,0.0,0.0,1.0,0.0,1.0,0.0,1.0,1.0,0.0,0.0,0.0,0.0,1.0,0.0,1.0,0.0,0.0,1.0,0.0,0.0,1.0,0.0,0.0,1.0,0.0,0.0,1.0,0.0,0.0,1.0,0.0,0.0,0.0,1.0,1.0,0.0,0.0,0.0,0.0,1.0,1.0,0.0,1.0,0.0,0.0,1.0,-1.6312866576212877,0.0,0.0,1.0,0.0,0.0,1.0,0.0,0.0,1.0
2225-ZRGSG,0,1.5322605130033284,0.9684390411778845,1.8952308587107491,1.0,0.0,0.0,1.0,0.0,1.0,0.0,1.0,0.0,0.0,1.0,0.0,1.0,0.0,0.0,0.0,1.0,0.0,0.0,1.0,0.0,0.0,1.0,0.0,0.0,1.0,1.0,0.0,0.0,1.0,0.0,0.0,0.0,0.0,1.0,1.0,0.0,1.0,0.0,0.0,0.0,0.0,1.0,7.0,0.0,1.0,0.0,1.2368855312964866,0.0,1.0,0.0,0.0,1.0,0.0,0.0,1.0,0.0
8859-YSTWS,0,0.6364125111626608,-1.4893587220678117,-0.5641907248641809,0.0,1.0,1.0,0.0,1.0,0.0,0.0,1.0,1.0,0.0,0.0,0.0,0.0,1.0,0.0,1.0,0.0,0.0,1.0,0.0,0.0,1.0,0.0,0.0,1.0,0.0,0.0,1.0,0.0,0.0,1.0,0.0,0.0,1.0,0.0,1.0,0.0,1.0,0.0,0.0,0.0,1.0,0.0,1.0,0.0,1.0,0.0,-0.8865173373689054,0.0,1.0,0.0,0.0,1.0,0.0,0.0,1.0,0.0
5271-YNWVR,0,1.4508197855632678,1.608230886241842,2.458605192270589,0.0,1.0,0.0,1.0,0.0,1.0,0.0,1.0,0.0,0.0,1.0,0.0,1.0,0.0,0.0,0.0,1.0,0.0,0.0,1.0,0.0,0.0,1.0,0.0,0.0,1.0,0.0,0.0,1.0,0.0,0.0,1.0,0.0,0.0,1.0,0.0,1.0,0.0,0.0,1.0,0.0,0.0,1.0,9.0,0.0,1.0,0.0,1.694631694946218,0.0,1.0,0.0,0.0,1.0,0.0,0.0,1.0,0.0
7601-DHFWZ,0,0.6364125111626608,-1.3547531650543558,-0.48541670297052064,1.0,0.0,1.0,0.0,1.0,0.0,0.0,1.0,0.0,0.0,1.0,0.0,0.0,1.0,0.0,1.0,0.0,0.0,1.0,0.0,0.0,1.0,0.0,0.0,1.0,0.0,0.0,1.0,0.0,0.0,1.0,0.0,0.0,0.0,1.0,1.0,0.0,0.0,1.0,0.0,0.0,1.0,0.0,2.0,0.0,1.0,0.0,-0.7627390952508363,0.0,1.0,0.0,0.0,1.0,0.0,0.0,1.0,0.0
2657-ALMWY,1,-0.2594354906780068,0.6709773781481484,-0.050097031156045316,1.0,0.0,0.0,1.0,1.0,0.0,0.0,1.0,1.0,0.0,0.0,0.0,1.0,0.0,1.0,0.0,0.0,0.0,0.0,1.0,1.0,0.0,0.0,1.0,0.0,0.0,1.0,0.0,0.0,0.0,0.0,1.0,1.0,0.0,0.0,1.0,0.0,0.0,0.0,1.0,0.0,0.0,1.0,4.0,0.0,0.0,1.0,0.19310014611001025,0.0,0.0,1.0,0.0,0.0,1.0,0.0,0.0,1.0
6330-JKLPC,0,-0.8702409464784621,0.5230774451333633,-0.6116624961089742,0.0,1.0,0.0,1.0,1.0,0.0,0.0,1.0,0.0,0.0,1.0,0.0,1.0,0.0,1.0,0.0,0.0,0.0,0.0,1.0,1.0,0.0,0.0,1.0,0.0,0.0,1.0,0.0,0.0,1.0,0.0,0.0,1.0,0.0,0.0,0.0,1.0,1.0,0.0,0.0,0.0,0.0,1.0,4.0,1.0,0.0,0.0,0.7028656817219902,1.0,0.0,0.0,1.0,0.0,0.0,1.0,0.0,0.0
4667-OHGKG,0,-1.2774445836787656,-1.5109620830699715,-0.9988486154810057,0.0,1.0,1.0,0.0,1.0,0.0,0.0,1.0,1.0,0.0,0.0,0.0,0.0,1.0,0.0,1.0,0.0,0.0,1.0,0.0,0.0,1.0,0.0,0.0,1.0,0.0,0.0,1.0,0.0,0.0,1.0,0.0,1.0,0.0,0.0,0.0,1.0,0.0,0.0,0.0,1.0,0.0,1.0,1.0,1.0,0.0,0.0,0.7819115038278502,1.0,0.0,0.0,1.0,0.0,0.0,1.0,0.0,0.0
1998-VHJHK,0,-0.21871512695797646,-1.51594747407047,-0.7861741979294016,1.0,0.0,1.0,0.0,1.0,0.0,0.0,1.0,1.0,0.0,0.0,0.0,0.0,1.0,0.0,1.0,0.0,0.0,1.0,0.0,0.0,1.0,0.0,0.0,1.0,0.0,0.0,1.0,0.0,0.0,1.0,0.0,0.0,1.0,0.0,1.0,0.0,0.0,0.0,0.0,1.0,1.0,0.0,1.0,0.0,0.0,1.0,3.594512226310052,0.0,0.0,1.0,0.0,0.0,1.0,0.0,0.0,1.0
1707-HABPF,1,0.5549717837226001,0.8820255971692458,0.8131303630592203,1.0,0.0,1.0,0.0,1.0,0.0,0.0,1.0,1.0,0.0,0.0,0.0,1.0,0.0,1.0,0.0,0.0,0.0,0.0,1.0,0.0,0.0,1.0,1.0,0.0,0.0,0.0,0.0,1.0,1.0,0.0,0.0,0.0,1.0,0.0,0.0,1.0,1.0,0.0,0.0,0.0,1.0,0.0,5.0,0.0,1.0,0.0,1.4651742429226986,0.0,1.0,0.0,0.0,1.0,0.0,0.0,1.0,0.0
1660-HSOOQ,0,-1.2774445836787656,-0.5022513039691348,-0.9854585759152112,0.0,1.0,1.0,0.0,1.0,0.0,0.0,1.0,1.0,0.0,0.0,1.0,0.0,0.0,1.0,0.0,0.0,1.0,0.0,0.0,0.0,0.0,1.0,1.0,0.0,0.0,1.0,0.0,0.0,1.0,0.0,0.0,1.0,0.0,0.0,0.0,1.0,0.0,0.0,0.0,1.0,0.0,1.0,3.0,1.0,0.0,0.0,0.7714296091633991,1.0,0.0,0.0,1.0,0.0,0.0,1.0,0.0,0.0
7253-UVNDW,0,0.5549717837226001,-0.34604238595351905,0.07802380870908458,1.0,0.0,1.0,0.0,1.0,0.0,0.0,1.0,1.0,0.0,0.0,1.0,0.0,0.0,1.0,0.0,0.0,1.0,0.0,0.0,0.0,0.0,1.0,0.0,0.0,1.0,1.0,0.0,0.0,1.0,0.0,0.0,0.0,0.0,1.0,1.0,0.0,0.0,1.0,0.0,0.0,0.0,1.0,4.0,0.0,1.0,0.0,0.14059058676050526,0.0,1.0,0.0,0.0,1.0,0.0,0.0,1.0,0.0
0487-VVUVK,0,-0.30015585439803716,-1.51594747407047,-0.796652400225534,0.0,1.0,0.0,1.0,0.0,1.0,0.0,1.0,1.0,0.0,0.0,0.0,0.0,1.0,0.0,1.0,0.0,0.0,1.0,0.0,0.0,1.0,0.0,0.0,1.0,0.0,0.0,1.0,0.0,0.0,1.0,0.0,1.0,0.0,0.0,0.0,1.0,0.0,0.0,0.0,1.0,1.0,0.0,1.0,0.0,0.0,1.0,2.6541291417527773,0.0,0.0,1.0,0.0,0.0,1.0,0.0,0.0,1.0
7228-OMTPN,0,-1.1552834925186746,0.787303168159777,-0.843837399618012,0.0,1.0,1.0,0.0,1.0,0.0,0.0,1.0,1.0,0.0,0.0,0.0,1.0,0.0,1.0,0.0,0.0,1.0,0.0,0.0,1.0,0.0,0.0,1.0,0.0,0.0,0.0,0.0,1.0,0.0,0.0,1.0,1.0,0.0,0.0,0.0,1.0,0.0,0.0,1.0,0.0,0.0,1.0,4.0,1.0,0.0,0.0,0.730415872019717,1.0,0.0,0.0,1.0,0.0,0.0,1.0,0.0,0.0
5063-IUOKK,0,-0.7888002190384014,-1.4960059100684764,-0.8901179647070344,0.0,1.0,1.0,0.0,1.0,0.0,0.0,1.0,1.0,0.0,0.0,0.0,0.0,1.0,0.0,1.0,0.0,0.0,1.0,0.0,0.0,1.0,0.0,0.0,1.0,0.0,0.0,1.0,0.0,0.0,1.0,0.0,0.0,0.0,1.0,1.0,0.0,0.0,0.0,0.0,1.0,1.0,0.0,1.0,1.0,0.0,0.0,1.1284453822694749,1.0,0.0,0.0,1.0,0.0,0.0,1.0,0.0,0.0
4508-OEBEY,0,-0.055833672077855064,0.356897745116751,0.062273416205003415,0.0,1.0,0.0,1.0,1.0,0.0,0.0,1.0,1.0,0.0,0.0,1.0,0.0,0.0,0.0,0.0,1.0,0.0,0.0,1.0,0.0,0.0,1.0,0.0,0.0,1.0,1.0,0.0,0.0,0.0,0.0,1.0,0.0,1.0,0.0,0.0,1.0,0.0,1.0,0.0,0.0,1.0,0.0,7.0,0.0,0.0,1.0,-1.115338001021475,0.0,0.0,1.0,0.0,0.0,1.0,0.0,0.0,1.0
0027-KWYKW,0,-0.38159658183809786,0.6310942501441613,-0.19118878249512425,1.0,0.0,0.0,1.0,0.0,1.0,0.0,1.0,0.0,0.0,1.0,0.0,1.0,0.0,1.0,0.0,0.0,1.0,0.0,0.0,1.0,0.0,0.0,1.0,0.0,0.0,0.0,0.0,1.0,1.0,0.0,0.0,1.0,0.0,0.0,0.0,1.0,0.0,0.0,1.0,0.0,1.0,0.0,4.0,0.0,0.0,1.0,0.5010233099421236,0.0,0.0,1.0,0.0,0.0,1.0,0.0,0.0,1.0
2308-STERM,0,-1.2367242199587352,-1.5076384890696393,-0.9804290388130678,1.0,0.0,1.0,0.0,1.0,0.0,0.0,1.0,1.0,0.0,0.0,0.0,0.0,1.0,0.0,1.0,0.0,0.0,1.0,0.0,0.0,1.0,0.0,0.0,1.0,0.0,0.0,1.0,0.0,0.0,1.0,0.0,1.0,0.0,0.0,1.0,0.0,0.0,0.0,0.0,1.0,1.0,0.0,1.0,1.0,0.0,0.0,0.7927628674125756,1.0,0.0,0.0,1.0,0.0,0.0,1.0,0.0,0.0
5982-XMDEX,0,1.3286586944031769,-1.2716633150460497,-0.25798456471131115,1.0,0.0,1.0,0.0,1.0,0.0,0.0,1.0,0.0,0.0,1.0,0.0,0.0,1.0,0.0,1.0,0.0,0.0,1.0,0.0,0.0,1.0,0.0,0.0,1.0,0.0,0.0,1.0,0.0,0.0,1.0,0.0,0.0,0.0,1.0,1.0,0.0,1.0,0.0,0.0,0.0,1.0,0.0,2.0,0.0,1.0,0.0,-0.19416917662755806,0.0,1.0,0.0,0.0,1.0,0.0,0.0,1.0,0.0
6284-AHOOQ,1,-0.4223169455581282,0.8554368451665879,-0.16443076273679055,0.0,1.0,1.0,0.0,1.0,0.0,0.0,1.0,0.0,0.0,1.0,0.0,1.0,0.0,1.0,0.0,0.0,1.0,0.0,0.0,1.0,0.0,0.0,0.0,0.0,1.0,0.0,0.0,1.0,1.0,0.0,0.0,1.0,0.0,0.0,0.0,1.0,1.0,0.0,0.0,0.0,0.0,1.0,5.0,0.0,0.0,1.0,0.38935393065859847,0.0,0.0,1.0,0.0,0.0,1.0,0.0,0.0,1.0
6051-PTVNS,0,0.9214550572028734,-1.51594747407047,-0.5670143246408229,1.0,0.0,0.0,1.0,0.0,1.0,0.0,1.0,1.0,0.0,0.0,0.0,0.0,1.0,0.0,1.0,0.0,0.0,1.0,0.0,0.0,1.0,0.0,0.0,1.0,0.0,0.0,1.0,0.0,0.0,1.0,0.0,0.0,1.0,0.0,1.0,0.0,0.0,1.0,0.0,0.0,1.0,0.0,1.0,0.0,1.0,0.0,-0.6153466956511429,0.0,1.0,0.0,0.0,1.0,0.0,0.0,1.0,0.0
2344-JMOGN,0,-0.9516816739185228,1.0000131841810405,-0.6144419771391062,0.0,1.0,0.0,1.0,1.0,0.0,0.0,1.0,1.0,0.0,0.0,0.0,1.0,0.0,1.0,0.0,0.0,0.0,0.0,1.0,0.0,0.0,1.0,0.0,0.0,1.0,0.0,0.0,1.0,1.0,0.0,0.0,1.0,0.0,0.0,0.0,1.0,0.0,0.0,0.0,1.0,0.0,1.0,6.0,1.0,0.0,0.0,0.6456381308774798,1.0,0.0,0.0,1.0,0.0,0.0,1.0,0.0,0.0
3799-ISUZQ,0,-1.0331224013585834,0.1724382780983114,-0.7737547707868279,0.0,1.0,0.0,1.0,0.0,1.0,0.0,1.0,1.0,0.0,0.0,0.0,1.0,0.0,1.0,0.0,0.0,1.0,0.0,0.0,1.0,0.0,0.0,1.0,0.0,0.0,1.0,0.0,0.0,1.0,0.0,0.0,1.0,0.0,0.0,0.0,1.0,1.0,0.0,0.0,0.0,0.0,1.0,2.0,1.0,0.0,0.0,0.748947820480245,1.0,0.0,0.0,1.0,0.0,0.0,1.0,0.0,0.0
2877-VDUER,0,0.10704778280226633,-0.7930657789982063,-0.3969365568446536,1.0,0.0,0.0,1.0,0.0,1.0,1.0,0.0,0.0,1.0,0.0,1.0,0.0,0.0,1.0,0.0,0.0,1.0,0.0,0.0,1.0,0.0,0.0,0.0,0.0,1.0,0.0,0.0,1.0,1.0,0.0,0.0,0.0,1.0,0.0,1.0,0.0,0.0,0.0,0.0,1.0,1.0,0.0,3.0,0.0,0.0,1.0,-3.708031557999256,0.0,0.0,1.0,0.0,0.0,1.0,0.0,0.0,1.0
9152-AMKAK,0,-1.0738427650786138,0.5147684601325326,-0.789681638276949,0.0,1.0,1.0,0.0,1.0,0.0,0.0,1.0,1.0,0.0,0.0,1.0,0.0,0.0,0.0,0.0,1.0,1.0,0.0,0.0,0.0,0.0,1.0,0.0,0.0,1.0,0.0,0.0,1.0,0.0,0.0,1.0,0.0,0.0,1.0,0.0,1.0,0.0,0.0,0.0,1.0,1.0,0.0,7.0,1.0,0.0,0.0,0.7353792044398028,1.0,0.0,0.0,1.0,0.0,0.0,1.0,0.0,0.0
1794-HBQTJ,0,-1.2774445836787656,-0.5371490409726233,-0.9859218227535667,1.0,0.0,1.0,0.0,1.0,0.0,0.0,1.0,1.0,0.0,0.0,1.0,0.0,0.0,0.0,0.0,1.0,1.0,0.0,0.0,1.0,0.0,0.0,1.0,0.0,0.0,1.0,0.0,0.0,1.0,0.0,0.0,1.0,0.0,0.0,0.0,1.0,0.0,1.0,0.0,0.0,0.0,1.0,3.0,1.0,0.0,0.0,0.7717922447283967,1.0,0.0,0.0,1.0,0.0,0.0,1.0,0.0,0.0
9432-VOFYX,0,-0.62591876415828,0.2006888271011353,-0.4748502631813682,0.0,1.0,1.0,0.0,1.0,0.0,0.0,1.0,1.0,0.0,0.0,0.0,1.0,0.0,1.0,0.0,0.0,1.0,0.0,0.0,1.0,0.0,0.0,1.0,0.0,0.0,1.0,0.0,0.0,1.0,0.0,0.0,1.0,0.0,0.0,0.0,1.0,0.0,0.0,1.0,0.0,1.0,0.0,2.0,1.0,0.0,0.0,0.7586451954670748,1.0,0.0,0.0,1.0,0.0,0.0,1.0,0.0,0.0
8049-WJCLQ,0,-0.9109613101984924,-0.15161213693408263,-0.7587543969734173,0.0,1.0,0.0,1.0,0.0,1.0,0.0,1.0,1.0,0.0,0.0,1.0,0.0,0.0,1.0,0.0,0.0,1.0,0.0,0.0,0.0,0.0,1.0,1.0,0.0,0.0,0.0,0.0,1.0,1.0,0.0,0.0,1.0,0.0,0.0,1.0,0.0,0.0,0.0,0.0,1.0,1.0,0.0,4.0,1.0,0.0,0.0,0.832916160630455,1.0,0.0,0.0,1.0,0.0,0.0,1.0,0.0,0.0
6586-PSJOX,0,-0.7073594915983407,-0.31779183695069496,-0.6259349106049692,0.0,1.0,1.0,0.0,0.0,1.0,0.0,1.0,1.0,0.0,0.0,1.0,0.0,0.0,1.0,0.0,0.0,1.0,0.0,0.0,0.0,0.0,1.0,0.0,0.0,1.0,1.0,0.0,0.0,1.0,0.0,0.0,0.0,1.0,0.0,1.0,0.0,0.0,1.0,0.0,0.0,1.0,0.0,4.0,1.0,0.0,0.0,0.8848893922248989,1.0,0.0,0.0,1.0,0.0,0.0,1.0,0.0,0.0
2460-FPSYH,1,0.3106496014024181,-0.29785027294870164,-0.07674475404810405,1.0,0.0,1.0,0.0,1.0,0.0,1.0,0.0,0.0,1.0,0.0,1.0,0.0,0.0,0.0,0.0,1.0,0.0,0.0,1.0,1.0,0.0,0.0,1.0,0.0,0.0,0.0,0.0,1.0,0.0,0.0,1.0,1.0,0.0,0.0,0.0,1.0,0.0,0.0,1.0,0.0,0.0,1.0,5.0,0.0,0.0,1.0,-0.24704604062468521,0.0,0.0,1.0,0.0,0.0,1.0,0.0,0.0,1.0
9705-ZJBCG,0,-0.7888002190384014,-0.35268957395418365,-0.6980690611488698,1.0,0.0,0.0,1.0,0.0,1.0,0.0,1.0,1.0,0.0,0.0,1.0,0.0,0.0,0.0,0.0,1.0,1.0,0.0,0.0,1.0,0.0,0.0,0.0,0.0,1.0,1.0,0.0,0.0,1.0,0.0,0.0,0.0,1.0,0.0,1.0,0.0,1.0,0.0,0.0,0.0,1.0,0.0,4.0,1.0,0.0,0.0,0.8849757445552706,1.0,0.0,0.0,1.0,0.0,0.0,1.0,0.0,0.0
4818-DRBQT,0,-0.13727439951791576,0.5114448661322006,-0.007963628238965764,0.0,1.0,0.0,1.0,1.0,0.0,0.0,1.0,0.0,0.0,1.0,0.0,1.0,0.0,1.0,0.0,0.0,0.0,0.0,1.0,1.0,0.0,0.0,1.0,0.0,0.0,1.0,0.0,0.0,1.0,0.0,0.0,1.0,0.0,0.0,0.0,1.0,1.0,0.0,0.0,0.0,0.0,1.0,4.0,0.0,0.0,1.0,0.05801247914347225,0.0,0.0,1.0,0.0,0.0,1.0,0.0,0.0,1.0
1320-HTRDR,0,-1.1960038562387048,0.356897745116751,-0.9100375787563135,1.0,0.0,1.0,0.0,1.0,0.0,0.0,1.0,0.0,0.0,1.0,0.0,1.0,0.0,1.0,0.0,0.0,1.0,0.0,0.0,1.0,0.0,0.0,1.0,0.0,0.0,1.0,0.0,0.0,1.0,0.0,0.0,1.0,0.0,0.0,0.0,1.0,0.0,0.0,1.0,0.0,0.0,1.0,3.0,1.0,0.0,0.0,0.7608985322323939,1.0,0.0,0.0,1.0,0.0,0.0,1.0,0.0,0.0
6847-KJLTS,1,1.0436161483629645,1.1844726511994805,1.5293761532763175,1.0,0.0,0.0,1.0,1.0,0.0,0.0,1.0,0.0,0.0,1.0,0.0,1.0,0.0,1.0,0.0,0.0,1.0,0.0,0.0,1.0,0.0,0.0,0.0,0.0,1.0,0.0,0.0,1.0,0.0,0.0,1.0,1.0,0.0,0.0,0.0,1.0,1.0,0.0,0.0,0.0,1.0,0.0,6.0,0.0,1.0,0.0,1.4654584980074572,0.0,1.0,0.0,0.0,1.0,0.0,0.0,1.0,0.0
9670-BPNXF,0,0.5142514200025698,-0.07350767792627502,0.2263951532223185,1.0,0.0,1.0,0.0,1.0,0.0,0.0,1.0,1.0,0.0,0.0,1.0,0.0,0.0,0.0,0.0,1.0,0.0,0.0,1.0,1.0,0.0,0.0,0.0,0.0,1.0,1.0,0.0,0.0,1.0,0.0,0.0,0.0,1.0,0.0,0.0,1.0,0.0,1.0,0.0,0.0,1.0,0.0,5.0,0.0,1.0,0.0,0.44024215474443834,0.0,1.0,0.0,0.0,1.0,0.0,0.0,1.0,0.0
3913-FCUUW,0,1.6137012404433893,0.18905624809997262,1.2716785549112266,1.0,0.0,0.0,1.0,0.0,1.0,0.0,1.0,0.0,0.0,1.0,1.0,0.0,0.0,0.0,0.0,1.0,0.0,0.0,1.0,0.0,0.0,1.0,0.0,0.0,1.0,1.0,0.0,0.0,1.0,0.0,0.0,0.0,0.0,1.0,0.0,1.0,1.0,0.0,0.0,0.0,1.0,0.0,7.0,0.0,1.0,0.0,0.7880508008792342,0.0,1.0,0.0,0.0,1.0,0.0,0.0,1.0,0.0
3301-VKTGC,0,1.4508197855632678,0.6892571451499756,1.5059049801329811,0.0,1.0,0.0,1.0,0.0,1.0,0.0,1.0,0.0,0.0,1.0,0.0,1.0,0.0,0.0,0.0,1.0,0.0,0.0,1.0,1.0,0.0,0.0,1.0,0.0,0.0,1.0,0.0,0.0,1.0,0.0,0.0,0.0,1.0,0.0,0.0,1.0,1.0,0.0,0.0,0.0,1.0,0.0,5.0,0.0,1.0,0.0,1.0379683232320456,0.0,1.0,0.0,0.0,1.0,0.0,0.0,1.0,0.0
1493-AMTIE,0,-1.2774445836787656,-1.481049737066981,-0.9984515467624155,0.0,1.0,1.0,0.0,1.0,0.0,0.0,1.0,1.0,0.0,0.0,0.0,0.0,1.0,0.0,1.0,0.0,0.0,1.0,0.0,0.0,1.0,0.0,0.0,1.0,0.0,0.0,1.0,0.0,0.0,1.0,0.0,1.0,0.0,0.0,0.0,1.0,1.0,0.0,0.0,0.0,0.0,1.0,1.0,1.0,0.0,0.0,0.7816006733435669,1.0,0.0,0.0,1.0,0.0,0.0,1.0,0.0,0.0
9555-SAHUZ,0,0.22920887396235737,-0.3410569949530208,-0.09143629663594423,1.0,0.0,0.0,1.0,0.0,1.0,0.0,1.0,1.0,0.0,0.0,1.0,0.0,0.0,0.0,0.0,1.0,0.0,0.0,1.0,1.0,0.0,0.0,1.0,0.0,0.0,1.0,0.0,0.0,1.0,0.0,0.0,1.0,0.0,0.0,1.0,0.0,0.0,0.0,1.0,0.0,1.0,0.0,4.0,0.0,0.0,1.0,-0.39892127671706407,0.0,0.0,1.0,0.0,0.0,1.0,0.0,0.0,1.0
0816-TSPHQ,0,-1.2367242199587352,-1.462769970065154,-0.9878630476000081,0.0,1.0,1.0,0.0,1.0,0.0,0.0,1.0,1.0,0.0,0.0,0.0,0.0,1.0,0.0,1.0,0.0,0.0,1.0,0.0,0.0,1.0,0.0,0.0,1.0,0.0,0.0,1.0,0.0,0.0,1.0,0.0,1.0,0.0,0.0,1.0,0.0,0.0,0.0,0.0,1.0,1.0,0.0,1.0,1.0,0.0,0.0,0.7987739155241654,1.0,0.0,0.0,1.0,0.0,0.0,1.0,0.0,0.0
9932-WBWIK,0,-0.8702409464784621,-1.4760643460664828,-0.9123979316946002,0.0,1.0,1.0,0.0,1.0,0.0,0.0,1.0,1.0,0.0,0.0,0.0,0.0,1.0,0.0,1.0,0.0,0.0,1.0,0.0,0.0,1.0,0.0,0.0,1.0,0.0,0.0,1.0,0.0,0.0,1.0,0.0,1.0,0.0,0.0,1.0,0.0,0.0,0.0,0.0,1.0,1.0,0.0,1.0,1.0,0.0,0.0,1.0484428885893402,1.0,0.0,0.0,1.0,0.0,0.0,1.0,0.0,0.0
4619-EVPHY,1,-0.5037576729981889,0.8720548151682491,-0.1869754422034163,1.0,0.0,0.0,1.0,1.0,0.0,0.0,1.0,1.0,0.0,0.0,0.0,1.0,0.0,1.0,0.0,0.0,1.0,0.0,0.0,1.0,0.0,0.0,1.0,0.0,0.0,0.0,0.0,1.0,0.0,0.0,1.0,0.0,1.0,0.0,0.0,1.0,1.0,0.0,0.0,0.0,1.0,0.0,4.0,1.0,0.0,0.0,0.371161477483021,1.0,0.0,0.0,1.0,0.0,0.0,1.0,0.0,0.0
5286-YHCVC,0,1.6137012404433893,1.330710787214099,2.28835094948838,0.0,1.0,0.0,1.0,1.0,0.0,0.0,1.0,0.0,0.0,1.0,0.0,1.0,0.0,1.0,0.0,0.0,0.0,0.0,1.0,0.0,0.0,1.0,1.0,0.0,0.0,0.0,0.0,1.0,0.0,0.0,1.0,0.0,0.0,1.0,0.0,1.0,1.0,0.0,0.0,0.0,1.0,0.0,7.0,0.0,1.0,0.0,1.4180759685476974,0.0,1.0,0.0,0.0,1.0,0.0,0.0,1.0,0.0
6424-ELEYH,0,-1.1960038562387048,0.3319707901142591,-0.9061110103169207,1.0,0.0,0.0,1.0,1.0,0.0,0.0,1.0,0.0,0.0,1.0,0.0,1.0,0.0,1.0,0.0,0.0,1.0,0.0,0.0,1.0,0.0,0.0,1.0,0.0,0.0,1.0,0.0,0.0,1.0,0.0,0.0,1.0,0.0,0.0,0.0,1.0,0.0,1.0,0.0,0.0,0.0,1.0,3.0,1.0,0.0,0.0,0.7576154588385159,1.0,0.0,0.0,1.0,0.0,0.0,1.0,0.0,0.0
4391-RESHN,0,-0.38159658183809786,1.3057838322116073,0.08241362398683258,0.0,1.0,1.0,0.0,1.0,0.0,0.0,1.0,0.0,0.0,1.0,0.0,1.0,0.0,1.0,0.0,0.0,1.0,0.0,0.0,0.0,0.0,1.0,0.0,0.0,1.0,0.0,0.0,1.0,0.0,0.0,1.0,1.0,0.0,0.0,0.0,1.0,0.0,0.0,0.0,1.0,0.0,1.0,7.0,0.0,0.0,1.0,-0.2159705508625302,0.0,0.0,1.0,0.0,0.0,1.0,0.0,0.0,1.0
9115-YQHGA,0,0.3106496014024181,-0.45405919096431707,-0.08400228784900406,0.0,1.0,1.0,0.0,1.0,0.0,0.0,1.0,1.0,0.0,0.0,1.0,0.0,0.0,1.0,0.0,0.0,1.0,0.0,0.0,1.0,0.0,0.0,0.0,0.0,1.0,1.0,0.0,0.0,1.0,0.0,0.0,1.0,0.0,0.0,0.0,1.0,0.0,0.0,1.0,0.0,1.0,0.0,3.0,0.0,0.0,1.0,-0.27040848425292774,0.0,0.0,1.0,0.0,0.0,1.0,0.0,0.0,1.0
4462-CYWMH,1,1.2064976032430856,0.8321716871642622,1.4763233605980053,0.0,1.0,0.0,1.0,1.0,0.0,0.0,1.0,0.0,0.0,1.0,0.0,1.0,0.0,1.0,0.0,0.0,0.0,0.0,1.0,1.0,0.0,0.0,1.0,0.0,0.0,1.0,0.0,0.0,0.0,0.0,1.0,1.0,0.0,0.0,0.0,1.0,1.0,0.0,0.0,0.0,1.0,0.0,5.0,0.0,1.0,0.0,1.2236438403438379,0.0,1.0,0.0,0.0,1.0,0.0,0.0,1.0,0.0
8963-MQVYN,0,-0.4223169455581282,-1.4694171580658184,-0.8000716030800613,1.0,0.0,1.0,0.0,0.0,1.0,0.0,1.0,1.0,0.0,0.0,0.0,0.0,1.0,0.0,1.0,0.0,0.0,1.0,0.0,0.0,1.0,0.0,0.0,1.0,0.0,0.0,1.0,0.0,0.0,1.0,0.0,1.0,0.0,0.0,0.0,1.0,0.0,0.0,1.0,0.0,1.0,0.0,1.0,0.0,0.0,1.0,1.894481411402277,0.0,0.0,1.0,0.0,0.0,1.0,0.0,0.0,1.0
2458-EOMRE,0,-0.8702409464784621,-0.023653767921291324,-0.6835539935470696,1.0,0.0,1.0,0.0,1.0,0.0,0.0,1.0,1.0,0.0,0.0,1.0,0.0,0.0,0.0,0.0,1.0,1.0,0.0,0.0,0.0,0.0,1.0,1.0,0.0,0.0,1.0,0.0,0.0,0.0,0.0,1.0,1.0,0.0,0.0,1.0,0.0,1.0,0.0,0.0,0.0,1.0,0.0,5.0,1.0,0.0,0.0,0.7854767077016493,1.0,0.0,0.0,1.0,0.0,0.0,1.0,0.0,0.0
9334-GWGOW,1,-1.0331224013585834,0.33529438411459117,-0.7932773161175165,0.0,1.0,0.0,1.0,1.0,0.0,0.0,1.0,0.0,0.0,1.0,0.0,1.0,0.0,1.0,0.0,0.0,1.0,0.0,0.0,1.0,0.0,0.0,1.0,0.0,0.0,1.0,0.0,0.0,1.0,0.0,0.0,1.0,0.0,0.0,0.0,1.0,0.0,0.0,1.0,0.0,1.0,0.0,3.0,1.0,0.0,0.0,0.7678444636127683,1.0,0.0,0.0,1.0,0.0,0.0,1.0,0.0,0.0
6821-BUXUX,0,-0.7888002190384014,1.0598378761870213,-0.4583057332401066,1.0,0.0,1.0,0.0,1.0,0.0,0.0,1.0,0.0,0.0,1.0,0.0,1.0,0.0,0.0,0.0,1.0,0.0,0.0,1.0,1.0,0.0,0.0,1.0,0.0,0.0,0.0,0.0,1.0,1.0,0.0,0.0,1.0,0.0,0.0,0.0,1.0,0.0,0.0,1.0,0.0,0.0,1.0,6.0,1.0,0.0,0.0,0.581016234755628,1.0,0.0,0.0,1.0,0.0,0.0,1.0,0.0,0.0
5028-HTLJB,1,-1.2774445836787656,-1.4860351280674797,-0.9985177248821804,0.0,1.0,1.0,0.0,1.0,0.0,0.0,1.0,1.0,0.0,0.0,0.0,0.0,1.0,0.0,1.0,0.0,0.0,1.0,0.0,0.0,1.0,0.0,0.0,1.0,0.0,0.0,1.0,0.0,0.0,1.0,0.0,1.0,0.0,0.0,1.0,0.0,0.0,0.0,0.0,1.0,0.0,1.0,1.0,1.0,0.0,0.0,0.7816524784242805,1.0,0.0,0.0,1.0,0.0,0.0,1.0,0.0,0.0
9801-GDWGV,0,0.26992923768238775,1.285842268209614,0.7549377364124892,1.0,0.0,1.0,0.0,1.0,0.0,0.0,1.0,0.0,0.0,1.0,0.0,1.0,0.0,1.0,0.0,0.0,0.0,0.0,1.0,0.0,0.0,1.0,1.0,0.0,0.0,0.0,0.0,1.0,0.0,0.0,1.0,1.0,0.0,0.0,0.0,1.0,0.0,0.0,1.0,0.0,0.0,1.0,7.0,0.0,0.0,1.0,2.796798682848824,0.0,0.0,1.0,0.0,0.0,1.0,0.0,0.0,1.0
6542-LWGXJ,0,-1.1960038562387048,-1.3215172250510334,-0.9728406144133425,0.0,1.0,0.0,1.0,1.0,0.0,1.0,0.0,0.0,1.0,0.0,1.0,0.0,0.0,1.0,0.0,0.0,1.0,0.0,0.0,1.0,0.0,0.0,1.0,0.0,0.0,1.0,0.0,0.0,1.0,0.0,0.0,1.0,0.0,0.0,1.0,0.0,0.0,0.0,0.0,1.0,1.0,0.0,1.0,1.0,0.0,0.0,0.8134092623018916,1.0,0.0,0.0,1.0,0.0,0.0,1.0,0.0,0.0
5567-GZKQY,0,1.0436161483629645,-1.477726143066649,-0.5081599167964416,0.0,1.0,1.0,0.0,1.0,0.0,0.0,1.0,1.0,0.0,0.0,0.0,0.0,1.0,0.0,1.0,0.0,0.0,1.0,0.0,0.0,1.0,0.0,0.0,1.0,0.0,0.0,1.0,0.0,0.0,1.0,0.0,0.0,0.0,1.0,1.0,0.0,0.0,1.0,0.0,0.0,1.0,0.0,1.0,0.0,1.0,0.0,-0.4869222439625437,0.0,1.0,0.0,0.0,1.0,0.0,0.0,1.0,0.0
1222-LRYKO,0,-1.0738427650786138,-1.2766487060465481,-0.9261629806057297,0.0,1.0,1.0,0.0,0.0,1.0,0.0,1.0,0.0,0.0,1.0,0.0,0.0,1.0,0.0,1.0,0.0,0.0,1.0,0.0,0.0,1.0,0.0,0.0,1.0,0.0,0.0,1.0,0.0,0.0,1.0,0.0,1.0,0.0,0.0,1.0,0.0,0.0,0.0,0.0,1.0,1.0,0.0,2.0,1.0,0.0,0.0,0.8624754114145633,1.0,0.0,0.0,1.0,0.0,0.0,1.0,0.0,0.0
2320-JRSDE,0,-1.2774445836787656,-1.491020519067978,-0.9985839030019455,1.0,0.0,0.0,1.0,0.0,1.0,0.0,1.0,1.0,0.0,0.0,0.0,0.0,1.0,0.0,1.0,0.0,0.0,1.0,0.0,0.0,1.0,0.0,0.0,1.0,0.0,0.0,1.0,0.0,0.0,1.0,0.0,1.0,0.0,0.0,0.0,1.0,0.0,0.0,1.0,0.0,0.0,1.0,1.0,1.0,0.0,0.0,0.7817042835049945,1.0,0.0,0.0,1.0,0.0,0.0,1.0,0.0,0.0
2087-QAREY,0,-0.4223169455581282,-0.33440980695235617,-0.48731380907045196,1.0,0.0,0.0,1.0,1.0,0.0,0.0,1.0,1.0,0.0,0.0,1.0,0.0,0.0,1.0,0.0,0.0,0.0,0.0,1.0,0.0,0.0,1.0,1.0,0.0,0.0,1.0,0.0,0.0,1.0,0.0,0.0,1.0,0.0,0.0,0.0,1.0,0.0,0.0,0.0,1.0,1.0,0.0,4.0,0.0,0.0,1.0,1.1539054120275112,0.0,0.0,1.0,0.0,0.0,1.0,0.0,0.0,1.0
0601-WZHJF,0,-0.748079855318371,-0.6119299059800988,-0.7127826631099651,0.0,1.0,0.0,1.0,1.0,0.0,1.0,0.0,0.0,1.0,0.0,1.0,0.0,0.0,1.0,0.0,0.0,1.0,0.0,0.0,1.0,0.0,0.0,1.0,0.0,0.0,0.0,0.0,1.0,0.0,0.0,1.0,1.0,0.0,0.0,1.0,0.0,0.0,0.0,1.0,0.0,0.0,1.0,3.0,1.0,0.0,0.0,0.9528162776240192,1.0,0.0,0.0,1.0,0.0,0.0,1.0,0.0,0.0
4423-JWZJN,0,1.2879383306831464,0.8471278601657574,1.476146885611965,0.0,1.0,0.0,1.0,0.0,1.0,0.0,1.0,0.0,0.0,1.0,0.0,1.0,0.0,1.0,0.0,0.0,1.0,0.0,0.0,0.0,0.0,1.0,1.0,0.0,0.0,1.0,0.0,0.0,0.0,0.0,1.0,0.0,1.0,0.0,1.0,0.0,0.0,1.0,0.0,0.0,1.0,0.0,5.0,0.0,1.0,0.0,1.1461316512173292,0.0,1.0,0.0,0.0,1.0,0.0,0.0,1.0,0.0
5143-WMWOG,0,-1.2774445836787656,-1.4893587220678117,-0.9985618436286906,0.0,1.0,1.0,0.0,1.0,0.0,0.0,1.0,1.0,0.0,0.0,0.0,0.0,1.0,0.0,1.0,0.0,0.0,1.0,0.0,0.0,1.0,0.0,0.0,1.0,0.0,0.0,1.0,0.0,0.0,1.0,0.0,1.0,0.0,0.0,1.0,0.0,0.0,0.0,1.0,0.0,0.0,1.0,1.0,1.0,0.0,0.0,0.7816870151447567,1.0,0.0,0.0,1.0,0.0,0.0,1.0,0.0,0.0
6490-FGZAT,0,-1.0738427650786138,-1.4660935640654862,-0.9591417436219778,0.0,1.0,1.0,0.0,1.0,0.0,0.0,1.0,1.0,0.0,0.0,0.0,0.0,1.0,0.0,1.0,0.0,0.0,1.0,0.0,0.0,1.0,0.0,0.0,1.0,0.0,0.0,1.0,0.0,0.0,1.0,0.0,1.0,0.0,0.0,1.0,0.0,0.0,0.0,0.0,1.0,1.0,0.0,1.0,1.0,0.0,0.0,0.8931863907950817,1.0,0.0,0.0,1.0,0.0,0.0,1.0,0.0,0.0
5393-RXQSZ,0,-1.2774445836787656,0.4931650991303729,-0.9722450113354572,0.0,1.0,1.0,0.0,1.0,0.0,0.0,1.0,1.0,0.0,0.0,0.0,1.0,0.0,1.0,0.0,0.0,1.0,0.0,0.0,1.0,0.0,0.0,1.0,0.0,0.0,1.0,0.0,0.0,0.0,0.0,1.0,1.0,0.0,0.0,1.0,0.0,0.0,0.0,1.0,0.0,0.0,1.0,3.0,1.0,0.0,0.0,0.761085861380852,1.0,0.0,0.0,1.0,0.0,0.0,1.0,0.0,0.0
7452-FOLON,0,0.26992923768238775,-1.3065610520495383,-0.5845074076320501,0.0,1.0,1.0,0.0,0.0,1.0,0.0,1.0,0.0,0.0,1.0,0.0,0.0,1.0,0.0,1.0,0.0,0.0,1.0,0.0,0.0,1.0,0.0,0.0,1.0,0.0,0.0,1.0,0.0,0.0,1.0,0.0,0.0,1.0,0.0,1.0,0.0,1.0,0.0,0.0,0.0,1.0,0.0,2.0,0.0,0.0,1.0,-2.165409766836043,0.0,0.0,1.0,0.0,0.0,1.0,0.0,0.0,1.0
2320-TZRRH,0,-0.5037576729981889,-1.504314895069307,-0.8294988070022519,1.0,0.0,1.0,0.0,1.0,0.0,0.0,1.0,1.0,0.0,0.0,0.0,0.0,1.0,0.0,1.0,0.0,0.0,1.0,0.0,0.0,1.0,0.0,0.0,1.0,0.0,0.0,1.0,0.0,0.0,1.0,0.0,0.0,1.0,0.0,1.0,0.0,0.0,0.0,0.0,1.0,1.0,0.0,1.0,1.0,0.0,0.0,1.6466226748773196,1.0,0.0,0.0,1.0,0.0,0.0,1.0,0.0,0.0
0231-LXVAP,0,-1.2774445836787656,0.37019212111808014,-0.9738774049563281,0.0,1.0,1.0,0.0,1.0,0.0,0.0,1.0,1.0,0.0,0.0,0.0,1.0,0.0,1.0,0.0,0.0,1.0,0.0,0.0,1.0,0.0,0.0,0.0,0.0,1.0,1.0,0.0,0.0,1.0,0.0,0.0,1.0,0.0,0.0,0.0,1.0,0.0,0.0,1.0,0.0,0.0,1.0,3.0,1.0,0.0,0.0,0.7623637200384621,1.0,0.0,0.0,1.0,0.0,0.0,1.0,0.0,0.0
9444-JTXHZ,0,-1.2774445836787656,0.3801629031190768,-0.9737450487167982,0.0,1.0,0.0,1.0,1.0,0.0,0.0,1.0,1.0,0.0,0.0,0.0,1.0,0.0,1.0,0.0,0.0,1.0,0.0,0.0,0.0,0.0,1.0,1.0,0.0,0.0,1.0,0.0,0.0,1.0,0.0,0.0,1.0,0.0,0.0,1.0,0.0,0.0,0.0,1.0,0.0,0.0,1.0,3.0,1.0,0.0,0.0,0.7622601098770343,1.0,0.0,0.0,1.0,0.0,0.0,1.0,0.0,0.0
4942-VZZOM,0,1.2879383306831464,0.046141706085686136,0.9305524068956674,0.0,1.0,0.0,1.0,1.0,0.0,0.0,1.0,0.0,0.0,1.0,1.0,0.0,0.0,0.0,0.0,1.0,1.0,0.0,0.0,1.0,0.0,0.0,1.0,0.0,0.0,0.0,0.0,1.0,1.0,0.0,0.0,0.0,1.0,0.0,0.0,1.0,0.0,1.0,0.0,0.0,1.0,0.0,5.0,0.0,1.0,0.0,0.722513170643881,0.0,1.0,0.0,0.0,1.0,0.0,0.0,1.0,0.0
5510-BOIUJ,0,-1.2774445836787656,-1.5126238800701375,-0.9988706748542607,0.0,1.0,1.0,0.0,0.0,1.0,0.0,1.0,1.0,0.0,0.0,0.0,0.0,1.0,0.0,1.0,0.0,0.0,1.0,0.0,0.0,1.0,0.0,0.0,1.0,0.0,0.0,1.0,0.0,0.0,1.0,0.0,1.0,0.0,0.0,1.0,0.0,0.0,0.0,0.0,1.0,0.0,1.0,1.0,1.0,0.0,0.0,0.7819287721880882,1.0,0.0,0.0,1.0,0.0,0.0,1.0,0.0,0.0
7502-BNYGS,0,0.5549717837226001,0.14418772909548702,0.3903183558803386,1.0,0.0,0.0,1.0,1.0,0.0,0.0,1.0,1.0,0.0,0.0,1.0,0.0,0.0,1.0,0.0,0.0,0.0,0.0,1.0,1.0,0.0,0.0,1.0,0.0,0.0,0.0,0.0,1.0,0.0,0.0,1.0,1.0,0.0,0.0,0.0,1.0,0.0,1.0,0.0,0.0,1.0,0.0,5.0,0.0,1.0,0.0,0.7033120733854052,0.0,1.0,0.0,0.0,1.0,0.0,0.0,1.0,0.0
4291-HYEBC,1,-0.1779947632379461,-0.8528904710041867,-0.5235573593284424,1.0,0.0,0.0,1.0,0.0,1.0,1.0,0.0,0.0,1.0,0.0,1.0,0.0,0.0,1.0,0.0,0.0,0.0,0.0,1.0,1.0,0.0,0.0,1.0,0.0,0.0,1.0,0.0,0.0,0.0,0.0,1.0,0.0,1.0,0.0,0.0,1.0,0.0,0.0,1.0,0.0,1.0,0.0,3.0,0.0,0.0,1.0,2.9414200159840824,0.0,0.0,1.0,0.0,0.0,1.0,0.0,0.0,1.0
6147-CBCRA,0,0.025607055362205634,-1.4860351280674797,-0.7120105850460395,1.0,0.0,0.0,1.0,1.0,0.0,0.0,1.0,1.0,0.0,0.0,0.0,0.0,1.0,0.0,1.0,0.0,0.0,1.0,0.0,0.0,1.0,0.0,0.0,1.0,0.0,0.0,1.0,0.0,0.0,1.0,0.0,1.0,0.0,0.0,1.0,0.0,0.0,0.0,0.0,1.0,1.0,0.0,1.0,0.0,0.0,1.0,-27.80525034896911,0.0,0.0,1.0,0.0,0.0,1.0,0.0,0.0,1.0
6047-SUHPR,0,0.26992923768238775,-0.16490651293541178,0.026713706517918517,0.0,1.0,0.0,1.0,0.0,1.0,0.0,1.0,1.0,0.0,0.0,1.0,0.0,0.0,0.0,0.0,1.0,0.0,0.0,1.0,0.0,0.0,1.0,1.0,0.0,0.0,1.0,0.0,0.0,1.0,0.0,0.0,0.0,1.0,0.0,1.0,0.0,0.0,0.0,1.0,0.0,1.0,0.0,5.0,0.0,0.0,1.0,0.09896559093517392,0.0,0.0,1.0,0.0,0.0,1.0,0.0,0.0,1.0
4471-KXAUH,0,0.3920903288424788,0.6493740171459885,0.5757935662085087,1.0,0.0,0.0,1.0,1.0,0.0,0.0,1.0,0.0,0.0,1.0,0.0,1.0,0.0,1.0,0.0,0.0,1.0,0.0,0.0,0.0,0.0,1.0,0.0,0.0,1.0,1.0,0.0,0.0,1.0,0.0,0.0,1.0,0.0,0.0,0.0,1.0,0.0,0.0,1.0,0.0,0.0,1.0,5.0,0.0,0.0,1.0,1.468522745532528,0.0,0.0,1.0,0.0,0.0,1.0,0.0,0.0,1.0
9752-ZNQUT,0,-1.2774445836787656,-0.5371490409726233,-0.9859218227535667,1.0,0.0,1.0,0.0,1.0,0.0,0.0,1.0,1.0,0.0,0.0,1.0,0.0,0.0,1.0,0.0,0.0,0.0,0.0,1.0,1.0,0.0,0.0,1.0,0.0,0.0,1.0,0.0,0.0,1.0,0.0,0.0,1.0,0.0,0.0,0.0,1.0,0.0,0.0,1.0,0.0,1.0,0.0,3.0,1.0,0.0,0.0,0.7717922447283967,1.0,0.0,0.0,1.0,0.0,0.0,1.0,0.0,0.0
7638-QVMVY,0,-1.0331224013585834,0.4732235351283796,-0.7766445486832348,1.0,0.0,1.0,0.0,1.0,0.0,0.0,1.0,1.0,0.0,0.0,0.0,1.0,0.0,1.0,0.0,0.0,1.0,0.0,0.0,1.0,0.0,0.0,1.0,0.0,0.0,0.0,0.0,1.0,1.0,0.0,0.0,1.0,0.0,0.0,0.0,1.0,0.0,0.0,1.0,0.0,0.0,1.0,3.0,1.0,0.0,0.0,0.751744950706641,1.0,0.0,0.0,1.0,0.0,0.0,1.0,0.0,0.0
1576-PFZIW,1,1.5322605130033284,1.3489905542159264,2.3067925855295726,0.0,1.0,0.0,1.0,1.0,0.0,0.0,1.0,1.0,0.0,0.0,0.0,1.0,0.0,0.0,0.0,1.0,0.0,0.0,1.0,0.0,0.0,1.0,1.0,0.0,0.0,0.0,0.0,1.0,0.0,0.0,1.0,0.0,0.0,1.0,1.0,0.0,0.0,1.0,0.0,0.0,1.0,0.0,7.0,0.0,1.0,0.0,1.5054832816960817,0.0,1.0,0.0,0.0,1.0,0.0,0.0,1.0,0.0
5666-MBJPT,0,1.3286586944031769,-1.3181936310507012,-0.24631515625940795,0.0,1.0,1.0,0.0,1.0,0.0,0.0,1.0,0.0,0.0,1.0,0.0,0.0,1.0,0.0,1.0,0.0,0.0,1.0,0.0,0.0,1.0,0.0,0.0,1.0,0.0,0.0,1.0,0.0,0.0,1.0,0.0,0.0,0.0,1.0,0.0,1.0,1.0,0.0,0.0,0.0,1.0,0.0,2.0,0.0,1.0,0.0,-0.1853863278033572,0.0,1.0,0.0,0.0,1.0,0.0,0.0,1.0,0.0
7312-XSBAT,0,-1.2774445836787656,-0.4989277099688025,-0.9854144571687014,0.0,1.0,1.0,0.0,1.0,0.0,0.0,1.0,1.0,0.0,0.0,1.0,0.0,0.0,0.0,0.0,1.0,1.0,0.0,0.0,1.0,0.0,0.0,1.0,0.0,0.0,1.0,0.0,0.0,1.0,0.0,0.0,1.0,0.0,0.0,1.0,0.0,0.0,0.0,1.0,0.0,1.0,0.0,3.0,1.0,0.0,0.0,0.7713950724429233,1.0,0.0,0.0,1.0,0.0,0.0,1.0,0.0,0.0
3096-GKWEB,0,-0.5851984004382496,0.9966895901807084,-0.26091846135422814,0.0,1.0,0.0,1.0,1.0,0.0,0.0,1.0,0.0,0.0,1.0,0.0,1.0,0.0,1.0,0.0,0.0,1.0,0.0,0.0,1.0,0.0,0.0,1.0,0.0,0.0,0.0,0.0,1.0,0.0,0.0,1.0,1.0,0.0,0.0,0.0,1.0,0.0,0.0,1.0,0.0,1.0,0.0,5.0,1.0,0.0,0.0,0.44586325109369535,1.0,0.0,0.0,1.0,0.0,0.0,1.0,0.0,0.0
2371-JQHZZ,0,-0.3408762181180675,0.9385266951748941,-0.015552052638691007,0.0,1.0,0.0,1.0,1.0,0.0,0.0,1.0,0.0,0.0,1.0,0.0,1.0,0.0,1.0,0.0,0.0,1.0,0.0,0.0,1.0,0.0,0.0,1.0,0.0,0.0,0.0,0.0,1.0,0.0,0.0,1.0,1.0,0.0,0.0,0.0,1.0,0.0,0.0,1.0,0.0,1.0,0.0,5.0,0.0,0.0,1.0,0.04562375376185476,0.0,0.0,1.0,0.0,0.0,1.0,0.0,0.0,1.0
0674-GCDXG,0,1.247217966963116,0.2372483611047903,0.9688033601198642,0.0,1.0,1.0,0.0,1.0,0.0,0.0,1.0,0.0,0.0,1.0,1.0,0.0,0.0,0.0,0.0,1.0,1.0,0.0,0.0,0.0,0.0,1.0,0.0,0.0,1.0,1.0,0.0,0.0,0.0,0.0,1.0,0.0,0.0,1.0,0.0,1.0,1.0,0.0,0.0,0.0,1.0,0.0,7.0,0.0,1.0,0.0,0.7767714912565196,0.0,1.0,0.0,0.0,1.0,0.0,0.0,1.0,0.0
1121-QSIVB,0,0.47353105628253944,0.42503142212356193,0.5240422765522423,1.0,0.0,1.0,0.0,0.0,1.0,0.0,1.0,0.0,0.0,1.0,1.0,0.0,0.0,1.0,0.0,0.0,0.0,0.0,1.0,1.0,0.0,0.0,1.0,0.0,0.0,0.0,0.0,1.0,0.0,0.0,1.0,0.0,1.0,0.0,0.0,1.0,0.0,0.0,0.0,1.0,1.0,0.0,6.0,0.0,0.0,1.0,1.1066692872612025,0.0,0.0,1.0,0.0,0.0,1.0,0.0,0.0,1.0
4396-KLSEH,0,-1.1552834925186746,-1.4926823160681442,-0.9795687232561222,0.0,1.0,1.0,0.0,1.0,0.0,0.0,1.0,1.0,0.0,0.0,0.0,0.0,1.0,0.0,1.0,0.0,0.0,1.0,0.0,0.0,1.0,0.0,0.0,1.0,0.0,0.0,1.0,0.0,0.0,1.0,0.0,1.0,0.0,0.0,0.0,1.0,0.0,0.0,1.0,0.0,1.0,0.0,1.0,1.0,0.0,0.0,0.8479033324716946,1.0,0.0,0.0,1.0,0.0,0.0,1.0,0.0,0.0
3244-DCJWY,0,-1.2774445836787656,0.18240906009930805,-0.976370114134145,1.0,0.0,1.0,0.0,1.0,0.0,0.0,1.0,1.0,0.0,0.0,0.0,1.0,0.0,1.0,0.0,0.0,1.0,0.0,0.0,1.0,0.0,0.0,1.0,0.0,0.0,1.0,0.0,0.0,1.0,0.0,0.0,1.0,0.0,0.0,0.0,1.0,0.0,0.0,1.0,0.0,0.0,1.0,2.0,1.0,0.0,0.0,0.7643150447453534,1.0,0.0,0.0,1.0,0.0,0.0,1.0,0.0,0.0
2824-MYYBN,0,0.18848851024232702,1.0133075601823696,0.45479790390474883,1.0,0.0,0.0,1.0,0.0,1.0,0.0,1.0,0.0,0.0,1.0,0.0,1.0,0.0,1.0,0.0,0.0,1.0,0.0,0.0,1.0,0.0,0.0,1.0,0.0,0.0,0.0,0.0,1.0,0.0,0.0,1.0,1.0,0.0,0.0,0.0,1.0,0.0,0.0,1.0,0.0,1.0,0.0,5.0,0.0,0.0,1.0,2.4128680486680367,0.0,0.0,1.0,0.0,0.0,1.0,0.0,0.0,1.0
0875-CABNR,1,-0.9109613101984924,0.6593447991469852,-0.6254937231398688,1.0,0.0,1.0,0.0,1.0,0.0,0.0,1.0,1.0,0.0,0.0,0.0,1.0,0.0,1.0,0.0,0.0,1.0,0.0,0.0,0.0,0.0,1.0,1.0,0.0,0.0,1.0,0.0,0.0,0.0,0.0,1.0,1.0,0.0,0.0,0.0,1.0,0.0,1.0,0.0,0.0,0.0,1.0,4.0,1.0,0.0,0.0,0.6866303937799267,1.0,0.0,0.0,1.0,0.0,0.0,1.0,0.0,0.0
6345-HOVES,0,0.06632741908223598,-1.3198554280508674,-0.6311629820664079,0.0,1.0,1.0,0.0,1.0,0.0,1.0,0.0,0.0,1.0,0.0,1.0,0.0,0.0,1.0,0.0,0.0,1.0,0.0,0.0,1.0,0.0,0.0,1.0,0.0,0.0,1.0,0.0,0.0,1.0,0.0,0.0,1.0,0.0,0.0,0.0,1.0,1.0,0.0,0.0,0.0,1.0,0.0,1.0,0.0,0.0,1.0,-9.515868260814749,0.0,0.0,1.0,0.0,0.0,1.0,0.0,0.0,1.0
8318-LCNBW,0,0.10704778280226633,-0.3859255139575061,-0.1554746571952542,0.0,1.0,0.0,1.0,1.0,0.0,1.0,0.0,0.0,1.0,0.0,1.0,0.0,0.0,0.0,0.0,1.0,1.0,0.0,0.0,0.0,0.0,1.0,1.0,0.0,0.0,0.0,0.0,1.0,0.0,0.0,1.0,0.0,1.0,0.0,1.0,0.0,0.0,1.0,0.0,0.0,1.0,0.0,5.0,0.0,0.0,1.0,-1.4523855901101634,0.0,0.0,1.0,0.0,0.0,1.0,0.0,0.0,1.0
6469-QJKZW,0,-1.1552834925186746,-1.4827115340671475,-0.9670389992472733,1.0,0.0,0.0,1.0,1.0,0.0,0.0,1.0,1.0,0.0,0.0,0.0,0.0,1.0,0.0,1.0,0.0,0.0,1.0,0.0,0.0,1.0,0.0,0.0,1.0,0.0,0.0,1.0,0.0,0.0,1.0,0.0,1.0,0.0,0.0,1.0,0.0,0.0,0.0,1.0,0.0,1.0,0.0,1.0,1.0,0.0,0.0,0.8370577486041952,1.0,0.0,0.0,1.0,0.0,0.0,1.0,0.0,0.0
0147-ESWWR,1,0.26992923768238775,1.2127232002023045,0.7349519442434453,1.0,0.0,0.0,1.0,1.0,0.0,0.0,1.0,0.0,0.0,1.0,0.0,1.0,0.0,1.0,0.0,0.0,1.0,0.0,0.0,1.0,0.0,0.0,0.0,0.0,1.0,0.0,0.0,1.0,0.0,0.0,1.0,1.0,0.0,0.0,0.0,1.0,0.0,0.0,1.0,0.0,1.0,0.0,6.0,0.0,0.0,1.0,2.7227578255462146,0.0,0.0,1.0,0.0,0.0,1.0,0.0,0.0,1.0
1217-VASWC,1,0.43281069256250915,1.1894580421999785,0.8915073162342901,0.0,1.0,0.0,1.0,1.0,0.0,0.0,1.0,1.0,0.0,0.0,0.0,1.0,0.0,1.0,0.0,0.0,0.0,0.0,1.0,0.0,0.0,1.0,1.0,0.0,0.0,0.0,0.0,1.0,0.0,0.0,1.0,0.0,1.0,0.0,0.0,1.0,1.0,0.0,0.0,0.0,1.0,0.0,6.0,0.0,0.0,1.0,2.059808899258036,0.0,0.0,1.0,0.0,0.0,1.0,0.0,0.0,1.0
7812-FZHPE,0,-0.62591876415828,-1.3514295710540236,-0.8265207916128249,1.0,0.0,0.0,1.0,0.0,1.0,0.0,1.0,0.0,0.0,1.0,0.0,0.0,1.0,0.0,1.0,0.0,0.0,1.0,0.0,0.0,1.0,0.0,0.0,1.0,0.0,0.0,1.0,0.0,0.0,1.0,0.0,1.0,0.0,0.0,1.0,0.0,0.0,0.0,0.0,1.0,0.0,1.0,2.0,1.0,0.0,0.0,1.3204921132605916,1.0,0.0,0.0,1.0,0.0,0.0,1.0,0.0,0.0
6370-ZVHDV,0,1.1657772395230555,-1.3115464430500368,-0.3213611440729705,1.0,0.0,0.0,1.0,1.0,0.0,0.0,1.0,0.0,0.0,1.0,0.0,0.0,1.0,0.0,1.0,0.0,0.0,1.0,0.0,0.0,1.0,0.0,0.0,1.0,0.0,0.0,1.0,0.0,0.0,1.0,0.0,0.0,0.0,1.0,1.0,0.0,1.0,0.0,0.0,0.0,1.0,0.0,2.0,0.0,1.0,0.0,-0.2756625650063697,0.0,1.0,0.0,0.0,1.0,0.0,0.0,1.0,0.0
5915-DGNVC,0,0.6771328748826912,0.23392476710445778,0.5244614046440877,1.0,0.0,0.0,1.0,1.0,0.0,0.0,1.0,0.0,0.0,1.0,1.0,0.0,0.0,0.0,0.0,1.0,0.0,0.0,1.0,0.0,0.0,1.0,1.0,0.0,0.0,1.0,0.0,0.0,0.0,0.0,1.0,0.0,1.0,0.0,1.0,0.0,0.0,0.0,1.0,0.0,1.0,0.0,7.0,0.0,1.0,0.0,0.7745324796627947,0.0,1.0,0.0,0.0,1.0,0.0,0.0,1.0,0.0
6260-XLACS,0,-1.1552834925186746,-1.4976677070686424,-0.9553916501686252,0.0,1.0,1.0,0.0,1.0,0.0,0.0,1.0,1.0,0.0,0.0,0.0,0.0,1.0,0.0,1.0,0.0,0.0,1.0,0.0,0.0,1.0,0.0,0.0,1.0,0.0,0.0,1.0,0.0,0.0,1.0,0.0,0.0,1.0,0.0,1.0,0.0,0.0,0.0,0.0,1.0,1.0,0.0,1.0,1.0,0.0,0.0,0.8269759382484916,1.0,0.0,0.0,1.0,0.0,0.0,1.0,0.0,0.0
3566-CAAYU,0,1.2879383306831464,-0.49560411596847015,0.40900264502733663,1.0,0.0,0.0,1.0,0.0,1.0,1.0,0.0,0.0,1.0,0.0,1.0,0.0,0.0,1.0,0.0,0.0,0.0,0.0,1.0,0.0,0.0,1.0,0.0,0.0,1.0,1.0,0.0,0.0,0.0,0.0,1.0,0.0,0.0,1.0,1.0,0.0,0.0,0.0,1.0,0.0,1.0,0.0,5.0,0.0,1.0,0.0,0.3175638423699945,0.0,1.0,0.0,0.0,1.0,0.0,0.0,1.0,0.0
4983-CCWMC,0,-1.1960038562387048,0.16080569909714826,-0.9158612532956375,0.0,1.0,1.0,0.0,1.0,0.0,0.0,1.0,1.0,0.0,0.0,0.0,1.0,0.0,1.0,0.0,0.0,1.0,0.0,0.0,1.0,0.0,0.0,1.0,0.0,0.0,1.0,0.0,0.0,1.0,0.0,0.0,1.0,0.0,0.0,0.0,1.0,0.0,0.0,0.0,1.0,1.0,0.0,2.0,1.0,0.0,0.0,0.7657678096255611,1.0,0.0,0.0,1.0,0.0,0.0,1.0,0.0,0.0
9103-CXVOK,0,-1.2774445836787656,-1.4960059100684764,-0.9986500811217106,0.0,1.0,0.0,1.0,0.0,1.0,0.0,1.0,1.0,0.0,0.0,0.0,0.0,1.0,0.0,1.0,0.0,0.0,1.0,0.0,0.0,1.0,0.0,0.0,1.0,0.0,0.0,1.0,0.0,0.0,1.0,0.0,1.0,0.0,0.0,1.0,0.0,0.0,0.0,1.0,0.0,1.0,0.0,1.0,1.0,0.0,0.0,0.7817560885857086,1.0,0.0,0.0,1.0,0.0,0.0,1.0,0.0,0.0
2896-TBNBE,0,0.3106496014024181,0.53304822713436,0.37476649773555265,0.0,1.0,0.0,1.0,1.0,0.0,0.0,1.0,1.0,0.0,0.0,0.0,1.0,0.0,1.0,0.0,0.0,0.0,0.0,1.0,0.0,0.0,1.0,1.0,0.0,0.0,1.0,0.0,0.0,1.0,0.0,0.0,0.0,1.0,0.0,1.0,0.0,0.0,0.0,1.0,0.0,1.0,0.0,4.0,0.0,0.0,1.0,1.206396197013229,0.0,0.0,1.0,0.0,0.0,1.0,0.0,0.0,1.0
4797-AXPXK,0,-1.2774445836787656,-0.1582593249347472,-0.9808922856514232,1.0,0.0,1.0,0.0,0.0,1.0,0.0,1.0,1.0,0.0,0.0,1.0,0.0,0.0,0.0,0.0,1.0,0.0,0.0,1.0,1.0,0.0,0.0,0.0,0.0,1.0,1.0,0.0,0.0,1.0,0.0,0.0,1.0,0.0,0.0,0.0,1.0,0.0,0.0,1.0,0.0,0.0,1.0,5.0,1.0,0.0,0.0,0.7678550585941383,1.0,0.0,0.0,1.0,0.0,0.0,1.0,0.0,0.0
5229-PRWKT,0,-0.9924020376385531,0.7241548821534641,-0.7207460968550257,0.0,1.0,1.0,0.0,1.0,0.0,0.0,1.0,0.0,0.0,1.0,0.0,1.0,0.0,1.0,0.0,0.0,1.0,0.0,0.0,1.0,0.0,0.0,1.0,0.0,0.0,1.0,0.0,0.0,0.0,0.0,1.0,1.0,0.0,0.0,0.0,1.0,0.0,0.0,1.0,0.0,0.0,1.0,4.0,1.0,0.0,0.0,0.7262642251018147,1.0,0.0,0.0,1.0,0.0,0.0,1.0,0.0,0.0
6982-UQZLY,1,-1.2774445836787656,-1.4594463760648215,-0.9981647749101002,1.0,0.0,0.0,1.0,1.0,0.0,0.0,1.0,1.0,0.0,0.0,0.0,0.0,1.0,0.0,1.0,0.0,0.0,1.0,0.0,0.0,1.0,0.0,0.0,1.0,0.0,0.0,1.0,0.0,0.0,1.0,0.0,1.0,0.0,0.0,0.0,1.0,0.0,0.0,0.0,1.0,0.0,1.0,1.0,1.0,0.0,0.0,0.7813761846604731,1.0,0.0,0.0,1.0,0.0,0.0,1.0,0.0,0.0
2522-WLNSF,1,0.06632741908223598,-0.018668376920792765,-0.07809037581665987,1.0,0.0,0.0,1.0,1.0,0.0,0.0,1.0,1.0,0.0,0.0,1.0,0.0,0.0,1.0,0.0,0.0,1.0,0.0,0.0,0.0,0.0,1.0,0.0,0.0,1.0,0.0,0.0,1.0,1.0,0.0,0.0,0.0,1.0,0.0,1.0,0.0,1.0,0.0,0.0,0.0,1.0,0.0,5.0,0.0,0.0,1.0,-1.1773468182116298,0.0,0.0,1.0,0.0,0.0,1.0,0.0,0.0,1.0
3841-CONLJ,0,-1.2774445836787656,-0.9891578250178088,-0.9919219722789309,1.0,0.0,0.0,1.0,1.0,0.0,1.0,0.0,0.0,1.0,0.0,1.0,0.0,0.0,1.0,0.0,0.0,1.0,0.0,0.0,1.0,0.0,0.0,1.0,0.0,0.0,1.0,0.0,0.0,0.0,0.0,1.0,1.0,0.0,0.0,1.0,0.0,0.0,0.0,1.0,0.0,1.0,0.0,2.0,1.0,0.0,0.0,0.776489238713126,1.0,0.0,0.0,1.0,0.0,0.0,1.0,0.0,0.0
5057-LCOUI,0,0.26992923768238775,-0.46569176996548,-0.11995906625467927,1.0,0.0,1.0,0.0,1.0,0.0,1.0,0.0,0.0,1.0,0.0,1.0,0.0,0.0,1.0,0.0,0.0,1.0,0.0,0.0,0.0,0.0,1.0,1.0,0.0,0.0,0.0,0.0,1.0,0.0,0.0,1.0,1.0,0.0,0.0,0.0,1.0,0.0,0.0,1.0,0.0,0.0,1.0,4.0,0.0,0.0,1.0,-0.44440930995340755,0.0,0.0,1.0,0.0,0.0,1.0,0.0,0.0,1.0
0193-ESZXP,1,1.0436161483629645,1.3539759452164248,1.7304252811225285,1.0,0.0,0.0,1.0,1.0,0.0,0.0,1.0,1.0,0.0,0.0,0.0,1.0,0.0,0.0,0.0,1.0,0.0,0.0,1.0,1.0,0.0,0.0,0.0,0.0,1.0,0.0,0.0,1.0,0.0,0.0,1.0,0.0,1.0,0.0,0.0,1.0,0.0,1.0,0.0,0.0,0.0,1.0,7.0,0.0,1.0,0.0,1.6581051221149705,0.0,1.0,0.0,0.0,1.0,0.0,0.0,1.0,0.0
4475-NVTLU,0,0.5142514200025698,-1.5142856770703037,-0.608662421346292,0.0,1.0,0.0,1.0,0.0,1.0,0.0,1.0,1.0,0.0,0.0,0.0,0.0,1.0,0.0,1.0,0.0,0.0,1.0,0.0,0.0,1.0,0.0,0.0,1.0,0.0,0.0,1.0,0.0,0.0,1.0,0.0,0.0,0.0,1.0,1.0,0.0,0.0,0.0,1.0,0.0,1.0,0.0,1.0,0.0,1.0,0.0,-1.183589189395433,0.0,1.0,0.0,0.0,1.0,0.0,0.0,1.0,0.0
4369-HTUIF,1,-1.0738427650786138,0.677624566148813,-0.7851815261329259,0.0,1.0,1.0,0.0,1.0,0.0,0.0,1.0,1.0,0.0,0.0,0.0,1.0,0.0,0.0,0.0,1.0,1.0,0.0,0.0,1.0,0.0,0.0,1.0,0.0,0.0,0.0,0.0,1.0,1.0,0.0,0.0,1.0,0.0,0.0,0.0,1.0,1.0,0.0,0.0,0.0,0.0,1.0,4.0,1.0,0.0,0.0,0.7311885423704879,1.0,0.0,0.0,1.0,0.0,0.0,1.0,0.0,0.0
9386-LDCZR,0,0.43281069256250915,0.8604222361670865,0.7054585622014897,0.0,1.0,1.0,0.0,1.0,0.0,0.0,1.0,1.0,0.0,0.0,0.0,1.0,0.0,0.0,0.0,1.0,0.0,0.0,1.0,0.0,0.0,1.0,0.0,0.0,1.0,1.0,0.0,0.0,1.0,0.0,0.0,0.0,1.0,0.0,0.0,1.0,0.0,1.0,0.0,0.0,1.0,0.0,6.0,0.0,0.0,1.0,1.629947167027541,0.0,0.0,1.0,0.0,0.0,1.0,0.0,0.0,1.0
9585-KKMFD,0,0.35136996512244845,-1.4876969250676457,-0.6192068017621895,0.0,1.0,0.0,1.0,0.0,1.0,0.0,1.0,1.0,0.0,0.0,0.0,0.0,1.0,0.0,1.0,0.0,0.0,1.0,0.0,0.0,1.0,0.0,0.0,1.0,0.0,0.0,1.0,0.0,0.0,1.0,0.0,0.0,0.0,1.0,0.0,1.0,0.0,0.0,0.0,1.0,1.0,0.0,1.0,0.0,0.0,1.0,-1.7622644597593962,0.0,0.0,1.0,0.0,0.0,1.0,0.0,0.0,1.0
5399-ZIMKF,0,-1.1145631287986442,0.32864719611392706,-0.838101962571708,0.0,1.0,1.0,0.0,1.0,0.0,0.0,1.0,1.0,0.0,0.0,0.0,1.0,0.0,1.0,0.0,0.0,0.0,0.0,1.0,1.0,0.0,0.0,1.0,0.0,0.0,1.0,0.0,0.0,1.0,0.0,0.0,1.0,0.0,0.0,0.0,1.0,0.0,0.0,1.0,0.0,1.0,0.0,3.0,1.0,0.0,0.0,0.7519555787522545,1.0,0.0,0.0,1.0,0.0,0.0,1.0,0.0,0.0
0336-KXKFK,0,1.6137012404433893,-0.11837619693076015,0.9295597350991918,0.0,1.0,1.0,0.0,1.0,0.0,1.0,0.0,0.0,1.0,0.0,1.0,0.0,0.0,0.0,0.0,1.0,1.0,0.0,0.0,0.0,0.0,1.0,0.0,0.0,1.0,0.0,0.0,1.0,0.0,0.0,1.0,0.0,0.0,1.0,0.0,1.0,0.0,1.0,0.0,0.0,1.0,0.0,6.0,0.0,1.0,0.0,0.5760420279802109,0.0,1.0,0.0,0.0,1.0,0.0,0.0,1.0,0.0
5619-XZZKR,0,-1.1552834925186746,-1.4893587220678117,-0.9772745484376006,0.0,1.0,1.0,0.0,1.0,0.0,0.0,1.0,1.0,0.0,0.0,0.0,0.0,1.0,0.0,1.0,0.0,0.0,1.0,0.0,0.0,1.0,0.0,0.0,1.0,0.0,0.0,1.0,0.0,0.0,1.0,0.0,0.0,1.0,0.0,1.0,0.0,0.0,0.0,0.0,1.0,1.0,0.0,1.0,1.0,0.0,0.0,0.8459175213410257,1.0,0.0,0.0,1.0,0.0,0.0,1.0,0.0,0.0
3948-FVVRP,0,-0.9516816739185228,-0.3310862129520241,-0.8075938493600217,0.0,1.0,0.0,1.0,0.0,1.0,0.0,1.0,1.0,0.0,0.0,1.0,0.0,0.0,1.0,0.0,0.0,0.0,0.0,1.0,1.0,0.0,0.0,0.0,0.0,1.0,1.0,0.0,0.0,1.0,0.0,0.0,1.0,0.0,0.0,1.0,0.0,0.0,0.0,0.0,1.0,1.0,0.0,4.0,1.0,0.0,0.0,0.8485966174327771,1.0,0.0,0.0,1.0,0.0,0.0,1.0,0.0,0.0
5327-XOKKY,1,1.6137012404433893,0.28876406810994004,1.3437244679621072,0.0,1.0,0.0,1.0,1.0,0.0,0.0,1.0,0.0,0.0,1.0,1.0,0.0,0.0,1.0,0.0,0.0,1.0,0.0,0.0,0.0,0.0,1.0,1.0,0.0,0.0,0.0,0.0,1.0,0.0,0.0,1.0,0.0,0.0,1.0,0.0,1.0,0.0,1.0,0.0,0.0,1.0,0.0,6.0,0.0,1.0,0.0,0.8326971773244087,0.0,1.0,0.0,0.0,1.0,0.0,0.0,1.0,0.0
0983-TATYJ,0,0.025607055362205634,-0.4424266119631542,-0.2313589011925074,1.0,0.0,0.0,1.0,1.0,0.0,0.0,1.0,1.0,0.0,0.0,1.0,0.0,0.0,1.0,0.0,0.0,1.0,0.0,0.0,1.0,0.0,0.0,0.0,0.0,1.0,1.0,0.0,0.0,1.0,0.0,0.0,0.0,1.0,0.0,0.0,1.0,0.0,0.0,0.0,1.0,1.0,0.0,3.0,0.0,0.0,1.0,-9.034967040137628,0.0,0.0,1.0,0.0,0.0,1.0,0.0,0.0,1.0
1813-JYWTO,0,1.6137012404433893,0.5214156481331973,1.5239936662020939,1.0,0.0,0.0,1.0,1.0,0.0,0.0,1.0,0.0,0.0,1.0,0.0,1.0,0.0,0.0,0.0,1.0,1.0,0.0,0.0,1.0,0.0,0.0,1.0,0.0,0.0,1.0,0.0,0.0,1.0,0.0,0.0,0.0,0.0,1.0,1.0,0.0,1.0,0.0,0.0,0.0,1.0,0.0,4.0,0.0,1.0,0.0,0.9444088087726531,0.0,1.0,0.0,0.0,1.0,0.0,0.0,1.0,0.0
0156-FVPTA,0,-0.4223169455581282,-0.3510277769540174,-0.498806742536315,0.0,1.0,0.0,1.0,1.0,0.0,0.0,1.0,1.0,0.0,0.0,1.0,0.0,0.0,0.0,0.0,1.0,1.0,0.0,0.0,1.0,0.0,0.0,0.0,0.0,1.0,1.0,0.0,0.0,1.0,0.0,0.0,1.0,0.0,0.0,0.0,1.0,0.0,0.0,1.0,0.0,0.0,1.0,4.0,0.0,0.0,1.0,1.1811194122866628,0.0,0.0,1.0,0.0,0.0,1.0,0.0,0.0,1.0
1984-FCOWB,0,1.5322605130033284,1.4869197052297147,2.378551726728138,1.0,0.0,0.0,1.0,1.0,0.0,0.0,1.0,0.0,0.0,1.0,0.0,1.0,0.0,1.0,0.0,0.0,0.0,0.0,1.0,0.0,0.0,1.0,0.0,0.0,1.0,0.0,0.0,1.0,0.0,0.0,1.0,0.0,1.0,0.0,0.0,1.0,0.0,0.0,1.0,0.0,0.0,1.0,8.0,0.0,1.0,0.0,1.5523154884844124,0.0,1.0,0.0,0.0,1.0,0.0,0.0,1.0,0.0
0654-HMSHN,0,-0.46303730927815856,1.3174164112127704,-0.05530304324422904,0.0,1.0,0.0,1.0,0.0,1.0,0.0,1.0,0.0,0.0,1.0,0.0,1.0,0.0,1.0,0.0,0.0,0.0,0.0,1.0,0.0,0.0,1.0,1.0,0.0,0.0,0.0,0.0,1.0,0.0,0.0,1.0,1.0,0.0,0.0,1.0,0.0,0.0,0.0,1.0,0.0,0.0,1.0,7.0,0.0,0.0,1.0,0.11943539351168583,0.0,0.0,1.0,0.0,0.0,1.0,0.0,0.0,1.0
6719-OXYBR,0,-0.7073594915983407,0.682609957149311,-0.4691810042548293,0.0,1.0,1.0,0.0,1.0,0.0,0.0,1.0,1.0,0.0,0.0,0.0,1.0,0.0,1.0,0.0,0.0,1.0,0.0,0.0,0.0,0.0,1.0,1.0,0.0,0.0,0.0,0.0,1.0,1.0,0.0,0.0,1.0,0.0,0.0,1.0,0.0,0.0,0.0,1.0,0.0,1.0,0.0,4.0,1.0,0.0,0.0,0.6632850902935843,1.0,0.0,0.0,1.0,0.0,0.0,1.0,0.0,0.0
3312-ZWLGF,1,-0.13727439951791576,0.4831943171293762,0.05790566030051052,0.0,1.0,0.0,1.0,1.0,0.0,0.0,1.0,0.0,0.0,1.0,0.0,1.0,0.0,1.0,0.0,0.0,1.0,0.0,0.0,1.0,0.0,0.0,0.0,0.0,1.0,1.0,0.0,0.0,1.0,0.0,0.0,1.0,0.0,0.0,0.0,1.0,0.0,0.0,1.0,0.0,1.0,0.0,4.0,0.0,0.0,1.0,-0.42182417481967,0.0,0.0,1.0,0.0,0.0,1.0,0.0,0.0,1.0
6476-YHMGA,0,-0.7073594915983407,0.39013368512007346,-0.49752729888752417,1.0,0.0,0.0,1.0,0.0,1.0,0.0,1.0,1.0,0.0,0.0,1.0,0.0,0.0,1.0,0.0,0.0,0.0,0.0,1.0,0.0,0.0,1.0,0.0,0.0,1.0,0.0,0.0,1.0,0.0,0.0,1.0,1.0,0.0,0.0,1.0,0.0,1.0,0.0,0.0,0.0,1.0,0.0,7.0,1.0,0.0,0.0,0.7033584829169645,1.0,0.0,0.0,1.0,0.0,0.0,1.0,0.0,0.0
5287-QWLKY,1,1.5729808767233588,1.3406815692150957,2.322763571766204,0.0,1.0,0.0,1.0,0.0,1.0,0.0,1.0,0.0,0.0,1.0,0.0,1.0,0.0,0.0,0.0,1.0,0.0,0.0,1.0,1.0,0.0,0.0,1.0,0.0,0.0,0.0,0.0,1.0,0.0,0.0,1.0,1.0,0.0,0.0,0.0,1.0,0.0,1.0,0.0,0.0,0.0,1.0,7.0,0.0,1.0,0.0,1.4766635794102598,0.0,1.0,0.0,0.0,1.0,0.0,0.0,1.0,0.0
0795-XCCTE,1,1.6137012404433893,-1.3082228490497045,-0.20910099357819686,0.0,1.0,1.0,0.0,1.0,0.0,0.0,1.0,0.0,0.0,1.0,0.0,0.0,1.0,0.0,1.0,0.0,0.0,1.0,0.0,0.0,1.0,0.0,0.0,1.0,0.0,0.0,1.0,0.0,0.0,1.0,0.0,0.0,0.0,1.0,1.0,0.0,1.0,0.0,0.0,0.0,1.0,0.0,2.0,0.0,1.0,0.0,-0.1295785045816431,0.0,1.0,0.0,0.0,1.0,0.0,0.0,1.0,0.0
0168-XZKBB,0,-0.5444780367182193,0.7341256641544608,-0.31716986315451756,1.0,0.0,0.0,1.0,1.0,0.0,0.0,1.0,0.0,0.0,1.0,0.0,1.0,0.0,1.0,0.0,0.0,1.0,0.0,0.0,1.0,0.0,0.0,1.0,0.0,0.0,0.0,0.0,1.0,1.0,0.0,0.0,1.0,0.0,0.0,0.0,1.0,0.0,0.0,1.0,0.0,1.0,0.0,4.0,1.0,0.0,0.0,0.58252094991053,1.0,0.0,0.0,1.0,0.0,0.0,1.0,0.0,0.0
3785-NRHYR,0,-1.2774445836787656,-1.4993295040688086,-0.9986941998682206,0.0,1.0,1.0,0.0,1.0,0.0,0.0,1.0,1.0,0.0,0.0,0.0,0.0,1.0,0.0,1.0,0.0,0.0,1.0,0.0,0.0,1.0,0.0,0.0,1.0,0.0,0.0,1.0,0.0,0.0,1.0,0.0,1.0,0.0,0.0,1.0,0.0,0.0,0.0,0.0,1.0,1.0,0.0,1.0,1.0,0.0,0.0,0.7817906253061845,1.0,0.0,0.0,1.0,0.0,0.0,1.0,0.0,0.0
5196-SGOAK,0,-1.2774445836787656,0.36354493311741554,-0.9739656424493484,1.0,0.0,1.0,0.0,1.0,0.0,0.0,1.0,1.0,0.0,0.0,0.0,1.0,0.0,1.0,0.0,0.0,0.0,0.0,1.0,1.0,0.0,0.0,1.0,0.0,0.0,1.0,0.0,0.0,1.0,0.0,0.0,1.0,0.0,0.0,0.0,1.0,0.0,0.0,1.0,0.0,0.0,1.0,3.0,1.0,0.0,0.0,0.7624327934794141,1.0,0.0,0.0,1.0,0.0,0.0,1.0,0.0,0.0
4537-DKTAL,0,-1.2367242199587352,-0.6385186579827569,-0.9701273115029756,1.0,0.0,1.0,0.0,1.0,0.0,0.0,1.0,1.0,0.0,0.0,1.0,0.0,0.0,1.0,0.0,0.0,1.0,0.0,0.0,1.0,0.0,0.0,1.0,0.0,0.0,1.0,0.0,0.0,1.0,0.0,0.0,1.0,0.0,0.0,1.0,0.0,0.0,0.0,1.0,0.0,1.0,0.0,2.0,1.0,0.0,0.0,0.7844330173588296,1.0,0.0,0.0,1.0,0.0,0.0,1.0,0.0,0.0
7072-MBHEV,1,-0.8702409464784621,0.4433111891253892,-0.6258025543654391,1.0,0.0,0.0,1.0,0.0,1.0,0.0,1.0,0.0,0.0,1.0,0.0,1.0,0.0,1.0,0.0,0.0,1.0,0.0,0.0,0.0,0.0,1.0,1.0,0.0,0.0,1.0,0.0,0.0,1.0,0.0,0.0,1.0,0.0,0.0,0.0,1.0,0.0,1.0,0.0,0.0,1.0,0.0,4.0,1.0,0.0,0.0,0.7191141222414629,1.0,0.0,0.0,1.0,0.0,0.0,1.0,0.0,0.0
5602-BVFMK,0,-0.8295205827584317,-1.5109620830699715,-0.906441900915746,1.0,0.0,1.0,0.0,1.0,0.0,0.0,1.0,1.0,0.0,0.0,0.0,0.0,1.0,0.0,1.0,0.0,0.0,1.0,0.0,0.0,1.0,0.0,0.0,1.0,0.0,0.0,1.0,0.0,0.0,1.0,0.0,0.0,1.0,0.0,1.0,0.0,0.0,0.0,0.0,1.0,1.0,0.0,1.0,1.0,0.0,0.0,1.0927298487296426,1.0,0.0,0.0,1.0,0.0,0.0,1.0,0.0,0.0
6297-NOOPG,0,1.5322605130033284,1.5201556452330371,2.412743755273412,1.0,0.0,0.0,1.0,1.0,0.0,0.0,1.0,0.0,0.0,1.0,0.0,1.0,0.0,1.0,0.0,0.0,0.0,0.0,1.0,0.0,0.0,1.0,0.0,0.0,1.0,0.0,0.0,1.0,0.0,0.0,1.0,0.0,0.0,1.0,0.0,1.0,0.0,0.0,1.0,0.0,1.0,0.0,8.0,0.0,1.0,0.0,1.5746302504032297,0.0,1.0,0.0,0.0,1.0,0.0,0.0,1.0,0.0
1891-UAWWU,1,-0.5037576729981889,0.8654076271675846,-0.146606789146738,1.0,0.0,0.0,1.0,1.0,0.0,0.0,1.0,0.0,0.0,1.0,0.0,1.0,0.0,1.0,0.0,0.0,1.0,0.0,0.0,0.0,0.0,1.0,1.0,0.0,0.0,0.0,0.0,1.0,1.0,0.0,0.0,1.0,0.0,0.0,1.0,0.0,0.0,0.0,1.0,0.0,0.0,1.0,5.0,1.0,0.0,0.0,0.29102641409744856,1.0,0.0,0.0,1.0,0.0,0.0,1.0,0.0,0.0
8204-TIFGJ,0,-0.38159658183809786,-1.477726143066649,-0.7997407124812361,1.0,0.0,1.0,0.0,1.0,0.0,0.0,1.0,1.0,0.0,0.0,0.0,0.0,1.0,0.0,1.0,0.0,0.0,1.0,0.0,0.0,1.0,0.0,0.0,1.0,0.0,0.0,1.0,0.0,0.0,1.0,0.0,1.0,0.0,0.0,0.0,1.0,1.0,0.0,0.0,0.0,1.0,0.0,1.0,0.0,0.0,1.0,2.0957753568677053,0.0,0.0,1.0,0.0,0.0,1.0,0.0,0.0,1.0
8050-DVOJX,1,0.6771328748826912,0.5513279941361872,0.7842546434684049,0.0,1.0,1.0,0.0,1.0,0.0,0.0,1.0,0.0,0.0,1.0,1.0,0.0,0.0,0.0,0.0,1.0,0.0,0.0,1.0,0.0,0.0,1.0,0.0,0.0,1.0,1.0,0.0,0.0,0.0,0.0,1.0,0.0,0.0,1.0,1.0,0.0,0.0,1.0,0.0,0.0,1.0,0.0,8.0,0.0,1.0,0.0,1.1581990367906325,0.0,1.0,0.0,0.0,1.0,0.0,0.0,1.0,0.0
6108-OQZDQ,0,-1.1552834925186746,1.1030445981913404,-0.8377269532263727,1.0,0.0,0.0,1.0,0.0,1.0,0.0,1.0,0.0,0.0,1.0,0.0,1.0,0.0,1.0,0.0,0.0,0.0,0.0,1.0,1.0,0.0,0.0,1.0,0.0,0.0,0.0,0.0,1.0,0.0,0.0,1.0,1.0,0.0,0.0,0.0,1.0,0.0,0.0,1.0,0.0,0.0,1.0,6.0,1.0,0.0,0.0,0.7251267404505317,1.0,0.0,0.0,1.0,0.0,0.0,1.0,0.0,0.0
0363-QJVFX,0,-0.015113308357824713,1.4420511862252297,0.5071889153854106,0.0,1.0,1.0,0.0,1.0,0.0,0.0,1.0,0.0,0.0,1.0,0.0,1.0,0.0,0.0,0.0,1.0,0.0,0.0,1.0,1.0,0.0,0.0,0.0,0.0,1.0,0.0,0.0,1.0,0.0,0.0,1.0,1.0,0.0,0.0,0.0,1.0,0.0,1.0,0.0,0.0,0.0,1.0,8.0,0.0,0.0,1.0,-33.55909264716486,0.0,0.0,1.0,0.0,0.0,1.0,0.0,0.0,1.0
8903-XEBGX,0,-1.2367242199587352,-0.31446824295036285,-0.9594285154742931,0.0,1.0,1.0,0.0,0.0,1.0,0.0,1.0,1.0,0.0,0.0,1.0,0.0,0.0,1.0,0.0,0.0,1.0,0.0,0.0,1.0,0.0,0.0,1.0,0.0,0.0,1.0,0.0,0.0,0.0,0.0,1.0,1.0,0.0,0.0,0.0,1.0,0.0,0.0,1.0,0.0,1.0,0.0,3.0,1.0,0.0,0.0,0.7757821024207852,1.0,0.0,0.0,1.0,0.0,0.0,1.0,0.0,0.0
8169-SAEJD,1,1.4915401492832983,-0.2729233179462098,0.7364961003712964,0.0,1.0,0.0,1.0,1.0,0.0,1.0,0.0,0.0,1.0,0.0,1.0,0.0,0.0,0.0,0.0,1.0,0.0,0.0,1.0,1.0,0.0,0.0,1.0,0.0,0.0,0.0,0.0,1.0,0.0,0.0,1.0,0.0,0.0,1.0,1.0,0.0,0.0,1.0,0.0,0.0,1.0,0.0,5.0,0.0,1.0,0.0,0.493782283182381,0.0,1.0,0.0,0.0,1.0,0.0,0.0,1.0,0.0
9840-DVNDC,0,-1.0738427650786138,0.5230774451333633,-0.8030716778427435,0.0,1.0,1.0,0.0,1.0,0.0,0.0,1.0,1.0,0.0,0.0,0.0,1.0,0.0,1.0,0.0,0.0,1.0,0.0,0.0,1.0,0.0,0.0,1.0,0.0,0.0,0.0,0.0,1.0,1.0,0.0,0.0,1.0,0.0,0.0,0.0,1.0,0.0,1.0,0.0,0.0,0.0,1.0,3.0,1.0,0.0,0.0,0.747848478342127,1.0,0.0,0.0,1.0,0.0,0.0,1.0,0.0,0.0
1089-XZWHH,0,-0.3408762181180675,-1.4976677070686424,-0.7893948664246339,1.0,0.0,0.0,1.0,0.0,1.0,0.0,1.0,1.0,0.0,0.0,0.0,0.0,1.0,0.0,1.0,0.0,0.0,1.0,0.0,0.0,1.0,0.0,0.0,1.0,0.0,0.0,1.0,0.0,0.0,1.0,0.0,0.0,0.0,1.0,0.0,1.0,0.0,0.0,0.0,1.0,1.0,0.0,1.0,0.0,0.0,1.0,2.3157815783769795,0.0,0.0,1.0,0.0,0.0,1.0,0.0,0.0,1.0
2325-WINES,0,-0.015113308357824713,1.3057838322116073,0.5001078565705506,1.0,0.0,1.0,0.0,1.0,0.0,0.0,1.0,0.0,0.0,1.0,0.0,1.0,0.0,1.0,0.0,0.0,0.0,0.0,1.0,0.0,0.0,1.0,1.0,0.0,0.0,0.0,0.0,1.0,0.0,0.0,1.0,0.0,1.0,0.0,0.0,1.0,0.0,1.0,0.0,0.0,1.0,0.0,7.0,0.0,0.0,1.0,-33.09056129405488,0.0,0.0,1.0,0.0,0.0,1.0,0.0,0.0,1.0
6064-ZATLR,0,-0.21871512695797646,-0.3958962959585028,-0.34617793898486293,1.0,0.0,1.0,0.0,1.0,0.0,0.0,1.0,1.0,0.0,0.0,1.0,0.0,0.0,0.0,0.0,1.0,0.0,0.0,1.0,1.0,0.0,0.0,1.0,0.0,0.0,1.0,0.0,0.0,1.0,0.0,0.0,0.0,0.0,1.0,1.0,0.0,1.0,0.0,0.0,0.0,1.0,0.0,4.0,0.0,0.0,1.0,1.582780047268413,0.0,0.0,1.0,0.0,0.0,1.0,0.0,0.0,1.0
3096-JRDSO,1,-0.21871512695797646,1.3140928172124378,0.2578518194839707,1.0,0.0,0.0,1.0,1.0,0.0,0.0,1.0,0.0,0.0,1.0,0.0,1.0,0.0,0.0,0.0,1.0,1.0,0.0,0.0,1.0,0.0,0.0,0.0,0.0,1.0,0.0,0.0,1.0,0.0,0.0,1.0,1.0,0.0,0.0,0.0,1.0,1.0,0.0,0.0,0.0,0.0,1.0,7.0,0.0,0.0,1.0,-1.1789391208113094,0.0,0.0,1.0,0.0,0.0,1.0,0.0,0.0,1.0
7824-PANSQ,0,1.0436161483629645,0.5280628361338618,1.113579026792531,0.0,1.0,1.0,0.0,1.0,0.0,0.0,1.0,0.0,0.0,1.0,0.0,1.0,0.0,1.0,0.0,0.0,1.0,0.0,0.0,1.0,0.0,0.0,0.0,0.0,1.0,1.0,0.0,0.0,1.0,0.0,0.0,1.0,0.0,0.0,1.0,0.0,1.0,0.0,0.0,0.0,1.0,0.0,4.0,0.0,1.0,0.0,1.0670388998285543,0.0,1.0,0.0,0.0,1.0,0.0,0.0,1.0,0.0
8042-JVNFH,0,-1.2774445836787656,0.21896859410296257,-0.9758848079225346,0.0,1.0,1.0,0.0,1.0,0.0,0.0,1.0,1.0,0.0,0.0,0.0,1.0,0.0,1.0,0.0,0.0,1.0,0.0,0.0,1.0,0.0,0.0,1.0,0.0,0.0,1.0,0.0,0.0,1.0,0.0,0.0,1.0,0.0,0.0,0.0,1.0,0.0,0.0,0.0,1.0,0.0,1.0,2.0,1.0,0.0,0.0,0.7639351408201178,1.0,0.0,0.0,1.0,0.0,0.0,1.0,0.0,0.0
9648-BCHKM,0,-0.5851984004382496,-1.3331498040521963,-0.7994098218824109,1.0,0.0,0.0,1.0,0.0,1.0,0.0,1.0,0.0,0.0,1.0,0.0,0.0,1.0,0.0,1.0,0.0,0.0,1.0,0.0,0.0,1.0,0.0,0.0,1.0,0.0,0.0,1.0,0.0,0.0,1.0,0.0,0.0,0.0,1.0,0.0,1.0,0.0,1.0,0.0,0.0,1.0,0.0,2.0,1.0,0.0,0.0,1.3660492258415957,1.0,0.0,0.0,1.0,0.0,0.0,1.0,0.0,0.0
2888-ADFAO,0,0.5956921474426305,-1.4444902030633266,-0.5477344324159393,1.0,0.0,0.0,1.0,0.0,1.0,0.0,1.0,1.0,0.0,0.0,0.0,0.0,1.0,0.0,1.0,0.0,0.0,1.0,0.0,0.0,1.0,0.0,0.0,1.0,0.0,0.0,1.0,0.0,0.0,1.0,0.0,0.0,0.0,1.0,0.0,1.0,1.0,0.0,0.0,0.0,1.0,0.0,1.0,0.0,1.0,0.0,-0.9194924505340909,0.0,1.0,0.0,0.0,1.0,0.0,0.0,1.0,0.0
8707-HOEDG,0,1.5322605130033284,1.5101848632320405,2.385279835570918,1.0,0.0,0.0,1.0,0.0,1.0,0.0,1.0,0.0,0.0,1.0,0.0,1.0,0.0,1.0,0.0,0.0,0.0,0.0,1.0,0.0,0.0,1.0,0.0,0.0,1.0,0.0,0.0,1.0,0.0,0.0,1.0,0.0,0.0,1.0,0.0,1.0,0.0,0.0,1.0,0.0,1.0,0.0,8.0,0.0,1.0,0.0,1.5567064577652119,0.0,1.0,0.0,0.0,1.0,0.0,0.0,1.0,0.0
3374-LXDEV,0,-0.7888002190384014,0.8188773111629334,-0.5077849074511064,1.0,0.0,1.0,0.0,1.0,0.0,0.0,1.0,0.0,0.0,1.0,0.0,1.0,0.0,1.0,0.0,0.0,0.0,0.0,1.0,0.0,0.0,1.0,0.0,0.0,1.0,1.0,0.0,0.0,1.0,0.0,0.0,1.0,0.0,0.0,1.0,0.0,0.0,0.0,1.0,0.0,0.0,1.0,6.0,1.0,0.0,0.0,0.6437433651706247,1.0,0.0,0.0,1.0,0.0,0.0,1.0,0.0,0.0
4072-IPYLT,0,0.14776814652229667,-0.45572098796448335,-0.2066082844003801,1.0,0.0,0.0,1.0,0.0,1.0,0.0,1.0,1.0,0.0,0.0,1.0,0.0,0.0,0.0,0.0,1.0,1.0,0.0,0.0,1.0,0.0,0.0,1.0,0.0,0.0,1.0,0.0,0.0,1.0,0.0,0.0,1.0,0.0,0.0,1.0,0.0,0.0,1.0,0.0,0.0,1.0,0.0,3.0,0.0,0.0,1.0,-1.3981922982921429,0.0,0.0,1.0,0.0,0.0,1.0,0.0,0.0,1.0
7167-PCEYD,0,1.4100994218432374,-1.4943441130683104,-0.428834410571406,0.0,1.0,1.0,0.0,1.0,0.0,0.0,1.0,1.0,0.0,0.0,0.0,0.0,1.0,0.0,1.0,0.0,0.0,1.0,0.0,0.0,1.0,0.0,0.0,1.0,0.0,0.0,1.0,0.0,0.0,1.0,0.0,0.0,0.0,1.0,0.0,1.0,0.0,0.0,0.0,1.0,1.0,0.0,1.0,0.0,1.0,0.0,-0.3041164359962982,0.0,1.0,0.0,0.0,1.0,0.0,0.0,1.0,0.0
4936-YPJNK,0,-0.9109613101984924,-1.491020519067978,-0.9193686936431851,1.0,0.0,1.0,0.0,1.0,0.0,0.0,1.0,1.0,0.0,0.0,0.0,0.0,1.0,0.0,1.0,0.0,0.0,1.0,0.0,0.0,1.0,0.0,0.0,1.0,0.0,0.0,1.0,0.0,0.0,1.0,0.0,1.0,0.0,0.0,0.0,1.0,0.0,0.0,0.0,1.0,1.0,0.0,1.0,1.0,0.0,0.0,1.0092291333897163,1.0,0.0,0.0,1.0,0.0,0.0,1.0,0.0,0.0
1580-BMCMR,1,-0.5444780367182193,0.749081837155956,-0.2850072969487051,0.0,1.0,1.0,0.0,1.0,0.0,0.0,1.0,1.0,0.0,0.0,0.0,1.0,0.0,0.0,0.0,1.0,1.0,0.0,0.0,1.0,0.0,0.0,1.0,0.0,0.0,1.0,0.0,0.0,0.0,0.0,1.0,1.0,0.0,0.0,0.0,1.0,0.0,0.0,1.0,0.0,1.0,0.0,4.0,1.0,0.0,0.0,0.5234504933689426,1.0,0.0,0.0,1.0,0.0,0.0,1.0,0.0,0.0
4817-KEQSP,0,1.5729808767233588,-1.4926823160681442,-0.42219453922164635,1.0,0.0,0.0,1.0,0.0,1.0,0.0,1.0,1.0,0.0,0.0,0.0,0.0,1.0,0.0,1.0,0.0,0.0,1.0,0.0,0.0,1.0,0.0,0.0,1.0,0.0,0.0,1.0,0.0,0.0,1.0,0.0,0.0,0.0,1.0,1.0,0.0,1.0,0.0,0.0,0.0,1.0,0.0,1.0,0.0,1.0,0.0,-0.26840411442325374,0.0,1.0,0.0,0.0,1.0,0.0,0.0,1.0,0.0
6408-WHTEF,0,1.6137012404433893,0.8188773111629334,1.8058903970279365,0.0,1.0,0.0,1.0,0.0,1.0,0.0,1.0,0.0,0.0,1.0,1.0,0.0,0.0,0.0,0.0,1.0,0.0,0.0,1.0,0.0,0.0,1.0,0.0,0.0,1.0,0.0,0.0,1.0,0.0,0.0,1.0,0.0,0.0,1.0,0.0,1.0,0.0,0.0,0.0,1.0,1.0,0.0,9.0,0.0,1.0,0.0,1.1190983509015215,0.0,1.0,0.0,0.0,1.0,0.0,0.0,1.0,0.0
9251-AWQGT,0,0.6364125111626608,-1.4876969250676457,-0.594456184970062,1.0,0.0,0.0,1.0,0.0,1.0,0.0,1.0,1.0,0.0,0.0,0.0,0.0,1.0,0.0,1.0,0.0,0.0,1.0,0.0,0.0,1.0,0.0,0.0,1.0,0.0,0.0,1.0,0.0,0.0,1.0,0.0,0.0,0.0,1.0,1.0,0.0,0.0,0.0,0.0,1.0,1.0,0.0,1.0,0.0,1.0,0.0,-0.9340736936237333,0.0,1.0,0.0,0.0,1.0,0.0,0.0,1.0,0.0
8749-CLJXC,0,-1.2774445836787656,-1.4860351280674797,-0.9985177248821804,0.0,1.0,1.0,0.0,1.0,0.0,0.0,1.0,1.0,0.0,0.0,0.0,0.0,1.0,0.0,1.0,0.0,0.0,1.0,0.0,0.0,1.0,0.0,0.0,1.0,0.0,0.0,1.0,0.0,0.0,1.0,0.0,1.0,0.0,0.0,1.0,0.0,0.0,0.0,0.0,1.0,1.0,0.0,1.0,1.0,0.0,0.0,0.7816524784242805,1.0,0.0,0.0,1.0,0.0,0.0,1.0,0.0,0.0
7989-VCQOH,0,-0.5851984004382496,0.6144762801425001,-0.29654434916107814,0.0,1.0,0.0,1.0,0.0,1.0,0.0,1.0,1.0,0.0,0.0,1.0,0.0,0.0,0.0,0.0,1.0,1.0,0.0,0.0,0.0,0.0,1.0,0.0,0.0,1.0,0.0,0.0,1.0,0.0,0.0,1.0,1.0,0.0,0.0,1.0,0.0,0.0,0.0,1.0,0.0,1.0,0.0,7.0,1.0,0.0,0.0,0.5067415579724738,1.0,0.0,0.0,1.0,0.0,0.0,1.0,0.0,0.0
5049-GLYVG,0,-1.2774445836787656,-1.4677553610656522,-0.9982750717763753,0.0,1.0,1.0,0.0,1.0,0.0,0.0,1.0,1.0,0.0,0.0,0.0,0.0,1.0,0.0,1.0,0.0,0.0,1.0,0.0,0.0,1.0,0.0,0.0,1.0,0.0,0.0,1.0,0.0,0.0,1.0,0.0,1.0,0.0,0.0,1.0,0.0,0.0,0.0,0.0,1.0,0.0,1.0,1.0,1.0,0.0,0.0,0.7814625264616629,1.0,0.0,0.0,1.0,0.0,0.0,1.0,0.0,0.0
4199-QHJNM,1,1.4100994218432374,1.2675625012077867,2.0764044912541912,0.0,1.0,0.0,1.0,1.0,0.0,0.0,1.0,0.0,0.0,1.0,0.0,1.0,0.0,1.0,0.0,0.0,0.0,0.0,1.0,1.0,0.0,0.0,0.0,0.0,1.0,0.0,0.0,1.0,0.0,0.0,1.0,0.0,0.0,1.0,1.0,0.0,1.0,0.0,0.0,0.0,1.0,0.0,7.0,0.0,1.0,0.0,1.4725234682672097,0.0,1.0,0.0,0.0,1.0,0.0,0.0,1.0,0.0
8882-TLVRW,0,1.4915401492832983,-0.8528904710041867,0.21891702568886837,0.0,1.0,0.0,1.0,0.0,1.0,1.0,0.0,0.0,1.0,0.0,1.0,0.0,0.0,0.0,0.0,1.0,1.0,0.0,0.0,0.0,0.0,1.0,0.0,0.0,1.0,1.0,0.0,0.0,1.0,0.0,0.0,0.0,0.0,1.0,1.0,0.0,0.0,0.0,0.0,1.0,1.0,0.0,4.0,0.0,1.0,0.0,0.14677246589309745,0.0,1.0,0.0,0.0,1.0,0.0,0.0,1.0,0.0
5883-GTGVD,0,-0.5444780367182193,1.1695164781979852,-0.15509964784991895,0.0,1.0,1.0,0.0,1.0,0.0,0.0,1.0,0.0,0.0,1.0,0.0,1.0,0.0,1.0,0.0,0.0,0.0,0.0,1.0,1.0,0.0,0.0,1.0,0.0,0.0,0.0,0.0,1.0,0.0,0.0,1.0,1.0,0.0,0.0,0.0,1.0,0.0,0.0,1.0,0.0,0.0,1.0,6.0,1.0,0.0,0.0,0.2848593283666037,1.0,0.0,0.0,1.0,0.0,0.0,1.0,0.0,0.0
5135-GRQJV,1,1.6137012404433893,1.653099405246327,2.6685883662850816,0.0,1.0,0.0,1.0,1.0,0.0,0.0,1.0,0.0,0.0,1.0,0.0,1.0,0.0,0.0,0.0,1.0,0.0,0.0,1.0,0.0,0.0,1.0,0.0,0.0,1.0,0.0,0.0,1.0,0.0,0.0,1.0,0.0,0.0,1.0,0.0,1.0,0.0,0.0,0.0,1.0,1.0,0.0,9.0,0.0,1.0,0.0,1.653706584219918,0.0,1.0,0.0,0.0,1.0,0.0,0.0,1.0,0.0
2384-OVPSA,1,0.22920887396235737,-1.481049737066981,-0.6826936779901239,1.0,0.0,1.0,0.0,1.0,0.0,0.0,1.0,1.0,0.0,0.0,0.0,0.0,1.0,0.0,1.0,0.0,0.0,1.0,0.0,0.0,1.0,0.0,0.0,1.0,0.0,0.0,1.0,0.0,0.0,1.0,0.0,0.0,0.0,1.0,1.0,0.0,0.0,0.0,0.0,1.0,1.0,0.0,1.0,0.0,0.0,1.0,-2.9784783904232333,0.0,0.0,1.0,0.0,0.0,1.0,0.0,0.0,1.0
1371-WEPDS,1,0.3106496014024181,-0.29785027294870164,-1.9449390509879056e-07,0.0,1.0,0.0,1.0,1.0,0.0,0.0,1.0,1.0,0.0,0.0,1.0,0.0,0.0,1.0,0.0,0.0,1.0,0.0,0.0,1.0,0.0,0.0,1.0,0.0,0.0,1.0,0.0,0.0,0.0,0.0,1.0,0.0,1.0,0.0,1.0,0.0,0.0,0.0,1.0,0.0,1.0,0.0,3.0,0.0,0.0,1.0,-6.260877342856833e-07,0.0,0.0,1.0,0.0,0.0,1.0,0.0,0.0,1.0
3580-GICBM,0,1.1657772395230555,-1.3481059770536914,-0.3697594089944745,1.0,0.0,0.0,1.0,0.0,1.0,0.0,1.0,0.0,0.0,1.0,0.0,0.0,1.0,0.0,1.0,0.0,0.0,1.0,0.0,0.0,1.0,0.0,0.0,1.0,0.0,0.0,1.0,0.0,0.0,1.0,0.0,0.0,0.0,1.0,0.0,1.0,0.0,0.0,0.0,1.0,1.0,0.0,2.0,0.0,1.0,0.0,-0.31717844238042514,0.0,1.0,0.0,0.0,1.0,0.0,0.0,1.0,0.0
4817-QRJSX,0,-0.9109613101984924,0.5396954151350245,-0.6464501277321336,1.0,0.0,1.0,0.0,1.0,0.0,0.0,1.0,0.0,0.0,1.0,0.0,1.0,0.0,1.0,0.0,0.0,0.0,0.0,1.0,1.0,0.0,0.0,1.0,0.0,0.0,1.0,0.0,0.0,1.0,0.0,0.0,1.0,0.0,0.0,0.0,1.0,0.0,1.0,0.0,0.0,0.0,1.0,4.0,1.0,0.0,0.0,0.709635107984198,1.0,0.0,0.0,1.0,0.0,0.0,1.0,0.0,0.0
9730-DRTMJ,0,-0.015113308357824713,0.2671607071077802,0.021948881894835296,0.0,1.0,0.0,1.0,1.0,0.0,0.0,1.0,0.0,0.0,1.0,1.0,0.0,0.0,0.0,0.0,1.0,1.0,0.0,0.0,1.0,0.0,0.0,0.0,0.0,1.0,0.0,0.0,1.0,1.0,0.0,0.0,0.0,1.0,0.0,0.0,1.0,0.0,1.0,0.0,0.0,1.0,0.0,6.0,0.0,0.0,1.0,-1.4522883656688945,0.0,0.0,1.0,0.0,0.0,1.0,0.0,0.0,1.0
4686-UXDML,0,-0.46303730927815856,1.1661928841976528,-0.12827544997182017,1.0,0.0,1.0,0.0,1.0,0.0,0.0,1.0,0.0,0.0,1.0,0.0,1.0,0.0,1.0,0.0,0.0,0.0,0.0,1.0,1.0,0.0,0.0,1.0,0.0,0.0,0.0,0.0,1.0,0.0,0.0,1.0,1.0,0.0,0.0,0.0,1.0,0.0,1.0,0.0,0.0,1.0,0.0,6.0,0.0,0.0,1.0,0.2770304841564328,0.0,0.0,1.0,0.0,0.0,1.0,0.0,0.0,1.0
3349-ANQNH,1,1.0843365120829946,1.15456030519649,1.5912306358833808,1.0,0.0,1.0,0.0,1.0,0.0,0.0,1.0,0.0,0.0,1.0,0.0,1.0,0.0,1.0,0.0,0.0,1.0,0.0,0.0,0.0,0.0,1.0,1.0,0.0,0.0,0.0,0.0,1.0,0.0,0.0,1.0,0.0,1.0,0.0,0.0,1.0,0.0,0.0,1.0,0.0,1.0,0.0,6.0,0.0,1.0,0.0,1.4674693862578232,0.0,1.0,0.0,0.0,1.0,0.0,0.0,1.0,0.0
2398-YPMUR,1,-0.7888002190384014,0.179085466098976,-0.602904924926733,1.0,0.0,0.0,1.0,1.0,0.0,0.0,1.0,1.0,0.0,0.0,0.0,1.0,0.0,1.0,0.0,0.0,1.0,0.0,0.0,1.0,0.0,0.0,1.0,0.0,0.0,1.0,0.0,0.0,1.0,0.0,0.0,1.0,0.0,0.0,0.0,1.0,0.0,0.0,1.0,0.0,0.0,1.0,2.0,1.0,0.0,0.0,0.764331589133828,1.0,0.0,0.0,1.0,0.0,0.0,1.0,0.0,0.0
0932-YIXYU,0,0.5956921474426305,-1.479387940066815,-0.5530286819971431,1.0,0.0,1.0,0.0,1.0,0.0,0.0,1.0,1.0,0.0,0.0,0.0,0.0,1.0,0.0,1.0,0.0,0.0,1.0,0.0,0.0,1.0,0.0,0.0,1.0,0.0,0.0,1.0,0.0,0.0,1.0,0.0,0.0,0.0,1.0,1.0,0.0,0.0,1.0,0.0,0.0,1.0,0.0,1.0,0.0,1.0,0.0,-0.9283800103314334,0.0,1.0,0.0,0.0,1.0,0.0,0.0,1.0,0.0
7480-SPLEF,0,1.4915401492832983,-1.288281285047711,-0.2147481931314808,0.0,1.0,0.0,1.0,0.0,1.0,0.0,1.0,0.0,0.0,1.0,0.0,0.0,1.0,0.0,1.0,0.0,0.0,1.0,0.0,0.0,1.0,0.0,0.0,1.0,0.0,0.0,1.0,0.0,0.0,1.0,0.0,0.0,0.0,1.0,0.0,1.0,1.0,0.0,0.0,0.0,1.0,0.0,2.0,0.0,1.0,0.0,-0.14397748075012912,0.0,1.0,0.0,0.0,1.0,0.0,0.0,1.0,0.0
7636-XUHWW,0,-1.2367242199587352,-1.491020519067978,-0.9924955159835613,0.0,1.0,1.0,0.0,1.0,0.0,0.0,1.0,1.0,0.0,0.0,0.0,0.0,1.0,0.0,1.0,0.0,0.0,1.0,0.0,0.0,1.0,0.0,0.0,1.0,0.0,0.0,1.0,0.0,0.0,1.0,0.0,1.0,0.0,0.0,0.0,1.0,0.0,1.0,0.0,0.0,1.0,0.0,1.0,1.0,0.0,0.0,0.8025196725076487,1.0,0.0,0.0,1.0,0.0,0.0,1.0,0.0,0.0
1431-CYWMH,0,-0.4223169455581282,-1.5192710680708021,-0.8070423650286462,1.0,0.0,0.0,1.0,0.0,1.0,0.0,1.0,1.0,0.0,0.0,0.0,0.0,1.0,0.0,1.0,0.0,0.0,1.0,0.0,0.0,1.0,0.0,0.0,1.0,0.0,0.0,1.0,0.0,0.0,1.0,0.0,1.0,0.0,0.0,1.0,0.0,1.0,0.0,0.0,0.0,1.0,0.0,1.0,0.0,0.0,1.0,1.9109874077206876,0.0,0.0,1.0,0.0,0.0,1.0,0.0,0.0,1.0
5937-EORGB,1,-0.7073594915983407,1.0548524851865226,-0.3931202852715359,0.0,1.0,0.0,1.0,1.0,0.0,0.0,1.0,0.0,0.0,1.0,0.0,1.0,0.0,0.0,0.0,1.0,1.0,0.0,0.0,0.0,0.0,1.0,1.0,0.0,0.0,0.0,0.0,1.0,1.0,0.0,0.0,1.0,0.0,0.0,0.0,1.0,0.0,0.0,1.0,0.0,1.0,0.0,6.0,1.0,0.0,0.0,0.5557574188808101,1.0,0.0,0.0,1.0,0.0,0.0,1.0,0.0,0.0
6349-JDHQP,0,0.8400143297628127,-1.4926823160681442,-0.5442931701881569,1.0,0.0,1.0,0.0,1.0,0.0,0.0,1.0,1.0,0.0,0.0,0.0,0.0,1.0,0.0,1.0,0.0,0.0,1.0,0.0,0.0,1.0,0.0,0.0,1.0,0.0,0.0,1.0,0.0,0.0,1.0,0.0,0.0,0.0,1.0,1.0,0.0,0.0,1.0,0.0,0.0,1.0,0.0,1.0,0.0,1.0,0.0,-0.6479570060927938,0.0,1.0,0.0,0.0,1.0,0.0,0.0,1.0,0.0
5539-HIVAK,1,-0.1779947632379461,-1.2982520670487077,-0.6832672216947544,1.0,0.0,0.0,1.0,1.0,0.0,0.0,1.0,0.0,0.0,1.0,0.0,0.0,1.0,0.0,1.0,0.0,0.0,1.0,0.0,0.0,1.0,0.0,0.0,1.0,0.0,0.0,1.0,0.0,0.0,1.0,0.0,1.0,0.0,0.0,1.0,0.0,0.0,0.0,0.0,1.0,1.0,0.0,2.0,0.0,0.0,1.0,3.8386928315489395,0.0,0.0,1.0,0.0,0.0,1.0,0.0,0.0,1.0
5847-MXBEO,0,-0.4223169455581282,-1.477726143066649,-0.7977553688882847,0.0,1.0,1.0,0.0,1.0,0.0,0.0,1.0,1.0,0.0,0.0,0.0,0.0,1.0,0.0,1.0,0.0,0.0,1.0,0.0,0.0,1.0,0.0,0.0,1.0,0.0,0.0,1.0,0.0,0.0,1.0,0.0,0.0,1.0,0.0,1.0,0.0,0.0,0.0,0.0,1.0,1.0,0.0,1.0,0.0,0.0,1.0,1.888996824017995,0.0,0.0,1.0,0.0,0.0,1.0,0.0,0.0,1.0
9985-MWVIX,0,-1.2774445836787656,0.179085466098976,-0.976414232880655,1.0,0.0,1.0,0.0,1.0,0.0,0.0,1.0,1.0,0.0,0.0,0.0,1.0,0.0,1.0,0.0,0.0,1.0,0.0,0.0,1.0,0.0,0.0,1.0,0.0,0.0,1.0,0.0,0.0,1.0,0.0,0.0,1.0,0.0,0.0,0.0,1.0,0.0,0.0,0.0,1.0,0.0,1.0,2.0,1.0,0.0,0.0,0.7643495814658293,1.0,0.0,0.0,1.0,0.0,0.0,1.0,0.0,0.0
4583-PARNH,1,-0.6666391278783103,0.8903345821700764,-0.3279127779297102,0.0,1.0,0.0,1.0,1.0,0.0,0.0,1.0,1.0,0.0,0.0,0.0,1.0,0.0,1.0,0.0,0.0,1.0,0.0,0.0,0.0,0.0,1.0,0.0,0.0,1.0,1.0,0.0,0.0,0.0,0.0,1.0,1.0,0.0,0.0,0.0,1.0,0.0,0.0,1.0,0.0,1.0,0.0,5.0,1.0,0.0,0.0,0.49188948595523796,1.0,0.0,0.0,1.0,0.0,0.0,1.0,0.0,0.0
1116-FRYVH,0,0.6364125111626608,-0.84291968900319,-0.1344079557367144,1.0,0.0,0.0,1.0,0.0,1.0,1.0,0.0,0.0,1.0,0.0,1.0,0.0,0.0,0.0,0.0,1.0,0.0,0.0,1.0,1.0,0.0,0.0,0.0,0.0,1.0,1.0,0.0,0.0,1.0,0.0,0.0,0.0,0.0,1.0,1.0,0.0,0.0,0.0,0.0,1.0,1.0,0.0,4.0,0.0,1.0,0.0,-0.21119628131000248,0.0,1.0,0.0,0.0,1.0,0.0,0.0,1.0,0.0
1421-HCERK,1,-0.0965540357978854,1.3606231332170895,0.3964067428987229,0.0,1.0,0.0,1.0,1.0,0.0,0.0,1.0,0.0,0.0,1.0,0.0,1.0,0.0,0.0,0.0,1.0,0.0,0.0,1.0,0.0,0.0,1.0,0.0,0.0,1.0,0.0,0.0,1.0,1.0,0.0,0.0,1.0,0.0,0.0,0.0,1.0,1.0,0.0,0.0,0.0,1.0,0.0,8.0,0.0,0.0,1.0,-4.105542970037141,0.0,0.0,1.0,0.0,0.0,1.0,0.0,0.0,1.0
9633-XQABV,0,-1.1960038562387048,0.18240906009930805,-0.9060227728239008,1.0,0.0,1.0,0.0,1.0,0.0,0.0,1.0,1.0,0.0,0.0,0.0,1.0,0.0,1.0,0.0,0.0,1.0,0.0,0.0,1.0,0.0,0.0,1.0,0.0,0.0,1.0,0.0,0.0,1.0,0.0,0.0,1.0,0.0,0.0,0.0,1.0,0.0,0.0,1.0,0.0,1.0,0.0,2.0,1.0,0.0,0.0,0.7575416819083165,1.0,0.0,0.0,1.0,0.0,0.0,1.0,0.0,0.0
0716-BQNDX,1,1.002895784642934,0.9634536501773859,1.474558610737604,0.0,1.0,1.0,0.0,1.0,0.0,0.0,1.0,0.0,0.0,1.0,0.0,1.0,0.0,0.0,0.0,1.0,1.0,0.0,0.0,1.0,0.0,0.0,0.0,0.0,1.0,1.0,0.0,0.0,0.0,0.0,1.0,0.0,0.0,1.0,1.0,0.0,0.0,0.0,1.0,0.0,1.0,0.0,6.0,0.0,1.0,0.0,1.4703009358670287,0.0,1.0,0.0,0.0,1.0,0.0,0.0,1.0,0.0
1265-XTECC,1,1.4508197855632678,1.0565142821866886,1.8964882429862848,1.0,0.0,0.0,1.0,1.0,0.0,0.0,1.0,0.0,0.0,1.0,0.0,1.0,0.0,0.0,0.0,1.0,0.0,0.0,1.0,1.0,0.0,0.0,1.0,0.0,0.0,1.0,0.0,0.0,0.0,0.0,1.0,0.0,1.0,0.0,0.0,1.0,0.0,1.0,0.0,0.0,0.0,1.0,6.0,0.0,1.0,0.0,1.307183884489134,0.0,1.0,0.0,0.0,1.0,0.0,0.0,1.0,0.0
1183-CANVH,0,-0.38159658183809786,-0.1582593249347472,-0.4130178399475598,1.0,0.0,0.0,1.0,1.0,0.0,0.0,1.0,1.0,0.0,0.0,1.0,0.0,0.0,1.0,0.0,0.0,1.0,0.0,0.0,1.0,0.0,0.0,0.0,0.0,1.0,0.0,0.0,1.0,1.0,0.0,0.0,0.0,1.0,0.0,1.0,0.0,1.0,0.0,0.0,0.0,1.0,0.0,4.0,0.0,0.0,1.0,1.0823415607081963,0.0,0.0,1.0,0.0,0.0,1.0,0.0,0.0,1.0
1972-XMUWV,0,1.3286586944031769,-0.16490651293541178,0.6727665710375565,1.0,0.0,0.0,1.0,1.0,0.0,0.0,1.0,1.0,0.0,0.0,1.0,0.0,0.0,1.0,0.0,0.0,1.0,0.0,0.0,1.0,0.0,0.0,0.0,0.0,1.0,0.0,0.0,1.0,1.0,0.0,0.0,0.0,0.0,1.0,0.0,1.0,0.0,1.0,0.0,0.0,1.0,0.0,4.0,0.0,1.0,0.0,0.5063501814811501,0.0,1.0,0.0,0.0,1.0,0.0,0.0,1.0,0.0
8679-LZBMD,0,0.47353105628253944,0.8604222361670865,0.745981630870953,0.0,1.0,0.0,1.0,1.0,0.0,0.0,1.0,1.0,0.0,0.0,0.0,1.0,0.0,1.0,0.0,0.0,1.0,0.0,0.0,1.0,0.0,0.0,1.0,0.0,0.0,0.0,0.0,1.0,0.0,0.0,1.0,0.0,1.0,0.0,0.0,1.0,1.0,0.0,0.0,0.0,1.0,0.0,4.0,0.0,0.0,1.0,1.5753594637008388,0.0,0.0,1.0,0.0,0.0,1.0,0.0,0.0,1.0
3407-JMJQQ,0,1.5729808767233588,1.4703017352280534,2.3729265865481093,1.0,0.0,0.0,1.0,0.0,1.0,0.0,1.0,0.0,0.0,1.0,0.0,1.0,0.0,0.0,0.0,1.0,0.0,0.0,1.0,0.0,0.0,1.0,1.0,0.0,0.0,0.0,0.0,1.0,0.0,0.0,1.0,0.0,0.0,1.0,0.0,1.0,1.0,0.0,0.0,0.0,1.0,0.0,8.0,0.0,1.0,0.0,1.5085539955775555,0.0,1.0,0.0,0.0,1.0,0.0,0.0,1.0,0.0
6252-DFGTK,0,0.18848851024232702,0.11095178909216456,0.08645048929250046,1.0,0.0,0.0,1.0,1.0,0.0,0.0,1.0,0.0,0.0,1.0,1.0,0.0,0.0,0.0,0.0,1.0,1.0,0.0,0.0,0.0,0.0,1.0,0.0,0.0,1.0,1.0,0.0,0.0,1.0,0.0,0.0,0.0,1.0,0.0,1.0,0.0,0.0,1.0,0.0,0.0,1.0,0.0,6.0,0.0,0.0,1.0,0.4586512418255992,0.0,0.0,1.0,0.0,0.0,1.0,0.0,0.0,1.0
1539-LNKHM,0,-0.8295205827584317,-1.4744025490663168,-0.8897429553616992,1.0,0.0,1.0,0.0,1.0,0.0,0.0,1.0,1.0,0.0,0.0,0.0,0.0,1.0,0.0,1.0,0.0,0.0,1.0,0.0,0.0,1.0,0.0,0.0,1.0,0.0,0.0,1.0,0.0,0.0,1.0,0.0,1.0,0.0,0.0,1.0,0.0,0.0,0.0,0.0,1.0,1.0,0.0,1.0,1.0,0.0,0.0,1.0725990094218134,1.0,0.0,0.0,1.0,0.0,0.0,1.0,0.0,0.0
8645-KOMJQ,0,1.4915401492832983,0.5712695581381809,1.4639039334554313,0.0,1.0,0.0,1.0,0.0,1.0,0.0,1.0,0.0,0.0,1.0,1.0,0.0,0.0,1.0,0.0,0.0,0.0,0.0,1.0,0.0,0.0,1.0,0.0,0.0,1.0,0.0,0.0,1.0,0.0,0.0,1.0,0.0,0.0,1.0,0.0,1.0,1.0,0.0,0.0,0.0,1.0,0.0,8.0,0.0,1.0,0.0,0.981471356408913,0.0,1.0,0.0,0.0,1.0,0.0,0.0,1.0,0.0
0289-IVARM,0,0.10704778280226633,-0.13997955793291994,-0.13266526524956826,1.0,0.0,1.0,0.0,1.0,0.0,0.0,1.0,1.0,0.0,0.0,1.0,0.0,0.0,0.0,0.0,1.0,0.0,0.0,1.0,0.0,0.0,1.0,1.0,0.0,0.0,1.0,0.0,0.0,1.0,0.0,0.0,1.0,0.0,0.0,1.0,0.0,0.0,0.0,1.0,0.0,1.0,0.0,5.0,0.0,0.0,1.0,-1.239308856070577,0.0,0.0,1.0,0.0,0.0,1.0,0.0,0.0,1.0
9761-XUJWD,0,-1.1145631287986442,0.0278619390838584,-0.8574039141698465,0.0,1.0,1.0,0.0,1.0,0.0,0.0,1.0,1.0,0.0,0.0,1.0,0.0,0.0,1.0,0.0,0.0,0.0,0.0,1.0,1.0,0.0,0.0,0.0,0.0,1.0,1.0,0.0,0.0,0.0,0.0,1.0,1.0,0.0,0.0,0.0,1.0,1.0,0.0,0.0,0.0,1.0,0.0,5.0,1.0,0.0,0.0,0.7692735314993039,1.0,0.0,0.0,1.0,0.0,0.0,1.0,0.0,0.0
4057-FKCZK,0,1.0436161483629645,0.5895493251400082,1.1227116073201073,0.0,1.0,0.0,1.0,0.0,1.0,0.0,1.0,0.0,0.0,1.0,0.0,1.0,0.0,1.0,0.0,0.0,1.0,0.0,0.0,1.0,0.0,0.0,1.0,0.0,0.0,0.0,0.0,1.0,1.0,0.0,0.0,0.0,0.0,1.0,1.0,0.0,1.0,0.0,0.0,0.0,1.0,0.0,4.0,0.0,1.0,0.0,1.0757897998044716,0.0,1.0,0.0,0.0,1.0,0.0,0.0,1.0,0.0
4291-TPNFG,0,1.6137012404433893,0.5829021371393436,1.631180160848214,0.0,1.0,0.0,1.0,1.0,0.0,0.0,1.0,0.0,0.0,1.0,1.0,0.0,0.0,0.0,0.0,1.0,0.0,0.0,1.0,0.0,0.0,1.0,0.0,0.0,1.0,1.0,0.0,0.0,0.0,0.0,1.0,0.0,0.0,1.0,0.0,1.0,1.0,0.0,0.0,0.0,1.0,0.0,8.0,0.0,1.0,0.0,1.0108315715243685,0.0,1.0,0.0,0.0,1.0,0.0,0.0,1.0,0.0
6087-YPWHO,0,1.6137012404433893,0.11261358609233106,1.1141746298704163,0.0,1.0,0.0,1.0,1.0,0.0,0.0,1.0,0.0,0.0,1.0,1.0,0.0,0.0,0.0,0.0,1.0,0.0,0.0,1.0,0.0,0.0,1.0,0.0,0.0,1.0,1.0,0.0,0.0,1.0,0.0,0.0,0.0,0.0,1.0,1.0,0.0,0.0,0.0,0.0,1.0,1.0,0.0,7.0,0.0,1.0,0.0,0.6904466588649827,0.0,1.0,0.0,0.0,1.0,0.0,0.0,1.0,0.0
3090-QFUVD,0,-1.2774445836787656,-1.477726143066649,-0.9984074280159053,1.0,0.0,1.0,0.0,1.0,0.0,0.0,1.0,1.0,0.0,0.0,0.0,0.0,1.0,0.0,1.0,0.0,0.0,1.0,0.0,0.0,1.0,0.0,0.0,1.0,0.0,0.0,1.0,0.0,0.0,1.0,0.0,1.0,0.0,0.0,1.0,0.0,0.0,1.0,0.0,0.0,1.0,0.0,1.0,1.0,0.0,0.0,0.7815661366230907,1.0,0.0,0.0,1.0,0.0,0.0,1.0,0.0,0.0
2237-ZFSMY,0,0.26992923768238775,1.0232783421833662,0.6218755969382359,1.0,0.0,1.0,0.0,1.0,0.0,0.0,1.0,1.0,0.0,0.0,0.0,1.0,0.0,0.0,0.0,1.0,1.0,0.0,0.0,0.0,0.0,1.0,0.0,0.0,1.0,0.0,0.0,1.0,1.0,0.0,0.0,0.0,1.0,0.0,0.0,1.0,0.0,0.0,1.0,0.0,0.0,1.0,6.0,0.0,0.0,1.0,2.3038467499025277,0.0,0.0,1.0,0.0,0.0,1.0,0.0,0.0,1.0
1722-LDZJS,0,0.8400143297628127,-1.481049737066981,-0.5361091427105461,0.0,1.0,0.0,1.0,0.0,1.0,0.0,1.0,1.0,0.0,0.0,0.0,0.0,1.0,0.0,1.0,0.0,0.0,1.0,0.0,0.0,1.0,0.0,0.0,1.0,0.0,0.0,1.0,0.0,0.0,1.0,0.0,0.0,1.0,0.0,1.0,0.0,0.0,1.0,0.0,0.0,1.0,0.0,1.0,0.0,1.0,0.0,-0.6382142824419703,0.0,1.0,0.0,0.0,1.0,0.0,0.0,1.0,0.0
1818-ESQMW,0,-0.21871512695797646,0.8122301231622688,0.044250908255655814,1.0,0.0,1.0,0.0,1.0,0.0,0.0,1.0,1.0,0.0,0.0,0.0,1.0,0.0,1.0,0.0,0.0,1.0,0.0,0.0,0.0,0.0,1.0,0.0,0.0,1.0,1.0,0.0,0.0,0.0,0.0,1.0,1.0,0.0,0.0,0.0,1.0,0.0,0.0,1.0,0.0,1.0,0.0,5.0,0.0,0.0,1.0,-0.20232212042726294,0.0,0.0,1.0,0.0,0.0,1.0,0.0,0.0,1.0
4871-JTKJF,1,-1.2774445836787656,0.16246749609731476,-0.9766348266132051,1.0,0.0,1.0,0.0,1.0,0.0,0.0,1.0,1.0,0.0,0.0,0.0,1.0,0.0,1.0,0.0,0.0,1.0,0.0,0.0,1.0,0.0,0.0,1.0,0.0,0.0,1.0,0.0,0.0,1.0,0.0,0.0,1.0,0.0,0.0,0.0,1.0,0.0,0.0,1.0,0.0,0.0,1.0,2.0,1.0,0.0,0.0,0.764522265068209,1.0,0.0,0.0,1.0,0.0,0.0,1.0,0.0,0.0
1415-YFWLT,1,-1.2774445836787656,0.8155537171626008,-0.967965492923984,1.0,0.0,1.0,0.0,1.0,0.0,0.0,1.0,1.0,0.0,0.0,0.0,1.0,0.0,1.0,0.0,0.0,1.0,0.0,0.0,1.0,0.0,0.0,1.0,0.0,0.0,0.0,0.0,1.0,0.0,0.0,1.0,1.0,0.0,0.0,0.0,1.0,0.0,0.0,1.0,0.0,0.0,1.0,4.0,1.0,0.0,0.0,0.7577357994946847,1.0,0.0,0.0,1.0,0.0,0.0,1.0,0.0,0.0
7401-RUBNK,0,-0.5851984004382496,0.33363258711442517,-0.37291389936994174,1.0,0.0,0.0,1.0,1.0,0.0,0.0,1.0,1.0,0.0,0.0,0.0,1.0,0.0,0.0,0.0,1.0,1.0,0.0,0.0,1.0,0.0,0.0,1.0,0.0,0.0,1.0,0.0,0.0,1.0,0.0,0.0,1.0,0.0,0.0,1.0,0.0,0.0,0.0,1.0,0.0,1.0,0.0,3.0,1.0,0.0,0.0,0.6372435384147839,1.0,0.0,0.0,1.0,0.0,0.0,1.0,0.0,0.0
0506-YLVKJ,0,0.5549717837226001,-1.481049737066981,-0.6025960937011627,0.0,1.0,0.0,1.0,0.0,1.0,0.0,1.0,1.0,0.0,0.0,0.0,0.0,1.0,0.0,1.0,0.0,0.0,1.0,0.0,0.0,1.0,0.0,0.0,1.0,0.0,0.0,1.0,0.0,0.0,1.0,0.0,0.0,0.0,1.0,0.0,1.0,0.0,0.0,0.0,1.0,1.0,0.0,1.0,0.0,1.0,0.0,-1.0858139303211267,0.0,1.0,0.0,0.0,1.0,0.0,0.0,1.0,0.0
8661-BOYNW,0,1.6137012404433893,0.6526976111463211,1.6823137880533396,1.0,0.0,0.0,1.0,1.0,0.0,0.0,1.0,0.0,0.0,1.0,1.0,0.0,0.0,0.0,0.0,1.0,1.0,0.0,0.0,0.0,0.0,1.0,0.0,0.0,1.0,0.0,0.0,1.0,0.0,0.0,1.0,0.0,0.0,1.0,0.0,1.0,0.0,1.0,0.0,0.0,1.0,0.0,8.0,0.0,1.0,0.0,1.0425187425592473,0.0,1.0,0.0,0.0,1.0,0.0,0.0,1.0,0.0
6711-VTNRE,0,0.14776814652229667,0.7573908221567865,0.3506556027678207,1.0,0.0,1.0,0.0,1.0,0.0,0.0,1.0,1.0,0.0,0.0,0.0,1.0,0.0,1.0,0.0,0.0,1.0,0.0,0.0,0.0,0.0,1.0,0.0,0.0,1.0,1.0,0.0,0.0,0.0,0.0,1.0,1.0,0.0,0.0,0.0,1.0,0.0,0.0,1.0,0.0,0.0,1.0,5.0,0.0,0.0,1.0,2.3730121208152966,0.0,0.0,1.0,0.0,0.0,1.0,0.0,0.0,1.0
4815-GBTCD,0,-1.1552834925186746,-1.3165318340505352,-0.9632668464206658,1.0,0.0,0.0,1.0,1.0,0.0,1.0,0.0,0.0,1.0,0.0,1.0,0.0,0.0,1.0,0.0,0.0,1.0,0.0,0.0,1.0,0.0,0.0,1.0,0.0,0.0,1.0,0.0,0.0,1.0,0.0,0.0,1.0,0.0,0.0,0.0,1.0,0.0,0.0,1.0,0.0,1.0,0.0,1.0,1.0,0.0,0.0,0.8337926168412686,1.0,0.0,0.0,1.0,0.0,0.0,1.0,0.0,0.0
2805-AUFQN,0,-0.30015585439803716,-1.4943441130683104,-0.7977112501417747,1.0,0.0,1.0,0.0,1.0,0.0,0.0,1.0,1.0,0.0,0.0,0.0,0.0,1.0,0.0,1.0,0.0,0.0,1.0,0.0,0.0,1.0,0.0,0.0,1.0,0.0,0.0,1.0,0.0,0.0,1.0,0.0,0.0,0.0,1.0,1.0,0.0,0.0,1.0,0.0,0.0,1.0,0.0,1.0,0.0,0.0,1.0,2.6576568087988335,0.0,0.0,1.0,0.0,0.0,1.0,0.0,0.0,1.0
0980-PVMRC,0,0.3106496014024181,-0.4623681759651477,-0.10886320150740655,1.0,0.0,0.0,1.0,0.0,1.0,1.0,0.0,0.0,1.0,0.0,1.0,0.0,0.0,1.0,0.0,0.0,0.0,0.0,1.0,1.0,0.0,0.0,1.0,0.0,0.0,0.0,0.0,1.0,0.0,0.0,1.0,1.0,0.0,0.0,0.0,1.0,0.0,0.0,1.0,0.0,1.0,0.0,4.0,0.0,0.0,1.0,-0.35043728051137674,0.0,0.0,1.0,0.0,0.0,1.0,0.0,0.0,1.0
7233-DRTRF,0,1.247217966963116,1.2509445312061254,1.8356705509222073,0.0,1.0,0.0,1.0,1.0,0.0,0.0,1.0,0.0,0.0,1.0,0.0,1.0,0.0,1.0,0.0,0.0,0.0,0.0,1.0,0.0,0.0,1.0,1.0,0.0,0.0,0.0,0.0,1.0,0.0,0.0,1.0,1.0,0.0,0.0,0.0,1.0,0.0,0.0,1.0,0.0,1.0,0.0,7.0,0.0,1.0,0.0,1.471812144746383,0.0,1.0,0.0,0.0,1.0,0.0,0.0,1.0,0.0
3500-RMZLT,1,-0.7073594915983407,1.0482052971858582,-0.3778993177255752,1.0,0.0,1.0,0.0,1.0,0.0,0.0,1.0,1.0,0.0,0.0,0.0,1.0,0.0,0.0,0.0,1.0,1.0,0.0,0.0,0.0,0.0,1.0,0.0,0.0,1.0,1.0,0.0,0.0,0.0,0.0,1.0,1.0,0.0,0.0,0.0,1.0,0.0,0.0,0.0,1.0,0.0,1.0,6.0,1.0,0.0,0.0,0.5342394103904348,1.0,0.0,0.0,1.0,0.0,0.0,1.0,0.0,0.0
3873-NFTGI,0,-0.748079855318371,-0.3078210549496983,-0.6687300947196992,0.0,1.0,1.0,0.0,1.0,0.0,0.0,1.0,0.0,0.0,1.0,1.0,0.0,0.0,1.0,0.0,0.0,0.0,0.0,1.0,1.0,0.0,0.0,1.0,0.0,0.0,1.0,0.0,0.0,1.0,0.0,0.0,1.0,0.0,0.0,0.0,1.0,0.0,1.0,0.0,0.0,1.0,0.0,4.0,1.0,0.0,0.0,0.8939287563559619,1.0,0.0,0.0,1.0,0.0,0.0,1.0,0.0,0.0
1162-ECVII,1,1.6137012404433893,1.4952286902305454,2.492356033350763,0.0,1.0,0.0,1.0,1.0,0.0,0.0,1.0,0.0,0.0,1.0,0.0,1.0,0.0,1.0,0.0,0.0,0.0,0.0,1.0,0.0,0.0,1.0,0.0,0.0,1.0,0.0,0.0,1.0,0.0,0.0,1.0,0.0,0.0,1.0,0.0,1.0,1.0,0.0,0.0,0.0,1.0,0.0,8.0,0.0,1.0,0.0,1.5444965715375851,0.0,1.0,0.0,0.0,1.0,0.0,0.0,1.0,0.0
7048-GXDAY,0,0.26992923768238775,1.3838882912194153,0.7753205973001236,0.0,1.0,1.0,0.0,1.0,0.0,0.0,1.0,0.0,0.0,1.0,0.0,1.0,0.0,0.0,0.0,1.0,0.0,0.0,1.0,1.0,0.0,0.0,1.0,0.0,0.0,0.0,0.0,1.0,0.0,0.0,1.0,1.0,0.0,0.0,0.0,1.0,0.0,0.0,1.0,0.0,1.0,0.0,7.0,0.0,0.0,1.0,2.87231055056142,0.0,0.0,1.0,0.0,0.0,1.0,0.0,0.0,1.0
8571-ZCMCX,0,0.5956921474426305,-0.1582593249347472,0.21413014169253003,1.0,0.0,0.0,1.0,0.0,1.0,1.0,0.0,0.0,1.0,0.0,1.0,0.0,0.0,0.0,0.0,1.0,0.0,0.0,1.0,0.0,0.0,1.0,1.0,0.0,0.0,0.0,0.0,1.0,0.0,0.0,1.0,0.0,0.0,1.0,0.0,1.0,0.0,1.0,0.0,0.0,1.0,0.0,6.0,0.0,1.0,0.0,0.35946443580264303,0.0,1.0,0.0,0.0,1.0,0.0,0.0,1.0,0.0
1169-WCVAK,0,-0.5444780367182193,0.7989357471609396,-0.26954367629693926,0.0,1.0,0.0,1.0,1.0,0.0,0.0,1.0,0.0,0.0,1.0,0.0,1.0,0.0,0.0,0.0,1.0,0.0,0.0,1.0,1.0,0.0,0.0,0.0,0.0,1.0,1.0,0.0,0.0,1.0,0.0,0.0,1.0,0.0,0.0,0.0,1.0,0.0,1.0,0.0,0.0,1.0,0.0,6.0,1.0,0.0,0.0,0.4950496771579323,1.0,0.0,0.0,1.0,0.0,0.0,1.0,0.0,0.0
4548-SDBKE,0,-1.1145631287986442,0.6792863631489789,-0.7978877251278148,1.0,0.0,1.0,0.0,1.0,0.0,0.0,1.0,0.0,0.0,1.0,0.0,1.0,0.0,1.0,0.0,0.0,1.0,0.0,0.0,1.0,0.0,0.0,1.0,0.0,0.0,0.0,0.0,1.0,1.0,0.0,0.0,1.0,0.0,0.0,0.0,1.0,0.0,0.0,1.0,0.0,0.0,1.0,4.0,1.0,0.0,0.0,0.7158748612004017,1.0,0.0,0.0,1.0,0.0,0.0,1.0,0.0,0.0
8066-POXGX,0,-0.7888002190384014,-0.9858342310174765,-0.8105498053761937,1.0,0.0,1.0,0.0,1.0,0.0,1.0,0.0,0.0,1.0,0.0,1.0,0.0,0.0,1.0,0.0,0.0,1.0,0.0,0.0,1.0,0.0,0.0,1.0,0.0,0.0,1.0,0.0,0.0,0.0,0.0,1.0,1.0,0.0,0.0,0.0,1.0,0.0,0.0,1.0,0.0,0.0,1.0,2.0,1.0,0.0,0.0,1.0275729973355059,1.0,0.0,0.0,1.0,0.0,0.0,1.0,0.0,0.0
7129-CAKJW,0,-0.62591876415828,0.5081212721318681,-0.4136796211452103,1.0,0.0,1.0,0.0,1.0,0.0,0.0,1.0,0.0,0.0,1.0,0.0,1.0,0.0,1.0,0.0,0.0,1.0,0.0,0.0,0.0,0.0,1.0,1.0,0.0,0.0,1.0,0.0,0.0,1.0,0.0,0.0,1.0,0.0,0.0,1.0,0.0,1.0,0.0,0.0,0.0,1.0,0.0,4.0,1.0,0.0,0.0,0.660915832586544,1.0,0.0,0.0,1.0,0.0,0.0,1.0,0.0,0.0
8695-ARGXZ,1,0.06632741908223598,0.358559542116917,0.06269254429684883,0.0,1.0,0.0,1.0,1.0,0.0,0.0,1.0,0.0,0.0,1.0,0.0,1.0,0.0,1.0,0.0,0.0,1.0,0.0,0.0,1.0,0.0,0.0,1.0,0.0,0.0,1.0,0.0,0.0,1.0,0.0,0.0,1.0,0.0,0.0,0.0,1.0,0.0,0.0,1.0,0.0,1.0,0.0,3.0,0.0,0.0,1.0,0.9451980065607489,0.0,0.0,1.0,0.0,0.0,1.0,0.0,0.0,1.0
3570-YUEKJ,0,0.3920903288424788,-0.5055748979694671,-0.0905980404522538,1.0,0.0,1.0,0.0,1.0,0.0,0.0,1.0,1.0,0.0,0.0,1.0,0.0,0.0,1.0,0.0,0.0,0.0,0.0,1.0,1.0,0.0,0.0,1.0,0.0,0.0,1.0,0.0,0.0,1.0,0.0,0.0,1.0,0.0,0.0,0.0,1.0,0.0,0.0,1.0,0.0,1.0,0.0,3.0,0.0,0.0,1.0,-0.23106420584184137,0.0,0.0,1.0,0.0,0.0,1.0,0.0,0.0,1.0
4143-OOBWZ,0,-1.1145631287986442,0.5496661971360212,-0.823697191836183,0.0,1.0,0.0,1.0,1.0,0.0,0.0,1.0,0.0,0.0,1.0,0.0,1.0,0.0,1.0,0.0,0.0,0.0,0.0,1.0,1.0,0.0,0.0,1.0,0.0,0.0,1.0,0.0,0.0,1.0,0.0,0.0,1.0,0.0,0.0,0.0,1.0,0.0,0.0,1.0,0.0,0.0,1.0,4.0,1.0,0.0,0.0,0.7390314380164564,1.0,0.0,0.0,1.0,0.0,0.0,1.0,0.0,0.0
1555-HAPSU,0,1.5729808767233588,-1.3580767590546883,-0.27344818536307697,1.0,0.0,0.0,1.0,0.0,1.0,0.0,1.0,0.0,0.0,1.0,0.0,0.0,1.0,0.0,1.0,0.0,0.0,1.0,0.0,0.0,1.0,0.0,0.0,1.0,0.0,0.0,1.0,0.0,0.0,1.0,0.0,0.0,0.0,1.0,1.0,0.0,0.0,1.0,0.0,0.0,1.0,0.0,2.0,0.0,1.0,0.0,-0.173840756368692,0.0,1.0,0.0,0.0,1.0,0.0,0.0,1.0,0.0
1697-NVVGY,1,-0.5444780367182193,0.05445069108651675,-0.4399743940651888,0.0,1.0,0.0,1.0,1.0,0.0,0.0,1.0,1.0,0.0,0.0,1.0,0.0,0.0,0.0,0.0,1.0,1.0,0.0,0.0,0.0,0.0,1.0,1.0,0.0,0.0,0.0,0.0,1.0,1.0,0.0,0.0,1.0,0.0,0.0,1.0,0.0,1.0,0.0,0.0,0.0,1.0,0.0,5.0,1.0,0.0,0.0,0.8080663762253579,1.0,0.0,0.0,1.0,0.0,0.0,1.0,0.0,0.0
7854-EKTJL,0,-1.2367242199587352,-1.5009913010689746,-0.9915469629335957,1.0,0.0,1.0,0.0,0.0,1.0,0.0,1.0,1.0,0.0,0.0,0.0,0.0,1.0,0.0,1.0,0.0,0.0,1.0,0.0,0.0,1.0,0.0,0.0,1.0,0.0,0.0,1.0,0.0,0.0,1.0,0.0,1.0,0.0,0.0,0.0,1.0,0.0,0.0,1.0,0.0,0.0,1.0,1.0,1.0,0.0,0.0,0.8017526841729354,1.0,0.0,0.0,1.0,0.0,0.0,1.0,0.0,0.0
8464-EETCQ,0,1.002895784642934,-1.5275800530716328,-0.5245500311249182,0.0,1.0,1.0,0.0,1.0,0.0,0.0,1.0,1.0,0.0,0.0,0.0,0.0,1.0,0.0,1.0,0.0,0.0,1.0,0.0,0.0,1.0,0.0,0.0,1.0,0.0,0.0,1.0,0.0,0.0,1.0,0.0,0.0,0.0,1.0,1.0,0.0,0.0,1.0,0.0,0.0,1.0,0.0,1.0,0.0,1.0,0.0,-0.5230354331498923,0.0,1.0,0.0,0.0,1.0,0.0,0.0,1.0,0.0
2419-FSORS,0,1.6137012404433893,1.4503601712260603,2.398383103284397,0.0,1.0,0.0,1.0,1.0,0.0,0.0,1.0,0.0,0.0,1.0,0.0,1.0,0.0,1.0,0.0,0.0,0.0,0.0,1.0,0.0,0.0,1.0,0.0,0.0,1.0,0.0,0.0,1.0,0.0,0.0,1.0,0.0,0.0,1.0,0.0,1.0,0.0,0.0,1.0,0.0,1.0,0.0,8.0,0.0,1.0,0.0,1.4862621674786618,0.0,1.0,0.0,0.0,1.0,0.0,0.0,1.0,0.0
8132-YPVBX,0,-1.0738427650786138,0.7042133181514708,-0.7803284640168225,1.0,0.0,1.0,0.0,1.0,0.0,0.0,1.0,1.0,0.0,0.0,0.0,1.0,0.0,1.0,0.0,0.0,0.0,0.0,1.0,1.0,0.0,0.0,1.0,0.0,0.0,1.0,0.0,0.0,0.0,0.0,1.0,1.0,0.0,0.0,0.0,1.0,0.0,0.0,0.0,1.0,1.0,0.0,4.0,1.0,0.0,0.0,0.7266692009231877,1.0,0.0,0.0,1.0,0.0,0.0,1.0,0.0,0.0
9102-IAYHT,0,-0.62591876415828,0.6875953481498096,-0.3669358092178326,1.0,0.0,0.0,1.0,0.0,1.0,0.0,1.0,0.0,0.0,1.0,0.0,1.0,0.0,1.0,0.0,0.0,1.0,0.0,0.0,1.0,0.0,0.0,1.0,0.0,0.0,1.0,0.0,0.0,0.0,0.0,1.0,1.0,0.0,0.0,0.0,1.0,0.0,0.0,1.0,0.0,0.0,1.0,4.0,1.0,0.0,0.0,0.5862355152609601,1.0,0.0,0.0,1.0,0.0,0.0,1.0,0.0,0.0
6754-LZUKA,0,1.1657772395230555,0.5363718211346925,1.1687936380498345,0.0,1.0,0.0,1.0,1.0,0.0,0.0,1.0,0.0,0.0,1.0,1.0,0.0,0.0,1.0,0.0,0.0,0.0,0.0,1.0,0.0,0.0,1.0,1.0,0.0,0.0,0.0,0.0,1.0,0.0,0.0,1.0,0.0,0.0,1.0,1.0,0.0,1.0,0.0,0.0,0.0,1.0,0.0,7.0,0.0,1.0,0.0,1.002587457041118,0.0,1.0,0.0,0.0,1.0,0.0,0.0,1.0,0.0
3422-LYEPQ,0,-1.2774445836787656,0.2073360151017999,-0.9760392235353197,0.0,1.0,0.0,1.0,0.0,1.0,0.0,1.0,1.0,0.0,0.0,0.0,1.0,0.0,1.0,0.0,0.0,1.0,0.0,0.0,1.0,0.0,0.0,1.0,0.0,0.0,1.0,0.0,0.0,1.0,0.0,0.0,1.0,0.0,0.0,0.0,1.0,0.0,0.0,1.0,0.0,0.0,1.0,2.0,1.0,0.0,0.0,0.7640560193417837,1.0,0.0,0.0,1.0,0.0,0.0,1.0,0.0,0.0
8099-MZPUJ,0,0.6364125111626608,1.5633623672373562,1.3943066108358575,0.0,1.0,0.0,1.0,0.0,1.0,0.0,1.0,0.0,0.0,1.0,0.0,1.0,0.0,0.0,0.0,1.0,0.0,0.0,1.0,0.0,0.0,1.0,0.0,0.0,1.0,0.0,0.0,1.0,0.0,0.0,1.0,0.0,0.0,1.0,1.0,0.0,0.0,1.0,0.0,0.0,1.0,0.0,9.0,0.0,1.0,0.0,2.190884978500189,0.0,1.0,0.0,0.0,1.0,0.0,0.0,1.0,0.0
0787-LHDYT,0,-0.6666391278783103,-1.4677553610656522,-0.8616613732080645,0.0,1.0,1.0,0.0,1.0,0.0,0.0,1.0,1.0,0.0,0.0,0.0,0.0,1.0,0.0,1.0,0.0,0.0,1.0,0.0,0.0,1.0,0.0,0.0,1.0,0.0,0.0,1.0,0.0,0.0,1.0,0.0,1.0,0.0,0.0,0.0,1.0,0.0,1.0,0.0,0.0,1.0,0.0,1.0,1.0,0.0,0.0,1.2925454525155835,1.0,0.0,0.0,1.0,0.0,0.0,1.0,0.0,0.0
2642-DTVCO,1,-0.9516816739185228,0.6743009721484804,-0.6780170908600607,0.0,1.0,1.0,0.0,1.0,0.0,0.0,1.0,0.0,0.0,1.0,0.0,1.0,0.0,1.0,0.0,0.0,1.0,0.0,0.0,1.0,0.0,0.0,1.0,0.0,0.0,1.0,0.0,0.0,0.0,0.0,1.0,1.0,0.0,0.0,0.0,1.0,0.0,0.0,1.0,0.0,0.0,1.0,4.0,1.0,0.0,0.0,0.7124410498190473,1.0,0.0,0.0,1.0,0.0,0.0,1.0,0.0,0.0
0374-IOEGQ,0,-1.1960038562387048,-0.6700928009859131,-0.9532298315896338,1.0,0.0,1.0,0.0,1.0,0.0,0.0,1.0,1.0,0.0,0.0,1.0,0.0,0.0,1.0,0.0,0.0,1.0,0.0,0.0,1.0,0.0,0.0,1.0,0.0,0.0,1.0,0.0,0.0,1.0,0.0,0.0,1.0,0.0,0.0,1.0,0.0,0.0,0.0,1.0,0.0,1.0,0.0,2.0,1.0,0.0,0.0,0.7970123395650517,1.0,0.0,0.0,1.0,0.0,0.0,1.0,0.0,0.0
4361-JEIVL,0,-1.2774445836787656,-0.6767399889865777,-0.9877748101069879,0.0,1.0,1.0,0.0,0.0,1.0,0.0,1.0,1.0,0.0,0.0,1.0,0.0,0.0,1.0,0.0,0.0,1.0,0.0,0.0,1.0,0.0,0.0,1.0,0.0,0.0,1.0,0.0,0.0,1.0,0.0,0.0,1.0,0.0,0.0,0.0,1.0,0.0,0.0,1.0,0.0,0.0,1.0,2.0,1.0,0.0,0.0,0.7732427869883866,1.0,0.0,0.0,1.0,0.0,0.0,1.0,0.0,0.0
3197-NNYNB,0,1.3286586944031769,1.3406815692150957,1.9185255568680455,0.0,1.0,1.0,0.0,1.0,0.0,0.0,1.0,0.0,0.0,1.0,0.0,1.0,0.0,1.0,0.0,0.0,0.0,0.0,1.0,0.0,0.0,1.0,1.0,0.0,0.0,0.0,0.0,1.0,0.0,0.0,1.0,0.0,0.0,1.0,1.0,0.0,0.0,1.0,0.0,0.0,1.0,0.0,7.0,0.0,1.0,0.0,1.4439566496268872,0.0,1.0,0.0,0.0,1.0,0.0,0.0,1.0,0.0
3396-DKDEL,0,1.5322605130033284,1.6747027662484868,2.6324330535201113,1.0,0.0,0.0,1.0,0.0,1.0,0.0,1.0,0.0,0.0,1.0,0.0,1.0,0.0,0.0,0.0,1.0,0.0,0.0,1.0,0.0,0.0,1.0,0.0,0.0,1.0,0.0,0.0,1.0,0.0,0.0,1.0,0.0,0.0,1.0,0.0,1.0,0.0,1.0,0.0,0.0,1.0,0.0,9.0,0.0,1.0,0.0,1.7180061948867784,0.0,1.0,0.0,0.0,1.0,0.0,0.0,1.0,0.0
1752-OZXFY,0,1.125056875803025,-0.16490651293541178,0.5637712077845253,0.0,1.0,0.0,1.0,1.0,0.0,0.0,1.0,1.0,0.0,0.0,1.0,0.0,0.0,0.0,0.0,1.0,1.0,0.0,0.0,1.0,0.0,0.0,1.0,0.0,0.0,0.0,0.0,1.0,1.0,0.0,0.0,0.0,1.0,0.0,0.0,1.0,0.0,0.0,0.0,1.0,1.0,0.0,4.0,0.0,1.0,0.0,0.5011046284945601,0.0,1.0,0.0,0.0,1.0,0.0,0.0,1.0,0.0
9066-QRSDU,0,1.4915401492832983,-1.2783105030467143,-0.22930737947979102,1.0,0.0,0.0,1.0,1.0,0.0,0.0,1.0,0.0,0.0,1.0,0.0,0.0,1.0,0.0,1.0,0.0,0.0,1.0,0.0,0.0,1.0,0.0,0.0,1.0,0.0,0.0,1.0,0.0,0.0,1.0,0.0,0.0,1.0,0.0,0.0,1.0,0.0,0.0,1.0,0.0,1.0,0.0,2.0,0.0,1.0,0.0,-0.15373865704518633,0.0,1.0,0.0,0.0,1.0,0.0,0.0,1.0,0.0
9112-WSNPU,1,0.10704778280226633,0.19237984210030468,0.05986894452020681,1.0,0.0,1.0,0.0,1.0,0.0,0.0,1.0,1.0,0.0,0.0,0.0,1.0,0.0,1.0,0.0,0.0,1.0,0.0,0.0,1.0,0.0,0.0,1.0,0.0,0.0,1.0,0.0,0.0,1.0,0.0,0.0,1.0,0.0,0.0,1.0,0.0,0.0,0.0,1.0,0.0,1.0,0.0,2.0,0.0,0.0,1.0,0.5592730923796332,0.0,0.0,1.0,0.0,0.0,1.0,0.0,0.0,1.0
9867-NNXLC,0,-0.4223169455581282,-1.4860351280674797,-0.7999171874672761,1.0,0.0,1.0,0.0,1.0,0.0,0.0,1.0,1.0,0.0,0.0,0.0,0.0,1.0,0.0,1.0,0.0,0.0,1.0,0.0,0.0,1.0,0.0,0.0,1.0,0.0,0.0,1.0,0.0,0.0,1.0,0.0,1.0,0.0,0.0,0.0,1.0,0.0,0.0,0.0,1.0,1.0,0.0,1.0,0.0,0.0,1.0,1.8941157722433246,0.0,0.0,1.0,0.0,0.0,1.0,0.0,0.0,1.0
5321-NTRKC,0,1.369379058123207,0.5014740841312035,1.3022307868694232,0.0,1.0,0.0,1.0,0.0,1.0,0.0,1.0,0.0,0.0,1.0,1.0,0.0,0.0,1.0,0.0,0.0,0.0,0.0,1.0,0.0,0.0,1.0,1.0,0.0,0.0,0.0,0.0,1.0,0.0,0.0,1.0,0.0,0.0,1.0,1.0,0.0,1.0,0.0,0.0,0.0,1.0,0.0,7.0,0.0,1.0,0.0,0.950964438330309,0.0,1.0,0.0,0.0,1.0,0.0,0.0,1.0,0.0
1363-TXLSL,1,-1.2774445836787656,0.18407085709947407,-0.9763480547608898,0.0,1.0,0.0,1.0,1.0,0.0,0.0,1.0,1.0,0.0,0.0,0.0,1.0,0.0,1.0,0.0,0.0,1.0,0.0,0.0,1.0,0.0,0.0,1.0,0.0,0.0,1.0,0.0,0.0,1.0,0.0,0.0,1.0,0.0,0.0,0.0,1.0,0.0,0.0,1.0,0.0,0.0,1.0,2.0,1.0,0.0,0.0,0.7642977763851152,1.0,0.0,0.0,1.0,0.0,0.0,1.0,0.0,0.0
9507-EXLTT,0,-1.2774445836787656,0.48485611412954227,-0.9723553082017322,1.0,0.0,0.0,1.0,1.0,0.0,0.0,1.0,1.0,0.0,0.0,0.0,1.0,0.0,1.0,0.0,0.0,1.0,0.0,0.0,1.0,0.0,0.0,1.0,0.0,0.0,0.0,0.0,1.0,1.0,0.0,0.0,1.0,0.0,0.0,0.0,1.0,1.0,0.0,0.0,0.0,0.0,1.0,3.0,1.0,0.0,0.0,0.7611722031820418,1.0,0.0,0.0,1.0,0.0,0.0,1.0,0.0,0.0
3161-GETRM,0,0.06632741908223598,0.8404806721650927,0.3589940458582166,0.0,1.0,0.0,1.0,0.0,1.0,0.0,1.0,0.0,0.0,1.0,0.0,1.0,0.0,1.0,0.0,0.0,1.0,0.0,0.0,0.0,0.0,1.0,1.0,0.0,0.0,1.0,0.0,0.0,0.0,0.0,1.0,1.0,0.0,0.0,0.0,1.0,0.0,1.0,0.0,0.0,1.0,0.0,5.0,0.0,0.0,1.0,5.412453112537339,0.0,0.0,1.0,0.0,0.0,1.0,0.0,0.0,1.0
0402-OAMEN,0,1.6137012404433893,-1.3397969920528607,-0.2533300369545029,1.0,0.0,0.0,1.0,0.0,1.0,0.0,1.0,0.0,0.0,1.0,0.0,0.0,1.0,0.0,1.0,0.0,0.0,1.0,0.0,0.0,1.0,0.0,0.0,1.0,0.0,0.0,1.0,0.0,0.0,1.0,0.0,0.0,0.0,1.0,1.0,0.0,1.0,0.0,0.0,0.0,1.0,0.0,2.0,0.0,1.0,0.0,-0.15698695062346024,0.0,1.0,0.0,0.0,1.0,0.0,0.0,1.0,0.0
6933-VLYFX,0,-0.055833672077855064,-0.15992112193491323,-0.19169614807998964,0.0,1.0,0.0,1.0,0.0,1.0,1.0,0.0,0.0,1.0,0.0,1.0,0.0,0.0,0.0,0.0,1.0,1.0,0.0,0.0,0.0,0.0,1.0,0.0,0.0,1.0,0.0,0.0,1.0,0.0,0.0,1.0,0.0,1.0,0.0,1.0,0.0,0.0,0.0,1.0,0.0,1.0,0.0,6.0,0.0,0.0,1.0,3.4333430158898826,0.0,0.0,1.0,0.0,0.0,1.0,0.0,0.0,1.0
6754-WKSHP,0,-0.0965540357978854,-1.3098846460498705,-0.6882526400503879,0.0,1.0,1.0,0.0,0.0,1.0,0.0,1.0,0.0,0.0,1.0,0.0,0.0,1.0,0.0,1.0,0.0,0.0,1.0,0.0,0.0,1.0,0.0,0.0,1.0,0.0,0.0,1.0,0.0,0.0,1.0,0.0,0.0,1.0,0.0,1.0,0.0,1.0,0.0,0.0,0.0,1.0,0.0,2.0,0.0,0.0,1.0,7.128160251023511,0.0,0.0,1.0,0.0,0.0,1.0,0.0,0.0,1.0
9846-GKXAS,0,-0.9516816739185228,0.8654076271675846,-0.6501119836924661,1.0,0.0,1.0,0.0,1.0,0.0,0.0,1.0,1.0,0.0,0.0,0.0,1.0,0.0,1.0,0.0,0.0,1.0,0.0,0.0,1.0,0.0,0.0,1.0,0.0,0.0,0.0,0.0,1.0,0.0,0.0,1.0,1.0,0.0,0.0,0.0,1.0,1.0,0.0,0.0,0.0,0.0,1.0,4.0,1.0,0.0,0.0,0.6831191579172142,1.0,0.0,0.0,1.0,0.0,0.0,1.0,0.0,0.0
6017-PPLPX,0,-0.5037576729981889,0.18905624809997262,-0.3583988317681415,0.0,1.0,0.0,1.0,0.0,1.0,0.0,1.0,1.0,0.0,0.0,0.0,1.0,0.0,1.0,0.0,0.0,1.0,0.0,0.0,1.0,0.0,0.0,1.0,0.0,0.0,1.0,0.0,0.0,1.0,0.0,0.0,1.0,0.0,0.0,0.0,1.0,0.0,0.0,1.0,0.0,0.0,1.0,2.0,1.0,0.0,0.0,0.7114508641329024,1.0,0.0,0.0,1.0,0.0,0.0,1.0,0.0,0.0
4976-LNFVV,1,-0.5444780367182193,-1.0124229830201346,-0.752732188074798,0.0,1.0,0.0,1.0,1.0,0.0,1.0,0.0,0.0,1.0,0.0,1.0,0.0,0.0,1.0,0.0,0.0,0.0,0.0,1.0,0.0,0.0,1.0,1.0,0.0,0.0,1.0,0.0,0.0,1.0,0.0,0.0,1.0,0.0,0.0,0.0,1.0,0.0,1.0,0.0,0.0,1.0,0.0,3.0,1.0,0.0,0.0,1.3824840256400561,1.0,0.0,0.0,1.0,0.0,0.0,1.0,0.0,0.0
5055-MGMGF,0,1.3286586944031769,1.3390197722149297,2.043425728237943,1.0,0.0,0.0,1.0,1.0,0.0,0.0,1.0,0.0,0.0,1.0,0.0,1.0,0.0,0.0,0.0,1.0,1.0,0.0,0.0,0.0,0.0,1.0,1.0,0.0,0.0,0.0,0.0,1.0,0.0,0.0,1.0,1.0,0.0,0.0,0.0,1.0,0.0,0.0,1.0,0.0,1.0,0.0,7.0,0.0,1.0,0.0,1.5379613567017931,0.0,1.0,0.0,0.0,1.0,0.0,0.0,1.0,0.0
4641-FROLU,0,-0.0965540357978854,-1.5109620830699715,-0.7413716108484651,1.0,0.0,0.0,1.0,0.0,1.0,0.0,1.0,1.0,0.0,0.0,0.0,0.0,1.0,0.0,1.0,0.0,0.0,1.0,0.0,0.0,1.0,0.0,0.0,1.0,0.0,0.0,1.0,0.0,0.0,1.0,0.0,0.0,0.0,1.0,1.0,0.0,0.0,0.0,0.0,1.0,1.0,0.0,1.0,0.0,0.0,1.0,7.678307848263984,0.0,0.0,1.0,0.0,0.0,1.0,0.0,0.0,1.0
2862-JVEOY,0,-1.0738427650786138,-1.51594747407047,-0.9524798128989632,0.0,1.0,1.0,0.0,1.0,0.0,0.0,1.0,1.0,0.0,0.0,0.0,0.0,1.0,0.0,1.0,0.0,0.0,1.0,0.0,0.0,1.0,0.0,0.0,1.0,0.0,0.0,1.0,0.0,0.0,1.0,0.0,0.0,1.0,0.0,1.0,0.0,0.0,0.0,0.0,1.0,1.0,0.0,1.0,1.0,0.0,0.0,0.8869825675356058,1.0,0.0,0.0,1.0,0.0,0.0,1.0,0.0,0.0
2969-QWUBZ,0,-1.2367242199587352,-0.4440884089633204,-0.9646565869357316,1.0,0.0,1.0,0.0,1.0,0.0,1.0,0.0,0.0,1.0,0.0,1.0,0.0,0.0,1.0,0.0,0.0,0.0,0.0,1.0,1.0,0.0,0.0,1.0,0.0,0.0,0.0,0.0,1.0,0.0,0.0,1.0,1.0,0.0,0.0,1.0,0.0,0.0,0.0,1.0,0.0,1.0,0.0,4.0,1.0,0.0,0.0,0.7800094567307161,1.0,0.0,0.0,1.0,0.0,0.0,1.0,0.0,0.0
9822-BIIGN,0,0.8400143297628127,0.2355865641046238,0.6814579641000328,0.0,1.0,0.0,1.0,0.0,1.0,0.0,1.0,0.0,0.0,1.0,1.0,0.0,0.0,0.0,0.0,1.0,1.0,0.0,0.0,1.0,0.0,0.0,0.0,0.0,1.0,1.0,0.0,0.0,0.0,0.0,1.0,1.0,0.0,0.0,1.0,0.0,0.0,0.0,1.0,0.0,1.0,0.0,6.0,0.0,1.0,0.0,0.8112456418361934,0.0,1.0,0.0,0.0,1.0,0.0,0.0,1.0,0.0
2077-MPJQO,1,-1.0331224013585834,0.35357415111641893,-0.7721885552857218,0.0,1.0,0.0,1.0,1.0,0.0,0.0,1.0,0.0,0.0,1.0,0.0,1.0,0.0,1.0,0.0,0.0,1.0,0.0,0.0,1.0,0.0,0.0,1.0,0.0,0.0,1.0,0.0,0.0,1.0,0.0,0.0,1.0,0.0,0.0,0.0,1.0,0.0,0.0,1.0,0.0,1.0,0.0,3.0,1.0,0.0,0.0,0.7474318186018166,1.0,0.0,0.0,1.0,0.0,0.0,1.0,0.0,0.0
1534-OULXE,0,1.1657772395230555,-0.5005895069689685,0.2991690255906147,1.0,0.0,0.0,1.0,0.0,1.0,0.0,1.0,1.0,0.0,0.0,1.0,0.0,0.0,0.0,0.0,1.0,1.0,0.0,0.0,1.0,0.0,0.0,1.0,0.0,0.0,1.0,0.0,0.0,1.0,0.0,0.0,0.0,1.0,0.0,0.0,1.0,1.0,0.0,0.0,0.0,1.0,0.0,3.0,0.0,1.0,0.0,0.2566262365123985,0.0,1.0,0.0,0.0,1.0,0.0,0.0,1.0,0.0
7136-RVDTZ,1,1.5322605130033284,-0.6484894399837535,0.43287088688926334,0.0,1.0,1.0,0.0,1.0,0.0,1.0,0.0,0.0,1.0,0.0,1.0,0.0,0.0,1.0,0.0,0.0,1.0,0.0,0.0,1.0,0.0,0.0,1.0,0.0,0.0,0.0,0.0,1.0,0.0,0.0,1.0,0.0,1.0,0.0,0.0,1.0,0.0,0.0,1.0,0.0,0.0,1.0,3.0,0.0,1.0,0.0,0.2825047589595641,0.0,1.0,0.0,0.0,1.0,0.0,0.0,1.0,0.0
2971-SGAFL,0,-0.7888002190384014,0.464914550127549,-0.5682275901698487,1.0,0.0,1.0,0.0,1.0,0.0,0.0,1.0,0.0,0.0,1.0,1.0,0.0,0.0,0.0,0.0,1.0,1.0,0.0,0.0,0.0,0.0,1.0,1.0,0.0,0.0,0.0,0.0,1.0,0.0,0.0,1.0,1.0,0.0,0.0,0.0,1.0,0.0,0.0,1.0,0.0,1.0,0.0,7.0,1.0,0.0,0.0,0.7203694629580035,1.0,0.0,0.0,1.0,0.0,0.0,1.0,0.0,0.0
1480-IVEVR,1,0.10704778280226633,0.5596369791370178,0.23468947756620442,0.0,1.0,0.0,1.0,1.0,0.0,0.0,1.0,0.0,0.0,1.0,0.0,1.0,0.0,1.0,0.0,0.0,1.0,0.0,0.0,0.0,0.0,1.0,1.0,0.0,0.0,1.0,0.0,0.0,1.0,0.0,0.0,0.0,1.0,0.0,0.0,1.0,1.0,0.0,0.0,0.0,1.0,0.0,4.0,0.0,0.0,1.0,2.192380555884206,0.0,0.0,1.0,0.0,0.0,1.0,0.0,0.0,1.0
2905-KFQUV,0,-1.2367242199587352,0.1873944510998066,-0.9390677139599137,1.0,0.0,0.0,1.0,1.0,0.0,0.0,1.0,1.0,0.0,0.0,0.0,1.0,0.0,1.0,0.0,0.0,1.0,0.0,0.0,1.0,0.0,0.0,1.0,0.0,0.0,1.0,0.0,0.0,1.0,0.0,0.0,1.0,0.0,0.0,0.0,1.0,0.0,1.0,0.0,0.0,1.0,0.0,2.0,1.0,0.0,0.0,0.7593186086314756,1.0,0.0,0.0,1.0,0.0,0.0,1.0,0.0,0.0
4581-SSPWD,0,-1.1960038562387048,0.36686852711774764,-0.8986990609032355,1.0,0.0,1.0,0.0,1.0,0.0,0.0,1.0,0.0,0.0,1.0,0.0,1.0,0.0,1.0,0.0,0.0,1.0,0.0,0.0,1.0,0.0,0.0,1.0,0.0,0.0,1.0,0.0,0.0,1.0,0.0,0.0,1.0,0.0,0.0,0.0,1.0,0.0,0.0,1.0,0.0,0.0,1.0,3.0,1.0,0.0,0.0,0.7514181967017575,1.0,0.0,0.0,1.0,0.0,0.0,1.0,0.0,0.0
3370-HXOPH,0,-1.1960038562387048,0.37683930911874425,-0.893713642547602,1.0,0.0,1.0,0.0,1.0,0.0,0.0,1.0,0.0,0.0,1.0,0.0,1.0,0.0,1.0,0.0,0.0,1.0,0.0,0.0,1.0,0.0,0.0,1.0,0.0,0.0,1.0,0.0,0.0,1.0,0.0,0.0,1.0,0.0,0.0,1.0,0.0,0.0,0.0,1.0,0.0,1.0,0.0,3.0,1.0,0.0,0.0,0.7472498001454854,1.0,0.0,0.0,1.0,0.0,0.0,1.0,0.0,0.0
9391-YZEJW,0,1.2064976032430856,0.9717626351782166,1.5326409405180597,1.0,0.0,1.0,0.0,1.0,0.0,0.0,1.0,0.0,0.0,1.0,0.0,1.0,0.0,1.0,0.0,0.0,1.0,0.0,0.0,1.0,0.0,0.0,1.0,0.0,0.0,0.0,0.0,1.0,0.0,0.0,1.0,0.0,1.0,0.0,0.0,1.0,1.0,0.0,0.0,0.0,1.0,0.0,5.0,0.0,1.0,0.0,1.270322407933754,0.0,1.0,0.0,0.0,1.0,0.0,0.0,1.0,0.0
9958-MEKUC,0,1.6137012404433893,1.302460238211275,2.3093514728271543,0.0,1.0,0.0,1.0,0.0,1.0,0.0,1.0,0.0,0.0,1.0,0.0,1.0,0.0,0.0,0.0,1.0,0.0,0.0,1.0,0.0,0.0,1.0,0.0,0.0,1.0,1.0,0.0,0.0,0.0,0.0,1.0,0.0,0.0,1.0,1.0,0.0,0.0,1.0,0.0,0.0,1.0,0.0,8.0,0.0,1.0,0.0,1.4310898541495973,0.0,1.0,0.0,0.0,1.0,0.0,0.0,1.0,0.0
0281-CNTZX,0,1.247217966963116,-1.4893587220678117,-0.46258525165157965,0.0,1.0,0.0,1.0,1.0,0.0,0.0,1.0,1.0,0.0,0.0,0.0,0.0,1.0,0.0,1.0,0.0,0.0,1.0,0.0,0.0,1.0,0.0,0.0,1.0,0.0,0.0,1.0,0.0,0.0,1.0,0.0,0.0,0.0,1.0,0.0,1.0,1.0,0.0,0.0,0.0,1.0,0.0,1.0,0.0,1.0,0.0,-0.37089367208038276,0.0,1.0,0.0,0.0,1.0,0.0,0.0,1.0,0.0
6927-WTFIV,1,-0.5037576729981889,0.21730679710279655,-0.3944659070400918,0.0,1.0,1.0,0.0,1.0,0.0,0.0,1.0,1.0,0.0,0.0,0.0,1.0,0.0,1.0,0.0,0.0,1.0,0.0,0.0,1.0,0.0,0.0,1.0,0.0,0.0,1.0,0.0,0.0,1.0,0.0,0.0,1.0,0.0,0.0,1.0,0.0,0.0,1.0,0.0,0.0,0.0,1.0,2.0,1.0,0.0,0.0,0.7830469453544384,1.0,0.0,0.0,1.0,0.0,0.0,1.0,0.0,0.0
4118-CEVPF,1,0.10704778280226633,1.5301264272340338,0.6851639388068754,1.0,0.0,1.0,0.0,1.0,0.0,0.0,1.0,0.0,0.0,1.0,0.0,1.0,0.0,0.0,0.0,1.0,0.0,0.0,1.0,0.0,0.0,1.0,0.0,0.0,1.0,0.0,0.0,1.0,0.0,0.0,1.0,0.0,1.0,0.0,0.0,1.0,1.0,0.0,0.0,0.0,1.0,0.0,9.0,0.0,0.0,1.0,6.400543017994854,0.0,0.0,1.0,0.0,0.0,1.0,0.0,0.0,1.0
3398-ZOUAA,1,-0.46303730927815856,0.14418772909548702,-0.3567223194007604,0.0,1.0,0.0,1.0,1.0,0.0,0.0,1.0,1.0,0.0,0.0,0.0,1.0,0.0,1.0,0.0,0.0,1.0,0.0,0.0,1.0,0.0,0.0,1.0,0.0,0.0,1.0,0.0,0.0,1.0,0.0,0.0,1.0,0.0,0.0,0.0,1.0,0.0,0.0,1.0,0.0,0.0,1.0,2.0,0.0,0.0,1.0,0.770396493442104,0.0,0.0,1.0,0.0,0.0,1.0,0.0,0.0,1.0
9114-VEPUF,0,1.2064976032430856,1.0415581091851935,1.6404009788688103,0.0,1.0,0.0,1.0,1.0,0.0,0.0,1.0,0.0,0.0,1.0,0.0,1.0,0.0,0.0,0.0,1.0,0.0,0.0,1.0,1.0,0.0,0.0,1.0,0.0,0.0,1.0,0.0,0.0,0.0,0.0,1.0,0.0,1.0,0.0,1.0,0.0,0.0,0.0,1.0,0.0,1.0,0.0,6.0,0.0,1.0,0.0,1.3596388210464614,0.0,1.0,0.0,0.0,1.0,0.0,0.0,1.0,0.0
7876-BEUTG,0,-0.7073594915983407,-0.5305018529719588,-0.689664439938709,1.0,0.0,1.0,0.0,1.0,0.0,0.0,1.0,0.0,0.0,1.0,1.0,0.0,0.0,1.0,0.0,0.0,1.0,0.0,0.0,1.0,0.0,0.0,1.0,0.0,0.0,1.0,0.0,0.0,1.0,0.0,0.0,1.0,0.0,0.0,0.0,1.0,0.0,0.0,0.0,1.0,1.0,0.0,3.0,1.0,0.0,0.0,0.974984358208514,1.0,0.0,0.0,1.0,0.0,0.0,1.0,0.0,0.0
2338-BQEZT,0,0.9214550572028734,-0.47233895796614456,0.24241025820545983,1.0,0.0,1.0,0.0,1.0,0.0,0.0,1.0,1.0,0.0,0.0,1.0,0.0,0.0,0.0,0.0,1.0,1.0,0.0,0.0,1.0,0.0,0.0,1.0,0.0,0.0,1.0,0.0,0.0,1.0,0.0,0.0,1.0,0.0,0.0,0.0,1.0,0.0,1.0,0.0,0.0,1.0,0.0,3.0,0.0,1.0,0.0,0.2630733385318968,0.0,1.0,0.0,0.0,1.0,0.0,0.0,1.0,0.0
9873-MNDKV,0,-0.8702409464784621,-0.6684310039857471,-0.7990127531638206,1.0,0.0,1.0,0.0,1.0,0.0,0.0,1.0,1.0,0.0,0.0,1.0,0.0,0.0,1.0,0.0,0.0,1.0,0.0,0.0,1.0,0.0,0.0,1.0,0.0,0.0,1.0,0.0,0.0,1.0,0.0,0.0,1.0,0.0,0.0,0.0,1.0,0.0,0.0,0.0,1.0,1.0,0.0,2.0,1.0,0.0,0.0,0.9181511814597151,1.0,0.0,0.0,1.0,0.0,0.0,1.0,0.0,0.0
0378-NHQXU,0,-0.62591876415828,0.7806559801591124,-0.3629430626586747,1.0,0.0,0.0,1.0,0.0,1.0,0.0,1.0,0.0,0.0,1.0,0.0,1.0,0.0,1.0,0.0,0.0,1.0,0.0,0.0,0.0,0.0,1.0,1.0,0.0,0.0,0.0,0.0,1.0,1.0,0.0,0.0,1.0,0.0,0.0,1.0,0.0,0.0,0.0,1.0,0.0,0.0,1.0,5.0,1.0,0.0,0.0,0.5798564980660894,1.0,0.0,0.0,1.0,0.0,0.0,1.0,0.0,0.0
8241-JUIQO,0,1.1657772395230555,-1.505976692069473,-0.4177826645706432,1.0,0.0,1.0,0.0,1.0,0.0,0.0,1.0,1.0,0.0,0.0,0.0,0.0,1.0,0.0,1.0,0.0,0.0,1.0,0.0,0.0,1.0,0.0,0.0,1.0,0.0,0.0,1.0,0.0,0.0,1.0,0.0,0.0,1.0,0.0,1.0,0.0,1.0,0.0,0.0,0.0,1.0,0.0,1.0,0.0,1.0,0.0,-0.3583726379334418,0.0,1.0,0.0,0.0,1.0,0.0,0.0,1.0,0.0
2194-IIQOF,0,1.5729808767233588,0.8155537171626008,1.81122876535565,1.0,0.0,0.0,1.0,1.0,0.0,0.0,1.0,0.0,0.0,1.0,1.0,0.0,0.0,0.0,0.0,1.0,0.0,0.0,1.0,0.0,0.0,1.0,0.0,0.0,1.0,0.0,0.0,1.0,0.0,0.0,1.0,0.0,0.0,1.0,1.0,0.0,0.0,1.0,0.0,0.0,1.0,0.0,9.0,0.0,1.0,0.0,1.1514626732961815,0.0,1.0,0.0,0.0,1.0,0.0,0.0,1.0,0.0
4512-ZUIYL,0,-1.2367242199587352,0.17410007509847744,-0.9398397920238393,1.0,0.0,1.0,0.0,1.0,0.0,0.0,1.0,1.0,0.0,0.0,0.0,1.0,0.0,1.0,0.0,0.0,1.0,0.0,0.0,1.0,0.0,0.0,1.0,0.0,0.0,1.0,0.0,0.0,1.0,0.0,0.0,1.0,0.0,0.0,1.0,0.0,1.0,0.0,0.0,0.0,0.0,1.0,2.0,1.0,0.0,0.0,0.7599429014620561,1.0,0.0,0.0,1.0,0.0,0.0,1.0,0.0,0.0
9631-RXVJM,0,0.10704778280226633,-1.5126238800701375,-0.708282550965942,0.0,1.0,1.0,0.0,1.0,0.0,0.0,1.0,1.0,0.0,0.0,0.0,0.0,1.0,0.0,1.0,0.0,0.0,1.0,0.0,0.0,1.0,0.0,0.0,1.0,0.0,0.0,1.0,0.0,0.0,1.0,0.0,0.0,0.0,1.0,1.0,0.0,0.0,0.0,0.0,1.0,1.0,0.0,1.0,0.0,0.0,1.0,-6.6165083706053816,0.0,0.0,1.0,0.0,0.0,1.0,0.0,0.0,1.0
9584-EXCDZ,0,-0.62591876415828,0.19071804510013865,-0.49311542423652105,1.0,0.0,1.0,0.0,1.0,0.0,0.0,1.0,1.0,0.0,0.0,0.0,1.0,0.0,1.0,0.0,0.0,1.0,0.0,0.0,1.0,0.0,0.0,1.0,0.0,0.0,1.0,0.0,0.0,1.0,0.0,0.0,1.0,0.0,0.0,1.0,0.0,1.0,0.0,0.0,0.0,1.0,0.0,2.0,1.0,0.0,0.0,0.7878265558944385,1.0,0.0,0.0,1.0,0.0,0.0,1.0,0.0,0.0
7969-AULMZ,0,-0.46303730927815856,1.0831030341893466,-0.07226670127733587,1.0,0.0,1.0,0.0,1.0,0.0,0.0,1.0,0.0,0.0,1.0,0.0,1.0,0.0,1.0,0.0,0.0,1.0,0.0,0.0,1.0,0.0,0.0,1.0,0.0,0.0,0.0,0.0,1.0,0.0,0.0,1.0,1.0,0.0,0.0,0.0,1.0,0.0,0.0,1.0,0.0,0.0,1.0,5.0,0.0,0.0,1.0,0.15607101162106005,0.0,0.0,1.0,0.0,0.0,1.0,0.0,0.0,1.0
5093-FEGLU,0,0.5956921474426305,-1.4993295040688086,-0.6007872250942515,1.0,0.0,0.0,1.0,1.0,0.0,0.0,1.0,1.0,0.0,0.0,0.0,0.0,1.0,0.0,1.0,0.0,0.0,1.0,0.0,0.0,1.0,0.0,0.0,1.0,0.0,0.0,1.0,0.0,0.0,1.0,0.0,0.0,0.0,1.0,1.0,0.0,1.0,0.0,0.0,0.0,1.0,0.0,1.0,0.0,1.0,0.0,-1.0085532060032933,0.0,1.0,0.0,0.0,1.0,0.0,0.0,1.0,0.0
2621-UDNLU,0,-1.1960038562387048,-1.4594463760648215,-0.9755980360702194,1.0,0.0,0.0,1.0,1.0,0.0,0.0,1.0,1.0,0.0,0.0,0.0,0.0,1.0,0.0,1.0,0.0,0.0,1.0,0.0,0.0,1.0,0.0,0.0,1.0,0.0,0.0,1.0,0.0,0.0,1.0,0.0,1.0,0.0,0.0,1.0,0.0,0.0,0.0,0.0,1.0,1.0,0.0,1.0,1.0,0.0,0.0,0.8157147913706262,1.0,0.0,0.0,1.0,0.0,0.0,1.0,0.0,0.0
7526-IVLYU,0,-1.1960038562387048,-1.4993295040688086,-0.9772083703178356,0.0,1.0,1.0,0.0,1.0,0.0,0.0,1.0,1.0,0.0,0.0,0.0,0.0,1.0,0.0,1.0,0.0,0.0,1.0,0.0,0.0,1.0,0.0,0.0,1.0,0.0,0.0,1.0,0.0,0.0,1.0,0.0,1.0,0.0,0.0,0.0,1.0,0.0,0.0,0.0,1.0,1.0,0.0,1.0,1.0,0.0,0.0,0.8170612203467672,1.0,0.0,0.0,1.0,0.0,0.0,1.0,0.0,0.0
2428-HYUNX,1,0.47353105628253944,-1.5093002860698053,-0.6335674537512045,0.0,1.0,0.0,1.0,1.0,0.0,0.0,1.0,1.0,0.0,0.0,0.0,0.0,1.0,0.0,1.0,0.0,0.0,1.0,0.0,0.0,1.0,0.0,0.0,1.0,0.0,0.0,1.0,0.0,0.0,1.0,0.0,0.0,0.0,1.0,0.0,1.0,0.0,1.0,0.0,0.0,1.0,0.0,1.0,0.0,0.0,1.0,-1.3379638892642702,0.0,0.0,1.0,0.0,0.0,1.0,0.0,0.0,1.0
9214-EKVXR,0,-1.2774445836787656,-0.6900343649879066,-0.9879512850930281,1.0,0.0,1.0,0.0,1.0,0.0,0.0,1.0,1.0,0.0,0.0,1.0,0.0,0.0,1.0,0.0,0.0,1.0,0.0,0.0,1.0,0.0,0.0,1.0,0.0,0.0,1.0,0.0,0.0,1.0,0.0,0.0,1.0,0.0,0.0,0.0,1.0,0.0,0.0,0.0,1.0,1.0,0.0,2.0,1.0,0.0,0.0,0.7733809338702904,1.0,0.0,0.0,1.0,0.0,0.0,1.0,0.0,0.0
3410-MHHUM,0,0.47353105628253944,0.9850570111795457,0.8876910446611725,1.0,0.0,0.0,1.0,0.0,1.0,0.0,1.0,0.0,0.0,1.0,0.0,1.0,0.0,1.0,0.0,0.0,0.0,0.0,1.0,0.0,0.0,1.0,1.0,0.0,0.0,1.0,0.0,0.0,0.0,0.0,1.0,0.0,1.0,0.0,1.0,0.0,0.0,0.0,1.0,0.0,1.0,0.0,6.0,0.0,0.0,1.0,1.8746205404773246,0.0,0.0,1.0,0.0,0.0,1.0,0.0,0.0,1.0
0568-ONFPC,0,-1.1145631287986442,-1.2916048790480432,-0.9478032257689,0.0,1.0,0.0,1.0,0.0,1.0,0.0,1.0,0.0,0.0,1.0,0.0,0.0,1.0,0.0,1.0,0.0,0.0,1.0,0.0,0.0,1.0,0.0,0.0,1.0,0.0,0.0,1.0,0.0,0.0,1.0,0.0,1.0,0.0,0.0,0.0,1.0,1.0,0.0,0.0,0.0,0.0,1.0,2.0,1.0,0.0,0.0,0.8503809261934854,1.0,0.0,0.0,1.0,0.0,0.0,1.0,0.0,0.0
0733-VUNUW,0,-0.3408762181180675,-0.3028356639492,-0.38945842931120334,0.0,1.0,1.0,0.0,1.0,0.0,0.0,1.0,0.0,0.0,1.0,1.0,0.0,0.0,0.0,0.0,1.0,1.0,0.0,0.0,1.0,0.0,0.0,1.0,0.0,0.0,1.0,0.0,0.0,1.0,0.0,0.0,1.0,0.0,0.0,0.0,1.0,1.0,0.0,0.0,0.0,0.0,1.0,4.0,0.0,0.0,1.0,1.142521562405708,0.0,0.0,1.0,0.0,0.0,1.0,0.0,0.0,1.0
4550-EVXNY,0,-1.2774445836787656,0.16246749609731476,-0.9766348266132051,1.0,0.0,1.0,0.0,0.0,1.0,0.0,1.0,1.0,0.0,0.0,0.0,1.0,0.0,1.0,0.0,0.0,1.0,0.0,0.0,1.0,0.0,0.0,1.0,0.0,0.0,1.0,0.0,0.0,1.0,0.0,0.0,1.0,0.0,0.0,0.0,1.0,0.0,0.0,1.0,0.0,0.0,1.0,2.0,1.0,0.0,0.0,0.764522265068209,1.0,0.0,0.0,1.0,0.0,0.0,1.0,0.0,0.0
2122-YWVYA,0,-0.5851984004382496,0.35357415111641893,-0.39834835673297453,1.0,0.0,1.0,0.0,1.0,0.0,0.0,1.0,1.0,0.0,0.0,0.0,1.0,0.0,0.0,0.0,1.0,1.0,0.0,0.0,1.0,0.0,0.0,1.0,0.0,0.0,1.0,0.0,0.0,1.0,0.0,0.0,1.0,0.0,0.0,0.0,1.0,0.0,0.0,1.0,0.0,1.0,0.0,3.0,1.0,0.0,0.0,0.6807065030161654,1.0,0.0,0.0,1.0,0.0,0.0,1.0,0.0,0.0
2968-SSGAA,0,-0.9109613101984924,1.1911198392001445,-0.5396165830580936,1.0,0.0,1.0,0.0,1.0,0.0,0.0,1.0,0.0,0.0,1.0,0.0,1.0,0.0,1.0,0.0,0.0,1.0,0.0,0.0,0.0,0.0,1.0,1.0,0.0,0.0,0.0,0.0,1.0,0.0,0.0,1.0,1.0,0.0,0.0,0.0,1.0,0.0,0.0,1.0,0.0,0.0,1.0,6.0,1.0,0.0,0.0,0.5923594965196872,1.0,0.0,0.0,1.0,0.0,0.0,1.0,0.0,0.0
2296-DKZFP,0,1.3286586944031769,0.2073360151017999,0.9277729258655354,1.0,0.0,0.0,1.0,1.0,0.0,0.0,1.0,1.0,0.0,0.0,1.0,0.0,0.0,0.0,0.0,1.0,0.0,0.0,1.0,0.0,0.0,1.0,1.0,0.0,0.0,1.0,0.0,0.0,0.0,0.0,1.0,0.0,0.0,1.0,1.0,0.0,1.0,0.0,0.0,0.0,1.0,0.0,6.0,0.0,1.0,0.0,0.6982778419873162,0.0,1.0,0.0,0.0,1.0,0.0,0.0,1.0,0.0
4844-JJWUY,1,-1.2774445836787656,0.7058751151516368,-0.9694214115588151,1.0,0.0,1.0,0.0,1.0,0.0,0.0,1.0,1.0,0.0,0.0,0.0,1.0,0.0,1.0,0.0,0.0,0.0,0.0,1.0,1.0,0.0,0.0,1.0,0.0,0.0,1.0,0.0,0.0,0.0,0.0,1.0,1.0,0.0,0.0,0.0,1.0,0.0,0.0,1.0,0.0,0.0,1.0,4.0,1.0,0.0,0.0,0.7588755112703911,1.0,0.0,0.0,1.0,0.0,0.0,1.0,0.0,0.0
6777-TGHTM,0,0.8400143297628127,1.4021680582212426,1.5451265457803984,1.0,0.0,1.0,0.0,1.0,0.0,0.0,1.0,0.0,0.0,1.0,0.0,1.0,0.0,0.0,0.0,1.0,1.0,0.0,0.0,0.0,0.0,1.0,1.0,0.0,0.0,0.0,0.0,1.0,0.0,0.0,1.0,0.0,1.0,0.0,0.0,1.0,0.0,1.0,0.0,0.0,0.0,1.0,7.0,0.0,1.0,0.0,1.8394049851705292,0.0,1.0,0.0,0.0,1.0,0.0,0.0,1.0,0.0
8909-BOLNL,0,-1.1960038562387048,-1.4478137970636586,-0.9843997259989705,0.0,1.0,1.0,0.0,1.0,0.0,0.0,1.0,1.0,0.0,0.0,0.0,0.0,1.0,0.0,1.0,0.0,0.0,1.0,0.0,0.0,1.0,0.0,0.0,1.0,0.0,0.0,1.0,0.0,0.0,1.0,0.0,0.0,1.0,0.0,1.0,0.0,0.0,0.0,0.0,1.0,1.0,0.0,1.0,1.0,0.0,0.0,0.8230740401580268,1.0,0.0,0.0,1.0,0.0,0.0,1.0,0.0,0.0
6603-YRDCJ,0,0.025607055362205634,-0.12336158793125872,-0.1168707539989771,0.0,1.0,0.0,1.0,1.0,0.0,0.0,1.0,1.0,0.0,0.0,1.0,0.0,0.0,0.0,0.0,1.0,0.0,0.0,1.0,1.0,0.0,0.0,0.0,0.0,1.0,1.0,0.0,0.0,1.0,0.0,0.0,0.0,0.0,1.0,0.0,1.0,0.0,0.0,0.0,1.0,1.0,0.0,5.0,0.0,0.0,1.0,-4.564005987641625,0.0,0.0,1.0,0.0,0.0,1.0,0.0,0.0,1.0
3538-WZPHD,0,-1.1960038562387048,-1.16863190103575,-0.9723111894552222,0.0,1.0,1.0,0.0,1.0,0.0,1.0,0.0,0.0,1.0,0.0,1.0,0.0,0.0,1.0,0.0,0.0,0.0,0.0,1.0,1.0,0.0,0.0,1.0,0.0,0.0,1.0,0.0,0.0,1.0,0.0,0.0,1.0,0.0,0.0,0.0,1.0,0.0,0.0,1.0,0.0,0.0,1.0,2.0,1.0,0.0,0.0,0.8129666007206947,1.0,0.0,0.0,1.0,0.0,0.0,1.0,0.0,0.0
3229-USWAR,0,0.06632741908223598,0.5047976781315361,0.19588704001063229,1.0,0.0,1.0,0.0,1.0,0.0,0.0,1.0,1.0,0.0,0.0,1.0,0.0,0.0,0.0,0.0,1.0,1.0,0.0,0.0,0.0,0.0,1.0,0.0,0.0,1.0,0.0,0.0,1.0,0.0,0.0,1.0,0.0,1.0,0.0,0.0,1.0,1.0,0.0,0.0,0.0,1.0,0.0,7.0,0.0,0.0,1.0,2.953334272931108,0.0,0.0,1.0,0.0,0.0,1.0,0.0,0.0,1.0
2138-VFAPZ,0,-0.748079855318371,-1.4976677070686424,-0.8910444583837451,1.0,0.0,0.0,1.0,0.0,1.0,0.0,1.0,1.0,0.0,0.0,0.0,0.0,1.0,0.0,1.0,0.0,0.0,1.0,0.0,0.0,1.0,0.0,0.0,1.0,0.0,0.0,1.0,0.0,0.0,1.0,0.0,0.0,0.0,1.0,0.0,1.0,0.0,0.0,0.0,1.0,1.0,0.0,1.0,1.0,0.0,0.0,1.1911087460101846,1.0,0.0,0.0,1.0,0.0,0.0,1.0,0.0,0.0
6131-JLWZM,0,-0.7888002190384014,-1.477726143066649,-0.8858605056688165,1.0,0.0,1.0,0.0,1.0,0.0,0.0,1.0,1.0,0.0,0.0,0.0,0.0,1.0,0.0,1.0,0.0,0.0,1.0,0.0,0.0,1.0,0.0,0.0,1.0,0.0,0.0,1.0,0.0,0.0,1.0,0.0,1.0,0.0,0.0,0.0,1.0,0.0,0.0,0.0,1.0,1.0,0.0,1.0,1.0,0.0,0.0,1.1230479965494151,1.0,0.0,0.0,1.0,0.0,0.0,1.0,0.0,0.0
4785-QRJHC,1,0.5549717837226001,-0.1615829189350795,0.2353071400173449,0.0,1.0,0.0,1.0,1.0,0.0,1.0,0.0,0.0,1.0,0.0,1.0,0.0,0.0,1.0,0.0,0.0,0.0,0.0,1.0,0.0,0.0,1.0,0.0,0.0,1.0,0.0,0.0,1.0,0.0,0.0,1.0,0.0,1.0,0.0,0.0,1.0,1.0,0.0,0.0,0.0,0.0,1.0,6.0,0.0,1.0,0.0,0.4239983849971046,0.0,1.0,0.0,0.0,1.0,0.0,0.0,1.0,0.0
0269-XFESX,0,-0.38159658183809786,-1.343120586053193,-0.7697840836009251,0.0,1.0,0.0,1.0,0.0,1.0,0.0,1.0,0.0,0.0,1.0,0.0,0.0,1.0,0.0,1.0,0.0,0.0,1.0,0.0,0.0,1.0,0.0,0.0,1.0,0.0,0.0,1.0,0.0,0.0,1.0,0.0,0.0,1.0,0.0,1.0,0.0,0.0,0.0,0.0,1.0,1.0,0.0,2.0,0.0,0.0,1.0,2.0172719574504097,0.0,0.0,1.0,0.0,0.0,1.0,0.0,0.0,1.0
1709-EJDOX,0,0.5956921474426305,-1.4960059100684764,-0.5887207479237581,1.0,0.0,0.0,1.0,0.0,1.0,0.0,1.0,1.0,0.0,0.0,0.0,0.0,1.0,0.0,1.0,0.0,0.0,1.0,0.0,0.0,1.0,0.0,0.0,1.0,0.0,0.0,1.0,0.0,0.0,1.0,0.0,0.0,0.0,1.0,1.0,0.0,0.0,0.0,0.0,1.0,1.0,0.0,1.0,0.0,1.0,0.0,-0.9882969759651836,0.0,1.0,0.0,0.0,1.0,0.0,0.0,1.0,0.0
4316-XCSLJ,0,-0.62591876415828,-0.4806479429669752,-0.6337659881104997,0.0,1.0,1.0,0.0,0.0,1.0,0.0,1.0,1.0,0.0,0.0,1.0,0.0,0.0,0.0,0.0,1.0,1.0,0.0,0.0,1.0,0.0,0.0,1.0,0.0,0.0,1.0,0.0,0.0,1.0,0.0,0.0,1.0,0.0,0.0,0.0,1.0,0.0,0.0,0.0,1.0,1.0,0.0,3.0,1.0,0.0,0.0,1.0125371284607076,1.0,0.0,0.0,1.0,0.0,0.0,1.0,0.0,0.0
8610-WFCJF,0,0.6771328748826912,1.0249401391835322,1.1030567057498886,1.0,0.0,0.0,1.0,0.0,1.0,0.0,1.0,0.0,0.0,1.0,0.0,1.0,0.0,1.0,0.0,0.0,1.0,0.0,0.0,1.0,0.0,0.0,1.0,0.0,0.0,0.0,0.0,1.0,0.0,0.0,1.0,1.0,0.0,0.0,0.0,1.0,0.0,0.0,1.0,0.0,0.0,1.0,5.0,0.0,1.0,0.0,1.6290107106983778,0.0,1.0,0.0,0.0,1.0,0.0,0.0,1.0,0.0
9693-XMUOB,1,1.0843365120829946,-0.4823097399671412,0.3150738337074807,0.0,1.0,0.0,1.0,1.0,0.0,1.0,0.0,0.0,1.0,0.0,1.0,0.0,0.0,1.0,0.0,0.0,0.0,0.0,1.0,1.0,0.0,0.0,1.0,0.0,0.0,0.0,0.0,1.0,0.0,0.0,1.0,1.0,0.0,0.0,0.0,1.0,0.0,0.0,1.0,0.0,1.0,0.0,4.0,0.0,1.0,0.0,0.29056831545977224,0.0,1.0,0.0,0.0,1.0,0.0,0.0,1.0,0.0
0383-CLDDA,0,1.4915401492832983,0.684271754149477,1.594495423125123,1.0,0.0,1.0,0.0,1.0,0.0,0.0,1.0,0.0,0.0,1.0,1.0,0.0,0.0,0.0,0.0,1.0,1.0,0.0,0.0,0.0,0.0,1.0,0.0,0.0,1.0,0.0,0.0,1.0,0.0,0.0,1.0,0.0,0.0,1.0,0.0,1.0,0.0,1.0,0.0,0.0,1.0,0.0,8.0,0.0,1.0,0.0,1.0690261498433655,0.0,1.0,0.0,0.0,1.0,0.0,0.0,1.0,0.0
4905-JEFDW,0,-0.8702409464784621,-0.7698006209958805,-0.7997407124812361,0.0,1.0,1.0,0.0,1.0,0.0,1.0,0.0,0.0,1.0,0.0,1.0,0.0,0.0,1.0,0.0,0.0,1.0,0.0,0.0,0.0,0.0,1.0,1.0,0.0,0.0,0.0,0.0,1.0,1.0,0.0,0.0,0.0,1.0,0.0,0.0,1.0,0.0,0.0,1.0,0.0,0.0,1.0,3.0,1.0,0.0,0.0,0.9189876846377847,1.0,0.0,0.0,1.0,0.0,0.0,1.0,0.0,0.0
2709-UQGNP,0,-0.9109613101984924,-0.4357794239624898,-0.7759607081123294,0.0,1.0,1.0,0.0,1.0,0.0,0.0,1.0,1.0,0.0,0.0,1.0,0.0,0.0,0.0,0.0,1.0,1.0,0.0,0.0,1.0,0.0,0.0,1.0,0.0,0.0,1.0,0.0,0.0,1.0,0.0,0.0,1.0,0.0,0.0,0.0,1.0,0.0,0.0,0.0,1.0,1.0,0.0,3.0,1.0,0.0,0.0,0.8518042417665935,1.0,0.0,0.0,1.0,0.0,0.0,1.0,0.0,0.0
3549-ZTMNH,0,-0.8295205827584317,-1.3547531650543558,-0.8883973335931432,0.0,1.0,0.0,1.0,0.0,1.0,0.0,1.0,0.0,0.0,1.0,0.0,0.0,1.0,0.0,1.0,0.0,0.0,1.0,0.0,0.0,1.0,0.0,0.0,1.0,0.0,0.0,1.0,0.0,0.0,1.0,0.0,0.0,0.0,1.0,0.0,1.0,1.0,0.0,0.0,0.0,1.0,0.0,2.0,1.0,0.0,0.0,1.0709768413930452,1.0,0.0,0.0,1.0,0.0,0.0,1.0,0.0,0.0
7881-INRLC,0,0.5142514200025698,1.1994288242009752,1.083865051018025,0.0,1.0,1.0,0.0,1.0,0.0,0.0,1.0,0.0,0.0,1.0,0.0,1.0,0.0,1.0,0.0,0.0,0.0,0.0,1.0,1.0,0.0,0.0,1.0,0.0,0.0,0.0,0.0,1.0,0.0,0.0,1.0,1.0,0.0,0.0,0.0,1.0,0.0,1.0,0.0,0.0,0.0,1.0,6.0,0.0,1.0,0.0,2.107655922491393,0.0,1.0,0.0,0.0,1.0,0.0,0.0,1.0,0.0
8033-ATFAS,0,0.26992923768238775,-0.16324471593524553,0.02567691597493283,1.0,0.0,0.0,1.0,0.0,1.0,0.0,1.0,1.0,0.0,0.0,1.0,0.0,0.0,1.0,0.0,0.0,1.0,0.0,0.0,0.0,0.0,1.0,1.0,0.0,0.0,0.0,0.0,1.0,1.0,0.0,0.0,1.0,0.0,0.0,0.0,1.0,0.0,0.0,0.0,1.0,1.0,0.0,4.0,0.0,0.0,1.0,0.09512461930910046,0.0,0.0,1.0,0.0,0.0,1.0,0.0,0.0,1.0
1635-NZATJ,1,1.5729808767233588,-1.3065610520495383,-0.21779238664067288,0.0,1.0,0.0,1.0,1.0,0.0,0.0,1.0,0.0,0.0,1.0,0.0,0.0,1.0,0.0,1.0,0.0,0.0,1.0,0.0,0.0,1.0,0.0,0.0,1.0,0.0,0.0,1.0,0.0,0.0,1.0,0.0,0.0,0.0,1.0,1.0,0.0,0.0,1.0,0.0,0.0,1.0,0.0,2.0,0.0,1.0,0.0,-0.13845838170286678,0.0,1.0,0.0,0.0,1.0,0.0,0.0,1.0,0.0
0562-HKHML,0,1.5729808767233588,-1.3580767590546883,-0.2898162403182984,0.0,1.0,0.0,1.0,0.0,1.0,0.0,1.0,0.0,0.0,1.0,0.0,0.0,1.0,0.0,1.0,0.0,0.0,1.0,0.0,0.0,1.0,0.0,0.0,1.0,0.0,0.0,1.0,0.0,0.0,1.0,0.0,0.0,0.0,1.0,1.0,0.0,0.0,1.0,0.0,0.0,1.0,0.0,2.0,0.0,1.0,0.0,-0.18424651221571625,0.0,1.0,0.0,0.0,1.0,0.0,0.0,1.0,0.0
8277-RVRSV,0,0.025607055362205634,-1.3497677740538576,-0.6542812052376641,1.0,0.0,0.0,1.0,0.0,1.0,0.0,1.0,0.0,0.0,1.0,0.0,0.0,1.0,0.0,1.0,0.0,0.0,1.0,0.0,0.0,1.0,0.0,0.0,1.0,0.0,0.0,1.0,0.0,0.0,1.0,0.0,0.0,1.0,0.0,1.0,0.0,0.0,1.0,0.0,0.0,1.0,0.0,2.0,0.0,0.0,1.0,-25.550817772016888,0.0,0.0,1.0,0.0,0.0,1.0,0.0,0.0,1.0
9943-VSZUV,1,1.4100994218432374,0.36354493311741554,1.2254200491954594,0.0,1.0,1.0,0.0,1.0,0.0,0.0,1.0,0.0,0.0,1.0,0.0,1.0,0.0,1.0,0.0,0.0,1.0,0.0,0.0,1.0,0.0,0.0,1.0,0.0,0.0,1.0,0.0,0.0,1.0,0.0,0.0,1.0,0.0,0.0,0.0,1.0,0.0,0.0,0.0,1.0,1.0,0.0,3.0,0.0,1.0,0.0,0.8690309564084702,0.0,1.0,0.0,0.0,1.0,0.0,0.0,1.0,0.0
0117-LFRMW,0,0.18848851024232702,-0.8163309370005319,-0.36817113412011343,0.0,1.0,0.0,1.0,0.0,1.0,1.0,0.0,0.0,1.0,0.0,1.0,0.0,0.0,0.0,0.0,1.0,0.0,0.0,1.0,0.0,0.0,1.0,1.0,0.0,0.0,1.0,0.0,0.0,1.0,0.0,0.0,1.0,0.0,0.0,1.0,0.0,1.0,0.0,0.0,0.0,0.0,1.0,4.0,0.0,0.0,1.0,-1.9532815748120695,0.0,0.0,1.0,0.0,0.0,1.0,0.0,0.0,1.0
6172-FECYY,0,0.6771328748826912,0.6560212051466532,0.86982295232461,0.0,1.0,0.0,1.0,0.0,1.0,0.0,1.0,0.0,0.0,1.0,0.0,1.0,0.0,1.0,0.0,0.0,1.0,0.0,0.0,1.0,0.0,0.0,1.0,0.0,0.0,0.0,0.0,1.0,1.0,0.0,0.0,1.0,0.0,0.0,1.0,0.0,0.0,0.0,1.0,0.0,0.0,1.0,4.0,0.0,1.0,0.0,1.2845676005249356,0.0,1.0,0.0,0.0,1.0,0.0,0.0,1.0,0.0
7054-ENNGU,0,-0.9516816739185228,-0.4623681759651477,-0.8015054623416373,1.0,0.0,0.0,1.0,1.0,0.0,0.0,1.0,1.0,0.0,0.0,1.0,0.0,0.0,1.0,0.0,0.0,0.0,0.0,1.0,1.0,0.0,0.0,1.0,0.0,0.0,1.0,0.0,0.0,1.0,0.0,0.0,1.0,0.0,0.0,1.0,0.0,0.0,0.0,0.0,1.0,1.0,0.0,3.0,1.0,0.0,0.0,0.8421991137451045,1.0,0.0,0.0,1.0,0.0,0.0,1.0,0.0,0.0
1455-HFBXA,0,0.7992939660427822,0.8919963791702424,1.0343638174337704,0.0,1.0,0.0,1.0,1.0,0.0,0.0,1.0,0.0,0.0,1.0,0.0,1.0,0.0,0.0,0.0,1.0,1.0,0.0,0.0,0.0,0.0,1.0,0.0,0.0,1.0,1.0,0.0,0.0,1.0,0.0,0.0,0.0,0.0,1.0,0.0,1.0,0.0,1.0,0.0,0.0,1.0,0.0,6.0,0.0,1.0,0.0,1.2940968672074349,0.0,1.0,0.0,0.0,1.0,0.0,0.0,1.0,0.0
9402-CXWPL,0,1.5322605130033284,1.1346187411944968,2.0097410652775345,1.0,0.0,1.0,0.0,1.0,0.0,0.0,1.0,0.0,0.0,1.0,0.0,1.0,0.0,1.0,0.0,0.0,0.0,0.0,1.0,1.0,0.0,0.0,1.0,0.0,0.0,0.0,0.0,1.0,0.0,0.0,1.0,0.0,1.0,0.0,1.0,0.0,0.0,0.0,1.0,0.0,1.0,0.0,6.0,0.0,1.0,0.0,1.3116183887936352,0.0,1.0,0.0,0.0,1.0,0.0,0.0,1.0,0.0
1628-BIZYP,0,-1.2774445836787656,0.6726391751483144,-0.9698625990239154,0.0,1.0,1.0,0.0,1.0,0.0,0.0,1.0,1.0,0.0,0.0,0.0,1.0,0.0,1.0,0.0,0.0,0.0,0.0,1.0,1.0,0.0,0.0,1.0,0.0,0.0,1.0,0.0,0.0,0.0,0.0,1.0,1.0,0.0,0.0,0.0,1.0,0.0,0.0,1.0,0.0,1.0,0.0,4.0,1.0,0.0,0.0,0.7592208784751505,1.0,0.0,0.0,1.0,0.0,0.0,1.0,0.0,0.0
1965-AKTSX,1,-0.748079855318371,0.47156173812821356,-0.5212411251366658,1.0,0.0,1.0,0.0,1.0,0.0,0.0,1.0,0.0,0.0,1.0,0.0,1.0,0.0,1.0,0.0,0.0,0.0,0.0,1.0,1.0,0.0,0.0,1.0,0.0,0.0,1.0,0.0,0.0,1.0,0.0,0.0,1.0,0.0,0.0,0.0,1.0,0.0,0.0,1.0,0.0,0.0,1.0,4.0,1.0,0.0,0.0,0.6967720376788301,1.0,0.0,0.0,1.0,0.0,0.0,1.0,0.0,0.0
0082-LDZUE,0,-1.2774445836787656,-0.6800635829869099,-0.9878189288534979,0.0,1.0,1.0,0.0,1.0,0.0,0.0,1.0,1.0,0.0,0.0,1.0,0.0,0.0,1.0,0.0,0.0,1.0,0.0,0.0,1.0,0.0,0.0,1.0,0.0,0.0,1.0,0.0,0.0,1.0,0.0,0.0,1.0,0.0,0.0,0.0,1.0,0.0,0.0,0.0,1.0,1.0,0.0,2.0,1.0,0.0,0.0,0.7732773237088625,1.0,0.0,0.0,1.0,0.0,0.0,1.0,0.0,0.0
4786-UKSNZ,0,-1.2774445836787656,-1.481049737066981,-0.9984515467624155,0.0,1.0,1.0,0.0,1.0,0.0,0.0,1.0,1.0,0.0,0.0,0.0,0.0,1.0,0.0,1.0,0.0,0.0,1.0,0.0,0.0,1.0,0.0,0.0,1.0,0.0,0.0,1.0,0.0,0.0,1.0,0.0,1.0,0.0,0.0,1.0,0.0,0.0,0.0,0.0,1.0,0.0,1.0,1.0,1.0,0.0,0.0,0.7816006733435669,1.0,0.0,0.0,1.0,0.0,0.0,1.0,0.0,0.0
5343-SGUBI,0,0.7992939660427822,0.5131066631323666,0.8886837164576483,1.0,0.0,1.0,0.0,1.0,0.0,0.0,1.0,0.0,0.0,1.0,0.0,1.0,0.0,1.0,0.0,0.0,0.0,0.0,1.0,1.0,0.0,0.0,1.0,0.0,0.0,1.0,0.0,0.0,1.0,0.0,0.0,0.0,1.0,0.0,0.0,1.0,0.0,0.0,0.0,1.0,1.0,0.0,4.0,0.0,1.0,0.0,1.1118358879367312,0.0,1.0,0.0,0.0,1.0,0.0,0.0,1.0,0.0
0856-NAOES,0,-1.0738427650786138,-0.12834697893175703,-0.8246678042594036,0.0,1.0,1.0,0.0,1.0,0.0,0.0,1.0,1.0,0.0,0.0,1.0,0.0,0.0,1.0,0.0,0.0,1.0,0.0,0.0,0.0,0.0,1.0,1.0,0.0,0.0,0.0,0.0,1.0,1.0,0.0,0.0,1.0,0.0,0.0,1.0,0.0,0.0,0.0,0.0,1.0,1.0,0.0,4.0,1.0,0.0,0.0,0.7679595477826135,1.0,0.0,0.0,1.0,0.0,0.0,1.0,0.0,0.0
1976-AZZPJ,0,-1.0331224013585834,-1.0157465770204666,-0.8941548300127024,0.0,1.0,0.0,1.0,1.0,0.0,1.0,0.0,0.0,1.0,0.0,1.0,0.0,0.0,0.0,0.0,1.0,0.0,0.0,1.0,1.0,0.0,0.0,1.0,0.0,0.0,1.0,0.0,0.0,1.0,0.0,0.0,1.0,0.0,0.0,1.0,0.0,0.0,0.0,0.0,1.0,1.0,0.0,3.0,1.0,0.0,0.0,0.8654877958670386,1.0,0.0,0.0,1.0,0.0,0.0,1.0,0.0,0.0
7248-VZQLC,1,0.5956921474426305,0.6792863631489789,0.7438639310384715,1.0,0.0,1.0,0.0,1.0,0.0,0.0,1.0,0.0,0.0,1.0,0.0,1.0,0.0,1.0,0.0,0.0,0.0,0.0,1.0,0.0,0.0,1.0,1.0,0.0,0.0,1.0,0.0,0.0,1.0,0.0,0.0,1.0,0.0,0.0,0.0,1.0,1.0,0.0,0.0,0.0,0.0,1.0,5.0,0.0,1.0,0.0,1.2487388565250659,0.0,1.0,0.0,0.0,1.0,0.0,0.0,1.0,0.0
6156-UZDLF,0,-0.2594354906780068,0.7440964461554579,-0.004059119172828066,1.0,0.0,1.0,0.0,1.0,0.0,0.0,1.0,1.0,0.0,0.0,0.0,1.0,0.0,0.0,0.0,1.0,1.0,0.0,0.0,0.0,0.0,1.0,0.0,0.0,1.0,1.0,0.0,0.0,1.0,0.0,0.0,0.0,1.0,0.0,0.0,1.0,0.0,1.0,0.0,0.0,1.0,0.0,5.0,0.0,0.0,1.0,0.01564596718135978,0.0,0.0,1.0,0.0,0.0,1.0,0.0,0.0,1.0
3099-OONVS,0,-0.30015585439803716,-0.3477041829536853,-0.4352316288153604,0.0,1.0,0.0,1.0,0.0,1.0,0.0,1.0,1.0,0.0,0.0,1.0,0.0,0.0,0.0,0.0,1.0,1.0,0.0,0.0,1.0,0.0,0.0,0.0,0.0,1.0,1.0,0.0,0.0,1.0,0.0,0.0,1.0,0.0,0.0,1.0,0.0,0.0,0.0,1.0,0.0,1.0,0.0,4.0,0.0,0.0,1.0,1.4500187900323245,0.0,0.0,1.0,0.0,0.0,1.0,0.0,0.0,1.0
9500-WBGRP,0,1.4915401492832983,-1.517609271070636,-0.44756281846491414,0.0,1.0,1.0,0.0,1.0,0.0,0.0,1.0,1.0,0.0,0.0,0.0,0.0,1.0,0.0,1.0,0.0,0.0,1.0,0.0,0.0,1.0,0.0,0.0,1.0,0.0,0.0,1.0,0.0,0.0,1.0,0.0,0.0,0.0,1.0,0.0,1.0,0.0,0.0,0.0,1.0,1.0,0.0,1.0,0.0,1.0,0.0,-0.3000675635047257,0.0,1.0,0.0,0.0,1.0,0.0,0.0,1.0,0.0
5183-KLYEM,0,1.6137012404433893,1.5949365102405126,2.6071088930233537,1.0,0.0,1.0,0.0,1.0,0.0,0.0,1.0,0.0,0.0,1.0,0.0,1.0,0.0,0.0,0.0,1.0,0.0,0.0,1.0,0.0,0.0,1.0,0.0,0.0,1.0,0.0,0.0,1.0,0.0,0.0,1.0,0.0,0.0,1.0,0.0,1.0,0.0,1.0,0.0,0.0,1.0,0.0,9.0,0.0,1.0,0.0,1.615608160719397,0.0,1.0,0.0,0.0,1.0,0.0,0.0,1.0,0.0
5144-PQCDZ,0,-1.1552834925186746,-1.4893587220678117,-0.9812231762502484,0.0,1.0,1.0,0.0,1.0,0.0,0.0,1.0,1.0,0.0,0.0,0.0,0.0,1.0,0.0,1.0,0.0,0.0,1.0,0.0,0.0,1.0,0.0,0.0,1.0,0.0,0.0,1.0,0.0,0.0,1.0,0.0,1.0,0.0,0.0,0.0,1.0,0.0,0.0,0.0,1.0,1.0,0.0,1.0,1.0,0.0,0.0,0.8493354078063116,1.0,0.0,0.0,1.0,0.0,0.0,1.0,0.0,0.0
8514-VZHEB,0,1.0843365120829946,-1.504314895069307,-0.5009465017420516,0.0,1.0,0.0,1.0,0.0,1.0,0.0,1.0,1.0,0.0,0.0,0.0,0.0,1.0,0.0,1.0,0.0,0.0,1.0,0.0,0.0,1.0,0.0,0.0,1.0,0.0,0.0,1.0,0.0,0.0,1.0,0.0,0.0,0.0,1.0,1.0,0.0,0.0,0.0,0.0,1.0,1.0,0.0,1.0,0.0,1.0,0.0,-0.4619843527907592,0.0,1.0,0.0,0.0,1.0,0.0,0.0,1.0,0.0
6625-IUTTT,0,1.4100994218432374,0.02620014208369237,0.916897654850813,0.0,1.0,1.0,0.0,1.0,0.0,0.0,1.0,1.0,0.0,0.0,1.0,0.0,0.0,0.0,0.0,1.0,1.0,0.0,0.0,0.0,0.0,1.0,1.0,0.0,0.0,1.0,0.0,0.0,0.0,0.0,1.0,0.0,0.0,1.0,1.0,0.0,1.0,0.0,0.0,0.0,1.0,0.0,5.0,0.0,1.0,0.0,0.6502361752990958,0.0,1.0,0.0,0.0,1.0,0.0,0.0,1.0,0.0
9355-NPPFS,1,-0.2594354906780068,0.466576347127715,-0.12229735981971099,1.0,0.0,1.0,0.0,1.0,0.0,0.0,1.0,1.0,0.0,0.0,0.0,1.0,0.0,1.0,0.0,0.0,1.0,0.0,0.0,1.0,0.0,0.0,1.0,0.0,0.0,1.0,0.0,0.0,0.0,0.0,1.0,1.0,0.0,0.0,0.0,1.0,0.0,0.0,1.0,0.0,1.0,0.0,3.0,0.0,0.0,1.0,0.4713979552300264,0.0,0.0,1.0,0.0,0.0,1.0,0.0,0.0,1.0
0068-FIGTF,0,-0.21871512695797646,0.44663478312572175,-0.0901568529871535,1.0,0.0,1.0,0.0,1.0,0.0,0.0,1.0,1.0,0.0,0.0,1.0,0.0,0.0,1.0,0.0,0.0,0.0,0.0,1.0,0.0,0.0,1.0,0.0,0.0,1.0,0.0,0.0,1.0,0.0,0.0,1.0,0.0,1.0,0.0,1.0,0.0,0.0,0.0,0.0,1.0,1.0,0.0,7.0,0.0,0.0,1.0,0.41221132822914475,0.0,0.0,1.0,0.0,0.0,1.0,0.0,0.0,1.0
5965-GGPRW,0,1.6137012404433893,1.3456669602155942,2.349962778989638,0.0,1.0,0.0,1.0,0.0,1.0,0.0,1.0,0.0,0.0,1.0,0.0,1.0,0.0,0.0,0.0,1.0,1.0,0.0,0.0,0.0,0.0,1.0,1.0,0.0,0.0,0.0,0.0,1.0,0.0,0.0,1.0,0.0,0.0,1.0,1.0,0.0,1.0,0.0,0.0,0.0,1.0,0.0,7.0,0.0,1.0,0.0,1.456256412335625,0.0,1.0,0.0,0.0,1.0,0.0,0.0,1.0,0.0
8035-PWSEV,0,-1.0738427650786138,0.8138919201624348,-0.792483178680336,1.0,0.0,1.0,0.0,1.0,0.0,0.0,1.0,1.0,0.0,0.0,0.0,1.0,0.0,1.0,0.0,0.0,1.0,0.0,0.0,0.0,0.0,1.0,0.0,0.0,1.0,1.0,0.0,0.0,0.0,0.0,1.0,1.0,0.0,0.0,0.0,1.0,0.0,0.0,1.0,0.0,1.0,0.0,5.0,1.0,0.0,0.0,0.7379880970025625,1.0,0.0,0.0,1.0,0.0,0.0,1.0,0.0,0.0
2236-HILPA,0,1.2064976032430856,-1.4660935640654862,-0.46979866670596965,0.0,1.0,0.0,1.0,0.0,1.0,0.0,1.0,1.0,0.0,0.0,0.0,0.0,1.0,0.0,1.0,0.0,0.0,1.0,0.0,0.0,1.0,0.0,0.0,1.0,0.0,0.0,1.0,0.0,0.0,1.0,0.0,0.0,0.0,1.0,1.0,0.0,0.0,1.0,0.0,0.0,1.0,0.0,1.0,0.0,1.0,0.0,-0.3893904682803704,0.0,1.0,0.0,0.0,1.0,0.0,0.0,1.0,0.0
1840-BIUOG,0,-0.5037576729981889,0.1308933530941583,-0.38255384548238347,0.0,1.0,1.0,0.0,1.0,0.0,0.0,1.0,0.0,0.0,1.0,1.0,0.0,0.0,1.0,0.0,0.0,0.0,0.0,1.0,1.0,0.0,0.0,0.0,0.0,1.0,0.0,0.0,1.0,1.0,0.0,0.0,0.0,1.0,0.0,0.0,1.0,0.0,0.0,1.0,0.0,1.0,0.0,6.0,1.0,0.0,0.0,0.759400533207876,1.0,0.0,0.0,1.0,0.0,0.0,1.0,0.0,0.0
1356-MKYSK,0,-1.0738427650786138,0.4615909561272169,-0.7941376316744622,0.0,1.0,1.0,0.0,1.0,0.0,0.0,1.0,1.0,0.0,0.0,1.0,0.0,0.0,0.0,0.0,1.0,1.0,0.0,0.0,0.0,0.0,1.0,0.0,0.0,1.0,0.0,0.0,1.0,0.0,0.0,1.0,1.0,0.0,0.0,1.0,0.0,0.0,1.0,0.0,0.0,1.0,0.0,7.0,1.0,0.0,0.0,0.7395287815868695,1.0,0.0,0.0,1.0,0.0,0.0,1.0,0.0,0.0
6080-LNESI,0,0.758573602322752,-1.329826210051864,-0.4626734891445997,0.0,1.0,1.0,0.0,1.0,0.0,0.0,1.0,0.0,0.0,1.0,0.0,0.0,1.0,0.0,1.0,0.0,0.0,1.0,0.0,0.0,1.0,0.0,0.0,1.0,0.0,0.0,1.0,0.0,0.0,1.0,0.0,0.0,0.0,1.0,1.0,0.0,0.0,0.0,0.0,1.0,1.0,0.0,2.0,0.0,1.0,0.0,-0.609925639025526,0.0,1.0,0.0,0.0,1.0,0.0,0.0,1.0,0.0
1830-IPXVJ,0,1.1657772395230555,-1.4960059100684764,-0.4287020543318759,1.0,0.0,0.0,1.0,0.0,1.0,0.0,1.0,1.0,0.0,0.0,0.0,0.0,1.0,0.0,1.0,0.0,0.0,1.0,0.0,0.0,1.0,0.0,0.0,1.0,0.0,0.0,1.0,0.0,0.0,1.0,0.0,0.0,0.0,1.0,1.0,0.0,0.0,1.0,0.0,0.0,1.0,0.0,1.0,0.0,1.0,0.0,-0.36773925566368676,0.0,1.0,0.0,0.0,1.0,0.0,0.0,1.0,0.0
5828-DWPIL,1,1.2064976032430856,0.8089065291619363,1.4713600016156267,0.0,1.0,0.0,1.0,1.0,0.0,0.0,1.0,0.0,0.0,1.0,0.0,1.0,0.0,0.0,0.0,1.0,0.0,0.0,1.0,0.0,0.0,1.0,1.0,0.0,0.0,1.0,0.0,0.0,1.0,0.0,0.0,1.0,0.0,0.0,0.0,1.0,0.0,0.0,1.0,0.0,1.0,0.0,6.0,0.0,1.0,0.0,1.2195299830356783,0.0,1.0,0.0,0.0,1.0,0.0,0.0,1.0,0.0
8398-TBIYD,0,1.6137012404433893,0.6626683931473177,1.721447116207737,1.0,0.0,1.0,0.0,1.0,0.0,0.0,1.0,0.0,0.0,1.0,0.0,1.0,0.0,0.0,0.0,1.0,1.0,0.0,0.0,1.0,0.0,0.0,0.0,0.0,1.0,1.0,0.0,0.0,1.0,0.0,0.0,0.0,0.0,1.0,0.0,1.0,1.0,0.0,0.0,0.0,1.0,0.0,5.0,0.0,1.0,0.0,1.0667694075358973,0.0,1.0,0.0,0.0,1.0,0.0,0.0,1.0,0.0
0011-IGKFF,1,-0.7888002190384014,1.1047063951915064,-0.4612396298830237,0.0,1.0,0.0,1.0,1.0,0.0,0.0,1.0,1.0,0.0,0.0,0.0,1.0,0.0,1.0,0.0,0.0,0.0,0.0,1.0,0.0,0.0,1.0,1.0,0.0,0.0,0.0,0.0,1.0,0.0,0.0,1.0,1.0,0.0,0.0,0.0,1.0,0.0,0.0,1.0,0.0,0.0,1.0,6.0,1.0,0.0,0.0,0.5847356767285191,1.0,0.0,0.0,1.0,0.0,0.0,1.0,0.0,0.0
4192-GORJT,0,-1.1145631287986442,0.9867188081797118,-0.7876080571909776,0.0,1.0,0.0,1.0,1.0,0.0,0.0,1.0,1.0,0.0,0.0,0.0,1.0,0.0,1.0,0.0,0.0,1.0,0.0,0.0,0.0,0.0,1.0,1.0,0.0,0.0,0.0,0.0,1.0,0.0,0.0,1.0,1.0,0.0,0.0,0.0,1.0,0.0,0.0,1.0,0.0,0.0,1.0,5.0,1.0,0.0,0.0,0.706651814365973,1.0,0.0,0.0,1.0,0.0,0.0,1.0,0.0,0.0
6496-SLWHQ,1,-1.1960038562387048,1.3373579752147637,-0.8774558844586555,0.0,1.0,1.0,0.0,1.0,0.0,0.0,1.0,0.0,0.0,1.0,0.0,1.0,0.0,1.0,0.0,0.0,0.0,0.0,1.0,0.0,0.0,1.0,1.0,0.0,0.0,0.0,0.0,1.0,0.0,0.0,1.0,1.0,0.0,0.0,0.0,1.0,0.0,0.0,1.0,0.0,0.0,1.0,7.0,1.0,0.0,0.0,0.7336564007562265,1.0,0.0,0.0,1.0,0.0,0.0,1.0,0.0,0.0
9912-GVSEQ,1,-0.2594354906780068,0.966777244177718,0.0433464739522003,1.0,0.0,0.0,1.0,1.0,0.0,0.0,1.0,0.0,0.0,1.0,0.0,1.0,0.0,1.0,0.0,0.0,0.0,0.0,1.0,0.0,0.0,1.0,1.0,0.0,0.0,1.0,0.0,0.0,0.0,0.0,1.0,1.0,0.0,0.0,0.0,1.0,0.0,0.0,1.0,0.0,0.0,1.0,6.0,0.0,0.0,1.0,-0.1670799698180035,0.0,0.0,1.0,0.0,0.0,1.0,0.0,0.0,1.0
2931-FSOHN,1,-0.7888002190384014,-0.1615829189350795,-0.6595533954456128,0.0,1.0,1.0,0.0,1.0,0.0,0.0,1.0,1.0,0.0,0.0,1.0,0.0,0.0,1.0,0.0,0.0,0.0,0.0,1.0,1.0,0.0,0.0,1.0,0.0,0.0,0.0,0.0,1.0,1.0,0.0,0.0,1.0,0.0,0.0,0.0,1.0,0.0,0.0,1.0,0.0,1.0,0.0,4.0,1.0,0.0,0.0,0.8361475815126562,1.0,0.0,0.0,1.0,0.0,0.0,1.0,0.0,0.0
9418-RUKPH,0,0.22920887396235737,-1.4893587220678117,-0.6736493349555676,1.0,0.0,0.0,1.0,0.0,1.0,0.0,1.0,1.0,0.0,0.0,0.0,0.0,1.0,0.0,1.0,0.0,0.0,1.0,0.0,0.0,1.0,0.0,0.0,1.0,0.0,0.0,1.0,0.0,0.0,1.0,0.0,0.0,0.0,1.0,0.0,1.0,0.0,0.0,0.0,1.0,1.0,0.0,1.0,0.0,0.0,1.0,-2.9390194337161657,0.0,0.0,1.0,0.0,0.0,1.0,0.0,0.0,1.0
5383-MMTWC,1,-0.9924020376385531,0.6394032351449919,-0.7367391424649119,1.0,0.0,0.0,1.0,1.0,0.0,0.0,1.0,0.0,0.0,1.0,0.0,1.0,0.0,1.0,0.0,0.0,1.0,0.0,0.0,1.0,0.0,0.0,1.0,0.0,0.0,1.0,0.0,0.0,0.0,0.0,1.0,1.0,0.0,0.0,0.0,1.0,0.0,0.0,1.0,0.0,0.0,1.0,4.0,1.0,0.0,0.0,0.7423797156019573,1.0,0.0,0.0,1.0,0.0,0.0,1.0,0.0,0.0
9971-ZWPBF,1,0.06632741908223598,1.4669781412277214,0.5920292649241999,0.0,1.0,0.0,1.0,0.0,1.0,0.0,1.0,0.0,0.0,1.0,0.0,1.0,0.0,1.0,0.0,0.0,0.0,0.0,1.0,0.0,0.0,1.0,0.0,0.0,1.0,0.0,0.0,1.0,0.0,0.0,1.0,1.0,0.0,0.0,0.0,1.0,0.0,0.0,1.0,0.0,1.0,0.0,8.0,0.0,0.0,1.0,8.925860121138937,0.0,0.0,1.0,0.0,0.0,1.0,0.0,0.0,1.0
4712-AUQZO,0,-0.5851984004382496,-1.03568814102246,-0.7645560121394864,0.0,1.0,1.0,0.0,1.0,0.0,1.0,0.0,0.0,1.0,0.0,1.0,0.0,0.0,0.0,0.0,1.0,1.0,0.0,0.0,0.0,0.0,1.0,1.0,0.0,0.0,1.0,0.0,0.0,1.0,0.0,0.0,1.0,0.0,0.0,1.0,0.0,0.0,0.0,0.0,1.0,1.0,0.0,3.0,1.0,0.0,0.0,1.3064902630747413,1.0,0.0,0.0,1.0,0.0,0.0,1.0,0.0,0.0
9711-FJTBX,0,0.9621754209229036,0.7008897241511383,1.1076009366404218,0.0,1.0,0.0,1.0,0.0,1.0,0.0,1.0,1.0,0.0,0.0,0.0,1.0,0.0,1.0,0.0,0.0,0.0,0.0,1.0,0.0,0.0,1.0,0.0,0.0,1.0,1.0,0.0,0.0,1.0,0.0,0.0,0.0,1.0,0.0,0.0,1.0,0.0,0.0,0.0,1.0,1.0,0.0,5.0,0.0,1.0,0.0,1.1511424139041384,0.0,1.0,0.0,0.0,1.0,0.0,0.0,1.0,0.0
2908-ZTPNF,0,0.14776814652229667,-0.9941432160183071,-0.44829077778232956,1.0,0.0,1.0,0.0,1.0,0.0,1.0,0.0,0.0,1.0,0.0,1.0,0.0,0.0,1.0,0.0,0.0,0.0,0.0,1.0,1.0,0.0,0.0,0.0,0.0,1.0,1.0,0.0,0.0,1.0,0.0,0.0,1.0,0.0,0.0,0.0,1.0,1.0,0.0,0.0,0.0,1.0,0.0,3.0,0.0,0.0,1.0,-3.033744337550361,0.0,0.0,1.0,0.0,0.0,1.0,0.0,0.0,1.0
7240-ETPTR,0,-0.9516816739185228,-0.532163649972125,-0.8122704364900849,1.0,0.0,0.0,1.0,1.0,0.0,1.0,0.0,0.0,1.0,0.0,1.0,0.0,0.0,1.0,0.0,0.0,1.0,0.0,0.0,0.0,0.0,1.0,1.0,0.0,0.0,0.0,0.0,1.0,0.0,0.0,1.0,1.0,0.0,0.0,0.0,1.0,0.0,0.0,1.0,0.0,0.0,1.0,4.0,1.0,0.0,0.0,0.8535106420044678,1.0,0.0,0.0,1.0,0.0,0.0,1.0,0.0,0.0
2202-CUYXZ,0,-1.2774445836787656,0.6676537841478158,-0.9699287771436805,0.0,1.0,1.0,0.0,1.0,0.0,0.0,1.0,1.0,0.0,0.0,0.0,1.0,0.0,1.0,0.0,0.0,1.0,0.0,0.0,0.0,0.0,1.0,1.0,0.0,0.0,0.0,0.0,1.0,1.0,0.0,0.0,1.0,0.0,0.0,0.0,1.0,0.0,0.0,1.0,0.0,0.0,1.0,4.0,1.0,0.0,0.0,0.7592726835558645,1.0,0.0,0.0,1.0,0.0,0.0,1.0,0.0,0.0
5995-OIGLP,0,-0.8295205827584317,-0.2695997239458775,-0.7184519220365041,0.0,1.0,1.0,0.0,1.0,0.0,0.0,1.0,1.0,0.0,0.0,1.0,0.0,0.0,0.0,0.0,1.0,1.0,0.0,0.0,1.0,0.0,0.0,0.0,0.0,1.0,1.0,0.0,0.0,1.0,0.0,0.0,1.0,0.0,0.0,1.0,0.0,0.0,0.0,0.0,1.0,0.0,1.0,4.0,1.0,0.0,0.0,0.8661049972351652,1.0,0.0,0.0,1.0,0.0,0.0,1.0,0.0,0.0
8421-WZOOW,1,1.002895784642934,1.0149693571825356,1.448925619015276,1.0,0.0,0.0,1.0,0.0,1.0,0.0,1.0,1.0,0.0,0.0,0.0,1.0,0.0,1.0,0.0,0.0,0.0,0.0,1.0,0.0,0.0,1.0,0.0,0.0,1.0,0.0,0.0,1.0,1.0,0.0,0.0,1.0,0.0,0.0,0.0,1.0,0.0,1.0,0.0,0.0,1.0,0.0,6.0,0.0,1.0,0.0,1.4447419574419131,0.0,1.0,0.0,0.0,1.0,0.0,0.0,1.0,0.0
6261-RCVNS,0,0.3920903288424788,0.30372024111143525,0.38703150926534136,1.0,0.0,1.0,0.0,1.0,0.0,0.0,1.0,1.0,0.0,0.0,1.0,0.0,0.0,0.0,0.0,1.0,0.0,0.0,1.0,0.0,0.0,1.0,0.0,0.0,1.0,1.0,0.0,0.0,0.0,0.0,1.0,0.0,1.0,0.0,1.0,0.0,0.0,1.0,0.0,0.0,0.0,1.0,7.0,0.0,0.0,1.0,0.9870978210758934,0.0,0.0,1.0,0.0,0.0,1.0,0.0,0.0,1.0
7951-QKZPL,0,0.025607055362205634,-1.3381351950526947,-0.6807524531436826,1.0,0.0,0.0,1.0,0.0,1.0,0.0,1.0,0.0,0.0,1.0,0.0,0.0,1.0,0.0,1.0,0.0,0.0,1.0,0.0,0.0,1.0,0.0,0.0,1.0,0.0,0.0,1.0,0.0,0.0,1.0,0.0,0.0,0.0,1.0,0.0,1.0,0.0,0.0,0.0,1.0,0.0,1.0,2.0,0.0,0.0,1.0,-26.584565992247178,0.0,0.0,1.0,0.0,0.0,1.0,0.0,0.0,1.0
1414-YADCW,0,1.5322605130033284,0.6593447991469852,1.5101403797979438,0.0,1.0,0.0,1.0,1.0,0.0,0.0,1.0,1.0,0.0,0.0,0.0,1.0,0.0,0.0,0.0,1.0,0.0,0.0,1.0,1.0,0.0,0.0,0.0,0.0,1.0,1.0,0.0,0.0,1.0,0.0,0.0,0.0,0.0,1.0,1.0,0.0,1.0,0.0,0.0,0.0,1.0,0.0,5.0,0.0,1.0,0.0,0.9855637256082337,0.0,1.0,0.0,0.0,1.0,0.0,0.0,1.0,0.0
8756-RDDLT,0,1.4508197855632678,-0.6584602219847502,0.35385421188979793,1.0,0.0,1.0,0.0,1.0,0.0,1.0,0.0,0.0,1.0,0.0,1.0,0.0,0.0,1.0,0.0,0.0,0.0,0.0,1.0,1.0,0.0,0.0,0.0,0.0,1.0,1.0,0.0,0.0,0.0,0.0,1.0,1.0,0.0,0.0,1.0,0.0,0.0,0.0,1.0,0.0,1.0,0.0,4.0,0.0,1.0,0.0,0.24389949421072804,0.0,1.0,0.0,0.0,1.0,0.0,0.0,1.0,0.0
2862-PFNIK,0,-1.2774445836787656,-1.33148800705203,-0.9964662031694641,0.0,1.0,1.0,0.0,0.0,1.0,1.0,0.0,0.0,1.0,0.0,1.0,0.0,0.0,1.0,0.0,0.0,1.0,0.0,0.0,1.0,0.0,0.0,1.0,0.0,0.0,1.0,0.0,0.0,1.0,0.0,0.0,1.0,0.0,0.0,0.0,1.0,0.0,0.0,1.0,0.0,1.0,0.0,1.0,1.0,0.0,0.0,0.780046520922149,1.0,0.0,0.0,1.0,0.0,0.0,1.0,0.0,0.0
5816-QVHRX,0,0.18848851024232702,1.1811490571991479,0.5550577553487942,1.0,0.0,1.0,0.0,1.0,0.0,0.0,1.0,0.0,0.0,1.0,0.0,1.0,0.0,1.0,0.0,0.0,1.0,0.0,0.0,1.0,0.0,0.0,0.0,0.0,1.0,0.0,0.0,1.0,0.0,0.0,1.0,1.0,0.0,0.0,1.0,0.0,0.0,1.0,0.0,0.0,1.0,0.0,6.0,0.0,0.0,1.0,2.9447829718384093,0.0,0.0,1.0,0.0,0.0,1.0,0.0,0.0,1.0
4430-YHXGG,0,-1.1552834925186746,-1.3065610520495383,-0.9702155489959957,1.0,0.0,1.0,0.0,0.0,1.0,0.0,1.0,0.0,0.0,1.0,0.0,0.0,1.0,0.0,1.0,0.0,0.0,1.0,0.0,0.0,1.0,0.0,0.0,1.0,0.0,0.0,1.0,0.0,0.0,1.0,0.0,1.0,0.0,0.0,0.0,1.0,0.0,0.0,0.0,1.0,1.0,0.0,2.0,1.0,0.0,0.0,0.8398073332466599,1.0,0.0,0.0,1.0,0.0,0.0,1.0,0.0,0.0
6888-SBYAI,0,-1.2774445836787656,-0.467353566965646,-0.984995329076856,0.0,1.0,1.0,0.0,1.0,0.0,0.0,1.0,1.0,0.0,0.0,1.0,0.0,0.0,0.0,0.0,1.0,1.0,0.0,0.0,1.0,0.0,0.0,1.0,0.0,0.0,1.0,0.0,0.0,1.0,0.0,0.0,1.0,0.0,0.0,0.0,1.0,0.0,0.0,0.0,1.0,1.0,0.0,3.0,1.0,0.0,0.0,0.7710669735984017,1.0,0.0,0.0,1.0,0.0,0.0,1.0,0.0,0.0
7395-XWZOY,0,-0.5037576729981889,-0.3244390249513595,-0.49313748360977605,0.0,1.0,1.0,0.0,1.0,0.0,1.0,0.0,0.0,1.0,0.0,1.0,0.0,0.0,0.0,0.0,1.0,0.0,0.0,1.0,0.0,0.0,1.0,0.0,0.0,1.0,0.0,0.0,1.0,1.0,0.0,0.0,1.0,0.0,0.0,0.0,1.0,0.0,1.0,0.0,0.0,1.0,0.0,6.0,1.0,0.0,0.0,0.9789180593017965,1.0,0.0,0.0,1.0,0.0,0.0,1.0,0.0,0.0
7169-YWAMK,0,1.6137012404433893,0.12092257109316168,1.1347560251173459,0.0,1.0,0.0,1.0,0.0,1.0,0.0,1.0,1.0,0.0,0.0,1.0,0.0,0.0,0.0,0.0,1.0,0.0,0.0,1.0,1.0,0.0,0.0,0.0,0.0,1.0,0.0,0.0,1.0,1.0,0.0,0.0,0.0,0.0,1.0,1.0,0.0,1.0,0.0,0.0,0.0,1.0,0.0,6.0,0.0,1.0,0.0,0.7032008135567611,0.0,1.0,0.0,0.0,1.0,0.0,0.0,1.0,0.0
3640-PHQXK,0,-0.055833672077855064,0.8354952811645946,0.23100556223261687,1.0,0.0,1.0,0.0,1.0,0.0,0.0,1.0,0.0,0.0,1.0,0.0,1.0,0.0,1.0,0.0,0.0,1.0,0.0,0.0,0.0,0.0,1.0,1.0,0.0,0.0,1.0,0.0,0.0,0.0,0.0,1.0,1.0,0.0,0.0,0.0,1.0,0.0,0.0,1.0,0.0,0.0,1.0,5.0,0.0,0.0,1.0,-4.1373879531065105,0.0,0.0,1.0,0.0,0.0,1.0,0.0,0.0,1.0
6877-LGWXO,1,-0.5851984004382496,0.4582673621268844,-0.37970818633248643,0.0,1.0,0.0,1.0,1.0,0.0,0.0,1.0,1.0,0.0,0.0,0.0,1.0,0.0,1.0,0.0,0.0,1.0,0.0,0.0,1.0,0.0,0.0,1.0,0.0,0.0,1.0,0.0,0.0,0.0,0.0,1.0,1.0,0.0,0.0,1.0,0.0,0.0,0.0,1.0,0.0,0.0,1.0,3.0,1.0,0.0,0.0,0.6488537665997148,1.0,0.0,0.0,1.0,0.0,0.0,1.0,0.0,0.0
6859-RKMZJ,0,-0.8702409464784621,-0.3227772279511935,-0.7390553766566885,0.0,1.0,0.0,1.0,1.0,0.0,0.0,1.0,1.0,0.0,0.0,1.0,0.0,0.0,1.0,0.0,0.0,1.0,0.0,0.0,1.0,0.0,0.0,1.0,0.0,0.0,0.0,0.0,1.0,1.0,0.0,0.0,1.0,0.0,0.0,0.0,1.0,1.0,0.0,0.0,0.0,1.0,0.0,3.0,1.0,0.0,0.0,0.8492537378841662,1.0,0.0,0.0,1.0,0.0,0.0,1.0,0.0,0.0
2729-VNVAP,0,0.025607055362205634,-1.4943441130683104,-0.7244079528153583,1.0,0.0,0.0,1.0,0.0,1.0,0.0,1.0,1.0,0.0,0.0,0.0,0.0,1.0,0.0,1.0,0.0,0.0,1.0,0.0,0.0,1.0,0.0,0.0,1.0,0.0,0.0,1.0,0.0,0.0,1.0,0.0,0.0,0.0,1.0,1.0,0.0,0.0,1.0,0.0,0.0,1.0,0.0,1.0,0.0,0.0,1.0,-28.289389098776965,0.0,0.0,1.0,0.0,0.0,1.0,0.0,0.0,1.0
2957-JIRMN,1,1.2064976032430856,0.6543594081464871,1.1805512839947576,1.0,0.0,1.0,0.0,1.0,0.0,0.0,1.0,0.0,0.0,1.0,0.0,1.0,0.0,1.0,0.0,0.0,1.0,0.0,0.0,1.0,0.0,0.0,1.0,0.0,0.0,0.0,0.0,1.0,1.0,0.0,0.0,0.0,1.0,0.0,1.0,0.0,0.0,0.0,1.0,0.0,1.0,0.0,4.0,0.0,1.0,0.0,0.9784945123980487,0.0,1.0,0.0,0.0,1.0,0.0,0.0,1.0,0.0
2049-BAFNW,0,-1.2774445836787656,-0.9592454790148186,-0.9915249035603405,1.0,0.0,1.0,0.0,1.0,0.0,1.0,0.0,0.0,1.0,0.0,1.0,0.0,0.0,1.0,0.0,0.0,1.0,0.0,0.0,0.0,0.0,1.0,0.0,0.0,1.0,1.0,0.0,0.0,1.0,0.0,0.0,1.0,0.0,0.0,1.0,0.0,0.0,0.0,0.0,1.0,1.0,0.0,3.0,1.0,0.0,0.0,0.7761784082288424,1.0,0.0,0.0,1.0,0.0,0.0,1.0,0.0,0.0
3842-QTGDL,0,-0.6666391278783103,0.531386430134194,-0.42442253592040285,0.0,1.0,0.0,1.0,1.0,0.0,0.0,1.0,1.0,0.0,0.0,0.0,1.0,0.0,0.0,0.0,1.0,0.0,0.0,1.0,1.0,0.0,0.0,1.0,0.0,0.0,1.0,0.0,0.0,1.0,0.0,0.0,1.0,0.0,0.0,1.0,0.0,1.0,0.0,0.0,0.0,1.0,0.0,4.0,1.0,0.0,0.0,0.6366601031523578,1.0,0.0,0.0,1.0,0.0,0.0,1.0,0.0,0.0
7163-OCEQI,0,-0.4223169455581282,0.4615909561272169,-0.2733378884968019,0.0,1.0,0.0,1.0,0.0,1.0,0.0,1.0,0.0,0.0,1.0,1.0,0.0,0.0,1.0,0.0,0.0,1.0,0.0,0.0,0.0,0.0,1.0,0.0,0.0,1.0,0.0,0.0,1.0,0.0,0.0,1.0,0.0,1.0,0.0,0.0,1.0,0.0,0.0,0.0,1.0,1.0,0.0,7.0,0.0,0.0,1.0,0.6472340060509822,0.0,0.0,1.0,0.0,0.0,1.0,0.0,0.0,1.0
9782-LGXMC,0,0.6771328748826912,-0.10009642992893289,0.3268535390256591,1.0,0.0,0.0,1.0,0.0,1.0,0.0,1.0,1.0,0.0,0.0,1.0,0.0,0.0,0.0,0.0,1.0,1.0,0.0,0.0,0.0,0.0,1.0,0.0,0.0,1.0,1.0,0.0,0.0,1.0,0.0,0.0,1.0,0.0,0.0,1.0,0.0,1.0,0.0,0.0,0.0,1.0,0.0,5.0,0.0,1.0,0.0,0.48270221569479155,0.0,1.0,0.0,0.0,1.0,0.0,0.0,1.0,0.0
5975-BAICR,0,0.14776814652229667,-0.035286346922454,-0.041824766185414516,0.0,1.0,0.0,1.0,0.0,1.0,0.0,1.0,1.0,0.0,0.0,1.0,0.0,0.0,0.0,0.0,1.0,1.0,0.0,0.0,0.0,0.0,1.0,1.0,0.0,0.0,1.0,0.0,0.0,0.0,0.0,1.0,0.0,1.0,0.0,0.0,1.0,0.0,1.0,0.0,0.0,1.0,0.0,5.0,0.0,0.0,1.0,-0.2830431806160849,0.0,0.0,1.0,0.0,0.0,1.0,0.0,0.0,1.0
8019-ENHXU,0,0.3920903288424788,1.1528985081963241,0.8182922564008939,0.0,1.0,0.0,1.0,1.0,0.0,0.0,1.0,0.0,0.0,1.0,0.0,1.0,0.0,1.0,0.0,0.0,0.0,0.0,1.0,0.0,0.0,1.0,0.0,0.0,1.0,1.0,0.0,0.0,0.0,0.0,1.0,1.0,0.0,0.0,0.0,1.0,0.0,0.0,1.0,0.0,0.0,1.0,7.0,0.0,0.0,1.0,2.086999337159475,0.0,0.0,1.0,0.0,0.0,1.0,0.0,0.0,1.0
5167-GBFRE,1,-1.1552834925186746,-1.3148700370503688,-0.96214181838466,0.0,1.0,1.0,0.0,1.0,0.0,1.0,0.0,0.0,1.0,0.0,1.0,0.0,0.0,1.0,0.0,0.0,1.0,0.0,0.0,1.0,0.0,0.0,1.0,0.0,0.0,1.0,0.0,0.0,1.0,0.0,0.0,1.0,0.0,0.0,0.0,1.0,1.0,0.0,0.0,0.0,0.0,1.0,1.0,1.0,0.0,0.0,0.832818805613729,1.0,0.0,0.0,1.0,0.0,0.0,1.0,0.0,0.0
9033-EOXWV,0,-0.8295205827584317,0.3087056321119333,-0.6223612921376567,1.0,0.0,1.0,0.0,1.0,0.0,0.0,1.0,0.0,0.0,1.0,1.0,0.0,0.0,1.0,0.0,0.0,1.0,0.0,0.0,1.0,0.0,0.0,0.0,0.0,1.0,0.0,0.0,1.0,0.0,0.0,1.0,0.0,1.0,0.0,1.0,0.0,0.0,0.0,0.0,1.0,0.0,1.0,6.0,1.0,0.0,0.0,0.7502662442300088,1.0,0.0,0.0,1.0,0.0,0.0,1.0,0.0,0.0
4673-KKSLS,0,-0.055833672077855064,0.7590526191569525,0.19454141824207627,1.0,0.0,1.0,0.0,1.0,0.0,0.0,1.0,1.0,0.0,0.0,0.0,1.0,0.0,0.0,0.0,1.0,1.0,0.0,0.0,0.0,0.0,1.0,0.0,0.0,1.0,1.0,0.0,0.0,1.0,0.0,0.0,1.0,0.0,0.0,1.0,0.0,0.0,0.0,1.0,0.0,1.0,0.0,5.0,0.0,0.0,1.0,-3.4843027693182287,0.0,0.0,1.0,0.0,0.0,1.0,0.0,0.0,1.0
4853-OITSN,0,-1.1145631287986442,0.8105683261621028,-0.8250428136047389,0.0,1.0,0.0,1.0,1.0,0.0,0.0,1.0,0.0,0.0,1.0,0.0,1.0,0.0,0.0,0.0,1.0,1.0,0.0,0.0,1.0,0.0,0.0,1.0,0.0,0.0,1.0,0.0,0.0,0.0,0.0,1.0,1.0,0.0,0.0,0.0,1.0,0.0,0.0,1.0,0.0,1.0,0.0,5.0,1.0,0.0,0.0,0.7402387467222508,1.0,0.0,0.0,1.0,0.0,0.0,1.0,0.0,0.0
9800-OUIGR,0,1.369379058123207,-1.4876969250676457,-0.40108371901659645,0.0,1.0,0.0,1.0,0.0,1.0,0.0,1.0,1.0,0.0,0.0,0.0,0.0,1.0,0.0,1.0,0.0,0.0,1.0,0.0,0.0,1.0,0.0,0.0,1.0,0.0,0.0,1.0,0.0,0.0,1.0,0.0,0.0,0.0,1.0,1.0,0.0,0.0,1.0,0.0,0.0,1.0,0.0,1.0,0.0,1.0,0.0,-0.29289459090041803,0.0,1.0,0.0,0.0,1.0,0.0,0.0,1.0,0.0
1324-NLTJE,1,-0.7073594915983407,-0.3244390249513595,-0.6733405037299974,1.0,0.0,1.0,0.0,1.0,0.0,0.0,1.0,0.0,0.0,1.0,1.0,0.0,0.0,1.0,0.0,0.0,1.0,0.0,0.0,1.0,0.0,0.0,0.0,0.0,1.0,1.0,0.0,0.0,1.0,0.0,0.0,1.0,0.0,0.0,1.0,0.0,0.0,1.0,0.0,0.0,0.0,1.0,4.0,1.0,0.0,0.0,0.9519070737405751,1.0,0.0,0.0,1.0,0.0,0.0,1.0,0.0,0.0
2324-EFHVG,0,1.2879383306831464,1.3174164112127704,1.945349754746144,0.0,1.0,1.0,0.0,1.0,0.0,0.0,1.0,0.0,0.0,1.0,0.0,1.0,0.0,1.0,0.0,0.0,0.0,0.0,1.0,0.0,0.0,1.0,1.0,0.0,0.0,0.0,0.0,1.0,0.0,0.0,1.0,0.0,0.0,1.0,0.0,1.0,1.0,0.0,0.0,0.0,1.0,0.0,7.0,0.0,1.0,0.0,1.5104370359986836,0.0,1.0,0.0,0.0,1.0,0.0,0.0,1.0,0.0
7094-MSZAO,0,-0.9109613101984924,-1.4860351280674797,-0.9109640724330241,0.0,1.0,0.0,1.0,0.0,1.0,0.0,1.0,1.0,0.0,0.0,0.0,0.0,1.0,0.0,1.0,0.0,0.0,1.0,0.0,0.0,1.0,0.0,0.0,1.0,0.0,0.0,1.0,0.0,0.0,1.0,0.0,1.0,0.0,0.0,0.0,1.0,0.0,1.0,0.0,0.0,1.0,0.0,1.0,1.0,0.0,0.0,1.0000030322193718,1.0,0.0,0.0,1.0,0.0,0.0,1.0,0.0,0.0
1522-VVDMG,0,-1.0331224013585834,0.830509890164096,-0.7387686048043733,0.0,1.0,0.0,1.0,0.0,1.0,0.0,1.0,1.0,0.0,0.0,0.0,1.0,0.0,1.0,0.0,0.0,0.0,0.0,1.0,1.0,0.0,0.0,0.0,0.0,1.0,0.0,0.0,1.0,1.0,0.0,0.0,1.0,0.0,0.0,0.0,1.0,0.0,0.0,1.0,0.0,0.0,1.0,5.0,1.0,0.0,0.0,0.7150833278156326,1.0,0.0,0.0,1.0,0.0,0.0,1.0,0.0,0.0
6907-CQGPN,0,-0.13727439951791576,-1.0124229830201346,-0.5640804279979058,0.0,1.0,1.0,0.0,1.0,0.0,1.0,0.0,0.0,1.0,0.0,1.0,0.0,0.0,1.0,0.0,0.0,0.0,0.0,1.0,1.0,0.0,0.0,0.0,0.0,1.0,1.0,0.0,0.0,1.0,0.0,0.0,1.0,0.0,0.0,1.0,0.0,0.0,0.0,1.0,0.0,1.0,0.0,3.0,0.0,0.0,1.0,4.109145113574416,0.0,0.0,1.0,0.0,0.0,1.0,0.0,0.0,1.0
0780-XNZFN,0,1.002895784642934,-1.4660935640654862,-0.5107629228405335,0.0,1.0,1.0,0.0,1.0,0.0,0.0,1.0,1.0,0.0,0.0,0.0,0.0,1.0,0.0,1.0,0.0,0.0,1.0,0.0,0.0,1.0,0.0,0.0,1.0,0.0,0.0,1.0,0.0,0.0,1.0,0.0,0.0,0.0,1.0,1.0,0.0,1.0,0.0,0.0,0.0,1.0,0.0,1.0,0.0,1.0,0.0,-0.5092881340830273,0.0,1.0,0.0,0.0,1.0,0.0,0.0,1.0,0.0
0239-OXEXL,0,0.5549717837226001,0.6477122201458225,0.6901493571625088,1.0,0.0,1.0,0.0,1.0,0.0,0.0,1.0,0.0,0.0,1.0,0.0,1.0,0.0,0.0,0.0,1.0,0.0,0.0,1.0,1.0,0.0,0.0,1.0,0.0,0.0,1.0,0.0,0.0,1.0,0.0,0.0,1.0,0.0,0.0,1.0,0.0,0.0,0.0,0.0,1.0,1.0,0.0,5.0,0.0,1.0,0.0,1.243575578803618,0.0,1.0,0.0,0.0,1.0,0.0,0.0,1.0,0.0
2675-IJRGJ,0,0.8400143297628127,-1.4993295040688086,-0.575882192689339,0.0,1.0,1.0,0.0,1.0,0.0,0.0,1.0,1.0,0.0,0.0,0.0,0.0,1.0,0.0,1.0,0.0,0.0,1.0,0.0,0.0,1.0,0.0,0.0,1.0,0.0,0.0,1.0,0.0,0.0,1.0,0.0,0.0,0.0,1.0,1.0,0.0,1.0,0.0,0.0,0.0,1.0,0.0,1.0,0.0,1.0,0.0,-0.6855623437423333,0.0,1.0,0.0,0.0,1.0,0.0,0.0,1.0,0.0
7049-GKVZY,0,-0.62591876415828,0.5014740841312035,-0.3952821038505275,1.0,0.0,1.0,0.0,1.0,0.0,0.0,1.0,1.0,0.0,0.0,1.0,0.0,0.0,0.0,0.0,1.0,0.0,0.0,1.0,1.0,0.0,0.0,0.0,0.0,1.0,0.0,0.0,1.0,0.0,0.0,1.0,0.0,1.0,0.0,1.0,0.0,0.0,1.0,0.0,0.0,1.0,0.0,7.0,1.0,0.0,0.0,0.6315230130256488,1.0,0.0,0.0,1.0,0.0,0.0,1.0,0.0,0.0
8577-QSOCG,0,0.22920887396235737,-1.481049737066981,-0.6782156252193559,1.0,0.0,0.0,1.0,0.0,1.0,0.0,1.0,1.0,0.0,0.0,0.0,0.0,1.0,0.0,1.0,0.0,0.0,1.0,0.0,0.0,1.0,0.0,0.0,1.0,0.0,0.0,1.0,0.0,0.0,1.0,0.0,0.0,0.0,1.0,0.0,1.0,0.0,0.0,0.0,1.0,1.0,0.0,1.0,0.0,0.0,1.0,-2.9589413947853442,0.0,0.0,1.0,0.0,0.0,1.0,0.0,0.0,1.0
3721-CNZHX,0,-0.7073594915983407,-1.4943441130683104,-0.8729778316878875,0.0,1.0,1.0,0.0,1.0,0.0,0.0,1.0,1.0,0.0,0.0,0.0,0.0,1.0,0.0,1.0,0.0,0.0,1.0,0.0,0.0,1.0,0.0,0.0,1.0,0.0,0.0,1.0,0.0,0.0,1.0,0.0,0.0,1.0,0.0,1.0,0.0,0.0,0.0,0.0,1.0,1.0,0.0,1.0,1.0,0.0,0.0,1.234136025679556,1.0,0.0,0.0,1.0,0.0,0.0,1.0,0.0,0.0
0212-ISBBF,0,-0.4223169455581282,-0.47898614596680894,-0.5225646875319667,1.0,0.0,1.0,0.0,1.0,0.0,1.0,0.0,0.0,1.0,0.0,1.0,0.0,0.0,1.0,0.0,0.0,0.0,0.0,1.0,1.0,0.0,0.0,1.0,0.0,0.0,0.0,0.0,1.0,0.0,0.0,1.0,1.0,0.0,0.0,0.0,1.0,0.0,0.0,1.0,0.0,1.0,0.0,4.0,0.0,0.0,1.0,1.2373756085997272,0.0,0.0,1.0,0.0,0.0,1.0,0.0,0.0,1.0
9185-TQCVP,0,-0.748079855318371,0.677624566148813,-0.5047627733151692,0.0,1.0,0.0,1.0,1.0,0.0,0.0,1.0,0.0,0.0,1.0,0.0,1.0,0.0,1.0,0.0,0.0,1.0,0.0,0.0,1.0,0.0,0.0,1.0,0.0,0.0,1.0,0.0,0.0,0.0,0.0,1.0,1.0,0.0,0.0,0.0,1.0,0.0,0.0,1.0,0.0,0.0,1.0,4.0,1.0,0.0,0.0,0.6747445071894766,1.0,0.0,0.0,1.0,0.0,0.0,1.0,0.0,0.0
3585-YNADK,0,1.002895784642934,0.32698539911376057,0.9201624420925552,1.0,0.0,0.0,1.0,1.0,0.0,0.0,1.0,0.0,0.0,1.0,1.0,0.0,0.0,1.0,0.0,0.0,0.0,0.0,1.0,0.0,0.0,1.0,0.0,0.0,1.0,0.0,0.0,1.0,1.0,0.0,0.0,0.0,1.0,0.0,1.0,0.0,1.0,0.0,0.0,0.0,1.0,0.0,7.0,0.0,1.0,0.0,0.917505543629506,0.0,1.0,0.0,0.0,1.0,0.0,0.0,1.0,0.0
5271-DBYSJ,1,-0.8702409464784621,0.47820892612887816,-0.6421926686939156,0.0,1.0,1.0,0.0,1.0,0.0,0.0,1.0,1.0,0.0,0.0,0.0,1.0,0.0,1.0,0.0,0.0,1.0,0.0,0.0,1.0,0.0,0.0,1.0,0.0,0.0,1.0,0.0,0.0,0.0,0.0,1.0,1.0,0.0,0.0,0.0,1.0,0.0,1.0,0.0,0.0,1.0,0.0,3.0,1.0,0.0,0.0,0.7379481180386052,1.0,0.0,0.0,1.0,0.0,0.0,1.0,0.0,0.0
1099-GODLO,0,-1.2774445836787656,-1.4760643460664828,-0.9983853686426505,1.0,0.0,0.0,1.0,0.0,1.0,0.0,1.0,1.0,0.0,0.0,0.0,0.0,1.0,0.0,1.0,0.0,0.0,1.0,0.0,0.0,1.0,0.0,0.0,1.0,0.0,0.0,1.0,0.0,0.0,1.0,0.0,0.0,0.0,1.0,1.0,0.0,0.0,0.0,0.0,1.0,1.0,0.0,1.0,1.0,0.0,0.0,0.7815488682628529,1.0,0.0,0.0,1.0,0.0,0.0,1.0,0.0,0.0
6828-HMKWP,0,-0.8295205827584317,-1.4527991880641573,-0.8917503583279056,0.0,1.0,0.0,1.0,0.0,1.0,0.0,1.0,1.0,0.0,0.0,0.0,0.0,1.0,0.0,1.0,0.0,0.0,1.0,0.0,0.0,1.0,0.0,0.0,1.0,0.0,0.0,1.0,0.0,0.0,1.0,0.0,0.0,0.0,1.0,1.0,0.0,1.0,0.0,0.0,0.0,1.0,0.0,1.0,1.0,0.0,0.0,1.0750189650057136,1.0,0.0,0.0,1.0,0.0,0.0,1.0,0.0,0.0
5567-WSELE,1,-1.1960038562387048,0.9917041991802098,-0.8840295776886502,0.0,1.0,0.0,1.0,1.0,0.0,0.0,1.0,0.0,0.0,1.0,0.0,1.0,0.0,1.0,0.0,0.0,1.0,0.0,0.0,1.0,0.0,0.0,1.0,0.0,0.0,0.0,0.0,1.0,0.0,0.0,1.0,1.0,0.0,0.0,0.0,1.0,0.0,0.0,1.0,0.0,0.0,1.0,5.0,1.0,0.0,0.0,0.7391527820560897,1.0,0.0,0.0,1.0,0.0,0.0,1.0,0.0,0.0
1472-TNCWL,0,0.14776814652229667,0.9950277931805424,0.5423074376073952,0.0,1.0,1.0,0.0,0.0,1.0,0.0,1.0,1.0,0.0,0.0,0.0,1.0,0.0,1.0,0.0,0.0,0.0,0.0,1.0,1.0,0.0,0.0,1.0,0.0,0.0,0.0,0.0,1.0,0.0,0.0,1.0,1.0,0.0,0.0,0.0,1.0,0.0,0.0,1.0,0.0,1.0,0.0,5.0,0.0,0.0,1.0,3.6699887653092182,0.0,0.0,1.0,0.0,0.0,1.0,0.0,0.0,1.0
8063-RJYNF,0,-0.6666391278783103,0.9800716201790471,-0.35297222594740774,0.0,1.0,1.0,0.0,1.0,0.0,0.0,1.0,1.0,0.0,0.0,0.0,1.0,0.0,0.0,0.0,1.0,1.0,0.0,0.0,1.0,0.0,0.0,1.0,0.0,0.0,0.0,0.0,1.0,0.0,0.0,1.0,1.0,0.0,0.0,0.0,1.0,0.0,0.0,1.0,0.0,0.0,1.0,5.0,1.0,0.0,0.0,0.5294802107863072,1.0,0.0,0.0,1.0,0.0,0.0,1.0,0.0,0.0
0687-ZVTHB,0,1.3286586944031769,0.25552812810661757,1.0458567508996335,0.0,1.0,0.0,1.0,0.0,1.0,0.0,1.0,0.0,0.0,1.0,1.0,0.0,0.0,0.0,0.0,1.0,0.0,0.0,1.0,0.0,0.0,1.0,1.0,0.0,0.0,1.0,0.0,0.0,0.0,0.0,1.0,0.0,1.0,0.0,1.0,0.0,0.0,1.0,0.0,0.0,0.0,1.0,7.0,0.0,1.0,0.0,0.7871523027736059,0.0,1.0,0.0,0.0,1.0,0.0,0.0,1.0,0.0
2080-GKCWQ,0,-1.2367242199587352,0.3386179781149237,-0.9404133357284697,0.0,1.0,1.0,0.0,1.0,0.0,0.0,1.0,1.0,0.0,0.0,0.0,1.0,0.0,1.0,0.0,0.0,0.0,0.0,1.0,1.0,0.0,0.0,1.0,0.0,0.0,1.0,0.0,0.0,1.0,0.0,0.0,1.0,0.0,0.0,1.0,0.0,0.0,0.0,1.0,0.0,1.0,0.0,3.0,1.0,0.0,0.0,0.7604066618504874,1.0,0.0,0.0,1.0,0.0,0.0,1.0,0.0,0.0
9661-ACXBS,0,0.3920903288424788,1.3440051632154282,0.934192203482745,1.0,0.0,1.0,0.0,1.0,0.0,0.0,1.0,0.0,0.0,1.0,0.0,1.0,0.0,0.0,0.0,1.0,1.0,0.0,0.0,0.0,0.0,1.0,1.0,0.0,0.0,0.0,0.0,1.0,0.0,0.0,1.0,1.0,0.0,0.0,0.0,1.0,0.0,0.0,1.0,0.0,0.0,1.0,7.0,0.0,0.0,1.0,2.3825943532977427,0.0,0.0,1.0,0.0,0.0,1.0,0.0,0.0,1.0
2193-SFWQW,0,1.6137012404433893,1.5683477582378549,2.536739492339854,0.0,1.0,0.0,1.0,0.0,1.0,0.0,1.0,1.0,0.0,0.0,0.0,1.0,0.0,0.0,0.0,1.0,0.0,0.0,1.0,0.0,0.0,1.0,0.0,0.0,1.0,0.0,0.0,1.0,0.0,0.0,1.0,0.0,0.0,1.0,1.0,0.0,1.0,0.0,0.0,0.0,1.0,0.0,8.0,0.0,1.0,0.0,1.5720007079147102,0.0,1.0,0.0,0.0,1.0,0.0,0.0,1.0,0.0
5656-JAMLX,0,1.2064976032430856,-1.4926823160681442,-0.45426886793443877,0.0,1.0,1.0,0.0,1.0,0.0,0.0,1.0,1.0,0.0,0.0,0.0,0.0,1.0,0.0,1.0,0.0,0.0,1.0,0.0,0.0,1.0,0.0,0.0,1.0,0.0,0.0,1.0,0.0,0.0,1.0,0.0,0.0,0.0,1.0,1.0,0.0,1.0,0.0,0.0,0.0,1.0,0.0,1.0,0.0,1.0,0.0,-0.37651866585839583,0.0,1.0,0.0,0.0,1.0,0.0,0.0,1.0,0.0
3462-BJQQA,0,-1.0738427650786138,0.830509890164096,-0.7635412809697557,1.0,0.0,1.0,0.0,1.0,0.0,0.0,1.0,0.0,0.0,1.0,0.0,1.0,0.0,1.0,0.0,0.0,0.0,0.0,1.0,1.0,0.0,0.0,1.0,0.0,0.0,0.0,0.0,1.0,1.0,0.0,0.0,1.0,0.0,0.0,0.0,1.0,0.0,0.0,1.0,0.0,1.0,0.0,5.0,1.0,0.0,0.0,0.7110363880077532,1.0,0.0,0.0,1.0,0.0,0.0,1.0,0.0,0.0
0442-TDYUO,0,0.6364125111626608,-1.4860351280674797,-0.5502933197135211,0.0,1.0,0.0,1.0,1.0,0.0,0.0,1.0,1.0,0.0,0.0,0.0,0.0,1.0,0.0,1.0,0.0,0.0,1.0,0.0,0.0,1.0,0.0,0.0,1.0,0.0,0.0,1.0,0.0,0.0,1.0,0.0,0.0,0.0,1.0,0.0,1.0,0.0,0.0,0.0,1.0,1.0,0.0,1.0,0.0,1.0,0.0,-0.8646802350069945,0.0,1.0,0.0,0.0,1.0,0.0,0.0,1.0,0.0
6733-LRIZX,0,0.10704778280226633,1.4686399382278874,0.768636607203854,0.0,1.0,1.0,0.0,1.0,0.0,0.0,1.0,0.0,0.0,1.0,0.0,1.0,0.0,0.0,0.0,1.0,1.0,0.0,0.0,0.0,0.0,1.0,0.0,0.0,1.0,0.0,0.0,1.0,0.0,0.0,1.0,0.0,0.0,1.0,0.0,1.0,0.0,0.0,1.0,0.0,1.0,0.0,8.0,0.0,0.0,1.0,7.180313193629089,0.0,0.0,1.0,0.0,0.0,1.0,0.0,0.0,1.0
9503-XJUME,0,0.7992939660427822,-1.4993295040688086,-0.5977650909583144,0.0,1.0,1.0,0.0,0.0,1.0,0.0,1.0,1.0,0.0,0.0,0.0,0.0,1.0,0.0,1.0,0.0,0.0,1.0,0.0,0.0,1.0,0.0,0.0,1.0,0.0,0.0,1.0,0.0,0.0,1.0,0.0,0.0,1.0,0.0,1.0,0.0,0.0,1.0,0.0,0.0,1.0,0.0,1.0,0.0,1.0,0.0,-0.7478663875292147,0.0,1.0,0.0,0.0,1.0,0.0,0.0,1.0,0.0
4367-NHWMM,0,-1.2774445836787656,-1.3248408190513656,-0.996377965676444,1.0,0.0,1.0,0.0,1.0,0.0,1.0,0.0,0.0,1.0,0.0,1.0,0.0,0.0,1.0,0.0,0.0,1.0,0.0,0.0,1.0,0.0,0.0,1.0,0.0,0.0,1.0,0.0,0.0,1.0,0.0,0.0,1.0,0.0,0.0,0.0,1.0,0.0,0.0,0.0,1.0,1.0,0.0,1.0,1.0,0.0,0.0,0.779977447481197,1.0,0.0,0.0,1.0,0.0,0.0,1.0,0.0,0.0
3727-RJMEO,0,-1.0738427650786138,0.6011819041411709,-0.8043070027450243,0.0,1.0,0.0,1.0,1.0,0.0,0.0,1.0,0.0,0.0,1.0,0.0,1.0,0.0,1.0,0.0,0.0,1.0,0.0,0.0,1.0,0.0,0.0,1.0,0.0,0.0,0.0,0.0,1.0,1.0,0.0,0.0,1.0,0.0,0.0,0.0,1.0,0.0,0.0,1.0,0.0,0.0,1.0,4.0,1.0,0.0,0.0,0.7489988561650762,1.0,0.0,0.0,1.0,0.0,0.0,1.0,0.0,0.0
3779-OSWCF,0,1.5729808767233588,0.9451738831755587,1.8630682925049364,1.0,0.0,0.0,1.0,1.0,0.0,0.0,1.0,0.0,0.0,1.0,1.0,0.0,0.0,0.0,0.0,1.0,0.0,0.0,1.0,0.0,0.0,1.0,0.0,0.0,1.0,0.0,0.0,1.0,0.0,0.0,1.0,0.0,0.0,1.0,1.0,0.0,0.0,1.0,0.0,0.0,1.0,0.0,9.0,0.0,1.0,0.0,1.1844189081216627,0.0,1.0,0.0,0.0,1.0,0.0,0.0,1.0,0.0
6736-DHUQI,0,1.4100994218432374,0.6659919871476498,1.4625362523136207,1.0,0.0,0.0,1.0,0.0,1.0,0.0,1.0,1.0,0.0,0.0,0.0,1.0,0.0,0.0,0.0,1.0,0.0,0.0,1.0,0.0,0.0,1.0,1.0,0.0,0.0,1.0,0.0,0.0,1.0,0.0,0.0,0.0,1.0,0.0,1.0,0.0,1.0,0.0,0.0,0.0,1.0,0.0,5.0,0.0,1.0,0.0,1.0371866193674766,0.0,1.0,0.0,0.0,1.0,0.0,0.0,1.0,0.0
3915-ODIYG,1,1.125056875803025,0.23226297010429173,0.922633091897117,0.0,1.0,1.0,0.0,1.0,0.0,0.0,1.0,0.0,0.0,1.0,1.0,0.0,0.0,0.0,0.0,1.0,0.0,0.0,1.0,1.0,0.0,0.0,1.0,0.0,0.0,1.0,0.0,0.0,0.0,0.0,1.0,0.0,1.0,0.0,0.0,1.0,0.0,0.0,1.0,0.0,1.0,0.0,6.0,0.0,1.0,0.0,0.8200768438827368,0.0,1.0,0.0,0.0,1.0,0.0,0.0,1.0,0.0
1360-RCYRT,0,-0.38159658183809786,-1.1437049460332582,-0.7079075416206067,0.0,1.0,0.0,1.0,0.0,1.0,1.0,0.0,0.0,1.0,0.0,1.0,0.0,0.0,1.0,0.0,0.0,1.0,0.0,0.0,1.0,0.0,0.0,0.0,0.0,1.0,1.0,0.0,0.0,1.0,0.0,0.0,1.0,0.0,0.0,0.0,1.0,1.0,0.0,0.0,0.0,1.0,0.0,2.0,0.0,0.0,1.0,1.8551202377408993,0.0,0.0,1.0,0.0,0.0,1.0,0.0,0.0,1.0
2724-FJDYW,0,0.26992923768238775,-0.32942441595185784,-0.0404129662970936,0.0,1.0,1.0,0.0,0.0,1.0,1.0,0.0,0.0,1.0,0.0,1.0,0.0,0.0,1.0,0.0,0.0,1.0,0.0,0.0,0.0,0.0,1.0,0.0,0.0,1.0,0.0,0.0,1.0,0.0,0.0,1.0,0.0,1.0,0.0,1.0,0.0,1.0,0.0,0.0,0.0,1.0,0.0,5.0,0.0,0.0,1.0,-0.14971689115295292,0.0,0.0,1.0,0.0,0.0,1.0,0.0,0.0,1.0
4451-RWASJ,0,-0.7073594915983407,-1.504314895069307,-0.9015888387996425,0.0,1.0,0.0,1.0,0.0,1.0,0.0,1.0,1.0,0.0,0.0,0.0,0.0,1.0,0.0,1.0,0.0,0.0,1.0,0.0,0.0,1.0,0.0,0.0,1.0,0.0,0.0,1.0,0.0,0.0,1.0,0.0,0.0,1.0,0.0,0.0,1.0,0.0,0.0,0.0,1.0,1.0,0.0,1.0,1.0,0.0,0.0,1.2745836445375514,1.0,0.0,0.0,1.0,0.0,0.0,1.0,0.0,0.0
6646-VRFOL,1,0.8400143297628127,1.2991366442109427,1.4127703062503056,0.0,1.0,0.0,1.0,1.0,0.0,0.0,1.0,0.0,0.0,1.0,0.0,1.0,0.0,1.0,0.0,0.0,0.0,0.0,1.0,0.0,0.0,1.0,1.0,0.0,0.0,0.0,0.0,1.0,0.0,0.0,1.0,1.0,0.0,0.0,0.0,1.0,0.0,0.0,1.0,0.0,0.0,1.0,7.0,0.0,1.0,0.0,1.6818407212758109,0.0,1.0,0.0,0.0,1.0,0.0,0.0,1.0,0.0
3460-TJBWI,0,-0.3408762181180675,-1.3481059770536914,-0.7386583079380983,0.0,1.0,0.0,1.0,0.0,1.0,0.0,1.0,0.0,0.0,1.0,0.0,0.0,1.0,0.0,1.0,0.0,0.0,1.0,0.0,0.0,1.0,0.0,0.0,1.0,0.0,0.0,1.0,0.0,0.0,1.0,0.0,0.0,0.0,1.0,1.0,0.0,0.0,0.0,0.0,1.0,1.0,0.0,2.0,0.0,0.0,1.0,2.166939987823536,0.0,0.0,1.0,0.0,0.0,1.0,0.0,0.0,1.0
5917-HBSDW,0,0.18848851024232702,-1.5093002860698053,-0.7057016042951051,1.0,0.0,0.0,1.0,0.0,1.0,0.0,1.0,1.0,0.0,0.0,0.0,0.0,1.0,0.0,1.0,0.0,0.0,1.0,0.0,0.0,1.0,0.0,0.0,1.0,0.0,0.0,1.0,0.0,0.0,1.0,0.0,1.0,0.0,0.0,1.0,0.0,0.0,0.0,1.0,0.0,1.0,0.0,1.0,0.0,0.0,1.0,-3.744003299659125,0.0,0.0,1.0,0.0,0.0,1.0,0.0,0.0,1.0
5685-IIXLY,0,-1.1145631287986442,0.6261088591436628,-0.8290355601638966,1.0,0.0,0.0,1.0,0.0,1.0,0.0,1.0,1.0,0.0,0.0,0.0,1.0,0.0,1.0,0.0,0.0,0.0,0.0,1.0,1.0,0.0,0.0,1.0,0.0,0.0,1.0,0.0,0.0,0.0,0.0,1.0,1.0,0.0,0.0,0.0,1.0,0.0,0.0,1.0,0.0,0.0,1.0,4.0,1.0,0.0,0.0,0.7438210889476403,1.0,0.0,0.0,1.0,0.0,0.0,1.0,0.0,0.0
5671-UUNXD,1,0.7178532386027215,1.1927816362003112,1.2822891134468892,1.0,0.0,0.0,1.0,1.0,0.0,0.0,1.0,0.0,0.0,1.0,0.0,1.0,0.0,1.0,0.0,0.0,1.0,0.0,0.0,1.0,0.0,0.0,0.0,0.0,1.0,0.0,0.0,1.0,0.0,0.0,1.0,0.0,1.0,0.0,0.0,1.0,0.0,0.0,1.0,0.0,1.0,0.0,6.0,0.0,1.0,0.0,1.7862831070356722,0.0,1.0,0.0,0.0,1.0,0.0,0.0,1.0,0.0
0956-ACVZC,0,0.880734693482843,0.9750862291785486,1.2254421085687142,1.0,0.0,1.0,0.0,1.0,0.0,0.0,1.0,1.0,0.0,0.0,0.0,1.0,0.0,1.0,0.0,0.0,1.0,0.0,0.0,0.0,0.0,1.0,1.0,0.0,0.0,0.0,0.0,1.0,0.0,0.0,1.0,0.0,1.0,0.0,0.0,1.0,0.0,1.0,0.0,0.0,1.0,0.0,5.0,0.0,1.0,0.0,1.3913862115760816,0.0,1.0,0.0,0.0,1.0,0.0,0.0,1.0,0.0
2325-NBPZG,0,-1.1960038562387048,0.32532360211359457,-0.9042800823367544,1.0,0.0,1.0,0.0,1.0,0.0,0.0,1.0,1.0,0.0,0.0,0.0,1.0,0.0,0.0,0.0,1.0,1.0,0.0,0.0,1.0,0.0,0.0,1.0,0.0,0.0,1.0,0.0,0.0,1.0,0.0,0.0,1.0,0.0,0.0,0.0,1.0,0.0,0.0,1.0,0.0,1.0,0.0,3.0,1.0,0.0,0.0,0.7560845875368761,1.0,0.0,0.0,1.0,0.0,0.0,1.0,0.0,0.0
4250-ZBWLV,0,1.4508197855632678,1.4520219682262263,2.158840369108184,0.0,1.0,1.0,0.0,1.0,0.0,0.0,1.0,0.0,0.0,1.0,0.0,1.0,0.0,1.0,0.0,0.0,0.0,0.0,1.0,0.0,0.0,1.0,0.0,0.0,1.0,0.0,0.0,1.0,0.0,0.0,1.0,0.0,1.0,0.0,1.0,0.0,0.0,0.0,1.0,0.0,0.0,1.0,8.0,0.0,1.0,0.0,1.4880141493728207,0.0,1.0,0.0,0.0,1.0,0.0,0.0,1.0,0.0
4482-FTFFX,0,-1.1145631287986442,-0.28621769394753876,-0.8787794468539565,0.0,1.0,1.0,0.0,1.0,0.0,0.0,1.0,1.0,0.0,0.0,1.0,0.0,0.0,1.0,0.0,0.0,1.0,0.0,0.0,0.0,0.0,1.0,0.0,0.0,1.0,1.0,0.0,0.0,1.0,0.0,0.0,1.0,0.0,0.0,1.0,0.0,0.0,0.0,1.0,0.0,1.0,0.0,4.0,1.0,0.0,0.0,0.7884519271700364,1.0,0.0,0.0,1.0,0.0,0.0,1.0,0.0,0.0
8859-DZTGQ,0,0.025607055362205634,-1.4760643460664828,-0.7030544795045033,0.0,1.0,1.0,0.0,1.0,0.0,0.0,1.0,1.0,0.0,0.0,0.0,0.0,1.0,0.0,1.0,0.0,0.0,1.0,0.0,0.0,1.0,0.0,0.0,1.0,0.0,0.0,1.0,0.0,0.0,1.0,0.0,0.0,0.0,1.0,1.0,0.0,0.0,0.0,0.0,1.0,1.0,0.0,1.0,0.0,0.0,1.0,-27.455498867791196,0.0,0.0,1.0,0.0,0.0,1.0,0.0,0.0,1.0
0440-MOGPM,0,0.35136996512244845,0.5247392421335293,0.43262823378345827,1.0,0.0,1.0,0.0,1.0,0.0,0.0,1.0,0.0,0.0,1.0,1.0,0.0,0.0,1.0,0.0,0.0,0.0,0.0,1.0,0.0,0.0,1.0,1.0,0.0,0.0,0.0,0.0,1.0,0.0,0.0,1.0,0.0,1.0,0.0,0.0,1.0,0.0,0.0,1.0,0.0,1.0,0.0,7.0,0.0,0.0,1.0,1.231261282200635,0.0,0.0,1.0,0.0,0.0,1.0,0.0,0.0,1.0
0020-JDNXP,0,0.06632741908223598,-0.11671439993059413,-0.12798867811950493,1.0,0.0,0.0,1.0,0.0,1.0,1.0,0.0,0.0,1.0,0.0,1.0,0.0,0.0,0.0,0.0,1.0,1.0,0.0,0.0,0.0,0.0,1.0,0.0,0.0,1.0,0.0,0.0,1.0,0.0,0.0,1.0,0.0,1.0,0.0,1.0,0.0,0.0,0.0,0.0,1.0,1.0,0.0,6.0,0.0,0.0,1.0,-1.9296496063086415,0.0,0.0,1.0,0.0,0.0,1.0,0.0,0.0,1.0
3752-CQSJI,0,-0.7888002190384014,-1.4727407520661506,-0.895081323689413,1.0,0.0,0.0,1.0,0.0,1.0,0.0,1.0,1.0,0.0,0.0,0.0,0.0,1.0,0.0,1.0,0.0,0.0,1.0,0.0,0.0,1.0,0.0,0.0,1.0,0.0,0.0,1.0,0.0,0.0,1.0,0.0,1.0,0.0,0.0,0.0,1.0,0.0,0.0,0.0,1.0,1.0,0.0,1.0,1.0,0.0,0.0,1.1347376713213584,1.0,0.0,0.0,1.0,0.0,0.0,1.0,0.0,0.0
5025-GOOKI,0,-0.5037576729981889,-1.5242564590713006,-0.8539847113153191,1.0,0.0,1.0,0.0,1.0,0.0,0.0,1.0,1.0,0.0,0.0,0.0,0.0,1.0,0.0,1.0,0.0,0.0,1.0,0.0,0.0,1.0,0.0,0.0,1.0,0.0,0.0,1.0,0.0,0.0,1.0,0.0,1.0,0.0,0.0,0.0,1.0,0.0,1.0,0.0,0.0,1.0,0.0,1.0,1.0,0.0,0.0,1.6952291887341424,1.0,0.0,0.0,1.0,0.0,0.0,1.0,0.0,0.0
4698-KVLLG,1,0.758573602322752,-1.5009913010689746,-0.5803381860868522,1.0,0.0,1.0,0.0,1.0,0.0,0.0,1.0,1.0,0.0,0.0,0.0,0.0,1.0,0.0,1.0,0.0,0.0,1.0,0.0,0.0,1.0,0.0,0.0,1.0,0.0,0.0,1.0,0.0,0.0,1.0,0.0,0.0,0.0,1.0,1.0,0.0,0.0,1.0,0.0,0.0,1.0,0.0,1.0,0.0,1.0,0.0,-0.7650387309944044,0.0,1.0,0.0,0.0,1.0,0.0,0.0,1.0,0.0
5095-AESKG,0,-1.1960038562387048,0.8886727851699104,-0.9001770389113215,1.0,0.0,0.0,1.0,1.0,0.0,0.0,1.0,0.0,0.0,1.0,0.0,1.0,0.0,1.0,0.0,0.0,0.0,0.0,1.0,1.0,0.0,0.0,1.0,0.0,0.0,1.0,0.0,0.0,0.0,0.0,1.0,1.0,0.0,0.0,0.0,1.0,0.0,1.0,0.0,0.0,0.0,1.0,5.0,1.0,0.0,0.0,0.7526539602825991,1.0,0.0,0.0,1.0,0.0,0.0,1.0,0.0,0.0
2887-JPYLU,0,0.35136996512244845,-0.6501512369839195,-0.19474034158918171,1.0,0.0,1.0,0.0,0.0,1.0,0.0,1.0,1.0,0.0,0.0,1.0,0.0,0.0,1.0,0.0,0.0,1.0,0.0,0.0,1.0,0.0,0.0,1.0,0.0,0.0,1.0,0.0,0.0,1.0,0.0,0.0,1.0,0.0,0.0,1.0,0.0,1.0,0.0,0.0,0.0,1.0,0.0,2.0,0.0,0.0,1.0,-0.5542316103236568,0.0,0.0,1.0,0.0,0.0,1.0,0.0,0.0,1.0
4770-QAZXN,0,-0.7888002190384014,-1.505976692069473,-0.9049639229076599,1.0,0.0,1.0,0.0,1.0,0.0,0.0,1.0,1.0,0.0,0.0,0.0,0.0,1.0,0.0,1.0,0.0,0.0,1.0,0.0,0.0,1.0,0.0,0.0,1.0,0.0,0.0,1.0,0.0,0.0,1.0,0.0,1.0,0.0,0.0,1.0,0.0,0.0,1.0,0.0,0.0,1.0,0.0,1.0,1.0,0.0,0.0,1.147266317966886,1.0,0.0,0.0,1.0,0.0,0.0,1.0,0.0,0.0
4896-CPRPF,0,0.10704778280226633,-1.3065610520495383,-0.6503325774250163,0.0,1.0,0.0,1.0,0.0,1.0,0.0,1.0,0.0,0.0,1.0,0.0,0.0,1.0,0.0,1.0,0.0,0.0,1.0,0.0,0.0,1.0,0.0,0.0,1.0,0.0,0.0,1.0,0.0,0.0,1.0,0.0,0.0,0.0,1.0,1.0,0.0,1.0,0.0,0.0,0.0,1.0,0.0,2.0,0.0,0.0,1.0,-6.075161581125695,0.0,0.0,1.0,0.0,0.0,1.0,0.0,0.0,1.0
1871-MOWRM,0,-0.8295205827584317,0.534710024134526,-0.6250966544212786,0.0,1.0,0.0,1.0,1.0,0.0,0.0,1.0,1.0,0.0,0.0,0.0,1.0,0.0,0.0,0.0,1.0,1.0,0.0,0.0,1.0,0.0,0.0,0.0,0.0,1.0,1.0,0.0,0.0,1.0,0.0,0.0,1.0,0.0,0.0,1.0,0.0,1.0,0.0,0.0,0.0,0.0,1.0,4.0,1.0,0.0,0.0,0.7535637661245541,1.0,0.0,0.0,1.0,0.0,0.0,1.0,0.0,0.0
9714-EDSUC,0,-1.1552834925186746,1.001674981181207,-0.8482933930155252,0.0,1.0,1.0,0.0,1.0,0.0,0.0,1.0,1.0,0.0,0.0,0.0,1.0,0.0,0.0,0.0,1.0,0.0,0.0,1.0,1.0,0.0,0.0,0.0,0.0,1.0,1.0,0.0,0.0,0.0,0.0,1.0,1.0,0.0,0.0,0.0,1.0,0.0,0.0,0.0,1.0,1.0,0.0,6.0,1.0,0.0,0.0,0.7342729282542856,1.0,0.0,0.0,1.0,0.0,0.0,1.0,0.0,0.0
2027-OAQQC,0,0.43281069256250915,-0.5221928679711283,-0.09137011851617934,1.0,0.0,1.0,0.0,1.0,0.0,1.0,0.0,0.0,1.0,0.0,1.0,0.0,0.0,1.0,0.0,0.0,1.0,0.0,0.0,0.0,0.0,1.0,1.0,0.0,0.0,0.0,0.0,1.0,0.0,0.0,1.0,1.0,0.0,0.0,0.0,1.0,1.0,0.0,0.0,0.0,0.0,1.0,4.0,0.0,0.0,1.0,-0.2111087366516092,0.0,0.0,1.0,0.0,0.0,1.0,0.0,0.0,1.0
0282-NVSJS,1,-0.8295205827584317,-1.1786026830367469,-0.8503449147282416,1.0,0.0,0.0,1.0,0.0,1.0,1.0,0.0,0.0,1.0,0.0,1.0,0.0,0.0,1.0,0.0,0.0,1.0,0.0,0.0,1.0,0.0,0.0,0.0,0.0,1.0,1.0,0.0,0.0,1.0,0.0,0.0,1.0,0.0,0.0,0.0,1.0,0.0,0.0,0.0,1.0,1.0,0.0,2.0,1.0,0.0,0.0,1.025104056972959,1.0,0.0,0.0,1.0,0.0,0.0,1.0,0.0,0.0
9090-SGQXL,1,1.4508197855632678,1.3473287572157604,2.2131505460620318,0.0,1.0,0.0,1.0,1.0,0.0,0.0,1.0,0.0,0.0,1.0,0.0,1.0,0.0,1.0,0.0,0.0,0.0,0.0,1.0,0.0,0.0,1.0,1.0,0.0,0.0,0.0,0.0,1.0,0.0,0.0,1.0,1.0,0.0,0.0,0.0,1.0,0.0,0.0,1.0,0.0,0.0,1.0,7.0,0.0,1.0,0.0,1.5254482797136626,0.0,1.0,0.0,0.0,1.0,0.0,0.0,1.0,0.0
6595-YGXIT,1,-0.30015585439803716,0.8039211381614382,0.0034851864803871853,0.0,1.0,1.0,0.0,1.0,0.0,0.0,1.0,0.0,0.0,1.0,0.0,1.0,0.0,1.0,0.0,0.0,0.0,0.0,1.0,1.0,0.0,0.0,1.0,0.0,0.0,0.0,0.0,1.0,1.0,0.0,0.0,1.0,0.0,0.0,0.0,1.0,0.0,0.0,1.0,0.0,0.0,1.0,5.0,0.0,0.0,1.0,-0.011611256050216744,0.0,0.0,1.0,0.0,0.0,1.0,0.0,0.0,1.0
7353-YOWFP,0,-1.0331224013585834,-1.479387940066815,-0.9503841724397367,1.0,0.0,1.0,0.0,1.0,0.0,0.0,1.0,1.0,0.0,0.0,0.0,0.0,1.0,0.0,1.0,0.0,0.0,1.0,0.0,0.0,1.0,0.0,0.0,1.0,0.0,0.0,1.0,0.0,0.0,1.0,0.0,0.0,1.0,0.0,1.0,0.0,0.0,0.0,0.0,1.0,1.0,0.0,1.0,1.0,0.0,0.0,0.9199143985165323,1.0,0.0,0.0,1.0,0.0,0.0,1.0,0.0,0.0
9835-ZIITK,1,1.369379058123207,1.5317882242341998,2.2979026581078013,0.0,1.0,0.0,1.0,1.0,0.0,0.0,1.0,0.0,0.0,1.0,0.0,1.0,0.0,1.0,0.0,0.0,0.0,0.0,1.0,0.0,0.0,1.0,0.0,0.0,1.0,0.0,0.0,1.0,0.0,0.0,1.0,0.0,1.0,0.0,0.0,1.0,0.0,0.0,1.0,0.0,0.0,1.0,8.0,0.0,1.0,0.0,1.6780617787869312,0.0,1.0,0.0,0.0,1.0,0.0,0.0,1.0,0.0
8008-ESFLK,0,0.8400143297628127,1.5201556452330371,1.567185919035414,1.0,0.0,0.0,1.0,1.0,0.0,0.0,1.0,1.0,0.0,0.0,0.0,1.0,0.0,0.0,0.0,1.0,0.0,0.0,1.0,0.0,0.0,1.0,0.0,0.0,1.0,0.0,0.0,1.0,0.0,0.0,1.0,0.0,1.0,0.0,1.0,0.0,0.0,0.0,1.0,0.0,1.0,0.0,8.0,0.0,1.0,0.0,1.8656656958196491,0.0,1.0,0.0,0.0,1.0,0.0,0.0,1.0,0.0
7537-CBQUZ,1,1.247217966963116,1.4835961112293827,2.094824067922129,0.0,1.0,1.0,0.0,1.0,0.0,0.0,1.0,0.0,0.0,1.0,0.0,1.0,0.0,0.0,0.0,1.0,0.0,0.0,1.0,0.0,0.0,1.0,1.0,0.0,0.0,0.0,0.0,1.0,0.0,0.0,1.0,1.0,0.0,0.0,0.0,1.0,1.0,0.0,0.0,0.0,1.0,0.0,8.0,0.0,1.0,0.0,1.6795974107259466,0.0,1.0,0.0,0.0,1.0,0.0,0.0,1.0,0.0
1555-DJEQW,0,1.5322605130033284,1.6431286232453304,2.400324328130838,1.0,0.0,0.0,1.0,0.0,1.0,0.0,1.0,0.0,0.0,1.0,0.0,1.0,0.0,0.0,0.0,1.0,0.0,0.0,1.0,0.0,0.0,1.0,0.0,0.0,1.0,0.0,0.0,1.0,0.0,0.0,1.0,0.0,0.0,1.0,0.0,1.0,1.0,0.0,0.0,0.0,0.0,1.0,9.0,0.0,1.0,0.0,1.5665249530094911,0.0,1.0,0.0,0.0,1.0,0.0,0.0,1.0,0.0
5649-TJHOV,1,-0.21871512695797646,-0.9393039150128251,-0.5520580695739223,0.0,1.0,0.0,1.0,1.0,0.0,1.0,0.0,0.0,1.0,0.0,1.0,0.0,0.0,1.0,0.0,0.0,1.0,0.0,0.0,1.0,0.0,0.0,1.0,0.0,0.0,1.0,0.0,0.0,0.0,0.0,1.0,1.0,0.0,0.0,1.0,0.0,1.0,0.0,0.0,0.0,0.0,1.0,2.0,0.0,0.0,1.0,2.524096422832216,0.0,0.0,1.0,0.0,0.0,1.0,0.0,0.0,1.0
0519-XUZJU,0,-1.2774445836787656,0.19902703010096928,-0.9761495204015949,1.0,0.0,1.0,0.0,1.0,0.0,0.0,1.0,1.0,0.0,0.0,0.0,1.0,0.0,1.0,0.0,0.0,1.0,0.0,0.0,1.0,0.0,0.0,1.0,0.0,0.0,1.0,0.0,0.0,1.0,0.0,0.0,1.0,0.0,0.0,1.0,0.0,0.0,0.0,0.0,1.0,0.0,1.0,2.0,1.0,0.0,0.0,0.7641423611429736,1.0,0.0,0.0,1.0,0.0,0.0,1.0,0.0,0.0
3363-EWLGO,0,-1.1145631287986442,-1.4893587220678117,-0.9590093873824478,1.0,0.0,1.0,0.0,1.0,0.0,0.0,1.0,1.0,0.0,0.0,0.0,0.0,1.0,0.0,1.0,0.0,0.0,1.0,0.0,0.0,1.0,0.0,0.0,1.0,0.0,0.0,1.0,0.0,0.0,1.0,0.0,1.0,0.0,0.0,1.0,0.0,0.0,0.0,0.0,1.0,1.0,0.0,1.0,1.0,0.0,0.0,0.8604352347597723,1.0,0.0,0.0,1.0,0.0,0.0,1.0,0.0,0.0
4750-UKWJK,1,0.18848851024232702,-1.5009913010689746,-0.6862672964574366,1.0,0.0,0.0,1.0,1.0,0.0,0.0,1.0,1.0,0.0,0.0,0.0,0.0,1.0,0.0,1.0,0.0,0.0,1.0,0.0,0.0,1.0,0.0,0.0,1.0,0.0,0.0,1.0,0.0,0.0,1.0,0.0,0.0,1.0,0.0,1.0,0.0,0.0,0.0,0.0,1.0,1.0,0.0,1.0,0.0,0.0,1.0,-3.640897238644142,0.0,0.0,1.0,0.0,0.0,1.0,0.0,0.0,1.0
6338-AVWCY,0,-1.1960038562387048,-0.8179927340006982,-0.9496782724955762,0.0,1.0,1.0,0.0,1.0,0.0,1.0,0.0,0.0,1.0,0.0,1.0,0.0,0.0,1.0,0.0,0.0,1.0,0.0,0.0,0.0,0.0,1.0,1.0,0.0,0.0,0.0,0.0,1.0,1.0,0.0,0.0,1.0,0.0,0.0,0.0,1.0,0.0,0.0,0.0,1.0,0.0,1.0,3.0,1.0,0.0,0.0,0.7940428181245215,1.0,0.0,0.0,1.0,0.0,0.0,1.0,0.0,0.0
1689-YQBYY,0,-0.8295205827584317,0.3934572791204055,-0.6133831272228654,1.0,0.0,1.0,0.0,0.0,1.0,0.0,1.0,0.0,0.0,1.0,0.0,1.0,0.0,1.0,0.0,0.0,1.0,0.0,0.0,1.0,0.0,0.0,1.0,0.0,0.0,1.0,0.0,0.0,1.0,0.0,0.0,1.0,0.0,0.0,0.0,1.0,0.0,0.0,1.0,0.0,1.0,0.0,3.0,1.0,0.0,0.0,0.7394429263987189,1.0,0.0,0.0,1.0,0.0,0.0,1.0,0.0,0.0
4487-ZYJZK,0,0.22920887396235737,-1.5009913010689746,-0.6706933789393956,1.0,0.0,0.0,1.0,0.0,1.0,0.0,1.0,1.0,0.0,0.0,0.0,0.0,1.0,0.0,1.0,0.0,0.0,1.0,0.0,0.0,1.0,0.0,0.0,1.0,0.0,0.0,1.0,0.0,0.0,1.0,0.0,0.0,1.0,0.0,1.0,0.0,0.0,1.0,0.0,0.0,1.0,0.0,1.0,0.0,0.0,1.0,-2.926123091768003,0.0,0.0,1.0,0.0,0.0,1.0,0.0,0.0,1.0
2959-FENLU,0,-0.9516816739185228,0.682609957149311,-0.6626196483280599,1.0,0.0,1.0,0.0,1.0,0.0,0.0,1.0,1.0,0.0,0.0,0.0,1.0,0.0,1.0,0.0,0.0,1.0,0.0,0.0,0.0,0.0,1.0,1.0,0.0,0.0,1.0,0.0,0.0,0.0,0.0,1.0,1.0,0.0,0.0,0.0,1.0,0.0,1.0,0.0,0.0,1.0,0.0,4.0,1.0,0.0,0.0,0.6962618557103679,1.0,0.0,0.0,1.0,0.0,0.0,1.0,0.0,0.0
0708-LGSMF,0,-0.7888002190384014,0.03617092408468901,-0.6093021431706875,0.0,1.0,0.0,1.0,1.0,0.0,0.0,1.0,0.0,0.0,1.0,1.0,0.0,0.0,0.0,0.0,1.0,1.0,0.0,0.0,1.0,0.0,0.0,1.0,0.0,0.0,1.0,0.0,0.0,0.0,0.0,1.0,1.0,0.0,0.0,0.0,1.0,0.0,0.0,1.0,0.0,1.0,0.0,5.0,1.0,0.0,0.0,0.7724416505784778,1.0,0.0,0.0,1.0,0.0,0.0,1.0,0.0,0.0
9253-QXKBE,1,-0.13727439951791576,0.9867188081797118,0.16339358320599445,0.0,1.0,0.0,1.0,1.0,0.0,0.0,1.0,0.0,0.0,1.0,0.0,1.0,0.0,1.0,0.0,0.0,1.0,0.0,0.0,1.0,0.0,0.0,1.0,0.0,0.0,0.0,0.0,1.0,0.0,0.0,1.0,1.0,0.0,0.0,0.0,1.0,0.0,0.0,1.0,0.0,0.0,1.0,5.0,0.0,0.0,1.0,-1.1902698812000256,0.0,0.0,1.0,0.0,0.0,1.0,0.0,0.0,1.0
7634-HLQJR,0,0.5956921474426305,-1.4860351280674797,-0.558808237789957,1.0,0.0,0.0,1.0,0.0,1.0,0.0,1.0,1.0,0.0,0.0,0.0,0.0,1.0,0.0,1.0,0.0,0.0,1.0,0.0,0.0,1.0,0.0,0.0,1.0,0.0,0.0,1.0,0.0,0.0,1.0,0.0,0.0,0.0,1.0,1.0,0.0,0.0,1.0,0.0,0.0,1.0,0.0,1.0,0.0,1.0,0.0,-0.9380822631101987,0.0,1.0,0.0,0.0,1.0,0.0,0.0,1.0,0.0
0487-RPVUM,0,1.1657772395230555,1.1512367111961581,1.6149003433860123,0.0,1.0,0.0,1.0,1.0,0.0,0.0,1.0,0.0,0.0,1.0,0.0,1.0,0.0,0.0,0.0,1.0,1.0,0.0,0.0,0.0,0.0,1.0,0.0,0.0,1.0,0.0,0.0,1.0,1.0,0.0,0.0,1.0,0.0,0.0,1.0,0.0,1.0,0.0,0.0,0.0,1.0,0.0,7.0,0.0,1.0,0.0,1.3852563668567615,0.0,1.0,0.0,0.0,1.0,0.0,0.0,1.0,0.0
4079-ULGFR,0,-0.6666391278783103,-1.4876969250676457,-0.8857281494292863,0.0,1.0,1.0,0.0,1.0,0.0,0.0,1.0,1.0,0.0,0.0,0.0,0.0,1.0,0.0,1.0,0.0,0.0,1.0,0.0,0.0,1.0,0.0,0.0,1.0,0.0,0.0,1.0,0.0,0.0,1.0,0.0,1.0,0.0,0.0,1.0,0.0,0.0,0.0,0.0,1.0,1.0,0.0,1.0,1.0,0.0,0.0,1.3286471081411968,1.0,0.0,0.0,1.0,0.0,0.0,1.0,0.0,0.0
2516-XSJKX,0,0.35136996512244845,0.45494376812655235,0.3719870167054206,1.0,0.0,0.0,1.0,0.0,1.0,0.0,1.0,1.0,0.0,0.0,1.0,0.0,0.0,0.0,0.0,1.0,0.0,0.0,1.0,1.0,0.0,0.0,0.0,0.0,1.0,0.0,0.0,1.0,0.0,0.0,1.0,0.0,0.0,1.0,1.0,0.0,0.0,0.0,1.0,0.0,1.0,0.0,7.0,0.0,0.0,1.0,1.0586761921320946,0.0,0.0,1.0,0.0,0.0,1.0,0.0,0.0,1.0
0057-QBUQH,0,0.43281069256250915,-1.3181936310507012,-0.5352267677803455,1.0,0.0,1.0,0.0,0.0,1.0,0.0,1.0,0.0,0.0,1.0,0.0,0.0,1.0,0.0,1.0,0.0,0.0,1.0,0.0,0.0,1.0,0.0,0.0,1.0,0.0,0.0,1.0,0.0,0.0,1.0,0.0,0.0,0.0,1.0,0.0,1.0,0.0,0.0,1.0,0.0,1.0,0.0,2.0,0.0,0.0,1.0,-1.236630187233752,0.0,0.0,1.0,0.0,0.0,1.0,0.0,0.0,1.0
9445-SZLCH,0,0.14776814652229667,1.0831030341893466,0.5182186020129184,1.0,0.0,0.0,1.0,0.0,1.0,0.0,1.0,0.0,0.0,1.0,0.0,1.0,0.0,1.0,0.0,0.0,0.0,0.0,1.0,0.0,0.0,1.0,1.0,0.0,0.0,0.0,0.0,1.0,1.0,0.0,0.0,1.0,0.0,0.0,0.0,1.0,1.0,0.0,0.0,0.0,0.0,1.0,6.0,0.0,0.0,1.0,3.5069709826449276,0.0,0.0,1.0,0.0,0.0,1.0,0.0,0.0,1.0
6599-SFQVE,0,-1.0738427650786138,-0.3244390249513595,-0.8571833204372963,1.0,0.0,1.0,0.0,1.0,0.0,0.0,1.0,1.0,0.0,0.0,1.0,0.0,0.0,1.0,0.0,0.0,1.0,0.0,0.0,1.0,0.0,0.0,1.0,0.0,0.0,1.0,0.0,0.0,0.0,0.0,1.0,1.0,0.0,0.0,0.0,1.0,0.0,0.0,1.0,0.0,1.0,0.0,3.0,1.0,0.0,0.0,0.798239135479526,1.0,0.0,0.0,1.0,0.0,0.0,1.0,0.0,0.0
8331-ZXFOE,0,1.0436161483629645,0.21065960910213194,0.8893896164018085,1.0,0.0,1.0,0.0,1.0,0.0,0.0,1.0,0.0,0.0,1.0,1.0,0.0,0.0,0.0,0.0,1.0,0.0,0.0,1.0,0.0,0.0,1.0,0.0,0.0,1.0,1.0,0.0,0.0,1.0,0.0,0.0,0.0,1.0,0.0,0.0,1.0,0.0,1.0,0.0,0.0,1.0,0.0,7.0,0.0,1.0,0.0,0.8522191016274724,0.0,1.0,0.0,0.0,1.0,0.0,0.0,1.0,0.0
4003-FUSHP,0,-0.5444780367182193,-0.10674361792959748,-0.5250573967097835,0.0,1.0,1.0,0.0,1.0,0.0,0.0,1.0,1.0,0.0,0.0,1.0,0.0,0.0,1.0,0.0,0.0,1.0,0.0,0.0,1.0,0.0,0.0,0.0,0.0,1.0,0.0,0.0,1.0,1.0,0.0,0.0,1.0,0.0,0.0,0.0,1.0,0.0,1.0,0.0,0.0,1.0,0.0,4.0,1.0,0.0,0.0,0.9643316374605456,1.0,0.0,0.0,1.0,0.0,0.0,1.0,0.0,0.0
0356-ERHVT,0,-0.8702409464784621,-0.626886078981594,-0.7771077955215902,0.0,1.0,0.0,1.0,1.0,0.0,0.0,1.0,1.0,0.0,0.0,1.0,0.0,0.0,1.0,0.0,0.0,1.0,0.0,0.0,1.0,0.0,0.0,1.0,0.0,0.0,1.0,0.0,0.0,1.0,0.0,0.0,1.0,0.0,0.0,0.0,1.0,1.0,0.0,0.0,0.0,1.0,0.0,2.0,1.0,0.0,0.0,0.8929800403741668,1.0,0.0,0.0,1.0,0.0,0.0,1.0,0.0,0.0
7325-ENZFI,0,0.26992923768238775,-0.8130073430001998,-0.2880514904578972,1.0,0.0,1.0,0.0,1.0,0.0,1.0,0.0,0.0,1.0,0.0,1.0,0.0,0.0,0.0,0.0,1.0,0.0,0.0,1.0,1.0,0.0,0.0,0.0,0.0,1.0,1.0,0.0,0.0,1.0,0.0,0.0,0.0,1.0,0.0,0.0,1.0,1.0,0.0,0.0,0.0,1.0,0.0,4.0,0.0,0.0,1.0,-1.0671370501806587,0.0,0.0,1.0,0.0,0.0,1.0,0.0,0.0,1.0
4884-ZTHVF,1,-0.9924020376385531,0.7424346491552913,-0.6925321584618609,1.0,0.0,1.0,0.0,1.0,0.0,0.0,1.0,1.0,0.0,0.0,0.0,1.0,0.0,1.0,0.0,0.0,0.0,0.0,1.0,1.0,0.0,0.0,1.0,0.0,0.0,0.0,0.0,1.0,1.0,0.0,0.0,1.0,0.0,0.0,0.0,1.0,0.0,0.0,1.0,0.0,1.0,0.0,4.0,1.0,0.0,0.0,0.6978342770332874,1.0,0.0,0.0,1.0,0.0,0.0,1.0,0.0,0.0
3920-HIHMQ,0,-0.2594354906780068,-0.5072366949696331,-0.44897461835323504,1.0,0.0,1.0,0.0,0.0,1.0,0.0,1.0,0.0,0.0,1.0,1.0,0.0,0.0,1.0,0.0,0.0,1.0,0.0,0.0,1.0,0.0,0.0,1.0,0.0,0.0,1.0,0.0,0.0,1.0,0.0,0.0,1.0,0.0,0.0,0.0,1.0,0.0,0.0,0.0,1.0,1.0,0.0,3.0,0.0,0.0,1.0,1.7305828789264261,0.0,0.0,1.0,0.0,0.0,1.0,0.0,0.0,1.0
3055-OYMSE,1,0.8400143297628127,0.3003966471111027,0.7590848985844322,1.0,0.0,1.0,0.0,1.0,0.0,0.0,1.0,1.0,0.0,0.0,0.0,1.0,0.0,1.0,0.0,0.0,0.0,0.0,1.0,1.0,0.0,0.0,1.0,0.0,0.0,1.0,0.0,0.0,1.0,0.0,0.0,1.0,0.0,0.0,0.0,1.0,0.0,1.0,0.0,0.0,1.0,0.0,3.0,0.0,1.0,0.0,0.9036570826104457,0.0,1.0,0.0,0.0,1.0,0.0,0.0,1.0,0.0
0613-WUXUM,0,1.5322605130033284,-1.5142856770703037,-0.38908341996586804,1.0,0.0,0.0,1.0,0.0,1.0,0.0,1.0,1.0,0.0,0.0,0.0,0.0,1.0,0.0,1.0,0.0,0.0,1.0,0.0,0.0,1.0,0.0,0.0,1.0,0.0,0.0,1.0,0.0,0.0,1.0,0.0,0.0,0.0,1.0,0.0,1.0,0.0,0.0,0.0,1.0,1.0,0.0,1.0,0.0,1.0,0.0,-0.25392772094820854,0.0,1.0,0.0,0.0,1.0,0.0,0.0,1.0,0.0
7568-PODML,0,-1.2774445836787656,-0.6468276429835875,-0.9873777413883976,0.0,1.0,1.0,0.0,1.0,0.0,1.0,0.0,0.0,1.0,0.0,1.0,0.0,0.0,1.0,0.0,0.0,1.0,0.0,0.0,1.0,0.0,0.0,1.0,0.0,0.0,0.0,0.0,1.0,0.0,0.0,1.0,1.0,0.0,0.0,0.0,1.0,0.0,0.0,0.0,1.0,0.0,1.0,3.0,1.0,0.0,0.0,0.7729319565041031,1.0,0.0,0.0,1.0,0.0,0.0,1.0,0.0,0.0
4458-KVRBJ,0,1.0843365120829946,-1.3215172250510334,-0.3409498675234243,0.0,1.0,1.0,0.0,1.0,0.0,0.0,1.0,0.0,0.0,1.0,0.0,0.0,1.0,0.0,1.0,0.0,0.0,1.0,0.0,0.0,1.0,0.0,0.0,1.0,0.0,0.0,1.0,0.0,0.0,1.0,0.0,0.0,0.0,1.0,1.0,0.0,0.0,0.0,0.0,1.0,1.0,0.0,2.0,0.0,1.0,0.0,-0.3144317872949465,0.0,1.0,0.0,0.0,1.0,0.0,0.0,1.0,0.0
5349-IECLD,0,-1.2367242199587352,1.003336778181373,-0.9287880460230766,0.0,1.0,1.0,0.0,1.0,0.0,0.0,1.0,1.0,0.0,0.0,0.0,1.0,0.0,1.0,0.0,0.0,1.0,0.0,0.0,0.0,0.0,1.0,1.0,0.0,0.0,0.0,0.0,1.0,0.0,0.0,1.0,1.0,0.0,0.0,1.0,0.0,0.0,0.0,1.0,0.0,0.0,1.0,5.0,1.0,0.0,0.0,0.7510065955157462,1.0,0.0,0.0,1.0,0.0,0.0,1.0,0.0,0.0
1397-XKKWR,0,-1.0331224013585834,-0.9791870430168121,-0.8905370927988798,0.0,1.0,1.0,0.0,1.0,0.0,1.0,0.0,0.0,1.0,0.0,1.0,0.0,0.0,0.0,0.0,1.0,1.0,0.0,0.0,0.0,0.0,1.0,1.0,0.0,0.0,1.0,0.0,0.0,1.0,0.0,0.0,0.0,1.0,0.0,1.0,0.0,0.0,0.0,0.0,1.0,1.0,0.0,3.0,1.0,0.0,0.0,0.8619860450492604,1.0,0.0,0.0,1.0,0.0,0.0,1.0,0.0,0.0
3945-GFWQL,0,-0.8295205827584317,-0.6717545979860794,-0.795328837830233,1.0,0.0,1.0,0.0,0.0,1.0,0.0,1.0,1.0,0.0,0.0,1.0,0.0,0.0,1.0,0.0,0.0,1.0,0.0,0.0,1.0,0.0,0.0,1.0,0.0,0.0,1.0,0.0,0.0,1.0,0.0,0.0,1.0,0.0,0.0,0.0,1.0,0.0,0.0,1.0,0.0,0.0,1.0,2.0,1.0,0.0,0.0,0.9587813182229913,1.0,0.0,0.0,1.0,0.0,0.0,1.0,0.0,0.0
8097-OMULG,0,1.0843365120829946,0.39844267012090406,0.9964658141816536,0.0,1.0,0.0,1.0,0.0,1.0,0.0,1.0,1.0,0.0,0.0,1.0,0.0,0.0,1.0,0.0,0.0,0.0,0.0,1.0,0.0,0.0,1.0,0.0,0.0,1.0,0.0,0.0,1.0,0.0,0.0,1.0,0.0,1.0,0.0,1.0,0.0,0.0,1.0,0.0,0.0,1.0,0.0,7.0,0.0,1.0,0.0,0.9189636271377206,0.0,1.0,0.0,0.0,1.0,0.0,0.0,1.0,0.0
6013-BHCAW,0,1.1657772395230555,0.5396954151350245,1.188051470901463,0.0,1.0,0.0,1.0,0.0,1.0,0.0,1.0,0.0,0.0,1.0,1.0,0.0,0.0,1.0,0.0,0.0,1.0,0.0,0.0,0.0,0.0,1.0,0.0,0.0,1.0,0.0,0.0,1.0,0.0,0.0,1.0,0.0,0.0,1.0,0.0,1.0,1.0,0.0,0.0,0.0,1.0,0.0,7.0,0.0,1.0,0.0,1.019106764674459,0.0,1.0,0.0,0.0,1.0,0.0,0.0,1.0,0.0
0401-WDBXM,0,1.6137012404433893,1.3556377422165908,2.320182625095367,0.0,1.0,0.0,1.0,0.0,1.0,0.0,1.0,0.0,0.0,1.0,0.0,1.0,0.0,0.0,0.0,1.0,1.0,0.0,0.0,0.0,0.0,1.0,1.0,0.0,0.0,0.0,0.0,1.0,0.0,0.0,1.0,0.0,0.0,1.0,0.0,1.0,1.0,0.0,0.0,0.0,1.0,0.0,7.0,0.0,1.0,0.0,1.4378018476690648,0.0,1.0,0.0,0.0,1.0,0.0,0.0,1.0,0.0
3387-PLKUI,0,-0.7888002190384014,-1.5275800530716328,-0.896515182950989,1.0,0.0,0.0,1.0,0.0,1.0,0.0,1.0,1.0,0.0,0.0,0.0,0.0,1.0,0.0,1.0,0.0,0.0,1.0,0.0,0.0,1.0,0.0,0.0,1.0,0.0,0.0,1.0,0.0,0.0,1.0,0.0,1.0,0.0,0.0,1.0,0.0,0.0,0.0,0.0,1.0,1.0,0.0,1.0,1.0,0.0,0.0,1.1365554437141248,1.0,0.0,0.0,1.0,0.0,0.0,1.0,0.0,0.0
6096-EGVTU,0,1.2879383306831464,-1.3248408190513656,-0.303448932989898,1.0,0.0,0.0,1.0,0.0,1.0,0.0,1.0,0.0,0.0,1.0,0.0,0.0,1.0,0.0,1.0,0.0,0.0,1.0,0.0,0.0,1.0,0.0,0.0,1.0,0.0,0.0,1.0,0.0,0.0,1.0,0.0,0.0,1.0,0.0,1.0,0.0,0.0,0.0,0.0,1.0,1.0,0.0,2.0,0.0,1.0,0.0,-0.2356082785648153,0.0,1.0,0.0,0.0,1.0,0.0,0.0,1.0,0.0
3797-VTIDR,0,-1.2774445836787656,-1.3730329320561832,-0.9970176875008395,0.0,1.0,0.0,1.0,1.0,0.0,1.0,0.0,0.0,1.0,0.0,1.0,0.0,0.0,1.0,0.0,0.0,1.0,0.0,0.0,1.0,0.0,0.0,1.0,0.0,0.0,1.0,0.0,0.0,1.0,0.0,0.0,1.0,0.0,0.0,0.0,1.0,0.0,0.0,1.0,0.0,0.0,1.0,1.0,1.0,0.0,0.0,0.7804782299280983,1.0,0.0,0.0,1.0,0.0,0.0,1.0,0.0,0.0
5081-NWSUP,0,-0.9109613101984924,0.004596781081533054,-0.7049074668579246,1.0,0.0,1.0,0.0,1.0,0.0,0.0,1.0,1.0,0.0,0.0,1.0,0.0,0.0,1.0,0.0,0.0,0.0,0.0,1.0,1.0,0.0,0.0,0.0,0.0,1.0,1.0,0.0,0.0,0.0,0.0,1.0,0.0,1.0,0.0,1.0,0.0,0.0,0.0,0.0,1.0,1.0,0.0,5.0,1.0,0.0,0.0,0.7738061528697964,1.0,0.0,0.0,1.0,0.0,0.0,1.0,0.0,0.0
2580-ATZSQ,0,1.3286586944031769,-0.11339080593026184,0.701840824987667,1.0,0.0,0.0,1.0,0.0,1.0,0.0,1.0,1.0,0.0,0.0,1.0,0.0,0.0,0.0,0.0,1.0,0.0,0.0,1.0,0.0,0.0,1.0,1.0,0.0,0.0,1.0,0.0,0.0,1.0,0.0,0.0,0.0,1.0,0.0,1.0,0.0,1.0,0.0,0.0,0.0,1.0,0.0,5.0,0.0,1.0,0.0,0.5282325912170608,0.0,1.0,0.0,0.0,1.0,0.0,0.0,1.0,0.0
8085-MSNLK,0,1.2064976032430856,1.6348196382444997,2.0330357634348304,1.0,0.0,0.0,1.0,1.0,0.0,0.0,1.0,0.0,0.0,1.0,0.0,1.0,0.0,0.0,0.0,1.0,0.0,0.0,1.0,0.0,0.0,1.0,0.0,0.0,1.0,0.0,0.0,1.0,0.0,0.0,1.0,0.0,0.0,1.0,1.0,0.0,0.0,0.0,0.0,1.0,1.0,0.0,9.0,0.0,1.0,0.0,1.6850723598372648,0.0,1.0,0.0,0.0,1.0,0.0,0.0,1.0,0.0
9691-HKOVS,0,0.9214550572028734,0.8438042661654253,1.1619331729675246,1.0,0.0,0.0,1.0,1.0,0.0,0.0,1.0,0.0,0.0,1.0,1.0,0.0,0.0,0.0,0.0,1.0,0.0,0.0,1.0,0.0,0.0,1.0,0.0,0.0,1.0,0.0,0.0,1.0,0.0,0.0,1.0,0.0,1.0,0.0,0.0,1.0,0.0,0.0,1.0,0.0,1.0,0.0,9.0,0.0,1.0,0.0,1.260976500030979,0.0,1.0,0.0,0.0,1.0,0.0,0.0,1.0,0.0
9881-VCZEP,0,-0.30015585439803716,-0.3543513709543497,-0.40161314397471687,1.0,0.0,0.0,1.0,1.0,0.0,0.0,1.0,0.0,0.0,1.0,1.0,0.0,0.0,1.0,0.0,0.0,0.0,0.0,1.0,1.0,0.0,0.0,1.0,0.0,0.0,1.0,0.0,0.0,1.0,0.0,0.0,1.0,0.0,0.0,1.0,0.0,0.0,0.0,1.0,0.0,1.0,0.0,4.0,0.0,0.0,1.0,1.3380153613200463,0.0,0.0,1.0,0.0,0.0,1.0,0.0,0.0,1.0
9526-BIHHD,0,-1.2774445836787656,-1.1653083070354178,-0.9942602658439625,0.0,1.0,1.0,0.0,1.0,0.0,1.0,0.0,0.0,1.0,0.0,1.0,0.0,0.0,0.0,0.0,1.0,1.0,0.0,0.0,1.0,0.0,0.0,1.0,0.0,0.0,1.0,0.0,0.0,1.0,0.0,0.0,1.0,0.0,0.0,1.0,0.0,0.0,0.0,0.0,1.0,0.0,1.0,2.0,1.0,0.0,0.0,0.7783196848983515,1.0,0.0,0.0,1.0,0.0,0.0,1.0,0.0,0.0
8757-TFHHJ,0,-1.2774445836787656,-0.4972659129686364,-0.9853923977954462,0.0,1.0,1.0,0.0,1.0,0.0,0.0,1.0,1.0,0.0,0.0,1.0,0.0,0.0,0.0,0.0,1.0,1.0,0.0,0.0,1.0,0.0,0.0,1.0,0.0,0.0,1.0,0.0,0.0,1.0,0.0,0.0,1.0,0.0,0.0,0.0,1.0,0.0,1.0,0.0,0.0,1.0,0.0,3.0,1.0,0.0,0.0,0.7713778040826852,1.0,0.0,0.0,1.0,0.0,0.0,1.0,0.0,0.0
4523-WXCEF,0,1.0843365120829946,1.2077378092018058,1.657364636901917,1.0,0.0,0.0,1.0,1.0,0.0,0.0,1.0,0.0,0.0,1.0,0.0,1.0,0.0,1.0,0.0,0.0,0.0,0.0,1.0,1.0,0.0,0.0,1.0,0.0,0.0,0.0,0.0,1.0,0.0,0.0,1.0,1.0,0.0,0.0,1.0,0.0,0.0,0.0,1.0,0.0,0.0,1.0,6.0,0.0,1.0,0.0,1.528459678737686,0.0,1.0,0.0,0.0,1.0,0.0,0.0,1.0,0.0
1468-DEFNC,1,1.2879383306831464,-1.341458789053027,-0.3241185657298475,0.0,1.0,0.0,1.0,0.0,1.0,0.0,1.0,0.0,0.0,1.0,0.0,0.0,1.0,0.0,1.0,0.0,0.0,1.0,0.0,0.0,1.0,0.0,0.0,1.0,0.0,0.0,1.0,0.0,0.0,1.0,0.0,0.0,0.0,1.0,0.0,1.0,1.0,0.0,0.0,0.0,1.0,0.0,2.0,0.0,1.0,0.0,-0.25165689847737427,0.0,1.0,0.0,0.0,1.0,0.0,0.0,1.0,0.0
5119-KEPFY,0,0.14776814652229667,1.0049985751815391,0.5104316432538978,0.0,1.0,0.0,1.0,1.0,0.0,0.0,1.0,0.0,0.0,1.0,0.0,1.0,0.0,1.0,0.0,0.0,1.0,0.0,0.0,1.0,0.0,0.0,1.0,0.0,0.0,0.0,0.0,1.0,0.0,0.0,1.0,1.0,0.0,0.0,0.0,1.0,1.0,0.0,0.0,0.0,1.0,0.0,5.0,0.0,0.0,1.0,3.454273842278173,0.0,0.0,1.0,0.0,0.0,1.0,0.0,0.0,1.0
8364-TRMMK,0,-1.1960038562387048,-0.4690153639658123,-0.9406118700877648,1.0,0.0,1.0,0.0,1.0,0.0,0.0,1.0,0.0,0.0,1.0,1.0,0.0,0.0,1.0,0.0,0.0,1.0,0.0,0.0,1.0,0.0,0.0,1.0,0.0,0.0,1.0,0.0,0.0,1.0,0.0,0.0,1.0,0.0,0.0,0.0,1.0,0.0,0.0,0.0,1.0,0.0,1.0,3.0,1.0,0.0,0.0,0.7864622385465223,1.0,0.0,0.0,1.0,0.0,0.0,1.0,0.0,0.0
0916-KNFAJ,0,1.1657772395230555,0.17077648109814536,0.8574035251820361,0.0,1.0,0.0,1.0,1.0,0.0,0.0,1.0,0.0,0.0,1.0,1.0,0.0,0.0,0.0,0.0,1.0,1.0,0.0,0.0,0.0,0.0,1.0,1.0,0.0,0.0,1.0,0.0,0.0,0.0,0.0,1.0,0.0,0.0,1.0,0.0,1.0,0.0,0.0,0.0,1.0,1.0,0.0,6.0,0.0,1.0,0.0,0.7354780108186177,0.0,1.0,0.0,0.0,1.0,0.0,0.0,1.0,0.0
8319-QBEHW,0,-0.2594354906780068,-0.8246399220013625,-0.5556978661609999,0.0,1.0,1.0,0.0,0.0,1.0,1.0,0.0,0.0,1.0,0.0,1.0,0.0,0.0,1.0,0.0,0.0,0.0,0.0,1.0,1.0,0.0,0.0,1.0,0.0,0.0,0.0,0.0,1.0,1.0,0.0,0.0,0.0,1.0,0.0,0.0,1.0,1.0,0.0,0.0,0.0,1.0,0.0,3.0,0.0,0.0,1.0,2.1419500651539356,0.0,0.0,1.0,0.0,0.0,1.0,0.0,0.0,1.0
3063-QFSZL,0,-1.2774445836787656,-0.3111446489500306,-0.9829217479908845,1.0,0.0,1.0,0.0,1.0,0.0,0.0,1.0,1.0,0.0,0.0,1.0,0.0,0.0,1.0,0.0,0.0,1.0,0.0,0.0,1.0,0.0,0.0,1.0,0.0,0.0,1.0,0.0,0.0,0.0,0.0,1.0,1.0,0.0,0.0,0.0,1.0,0.0,0.0,1.0,0.0,0.0,1.0,3.0,1.0,0.0,0.0,0.769443747736032,1.0,0.0,0.0,1.0,0.0,0.0,1.0,0.0,0.0
8775-LHDJH,1,-1.2774445836787656,0.85876043916692,-0.9673919492193537,1.0,0.0,0.0,1.0,1.0,0.0,0.0,1.0,0.0,0.0,1.0,0.0,1.0,0.0,1.0,0.0,0.0,0.0,0.0,1.0,1.0,0.0,0.0,1.0,0.0,0.0,0.0,0.0,1.0,1.0,0.0,0.0,1.0,0.0,0.0,0.0,1.0,0.0,0.0,1.0,0.0,0.0,1.0,5.0,1.0,0.0,0.0,0.7572868221284973,1.0,0.0,0.0,1.0,0.0,0.0,1.0,0.0,0.0
9625-QNLUX,0,1.4508197855632678,1.2791950802089493,2.1137730695481873,0.0,1.0,0.0,1.0,0.0,1.0,0.0,1.0,1.0,0.0,0.0,0.0,1.0,0.0,0.0,0.0,1.0,0.0,0.0,1.0,0.0,0.0,1.0,1.0,0.0,0.0,0.0,0.0,1.0,0.0,0.0,1.0,0.0,0.0,1.0,0.0,1.0,0.0,1.0,0.0,0.0,1.0,0.0,7.0,0.0,1.0,0.0,1.456950815381618,0.0,1.0,0.0,0.0,1.0,0.0,0.0,1.0,0.0
3097-NQYSN,1,-1.2367242199587352,0.7341256641544608,-0.9383838733890084,0.0,1.0,0.0,1.0,1.0,0.0,0.0,1.0,0.0,0.0,1.0,0.0,1.0,0.0,1.0,0.0,0.0,1.0,0.0,0.0,1.0,0.0,0.0,1.0,0.0,0.0,0.0,0.0,1.0,1.0,0.0,0.0,1.0,0.0,0.0,0.0,1.0,0.0,0.0,0.0,1.0,0.0,1.0,4.0,1.0,0.0,0.0,0.7587656635529615,1.0,0.0,0.0,1.0,0.0,0.0,1.0,0.0,0.0
4024-CSNBY,0,1.6137012404433893,0.9800716201790471,2.0146603055134027,1.0,0.0,0.0,1.0,1.0,0.0,0.0,1.0,0.0,0.0,1.0,0.0,1.0,0.0,0.0,0.0,1.0,0.0,0.0,1.0,0.0,0.0,1.0,0.0,0.0,1.0,1.0,0.0,0.0,1.0,0.0,0.0,0.0,0.0,1.0,0.0,1.0,1.0,0.0,0.0,0.0,1.0,0.0,7.0,0.0,1.0,0.0,1.2484716842380588,0.0,1.0,0.0,0.0,1.0,0.0,0.0,1.0,0.0
7110-BDTWG,0,1.5729808767233588,-0.5886647479777732,0.4324958775439281,1.0,0.0,0.0,1.0,1.0,0.0,1.0,0.0,0.0,1.0,0.0,1.0,0.0,0.0,1.0,0.0,0.0,1.0,0.0,0.0,0.0,0.0,1.0,0.0,0.0,1.0,1.0,0.0,0.0,0.0,0.0,1.0,0.0,0.0,1.0,0.0,1.0,0.0,0.0,1.0,0.0,1.0,0.0,4.0,0.0,1.0,0.0,0.2749530423057975,0.0,1.0,0.0,0.0,1.0,0.0,0.0,1.0,0.0
7493-GVFIO,0,1.002895784642934,-1.4694171580658184,-0.45462181790651907,0.0,1.0,1.0,0.0,1.0,0.0,0.0,1.0,1.0,0.0,0.0,0.0,0.0,1.0,0.0,1.0,0.0,0.0,1.0,0.0,0.0,1.0,0.0,0.0,1.0,0.0,0.0,1.0,0.0,0.0,1.0,0.0,0.0,0.0,1.0,1.0,0.0,0.0,1.0,0.0,0.0,1.0,0.0,1.0,0.0,1.0,0.0,-0.45330913228275294,0.0,1.0,0.0,0.0,1.0,0.0,0.0,1.0,0.0
0690-SRQID,0,-1.1552834925186746,-1.4993295040688086,-0.9775613202899157,0.0,1.0,1.0,0.0,1.0,0.0,0.0,1.0,1.0,0.0,0.0,0.0,0.0,1.0,0.0,1.0,0.0,0.0,1.0,0.0,0.0,1.0,0.0,0.0,1.0,0.0,0.0,1.0,0.0,0.0,1.0,0.0,1.0,0.0,0.0,0.0,1.0,0.0,0.0,0.0,1.0,1.0,0.0,1.0,1.0,0.0,0.0,0.8461657477323592,1.0,0.0,0.0,1.0,0.0,0.0,1.0,0.0,0.0
9605-WGJVW,1,-1.2774445836787656,0.18074726309914202,-0.9763921735074,1.0,0.0,1.0,0.0,1.0,0.0,0.0,1.0,1.0,0.0,0.0,0.0,1.0,0.0,1.0,0.0,0.0,1.0,0.0,0.0,1.0,0.0,0.0,1.0,0.0,0.0,1.0,0.0,0.0,1.0,0.0,0.0,1.0,0.0,0.0,0.0,1.0,0.0,0.0,1.0,0.0,1.0,0.0,2.0,1.0,0.0,0.0,0.7643323131055914,1.0,0.0,0.0,1.0,0.0,0.0,1.0,0.0,0.0
9114-DPSIA,0,1.6137012404433893,0.5396954151350245,1.5294643907693375,0.0,1.0,0.0,1.0,0.0,1.0,0.0,1.0,0.0,0.0,1.0,1.0,0.0,0.0,0.0,0.0,1.0,0.0,0.0,1.0,0.0,0.0,1.0,0.0,0.0,1.0,1.0,0.0,0.0,0.0,0.0,1.0,0.0,0.0,1.0,1.0,0.0,0.0,1.0,0.0,0.0,1.0,0.0,8.0,0.0,1.0,0.0,0.9477989806521395,0.0,1.0,0.0,0.0,1.0,0.0,0.0,1.0,0.0
4700-UBQMV,0,-0.46303730927815856,0.37019212111808014,-0.3236332595182372,0.0,1.0,0.0,1.0,0.0,1.0,0.0,1.0,0.0,0.0,1.0,1.0,0.0,0.0,0.0,0.0,1.0,1.0,0.0,0.0,1.0,0.0,0.0,1.0,0.0,0.0,0.0,0.0,1.0,0.0,0.0,1.0,0.0,1.0,0.0,0.0,1.0,1.0,0.0,0.0,0.0,1.0,0.0,6.0,0.0,0.0,1.0,0.6989355998607496,0.0,0.0,1.0,0.0,0.0,1.0,0.0,0.0,1.0
7711-GQBZC,0,1.5729808767233588,-1.33148800705203,-0.20857156862007648,1.0,0.0,0.0,1.0,0.0,1.0,0.0,1.0,0.0,0.0,1.0,0.0,0.0,1.0,0.0,1.0,0.0,0.0,1.0,0.0,0.0,1.0,0.0,0.0,1.0,0.0,0.0,1.0,0.0,0.0,1.0,0.0,0.0,0.0,1.0,1.0,0.0,1.0,0.0,0.0,0.0,1.0,0.0,2.0,0.0,1.0,0.0,-0.13259637908284508,0.0,1.0,0.0,0.0,1.0,0.0,0.0,1.0,0.0
3565-UNOCC,1,-0.13727439951791576,1.1396041321949948,0.29539687276400695,1.0,0.0,0.0,1.0,1.0,0.0,0.0,1.0,0.0,0.0,1.0,0.0,1.0,0.0,1.0,0.0,0.0,1.0,0.0,0.0,0.0,0.0,1.0,1.0,0.0,0.0,0.0,0.0,1.0,0.0,0.0,1.0,1.0,0.0,0.0,0.0,1.0,1.0,0.0,0.0,0.0,0.0,1.0,6.0,0.0,0.0,1.0,-2.151871534688116,0.0,0.0,1.0,0.0,0.0,1.0,0.0,0.0,1.0
4627-MIHJH,1,1.4915401492832983,1.5118466602322065,2.2872259214523742,1.0,0.0,1.0,0.0,1.0,0.0,0.0,1.0,0.0,0.0,1.0,0.0,1.0,0.0,0.0,0.0,1.0,1.0,0.0,0.0,0.0,0.0,1.0,0.0,0.0,1.0,0.0,0.0,1.0,0.0,0.0,1.0,0.0,0.0,1.0,1.0,0.0,0.0,1.0,0.0,0.0,1.0,0.0,8.0,0.0,1.0,0.0,1.5334658758943982,0.0,1.0,0.0,0.0,1.0,0.0,0.0,1.0,0.0
9795-NREXC,0,1.2879383306831464,0.6726391751483144,1.4122850000386953,1.0,0.0,0.0,1.0,1.0,0.0,0.0,1.0,0.0,0.0,1.0,1.0,0.0,0.0,0.0,0.0,1.0,1.0,0.0,0.0,0.0,0.0,1.0,0.0,0.0,1.0,0.0,0.0,1.0,0.0,0.0,1.0,0.0,0.0,1.0,0.0,1.0,0.0,1.0,0.0,0.0,1.0,0.0,8.0,0.0,1.0,0.0,1.0965470678161997,0.0,1.0,0.0,0.0,1.0,0.0,0.0,1.0,0.0
8573-CGOCC,0,-0.6666391278783103,-1.4960059100684764,-0.8772573500993605,0.0,1.0,1.0,0.0,1.0,0.0,0.0,1.0,1.0,0.0,0.0,0.0,0.0,1.0,0.0,1.0,0.0,0.0,1.0,0.0,0.0,1.0,0.0,0.0,1.0,0.0,0.0,1.0,0.0,0.0,1.0,0.0,1.0,0.0,0.0,1.0,0.0,0.0,1.0,0.0,0.0,1.0,0.0,1.0,1.0,0.0,0.0,1.3159403842546382,1.0,0.0,0.0,1.0,0.0,0.0,1.0,0.0,0.0
7356-AYNJP,0,-1.1552834925186746,-1.3580767590546883,-0.9643477557101615,1.0,0.0,1.0,0.0,1.0,0.0,0.0,1.0,0.0,0.0,1.0,0.0,0.0,1.0,0.0,1.0,0.0,0.0,1.0,0.0,0.0,1.0,0.0,0.0,1.0,0.0,0.0,1.0,0.0,0.0,1.0,0.0,0.0,1.0,0.0,1.0,0.0,0.0,0.0,1.0,0.0,1.0,0.0,2.0,1.0,0.0,0.0,0.8347282393932183,1.0,0.0,0.0,1.0,0.0,0.0,1.0,0.0,0.0
9249-FXSCK,0,0.7992939660427822,1.5450826002355291,1.6029000443352839,1.0,0.0,1.0,0.0,1.0,0.0,0.0,1.0,0.0,0.0,1.0,0.0,1.0,0.0,0.0,0.0,1.0,0.0,0.0,1.0,1.0,0.0,0.0,0.0,0.0,1.0,0.0,0.0,1.0,0.0,0.0,1.0,0.0,1.0,0.0,0.0,1.0,0.0,1.0,0.0,0.0,0.0,1.0,8.0,0.0,1.0,0.0,2.0053949015417545,0.0,1.0,0.0,0.0,1.0,0.0,0.0,1.0,0.0
5493-SDRDQ,0,-1.2367242199587352,-0.32111543095102724,-0.9573549343883216,0.0,1.0,1.0,0.0,1.0,0.0,0.0,1.0,1.0,0.0,0.0,1.0,0.0,0.0,0.0,0.0,1.0,1.0,0.0,0.0,0.0,0.0,1.0,1.0,0.0,0.0,1.0,0.0,0.0,1.0,0.0,0.0,1.0,0.0,0.0,0.0,1.0,0.0,0.0,0.0,1.0,0.0,1.0,4.0,1.0,0.0,0.0,0.774105430247226,1.0,0.0,0.0,1.0,0.0,0.0,1.0,0.0,0.0
6286-SUUWT,0,-1.2774445836787656,-1.4893587220678117,-0.9985618436286906,0.0,1.0,1.0,0.0,1.0,0.0,0.0,1.0,1.0,0.0,0.0,0.0,0.0,1.0,0.0,1.0,0.0,0.0,1.0,0.0,0.0,1.0,0.0,0.0,1.0,0.0,0.0,1.0,0.0,0.0,1.0,0.0,1.0,0.0,0.0,1.0,0.0,0.0,0.0,0.0,1.0,1.0,0.0,1.0,1.0,0.0,0.0,0.7816870151447567,1.0,0.0,0.0,1.0,0.0,0.0,1.0,0.0,0.0
4819-HJPIW,0,-0.5851984004382496,-1.3165318340505352,-0.7970053501976142,0.0,1.0,1.0,0.0,1.0,0.0,1.0,0.0,0.0,1.0,0.0,1.0,0.0,0.0,1.0,0.0,0.0,1.0,0.0,0.0,1.0,0.0,0.0,1.0,0.0,0.0,1.0,0.0,0.0,1.0,0.0,0.0,1.0,0.0,0.0,1.0,0.0,0.0,0.0,0.0,1.0,1.0,0.0,1.0,1.0,0.0,0.0,1.3619404113216038,1.0,0.0,0.0,1.0,0.0,0.0,1.0,0.0,0.0
8654-DHAOW,0,-1.2367242199587352,-0.35268957395418365,-0.9625168277299953,1.0,0.0,1.0,0.0,1.0,0.0,0.0,1.0,0.0,0.0,1.0,1.0,0.0,0.0,1.0,0.0,0.0,0.0,0.0,1.0,1.0,0.0,0.0,1.0,0.0,0.0,1.0,0.0,0.0,1.0,0.0,0.0,1.0,0.0,0.0,1.0,0.0,0.0,0.0,0.0,1.0,1.0,0.0,4.0,1.0,0.0,0.0,0.7782792737431072,1.0,0.0,0.0,1.0,0.0,0.0,1.0,0.0,0.0
5438-QMDDL,0,-0.5444780367182193,-0.16490651293541178,-0.5084466886487569,1.0,0.0,0.0,1.0,1.0,0.0,0.0,1.0,1.0,0.0,0.0,1.0,0.0,0.0,1.0,0.0,0.0,0.0,0.0,1.0,1.0,0.0,0.0,1.0,0.0,0.0,1.0,0.0,0.0,0.0,0.0,1.0,1.0,0.0,0.0,0.0,1.0,0.0,0.0,0.0,1.0,1.0,0.0,4.0,1.0,0.0,0.0,0.9338240559956517,1.0,0.0,0.0,1.0,0.0,0.0,1.0,0.0,0.0
9812-GHVRI,0,0.3106496014024181,0.6344178441444933,0.5510208900431263,1.0,0.0,1.0,0.0,1.0,0.0,0.0,1.0,0.0,0.0,1.0,0.0,1.0,0.0,1.0,0.0,0.0,1.0,0.0,0.0,1.0,0.0,0.0,1.0,0.0,0.0,1.0,0.0,0.0,0.0,0.0,1.0,1.0,0.0,0.0,1.0,0.0,1.0,0.0,0.0,0.0,1.0,0.0,4.0,0.0,0.0,1.0,1.77376982798484,0.0,0.0,1.0,0.0,0.0,1.0,0.0,0.0,1.0
5553-AOINX,1,1.369379058123207,1.3340343812144315,2.0330578228080856,1.0,0.0,0.0,1.0,0.0,1.0,0.0,1.0,0.0,0.0,1.0,0.0,1.0,0.0,1.0,0.0,0.0,0.0,0.0,1.0,0.0,0.0,1.0,1.0,0.0,0.0,0.0,0.0,1.0,0.0,0.0,1.0,0.0,1.0,0.0,0.0,1.0,0.0,0.0,1.0,0.0,1.0,0.0,7.0,0.0,1.0,0.0,1.484656721415383,0.0,1.0,0.0,0.0,1.0,0.0,0.0,1.0,0.0
1228-ZLNBX,0,-0.46303730927815856,0.3502505571160864,-0.31439038212438564,0.0,1.0,1.0,0.0,1.0,0.0,0.0,1.0,0.0,0.0,1.0,0.0,1.0,0.0,1.0,0.0,0.0,1.0,0.0,0.0,1.0,0.0,0.0,1.0,0.0,0.0,1.0,0.0,0.0,1.0,0.0,0.0,1.0,0.0,0.0,1.0,0.0,0.0,0.0,0.0,1.0,1.0,0.0,3.0,0.0,0.0,1.0,0.6789741902536911,0.0,0.0,1.0,0.0,0.0,1.0,0.0,0.0,1.0
4226-KKDON,0,-0.9924020376385531,0.06275967608734737,-0.7775269236134355,0.0,1.0,1.0,0.0,1.0,0.0,0.0,1.0,1.0,0.0,0.0,1.0,0.0,0.0,1.0,0.0,0.0,0.0,0.0,1.0,1.0,0.0,0.0,0.0,0.0,1.0,0.0,0.0,1.0,1.0,0.0,0.0,1.0,0.0,0.0,0.0,1.0,0.0,0.0,1.0,0.0,1.0,0.0,5.0,1.0,0.0,0.0,0.7834797734430105,1.0,0.0,0.0,1.0,0.0,0.0,1.0,0.0,0.0
3831-YCPUO,0,1.6137012404433893,1.4869197052297147,2.4581198860589786,1.0,0.0,0.0,1.0,0.0,1.0,0.0,1.0,1.0,0.0,0.0,0.0,1.0,0.0,0.0,0.0,1.0,0.0,0.0,1.0,0.0,0.0,1.0,0.0,0.0,1.0,0.0,0.0,1.0,0.0,0.0,1.0,0.0,0.0,1.0,0.0,1.0,0.0,1.0,0.0,0.0,1.0,0.0,8.0,0.0,1.0,0.0,1.5232806571949913,0.0,1.0,0.0,0.0,1.0,0.0,0.0,1.0,0.0
7445-WMRBW,0,0.6364125111626608,0.3020584441112687,0.5727052539528066,1.0,0.0,1.0,0.0,1.0,0.0,0.0,1.0,0.0,0.0,1.0,1.0,0.0,0.0,1.0,0.0,0.0,0.0,0.0,1.0,0.0,0.0,1.0,0.0,0.0,1.0,0.0,0.0,1.0,1.0,0.0,0.0,0.0,1.0,0.0,0.0,1.0,1.0,0.0,0.0,0.0,1.0,0.0,7.0,0.0,1.0,0.0,0.8998962841043656,0.0,1.0,0.0,0.0,1.0,0.0,0.0,1.0,0.0
3308-DGHKL,0,1.4915401492832983,-1.5109620830699715,-0.3685682028387036,0.0,1.0,1.0,0.0,1.0,0.0,0.0,1.0,1.0,0.0,0.0,0.0,0.0,1.0,0.0,1.0,0.0,0.0,1.0,0.0,0.0,1.0,0.0,0.0,1.0,0.0,0.0,1.0,0.0,0.0,1.0,0.0,0.0,0.0,1.0,0.0,1.0,1.0,0.0,0.0,0.0,1.0,0.0,1.0,0.0,1.0,0.0,-0.24710578727351373,0.0,1.0,0.0,0.0,1.0,0.0,0.0,1.0,0.0
9924-JPRMC,0,1.6137012404433893,1.7760723832586203,2.763531908774668,0.0,1.0,1.0,0.0,1.0,0.0,0.0,1.0,0.0,0.0,1.0,0.0,1.0,0.0,0.0,0.0,1.0,0.0,0.0,1.0,0.0,0.0,1.0,0.0,0.0,1.0,0.0,0.0,1.0,0.0,0.0,1.0,0.0,0.0,1.0,0.0,1.0,0.0,0.0,1.0,0.0,1.0,0.0,9.0,0.0,1.0,0.0,1.7125424703864918,0.0,1.0,0.0,0.0,1.0,0.0,0.0,1.0,0.0
0080-EMYVY,0,-0.748079855318371,-0.4424266119631542,-0.6862452370841815,1.0,0.0,1.0,0.0,1.0,0.0,0.0,1.0,1.0,0.0,0.0,1.0,0.0,0.0,1.0,0.0,0.0,0.0,0.0,1.0,1.0,0.0,0.0,1.0,0.0,0.0,1.0,0.0,0.0,1.0,0.0,0.0,0.0,1.0,0.0,1.0,0.0,0.0,1.0,0.0,0.0,1.0,0.0,3.0,1.0,0.0,0.0,0.9173422224985945,1.0,0.0,0.0,1.0,0.0,0.0,1.0,0.0,0.0
6218-KNUBD,0,-1.0738427650786138,-0.17653909193657447,-0.8495948960375711,0.0,1.0,1.0,0.0,1.0,0.0,0.0,1.0,1.0,0.0,0.0,1.0,0.0,0.0,1.0,0.0,0.0,0.0,0.0,1.0,1.0,0.0,0.0,1.0,0.0,0.0,0.0,0.0,1.0,1.0,0.0,0.0,1.0,0.0,0.0,1.0,0.0,0.0,0.0,1.0,0.0,1.0,0.0,4.0,1.0,0.0,0.0,0.7911725288528382,1.0,0.0,0.0,1.0,0.0,0.0,1.0,0.0,0.0
7337-CINUD,0,-0.9924020376385531,-1.504314895069307,-0.9370603109937075,1.0,0.0,0.0,1.0,0.0,1.0,0.0,1.0,1.0,0.0,0.0,0.0,0.0,1.0,0.0,1.0,0.0,0.0,1.0,0.0,0.0,1.0,0.0,0.0,1.0,0.0,0.0,1.0,0.0,0.0,1.0,0.0,0.0,0.0,1.0,1.0,0.0,1.0,0.0,0.0,0.0,1.0,0.0,1.0,1.0,0.0,0.0,0.9442345697147774,1.0,0.0,0.0,1.0,0.0,0.0,1.0,0.0,0.0
7609-NRNCA,0,-0.62591876415828,-1.502653098069141,-0.8834560339840198,1.0,0.0,1.0,0.0,1.0,0.0,0.0,1.0,1.0,0.0,0.0,0.0,0.0,1.0,0.0,1.0,0.0,0.0,1.0,0.0,0.0,1.0,0.0,0.0,1.0,0.0,0.0,1.0,0.0,0.0,1.0,0.0,0.0,1.0,0.0,1.0,0.0,0.0,0.0,0.0,1.0,1.0,0.0,1.0,1.0,0.0,0.0,1.4114547838681104,1.0,0.0,0.0,1.0,0.0,0.0,1.0,0.0,0.0
0623-EJQEG,0,1.3286586944031769,0.9568064621767214,1.6703134890026112,0.0,1.0,1.0,0.0,1.0,0.0,0.0,1.0,0.0,0.0,1.0,0.0,1.0,0.0,0.0,0.0,1.0,1.0,0.0,0.0,1.0,0.0,0.0,0.0,0.0,1.0,1.0,0.0,0.0,0.0,0.0,1.0,0.0,1.0,0.0,1.0,0.0,0.0,0.0,1.0,0.0,1.0,0.0,6.0,0.0,1.0,0.0,1.2571426326705393,0.0,1.0,0.0,0.0,1.0,0.0,0.0,1.0,0.0
7153-CHRBV,0,1.002895784642934,-0.18152448293707302,0.43723864279375646,1.0,0.0,0.0,1.0,0.0,1.0,0.0,1.0,1.0,0.0,0.0,1.0,0.0,0.0,0.0,0.0,1.0,1.0,0.0,0.0,0.0,0.0,1.0,0.0,0.0,1.0,1.0,0.0,0.0,1.0,0.0,0.0,0.0,1.0,0.0,0.0,1.0,0.0,0.0,0.0,1.0,1.0,0.0,5.0,0.0,1.0,0.0,0.4359761497546115,0.0,1.0,0.0,0.0,1.0,0.0,0.0,1.0,0.0
0871-URUWO,0,-0.7888002190384014,1.245959140205627,-0.4077897684861212,0.0,1.0,0.0,1.0,1.0,0.0,0.0,1.0,0.0,0.0,1.0,0.0,1.0,0.0,1.0,0.0,0.0,1.0,0.0,0.0,0.0,0.0,1.0,1.0,0.0,0.0,0.0,0.0,1.0,0.0,0.0,1.0,1.0,0.0,0.0,0.0,1.0,0.0,1.0,0.0,0.0,0.0,1.0,6.0,1.0,0.0,0.0,0.5169747150720158,1.0,0.0,0.0,1.0,0.0,0.0,1.0,0.0,0.0
9190-MFJLN,1,-0.5444780367182193,1.0349109211845293,-0.22297633935560152,0.0,1.0,1.0,0.0,1.0,0.0,0.0,1.0,1.0,0.0,0.0,0.0,1.0,0.0,1.0,0.0,0.0,1.0,0.0,0.0,0.0,0.0,1.0,1.0,0.0,0.0,0.0,0.0,1.0,0.0,0.0,1.0,1.0,0.0,0.0,0.0,1.0,0.0,1.0,0.0,0.0,0.0,1.0,5.0,1.0,0.0,0.0,0.4095231107935346,1.0,0.0,0.0,1.0,0.0,0.0,1.0,0.0,0.0
6198-PNNSZ,0,0.9621754209229036,1.4968904872307114,1.6881374625926637,1.0,0.0,0.0,1.0,1.0,0.0,0.0,1.0,0.0,0.0,1.0,0.0,1.0,0.0,0.0,0.0,1.0,0.0,0.0,1.0,0.0,0.0,1.0,1.0,0.0,0.0,0.0,0.0,1.0,0.0,0.0,1.0,0.0,1.0,0.0,1.0,0.0,1.0,0.0,0.0,0.0,1.0,0.0,8.0,0.0,1.0,0.0,1.754500713574068,0.0,1.0,0.0,0.0,1.0,0.0,0.0,1.0,0.0
3317-VLGQT,0,-0.748079855318371,0.4433111891253892,-0.5121747227288543,1.0,0.0,0.0,1.0,1.0,0.0,0.0,1.0,1.0,0.0,0.0,0.0,1.0,0.0,1.0,0.0,0.0,1.0,0.0,0.0,1.0,0.0,0.0,1.0,0.0,0.0,1.0,0.0,0.0,0.0,0.0,1.0,1.0,0.0,0.0,0.0,1.0,0.0,0.0,1.0,0.0,1.0,0.0,3.0,1.0,0.0,0.0,0.6846524727107922,1.0,0.0,0.0,1.0,0.0,0.0,1.0,0.0,0.0
4132-POCZS,0,0.7992939660427822,-0.8263017190015288,-0.11576778533622634,0.0,1.0,0.0,1.0,1.0,0.0,1.0,0.0,0.0,1.0,0.0,1.0,0.0,0.0,0.0,0.0,1.0,1.0,0.0,0.0,1.0,0.0,0.0,1.0,0.0,0.0,1.0,0.0,0.0,0.0,0.0,1.0,1.0,0.0,0.0,0.0,1.0,0.0,0.0,1.0,0.0,1.0,0.0,3.0,0.0,1.0,0.0,-0.14483755696215259,0.0,1.0,0.0,0.0,1.0,0.0,0.0,1.0,0.0
5614-DNZCE,0,1.0436161483629645,0.004596781081533054,0.6671414308575276,1.0,0.0,1.0,0.0,1.0,0.0,0.0,1.0,1.0,0.0,0.0,1.0,0.0,0.0,0.0,0.0,1.0,0.0,0.0,1.0,0.0,0.0,1.0,0.0,0.0,1.0,1.0,0.0,0.0,1.0,0.0,0.0,0.0,0.0,1.0,0.0,1.0,0.0,1.0,0.0,0.0,1.0,0.0,6.0,0.0,1.0,0.0,0.639259398107262,0.0,1.0,0.0,0.0,1.0,0.0,0.0,1.0,0.0
1095-JUDTC,1,0.5956921474426305,1.0066603721817051,0.9799874623601572,1.0,0.0,1.0,0.0,1.0,0.0,0.0,1.0,0.0,0.0,1.0,0.0,1.0,0.0,1.0,0.0,0.0,0.0,0.0,1.0,1.0,0.0,0.0,0.0,0.0,1.0,0.0,0.0,1.0,1.0,0.0,0.0,1.0,0.0,0.0,0.0,1.0,0.0,0.0,1.0,0.0,0.0,1.0,6.0,0.0,1.0,0.0,1.6451240234865394,0.0,1.0,0.0,0.0,1.0,0.0,0.0,1.0,0.0
3896-RCYYE,0,1.4100994218432374,-0.3776165289566755,0.5717125821563308,1.0,0.0,1.0,0.0,1.0,0.0,1.0,0.0,0.0,1.0,0.0,1.0,0.0,0.0,1.0,0.0,0.0,1.0,0.0,0.0,0.0,0.0,1.0,0.0,0.0,1.0,0.0,0.0,1.0,0.0,0.0,1.0,1.0,0.0,0.0,0.0,1.0,0.0,1.0,0.0,0.0,1.0,0.0,5.0,0.0,1.0,0.0,0.40544132796608495,0.0,1.0,0.0,0.0,1.0,0.0,0.0,1.0,0.0
9638-JIQYA,0,-1.2367242199587352,-1.3248408190513656,-0.9854365165419564,0.0,1.0,1.0,0.0,1.0,0.0,1.0,0.0,0.0,1.0,0.0,1.0,0.0,0.0,1.0,0.0,0.0,1.0,0.0,0.0,1.0,0.0,0.0,1.0,0.0,0.0,1.0,0.0,0.0,1.0,0.0,0.0,1.0,0.0,0.0,0.0,1.0,0.0,1.0,0.0,0.0,1.0,0.0,1.0,1.0,0.0,0.0,0.7968118523423409,1.0,0.0,0.0,1.0,0.0,0.0,1.0,0.0,0.0
3258-SANFR,1,-1.0738427650786138,-0.6667692069855808,-0.8853751994572061,0.0,1.0,1.0,0.0,1.0,0.0,0.0,1.0,1.0,0.0,0.0,1.0,0.0,0.0,1.0,0.0,0.0,1.0,0.0,0.0,1.0,0.0,0.0,1.0,0.0,0.0,1.0,0.0,0.0,1.0,0.0,0.0,1.0,0.0,0.0,1.0,0.0,0.0,1.0,0.0,0.0,1.0,0.0,2.0,1.0,0.0,0.0,0.8244924007961162,1.0,0.0,0.0,1.0,0.0,0.0,1.0,0.0,0.0
3726-TBHQT,0,1.5729808767233588,1.6364814352446657,2.599741062356178,0.0,1.0,0.0,1.0,0.0,1.0,0.0,1.0,0.0,0.0,1.0,0.0,1.0,0.0,0.0,0.0,1.0,0.0,0.0,1.0,0.0,0.0,1.0,0.0,0.0,1.0,0.0,0.0,1.0,0.0,0.0,1.0,0.0,0.0,1.0,0.0,1.0,1.0,0.0,0.0,0.0,1.0,0.0,9.0,0.0,1.0,0.0,1.6527480408863202,0.0,1.0,0.0,0.0,1.0,0.0,0.0,1.0,0.0
3190-ITQXP,0,0.5549717837226001,-1.479387940066815,-0.6145522740053813,1.0,0.0,0.0,1.0,0.0,1.0,0.0,1.0,1.0,0.0,0.0,0.0,0.0,1.0,0.0,1.0,0.0,0.0,1.0,0.0,0.0,1.0,0.0,0.0,1.0,0.0,0.0,1.0,0.0,0.0,1.0,0.0,0.0,0.0,1.0,1.0,0.0,1.0,0.0,0.0,0.0,1.0,0.0,1.0,0.0,1.0,0.0,-1.107357692823825,0.0,1.0,0.0,0.0,1.0,0.0,0.0,1.0,0.0
0870-VEMYL,0,-1.1145631287986442,-0.3626603559551803,-0.8927430301243813,1.0,0.0,1.0,0.0,1.0,0.0,0.0,1.0,1.0,0.0,0.0,1.0,0.0,0.0,0.0,0.0,1.0,1.0,0.0,0.0,1.0,0.0,0.0,0.0,0.0,1.0,1.0,0.0,0.0,1.0,0.0,0.0,1.0,0.0,0.0,1.0,0.0,0.0,1.0,0.0,0.0,0.0,1.0,4.0,1.0,0.0,0.0,0.8009802289859019,1.0,0.0,0.0,1.0,0.0,0.0,1.0,0.0,0.0
4833-QTJNO,1,1.4100994218432374,0.6344178441444933,1.4583449713951677,0.0,1.0,0.0,1.0,1.0,0.0,0.0,1.0,0.0,0.0,1.0,0.0,1.0,0.0,0.0,0.0,1.0,0.0,0.0,1.0,1.0,0.0,0.0,1.0,0.0,0.0,1.0,0.0,0.0,1.0,0.0,0.0,1.0,0.0,0.0,1.0,0.0,1.0,0.0,0.0,0.0,1.0,0.0,5.0,0.0,1.0,0.0,1.0342142892937756,0.0,1.0,0.0,0.0,1.0,0.0,0.0,1.0,0.0
3039-MJSLN,0,-1.1960038562387048,-1.481049737066981,-0.985039447823366,0.0,1.0,1.0,0.0,0.0,1.0,0.0,1.0,1.0,0.0,0.0,0.0,0.0,1.0,0.0,1.0,0.0,0.0,1.0,0.0,0.0,1.0,0.0,0.0,1.0,0.0,0.0,1.0,0.0,0.0,1.0,0.0,1.0,0.0,0.0,1.0,0.0,1.0,0.0,0.0,0.0,1.0,0.0,1.0,1.0,0.0,0.0,0.8236089229019732,1.0,0.0,0.0,1.0,0.0,0.0,1.0,0.0,0.0
0178-CIIKR,0,-1.1960038562387048,-1.4893587220678117,-0.9817746605816238,1.0,0.0,1.0,0.0,1.0,0.0,0.0,1.0,1.0,0.0,0.0,0.0,0.0,1.0,0.0,1.0,0.0,0.0,1.0,0.0,0.0,1.0,0.0,0.0,1.0,0.0,0.0,1.0,0.0,0.0,1.0,0.0,1.0,0.0,0.0,1.0,0.0,0.0,0.0,0.0,1.0,1.0,0.0,1.0,1.0,0.0,0.0,0.8208791764845915,1.0,0.0,0.0,1.0,0.0,0.0,1.0,0.0,0.0
5385-SUIRI,1,0.7992939660427822,1.3107692232121058,1.4493226877338665,0.0,1.0,0.0,1.0,1.0,0.0,0.0,1.0,0.0,0.0,1.0,0.0,1.0,0.0,0.0,0.0,1.0,1.0,0.0,0.0,0.0,0.0,1.0,1.0,0.0,0.0,0.0,0.0,1.0,0.0,0.0,1.0,1.0,0.0,0.0,0.0,1.0,0.0,0.0,1.0,0.0,0.0,1.0,7.0,0.0,1.0,0.0,1.813253632964735,0.0,1.0,0.0,0.0,1.0,0.0,0.0,1.0,0.0
3982-XWFZQ,0,0.3920903288424788,-0.4823097399671412,-0.03514077608914479,1.0,0.0,0.0,1.0,1.0,0.0,0.0,1.0,0.0,0.0,1.0,1.0,0.0,0.0,1.0,0.0,0.0,1.0,0.0,0.0,1.0,0.0,0.0,1.0,0.0,0.0,1.0,0.0,0.0,1.0,0.0,0.0,1.0,0.0,0.0,0.0,1.0,0.0,0.0,1.0,0.0,0.0,1.0,3.0,0.0,0.0,1.0,-0.08962418479661735,0.0,0.0,1.0,0.0,0.0,1.0,0.0,0.0,1.0
5774-QPLTF,0,0.7178532386027215,-1.4760643460664828,-0.5931105632015061,0.0,1.0,0.0,1.0,0.0,1.0,0.0,1.0,1.0,0.0,0.0,0.0,0.0,1.0,0.0,1.0,0.0,0.0,1.0,0.0,0.0,1.0,0.0,0.0,1.0,0.0,0.0,1.0,0.0,0.0,1.0,0.0,0.0,1.0,0.0,0.0,1.0,0.0,0.0,0.0,1.0,1.0,0.0,1.0,0.0,1.0,0.0,-0.8262281637901041,0.0,1.0,0.0,0.0,1.0,0.0,0.0,1.0,0.0
2322-VCZHZ,1,-0.38159658183809786,0.8388188751649267,-0.11435598544790543,0.0,1.0,0.0,1.0,1.0,0.0,0.0,1.0,1.0,0.0,0.0,0.0,1.0,0.0,0.0,0.0,1.0,0.0,0.0,1.0,1.0,0.0,0.0,1.0,0.0,0.0,1.0,0.0,0.0,0.0,0.0,1.0,1.0,0.0,0.0,0.0,1.0,0.0,0.0,1.0,0.0,1.0,0.0,5.0,0.0,0.0,1.0,0.29967769862368393,0.0,0.0,1.0,0.0,0.0,1.0,0.0,0.0,1.0
5010-IPEAQ,0,1.4100994218432374,-0.3510277769540174,0.5914777805928246,1.0,0.0,0.0,1.0,0.0,1.0,1.0,0.0,0.0,1.0,0.0,1.0,0.0,0.0,0.0,0.0,1.0,0.0,0.0,1.0,0.0,0.0,1.0,0.0,0.0,1.0,0.0,0.0,1.0,1.0,0.0,0.0,0.0,0.0,1.0,1.0,0.0,0.0,1.0,0.0,0.0,1.0,0.0,6.0,0.0,1.0,0.0,0.41945821083995877,0.0,1.0,0.0,0.0,1.0,0.0,0.0,1.0,0.0
4009-ALQFH,0,-0.30015585439803716,1.15456030519649,0.03783163063844643,1.0,0.0,1.0,0.0,1.0,0.0,0.0,1.0,1.0,0.0,0.0,0.0,1.0,0.0,1.0,0.0,0.0,0.0,0.0,1.0,0.0,0.0,1.0,1.0,0.0,0.0,0.0,0.0,1.0,0.0,0.0,1.0,1.0,0.0,0.0,0.0,1.0,0.0,0.0,1.0,0.0,0.0,1.0,6.0,0.0,0.0,1.0,-0.1260399558566592,0.0,0.0,1.0,0.0,0.0,1.0,0.0,0.0,1.0
6383-ZTSIW,1,0.26992923768238775,1.141265929195161,0.7035393967283031,1.0,0.0,0.0,1.0,1.0,0.0,0.0,1.0,1.0,0.0,0.0,0.0,1.0,0.0,0.0,0.0,1.0,0.0,0.0,1.0,1.0,0.0,0.0,1.0,0.0,0.0,0.0,0.0,1.0,0.0,0.0,1.0,0.0,1.0,0.0,1.0,0.0,0.0,0.0,0.0,1.0,1.0,0.0,6.0,0.0,0.0,1.0,2.606384557556239,0.0,0.0,1.0,0.0,0.0,1.0,0.0,0.0,1.0
8990-YOZLV,0,1.4915401492832983,0.07106866108817798,1.0123485629252647,1.0,0.0,1.0,0.0,1.0,0.0,0.0,1.0,0.0,0.0,1.0,1.0,0.0,0.0,0.0,0.0,1.0,0.0,0.0,1.0,1.0,0.0,0.0,0.0,0.0,1.0,1.0,0.0,0.0,1.0,0.0,0.0,0.0,0.0,1.0,0.0,1.0,0.0,0.0,0.0,1.0,1.0,0.0,6.0,0.0,1.0,0.0,0.6787269946516086,0.0,1.0,0.0,0.0,1.0,0.0,0.0,1.0,0.0
3069-SSVSN,0,-1.2774445836787656,-1.2932666760482092,-0.9959588375845987,1.0,0.0,1.0,0.0,1.0,0.0,1.0,0.0,0.0,1.0,0.0,1.0,0.0,0.0,1.0,0.0,0.0,1.0,0.0,0.0,1.0,0.0,0.0,1.0,0.0,0.0,1.0,0.0,0.0,1.0,0.0,0.0,0.0,1.0,0.0,1.0,0.0,0.0,0.0,0.0,1.0,1.0,0.0,1.0,1.0,0.0,0.0,0.7796493486366755,1.0,0.0,0.0,1.0,0.0,0.0,1.0,0.0,0.0
5222-IMUKT,0,-0.015113308357824713,0.8737166121684152,0.2595062724780968,0.0,1.0,1.0,0.0,1.0,0.0,0.0,1.0,1.0,0.0,0.0,0.0,1.0,0.0,1.0,0.0,0.0,1.0,0.0,0.0,1.0,0.0,0.0,1.0,0.0,0.0,0.0,0.0,1.0,0.0,0.0,1.0,1.0,0.0,0.0,1.0,0.0,0.0,0.0,1.0,0.0,1.0,0.0,4.0,0.0,0.0,1.0,-17.1707124829317,0.0,0.0,1.0,0.0,0.0,1.0,0.0,0.0,1.0
3627-FCRDW,0,-0.9516816739185228,0.2073360151017999,-0.7106429039042286,1.0,0.0,1.0,0.0,1.0,0.0,0.0,1.0,1.0,0.0,0.0,0.0,1.0,0.0,1.0,0.0,0.0,1.0,0.0,0.0,1.0,0.0,0.0,1.0,0.0,0.0,1.0,0.0,0.0,1.0,0.0,0.0,1.0,0.0,0.0,1.0,0.0,0.0,0.0,1.0,0.0,0.0,1.0,2.0,1.0,0.0,0.0,0.7467233250149456,1.0,0.0,0.0,1.0,0.0,0.0,1.0,0.0,0.0
7562-GSUHK,0,-0.6666391278783103,0.9451738831755587,-0.31306681972908473,1.0,0.0,1.0,0.0,1.0,0.0,0.0,1.0,1.0,0.0,0.0,0.0,1.0,0.0,1.0,0.0,0.0,0.0,0.0,1.0,0.0,0.0,1.0,1.0,0.0,0.0,1.0,0.0,0.0,0.0,0.0,1.0,1.0,0.0,0.0,0.0,1.0,0.0,1.0,0.0,0.0,0.0,1.0,5.0,1.0,0.0,0.0,0.4696196287269724,1.0,0.0,0.0,1.0,0.0,0.0,1.0,0.0,0.0
6685-XSHHU,0,1.125056875803025,-1.4561227820644893,-0.4468127997742436,0.0,1.0,0.0,1.0,0.0,1.0,0.0,1.0,1.0,0.0,0.0,0.0,0.0,1.0,0.0,1.0,0.0,0.0,1.0,0.0,0.0,1.0,0.0,0.0,1.0,0.0,0.0,1.0,0.0,0.0,1.0,0.0,0.0,0.0,1.0,0.0,1.0,1.0,0.0,0.0,0.0,1.0,0.0,1.0,0.0,1.0,0.0,-0.39714685486929246,0.0,1.0,0.0,0.0,1.0,0.0,0.0,1.0,0.0
8901-UPRHR,0,1.6137012404433893,1.476948923228718,2.3948315441903394,1.0,0.0,0.0,1.0,0.0,1.0,0.0,1.0,0.0,0.0,1.0,0.0,1.0,0.0,1.0,0.0,0.0,0.0,0.0,1.0,0.0,0.0,1.0,0.0,0.0,1.0,0.0,0.0,1.0,0.0,0.0,1.0,0.0,0.0,1.0,0.0,1.0,1.0,0.0,0.0,0.0,1.0,0.0,8.0,0.0,1.0,0.0,1.4840612897665757,0.0,1.0,0.0,0.0,1.0,0.0,0.0,1.0,0.0
4903-UYAVB,0,-1.1145631287986442,-1.5093002860698053,-0.9517518535815476,0.0,1.0,0.0,1.0,1.0,0.0,0.0,1.0,1.0,0.0,0.0,0.0,0.0,1.0,0.0,1.0,0.0,0.0,1.0,0.0,0.0,1.0,0.0,0.0,1.0,0.0,0.0,1.0,0.0,0.0,1.0,0.0,1.0,0.0,0.0,1.0,0.0,0.0,0.0,0.0,1.0,0.0,1.0,1.0,1.0,0.0,0.0,0.8539236845268816,1.0,0.0,0.0,1.0,0.0,0.0,1.0,0.0,0.0
0118-JPNOY,1,-0.2594354906780068,0.6992279271509723,-0.03955265074014788,1.0,0.0,1.0,0.0,1.0,0.0,0.0,1.0,1.0,0.0,0.0,0.0,1.0,0.0,0.0,0.0,1.0,1.0,0.0,0.0,1.0,0.0,0.0,1.0,0.0,0.0,0.0,0.0,1.0,1.0,0.0,0.0,1.0,0.0,0.0,0.0,1.0,0.0,1.0,0.0,0.0,1.0,0.0,4.0,0.0,0.0,1.0,0.1524565919519387,0.0,0.0,1.0,0.0,0.0,1.0,0.0,0.0,1.0
6776-TLWOI,0,-1.1960038562387048,-1.4926823160681442,-0.9788848826852167,0.0,1.0,1.0,0.0,1.0,0.0,0.0,1.0,1.0,0.0,0.0,0.0,0.0,1.0,0.0,1.0,0.0,0.0,1.0,0.0,0.0,1.0,0.0,0.0,1.0,0.0,0.0,1.0,0.0,0.0,1.0,0.0,1.0,0.0,0.0,1.0,0.0,0.0,0.0,0.0,1.0,0.0,1.0,1.0,1.0,0.0,0.0,0.8184629820205577,1.0,0.0,0.0,1.0,0.0,0.0,1.0,0.0,0.0
3845-FXCYS,0,-1.2367242199587352,-1.4993295040688086,-0.9935984846463122,0.0,1.0,1.0,0.0,1.0,0.0,0.0,1.0,1.0,0.0,0.0,0.0,0.0,1.0,0.0,1.0,0.0,0.0,1.0,0.0,0.0,1.0,0.0,0.0,1.0,0.0,0.0,1.0,0.0,0.0,1.0,0.0,1.0,0.0,0.0,0.0,1.0,0.0,0.0,1.0,0.0,1.0,0.0,1.0,1.0,0.0,0.0,0.803411519408478,1.0,0.0,0.0,1.0,0.0,0.0,1.0,0.0,0.0
5857-XRECV,0,-1.2367242199587352,-1.4710789550659844,-0.9904881130173548,1.0,0.0,1.0,0.0,0.0,1.0,0.0,1.0,1.0,0.0,0.0,0.0,0.0,1.0,0.0,1.0,0.0,0.0,1.0,0.0,0.0,1.0,0.0,0.0,1.0,0.0,0.0,1.0,0.0,0.0,1.0,0.0,0.0,1.0,0.0,1.0,0.0,1.0,0.0,0.0,0.0,1.0,0.0,1.0,1.0,0.0,0.0,0.8008965111481392,1.0,0.0,0.0,1.0,0.0,0.0,1.0,0.0,0.0
0725-CXOTM,0,0.14776814652229667,0.827186296163764,0.46977621834490424,1.0,0.0,1.0,0.0,1.0,0.0,0.0,1.0,0.0,0.0,1.0,1.0,0.0,0.0,0.0,0.0,1.0,1.0,0.0,0.0,0.0,0.0,1.0,0.0,0.0,1.0,0.0,0.0,1.0,0.0,0.0,1.0,0.0,1.0,0.0,0.0,1.0,0.0,1.0,0.0,0.0,1.0,0.0,8.0,0.0,0.0,1.0,3.179144013111242,0.0,0.0,1.0,0.0,0.0,1.0,0.0,0.0,1.0
4343-EJVQB,0,-1.0331224013585834,0.31867641411292996,-0.7719459021799167,0.0,1.0,1.0,0.0,1.0,0.0,0.0,1.0,1.0,0.0,0.0,0.0,1.0,0.0,0.0,0.0,1.0,1.0,0.0,0.0,1.0,0.0,0.0,1.0,0.0,0.0,1.0,0.0,0.0,1.0,0.0,0.0,1.0,0.0,0.0,1.0,0.0,0.0,0.0,0.0,1.0,1.0,0.0,3.0,1.0,0.0,0.0,0.7471969450713558,1.0,0.0,0.0,1.0,0.0,0.0,1.0,0.0,0.0
9000-PLFUZ,1,1.125056875803025,-0.5088984919697991,0.27541108059496305,1.0,0.0,0.0,1.0,1.0,0.0,1.0,0.0,0.0,1.0,0.0,1.0,0.0,0.0,1.0,0.0,0.0,0.0,0.0,1.0,1.0,0.0,0.0,1.0,0.0,0.0,0.0,0.0,1.0,0.0,0.0,1.0,0.0,0.0,1.0,0.0,1.0,0.0,1.0,0.0,0.0,1.0,0.0,4.0,0.0,1.0,0.0,0.24479747337074365,0.0,1.0,0.0,0.0,1.0,0.0,0.0,1.0,0.0
3427-GGZZI,0,-0.5444780367182193,0.8089065291619363,-0.2922868901228602,1.0,0.0,0.0,1.0,1.0,0.0,0.0,1.0,0.0,0.0,1.0,0.0,1.0,0.0,1.0,0.0,0.0,0.0,0.0,1.0,1.0,0.0,0.0,1.0,0.0,0.0,1.0,0.0,0.0,0.0,0.0,1.0,1.0,0.0,0.0,0.0,1.0,0.0,0.0,1.0,0.0,1.0,0.0,5.0,1.0,0.0,0.0,0.5368203497878204,1.0,0.0,0.0,1.0,0.0,0.0,1.0,0.0,0.0
7779-ORAEL,1,0.5142514200025698,0.34526516611558833,0.5281232606044202,0.0,1.0,0.0,1.0,1.0,0.0,0.0,1.0,0.0,0.0,1.0,1.0,0.0,0.0,0.0,0.0,1.0,1.0,0.0,0.0,0.0,0.0,1.0,0.0,0.0,1.0,1.0,0.0,0.0,0.0,0.0,1.0,0.0,0.0,1.0,1.0,0.0,0.0,1.0,0.0,0.0,1.0,0.0,7.0,0.0,1.0,0.0,1.0269748221634099,0.0,1.0,0.0,0.0,1.0,0.0,0.0,1.0,0.0
0644-OQMDK,1,-1.1552834925186746,0.19570343610063723,-0.8777205969377159,0.0,1.0,1.0,0.0,1.0,0.0,0.0,1.0,1.0,0.0,0.0,0.0,1.0,0.0,1.0,0.0,0.0,1.0,0.0,0.0,1.0,0.0,0.0,1.0,0.0,0.0,1.0,0.0,0.0,1.0,0.0,0.0,1.0,0.0,0.0,0.0,1.0,0.0,0.0,1.0,0.0,1.0,0.0,2.0,1.0,0.0,0.0,0.759744774872673,1.0,0.0,0.0,1.0,0.0,0.0,1.0,0.0,0.0
4077-CROMM,0,-0.055833672077855064,1.3107692232121058,0.42360595012215685,1.0,0.0,0.0,1.0,0.0,1.0,0.0,1.0,0.0,0.0,1.0,0.0,1.0,0.0,1.0,0.0,0.0,1.0,0.0,0.0,0.0,0.0,1.0,0.0,0.0,1.0,0.0,0.0,1.0,0.0,0.0,1.0,1.0,0.0,0.0,0.0,1.0,0.0,0.0,1.0,0.0,0.0,1.0,7.0,0.0,0.0,1.0,-7.5869262106113355,0.0,0.0,1.0,0.0,0.0,1.0,0.0,0.0,1.0
3154-CFSZG,0,0.5956921474426305,0.8404806721650927,0.8179172470555583,0.0,1.0,0.0,1.0,0.0,1.0,0.0,1.0,1.0,0.0,0.0,0.0,1.0,0.0,0.0,0.0,1.0,1.0,0.0,0.0,0.0,0.0,1.0,1.0,0.0,0.0,1.0,0.0,0.0,0.0,0.0,1.0,1.0,0.0,0.0,1.0,0.0,0.0,0.0,1.0,0.0,1.0,0.0,5.0,0.0,1.0,0.0,1.3730535991903934,0.0,1.0,0.0,0.0,1.0,0.0,0.0,1.0,0.0
2868-MZAGQ,0,-1.2774445836787656,0.4815325201292102,-0.9723994269482422,0.0,1.0,1.0,0.0,1.0,0.0,0.0,1.0,1.0,0.0,0.0,0.0,1.0,0.0,1.0,0.0,0.0,1.0,0.0,0.0,1.0,0.0,0.0,1.0,0.0,0.0,1.0,0.0,0.0,0.0,0.0,1.0,1.0,0.0,0.0,0.0,1.0,0.0,0.0,1.0,0.0,0.0,1.0,3.0,1.0,0.0,0.0,0.7612067399025177,1.0,0.0,0.0,1.0,0.0,0.0,1.0,0.0,0.0
4847-QNOKA,0,-1.2774445836787656,-0.6601220189849164,-0.9875542163744377,1.0,0.0,1.0,0.0,1.0,0.0,0.0,1.0,1.0,0.0,0.0,1.0,0.0,0.0,1.0,0.0,0.0,1.0,0.0,0.0,1.0,0.0,0.0,1.0,0.0,0.0,1.0,0.0,0.0,1.0,0.0,0.0,1.0,0.0,0.0,0.0,1.0,1.0,0.0,0.0,0.0,0.0,1.0,2.0,1.0,0.0,0.0,0.7730701033860068,1.0,0.0,0.0,1.0,0.0,0.0,1.0,0.0,0.0
2220-IAHLS,0,-1.2774445836787656,-1.5076384890696393,-0.9988044967344957,1.0,0.0,1.0,0.0,1.0,0.0,0.0,1.0,1.0,0.0,0.0,0.0,0.0,1.0,0.0,1.0,0.0,0.0,1.0,0.0,0.0,1.0,0.0,0.0,1.0,0.0,0.0,1.0,0.0,0.0,1.0,0.0,1.0,0.0,0.0,1.0,0.0,0.0,1.0,0.0,0.0,1.0,0.0,1.0,1.0,0.0,0.0,0.7818769671073743,1.0,0.0,0.0,1.0,0.0,0.0,1.0,0.0,0.0
1658-XUHBX,1,1.0843365120829946,0.7972739501607736,1.3523938016513282,1.0,0.0,0.0,1.0,0.0,1.0,0.0,1.0,0.0,0.0,1.0,0.0,1.0,0.0,1.0,0.0,0.0,1.0,0.0,0.0,0.0,0.0,1.0,1.0,0.0,0.0,1.0,0.0,0.0,0.0,0.0,1.0,1.0,0.0,0.0,0.0,1.0,0.0,1.0,0.0,0.0,1.0,0.0,5.0,0.0,1.0,0.0,1.2472085801605992,0.0,1.0,0.0,0.0,1.0,0.0,0.0,1.0,0.0
6379-RXJRQ,0,-0.9109613101984924,0.1774236690988095,-0.7163342222040225,0.0,1.0,0.0,1.0,1.0,0.0,0.0,1.0,1.0,0.0,0.0,0.0,1.0,0.0,1.0,0.0,0.0,1.0,0.0,0.0,1.0,0.0,0.0,1.0,0.0,0.0,1.0,0.0,0.0,1.0,0.0,0.0,1.0,0.0,0.0,0.0,1.0,0.0,0.0,1.0,0.0,0.0,1.0,2.0,1.0,0.0,0.0,0.7863497759832832,1.0,0.0,0.0,1.0,0.0,0.0,1.0,0.0,0.0
2378-HTWFW,1,0.10704778280226633,0.8720548151682491,0.39583319919409243,0.0,1.0,1.0,0.0,1.0,0.0,0.0,1.0,0.0,0.0,1.0,0.0,1.0,0.0,0.0,0.0,1.0,1.0,0.0,0.0,1.0,0.0,0.0,1.0,0.0,0.0,1.0,0.0,0.0,0.0,0.0,1.0,1.0,0.0,0.0,1.0,0.0,0.0,1.0,0.0,0.0,1.0,0.0,5.0,0.0,0.0,1.0,3.697724407101986,0.0,0.0,1.0,0.0,0.0,1.0,0.0,0.0,1.0
8650-RHRKE,0,-1.1552834925186746,-1.166970104035584,-0.955082818943055,0.0,1.0,1.0,0.0,1.0,0.0,1.0,0.0,0.0,1.0,0.0,1.0,0.0,0.0,1.0,0.0,0.0,1.0,0.0,0.0,0.0,0.0,1.0,1.0,0.0,0.0,1.0,0.0,0.0,1.0,0.0,0.0,1.0,0.0,0.0,0.0,1.0,0.0,0.0,1.0,0.0,0.0,1.0,2.0,1.0,0.0,0.0,0.8267086175193632,1.0,0.0,0.0,1.0,0.0,0.0,1.0,0.0,0.0
4377-VDHYI,0,-0.015113308357824713,0.8654076271675846,0.32672118278612894,0.0,1.0,0.0,1.0,0.0,1.0,0.0,1.0,1.0,0.0,0.0,0.0,1.0,0.0,0.0,0.0,1.0,0.0,0.0,1.0,1.0,0.0,0.0,1.0,0.0,0.0,1.0,0.0,0.0,0.0,0.0,1.0,0.0,1.0,0.0,0.0,1.0,0.0,0.0,1.0,0.0,1.0,0.0,5.0,0.0,0.0,1.0,-21.61811133939932,0.0,0.0,1.0,0.0,0.0,1.0,0.0,0.0,1.0
0475-RIJEP,0,0.43281069256250915,0.4350022041245586,0.47760729585043477,0.0,1.0,1.0,0.0,1.0,0.0,0.0,1.0,0.0,0.0,1.0,0.0,1.0,0.0,1.0,0.0,0.0,0.0,0.0,1.0,1.0,0.0,0.0,1.0,0.0,0.0,1.0,0.0,0.0,1.0,0.0,0.0,1.0,0.0,0.0,0.0,1.0,0.0,0.0,1.0,0.0,0.0,1.0,4.0,0.0,0.0,1.0,1.1035016094974497,0.0,0.0,1.0,0.0,0.0,1.0,0.0,0.0,1.0
1260-TTRXI,0,-1.1552834925186746,-0.3477041829536853,-0.9211996216233512,0.0,1.0,1.0,0.0,1.0,0.0,0.0,1.0,1.0,0.0,0.0,1.0,0.0,0.0,1.0,0.0,0.0,1.0,0.0,0.0,1.0,0.0,0.0,1.0,0.0,0.0,1.0,0.0,0.0,0.0,0.0,1.0,1.0,0.0,0.0,1.0,0.0,0.0,0.0,1.0,0.0,0.0,1.0,3.0,1.0,0.0,0.0,0.7973797146664073,1.0,0.0,0.0,1.0,0.0,0.0,1.0,0.0,0.0
3719-TDVQB,1,0.880734693482843,-1.5225946620711341,-0.5524551382925127,1.0,0.0,0.0,1.0,1.0,0.0,0.0,1.0,1.0,0.0,0.0,0.0,0.0,1.0,0.0,1.0,0.0,0.0,1.0,0.0,0.0,1.0,0.0,0.0,1.0,0.0,0.0,1.0,0.0,0.0,1.0,0.0,0.0,0.0,1.0,0.0,1.0,0.0,0.0,0.0,1.0,1.0,0.0,1.0,0.0,1.0,0.0,-0.627266238494413,0.0,1.0,0.0,0.0,1.0,0.0,0.0,1.0,0.0
6328-ZPBGN,1,-0.8702409464784621,1.0099839661820376,-0.567212859000118,1.0,0.0,1.0,0.0,1.0,0.0,0.0,1.0,0.0,0.0,1.0,0.0,1.0,0.0,1.0,0.0,0.0,1.0,0.0,0.0,1.0,0.0,0.0,1.0,0.0,0.0,0.0,0.0,1.0,0.0,0.0,1.0,1.0,0.0,0.0,0.0,1.0,1.0,0.0,0.0,0.0,0.0,1.0,5.0,1.0,0.0,0.0,0.6517882906974386,1.0,0.0,0.0,1.0,0.0,0.0,1.0,0.0,0.0
0201-MIBOL,1,1.369379058123207,1.2509445312061254,1.847935562451996,1.0,0.0,1.0,0.0,1.0,0.0,0.0,1.0,0.0,0.0,1.0,0.0,1.0,0.0,0.0,0.0,1.0,1.0,0.0,0.0,1.0,0.0,0.0,1.0,0.0,0.0,0.0,0.0,1.0,0.0,0.0,1.0,0.0,0.0,1.0,0.0,1.0,1.0,0.0,0.0,0.0,1.0,0.0,6.0,0.0,1.0,0.0,1.3494697114651886,0.0,1.0,0.0,0.0,1.0,0.0,0.0,1.0,0.0
4937-QPZPO,0,1.1657772395230555,1.1678546811978192,1.7462418517463747,0.0,1.0,0.0,1.0,0.0,1.0,0.0,1.0,0.0,0.0,1.0,0.0,1.0,0.0,1.0,0.0,0.0,1.0,0.0,0.0,0.0,0.0,1.0,1.0,0.0,0.0,0.0,0.0,1.0,0.0,0.0,1.0,0.0,1.0,0.0,0.0,1.0,0.0,0.0,1.0,0.0,1.0,0.0,6.0,0.0,1.0,0.0,1.4979206940605563,0.0,1.0,0.0,0.0,1.0,0.0,0.0,1.0,0.0
2925-VDZHY,0,1.6137012404433893,0.7956121531606076,1.8609505926724552,0.0,1.0,0.0,1.0,0.0,1.0,0.0,1.0,0.0,0.0,1.0,1.0,0.0,0.0,0.0,0.0,1.0,0.0,0.0,1.0,0.0,0.0,1.0,0.0,0.0,1.0,0.0,0.0,1.0,0.0,0.0,1.0,0.0,0.0,1.0,1.0,0.0,0.0,1.0,0.0,0.0,1.0,0.0,9.0,0.0,1.0,0.0,1.1532187904628062,0.0,1.0,0.0,0.0,1.0,0.0,0.0,1.0,0.0
6981-TDRFT,0,0.47353105628253944,-0.3477041829536853,0.01491194182648524,0.0,1.0,0.0,1.0,0.0,1.0,1.0,0.0,0.0,1.0,0.0,1.0,0.0,0.0,1.0,0.0,0.0,1.0,0.0,0.0,0.0,0.0,1.0,0.0,0.0,1.0,0.0,0.0,1.0,0.0,0.0,1.0,0.0,1.0,0.0,0.0,1.0,0.0,0.0,1.0,0.0,1.0,0.0,5.0,0.0,0.0,1.0,0.031490947908573506,0.0,0.0,1.0,0.0,0.0,1.0,0.0,0.0,1.0
3413-CSSTH,0,0.35136996512244845,-0.3011738669490337,-0.020184521022244255,0.0,1.0,1.0,0.0,1.0,0.0,0.0,1.0,0.0,0.0,1.0,1.0,0.0,0.0,1.0,0.0,0.0,1.0,0.0,0.0,0.0,0.0,1.0,1.0,0.0,0.0,1.0,0.0,0.0,1.0,0.0,0.0,1.0,0.0,0.0,0.0,1.0,1.0,0.0,0.0,0.0,1.0,0.0,4.0,0.0,0.0,1.0,-0.05744520882771007,0.0,0.0,1.0,0.0,0.0,1.0,0.0,0.0,1.0
8033-VCZGH,0,0.7178532386027215,1.302460238211275,1.300620452621807,0.0,1.0,0.0,1.0,1.0,0.0,0.0,1.0,0.0,0.0,1.0,0.0,1.0,0.0,0.0,0.0,1.0,1.0,0.0,0.0,0.0,0.0,1.0,1.0,0.0,0.0,0.0,0.0,1.0,0.0,0.0,1.0,0.0,1.0,0.0,0.0,1.0,0.0,0.0,1.0,0.0,1.0,0.0,7.0,0.0,1.0,0.0,1.8118194397972256,0.0,1.0,0.0,0.0,1.0,0.0,0.0,1.0,0.0
4789-KWMXN,0,0.5956921474426305,1.5317882242341998,1.3202532948187709,0.0,1.0,0.0,1.0,1.0,0.0,0.0,1.0,0.0,0.0,1.0,0.0,1.0,0.0,0.0,0.0,1.0,1.0,0.0,0.0,0.0,0.0,1.0,0.0,0.0,1.0,0.0,0.0,1.0,0.0,0.0,1.0,0.0,1.0,0.0,0.0,1.0,0.0,1.0,0.0,0.0,0.0,1.0,8.0,0.0,1.0,0.0,2.21633489796157,0.0,1.0,0.0,0.0,1.0,0.0,0.0,1.0,0.0
0224-NIJLP,0,-0.9924020376385531,-1.4827115340671475,-0.9343470080833405,0.0,1.0,0.0,1.0,0.0,1.0,0.0,1.0,1.0,0.0,0.0,0.0,0.0,1.0,0.0,1.0,0.0,0.0,1.0,0.0,0.0,1.0,0.0,0.0,1.0,0.0,0.0,1.0,0.0,0.0,1.0,0.0,0.0,0.0,1.0,1.0,0.0,0.0,0.0,0.0,1.0,1.0,0.0,1.0,1.0,0.0,0.0,0.9415004933954427,1.0,0.0,0.0,1.0,0.0,0.0,1.0,0.0,0.0
7542-CYDDM,0,-0.5851984004382496,-1.4860351280674797,-0.8491978273189807,0.0,1.0,1.0,0.0,1.0,0.0,0.0,1.0,1.0,0.0,0.0,0.0,0.0,1.0,0.0,1.0,0.0,0.0,1.0,0.0,0.0,1.0,0.0,0.0,1.0,0.0,0.0,1.0,0.0,0.0,1.0,0.0,1.0,0.0,0.0,1.0,0.0,0.0,0.0,0.0,1.0,1.0,0.0,1.0,1.0,0.0,0.0,1.4511280732876655,1.0,0.0,0.0,1.0,0.0,0.0,1.0,0.0,0.0
4718-WXBGI,0,1.6137012404433893,0.9036289581714056,1.911047429334595,0.0,1.0,0.0,1.0,0.0,1.0,0.0,1.0,0.0,0.0,1.0,1.0,0.0,0.0,0.0,0.0,1.0,0.0,0.0,1.0,0.0,0.0,1.0,0.0,0.0,1.0,0.0,0.0,1.0,0.0,0.0,1.0,0.0,0.0,1.0,0.0,1.0,0.0,1.0,0.0,0.0,1.0,0.0,9.0,0.0,1.0,0.0,1.1842634692463303,0.0,1.0,0.0,0.0,1.0,0.0,0.0,1.0,0.0
2867-UIMSS,0,-1.2774445836787656,0.5230774451333633,-0.9718479426168668,0.0,1.0,1.0,0.0,1.0,0.0,0.0,1.0,1.0,0.0,0.0,0.0,1.0,0.0,1.0,0.0,0.0,1.0,0.0,0.0,1.0,0.0,0.0,1.0,0.0,0.0,1.0,0.0,0.0,0.0,0.0,1.0,1.0,0.0,0.0,1.0,0.0,0.0,0.0,1.0,0.0,0.0,1.0,3.0,1.0,0.0,0.0,0.7607750308965684,1.0,0.0,0.0,1.0,0.0,0.0,1.0,0.0,0.0
8495-PRWFH,1,0.3920903288424788,-0.3028356639492,0.061082210049232664,1.0,0.0,1.0,0.0,1.0,0.0,0.0,1.0,0.0,0.0,1.0,1.0,0.0,0.0,1.0,0.0,0.0,1.0,0.0,0.0,0.0,0.0,1.0,1.0,0.0,0.0,1.0,0.0,0.0,1.0,0.0,0.0,1.0,0.0,0.0,1.0,0.0,0.0,0.0,1.0,0.0,1.0,0.0,4.0,0.0,0.0,1.0,0.15578606651573973,0.0,0.0,1.0,0.0,0.0,1.0,0.0,0.0,1.0
0439-IFYUN,1,-0.5851984004382496,0.3303089931140931,-0.43620224123858115,1.0,0.0,1.0,0.0,1.0,0.0,0.0,1.0,1.0,0.0,0.0,0.0,1.0,0.0,1.0,0.0,0.0,0.0,0.0,1.0,1.0,0.0,0.0,1.0,0.0,0.0,1.0,0.0,0.0,1.0,0.0,0.0,1.0,0.0,0.0,0.0,1.0,0.0,0.0,1.0,0.0,1.0,0.0,3.0,1.0,0.0,0.0,0.745392060046496,1.0,0.0,0.0,1.0,0.0,0.0,1.0,0.0,0.0
5716-LIBJC,0,-0.7888002190384014,1.3091074262119398,-0.43421689764562976,1.0,0.0,1.0,0.0,0.0,1.0,0.0,1.0,0.0,0.0,1.0,0.0,1.0,0.0,1.0,0.0,0.0,0.0,0.0,1.0,0.0,0.0,1.0,1.0,0.0,0.0,0.0,0.0,1.0,0.0,0.0,1.0,0.0,1.0,0.0,0.0,1.0,0.0,1.0,0.0,0.0,1.0,0.0,7.0,1.0,0.0,0.0,0.5504776585571545,1.0,0.0,0.0,1.0,0.0,0.0,1.0,0.0,0.0
2868-LLSKM,0,1.4508197855632678,0.6277706561438292,1.5221406788486722,1.0,0.0,0.0,1.0,0.0,1.0,0.0,1.0,0.0,0.0,1.0,0.0,1.0,0.0,1.0,0.0,0.0,0.0,0.0,1.0,1.0,0.0,0.0,0.0,0.0,1.0,1.0,0.0,0.0,1.0,0.0,0.0,0.0,1.0,0.0,0.0,1.0,1.0,0.0,0.0,0.0,1.0,0.0,5.0,0.0,1.0,0.0,1.0491590299464484,0.0,1.0,0.0,0.0,1.0,0.0,0.0,1.0,0.0
8111-RKSPX,0,-1.1552834925186746,0.24721914310578694,-0.8725587035960422,0.0,1.0,1.0,0.0,1.0,0.0,0.0,1.0,0.0,0.0,1.0,0.0,1.0,0.0,1.0,0.0,0.0,1.0,0.0,0.0,1.0,0.0,0.0,1.0,0.0,0.0,1.0,0.0,0.0,1.0,0.0,0.0,1.0,0.0,0.0,0.0,1.0,1.0,0.0,0.0,0.0,0.0,1.0,3.0,1.0,0.0,0.0,0.755276699828668,1.0,0.0,0.0,1.0,0.0,0.0,1.0,0.0,0.0
2988-QRAJY,0,1.4915401492832983,1.505199472231542,2.2709902227366827,0.0,1.0,1.0,0.0,1.0,0.0,0.0,1.0,0.0,0.0,1.0,0.0,1.0,0.0,0.0,0.0,1.0,0.0,0.0,1.0,0.0,0.0,1.0,1.0,0.0,0.0,0.0,0.0,1.0,0.0,0.0,1.0,0.0,0.0,1.0,0.0,1.0,0.0,1.0,0.0,0.0,1.0,0.0,8.0,0.0,1.0,0.0,1.5225806853593038,0.0,1.0,0.0,0.0,1.0,0.0,0.0,1.0,0.0
1585-MQSSU,0,-0.62591876415828,-0.44076481496298814,-0.6100742212346131,0.0,1.0,1.0,0.0,1.0,0.0,0.0,1.0,1.0,0.0,0.0,1.0,0.0,0.0,1.0,0.0,0.0,1.0,0.0,0.0,1.0,0.0,0.0,0.0,0.0,1.0,1.0,0.0,0.0,1.0,0.0,0.0,1.0,0.0,0.0,1.0,0.0,0.0,0.0,0.0,1.0,0.0,1.0,3.0,1.0,0.0,0.0,0.9746859435585475,1.0,0.0,0.0,1.0,0.0,0.0,1.0,0.0,0.0
0071-NDAFP,0,-0.30015585439803716,-1.304899255049372,-0.7291507180651866,0.0,1.0,0.0,1.0,0.0,1.0,0.0,1.0,0.0,0.0,1.0,0.0,0.0,1.0,0.0,1.0,0.0,0.0,1.0,0.0,0.0,1.0,0.0,0.0,1.0,0.0,0.0,1.0,0.0,0.0,1.0,0.0,0.0,0.0,1.0,1.0,0.0,0.0,1.0,0.0,0.0,1.0,0.0,2.0,0.0,0.0,1.0,2.4292403675667065,0.0,0.0,1.0,0.0,0.0,1.0,0.0,0.0,1.0
2856-NNASM,1,0.43281069256250915,0.8238627021634315,0.6941862224681767,0.0,1.0,1.0,0.0,1.0,0.0,0.0,1.0,1.0,0.0,0.0,0.0,1.0,0.0,1.0,0.0,0.0,1.0,0.0,0.0,1.0,0.0,0.0,1.0,0.0,0.0,0.0,0.0,1.0,0.0,0.0,1.0,1.0,0.0,0.0,0.0,1.0,0.0,0.0,0.0,1.0,0.0,1.0,4.0,0.0,0.0,1.0,1.6039026632132434,0.0,0.0,1.0,0.0,0.0,1.0,0.0,0.0,1.0
7328-ZJAJO,0,1.0843365120829946,-1.504314895069307,-0.4679456793525483,1.0,0.0,0.0,1.0,0.0,1.0,0.0,1.0,1.0,0.0,0.0,0.0,0.0,1.0,0.0,1.0,0.0,0.0,1.0,0.0,0.0,1.0,0.0,0.0,1.0,0.0,0.0,1.0,0.0,0.0,1.0,0.0,0.0,0.0,1.0,1.0,0.0,0.0,1.0,0.0,0.0,1.0,0.0,1.0,0.0,1.0,0.0,-0.4315502375306274,0.0,1.0,0.0,0.0,1.0,0.0,0.0,1.0,0.0
6458-CYIDZ,1,-1.1145631287986442,0.5297246331340278,-0.8420064716378457,1.0,0.0,1.0,0.0,1.0,0.0,0.0,1.0,1.0,0.0,0.0,0.0,1.0,0.0,0.0,0.0,1.0,0.0,0.0,1.0,1.0,0.0,0.0,1.0,0.0,0.0,1.0,0.0,0.0,1.0,0.0,0.0,1.0,0.0,0.0,1.0,0.0,0.0,0.0,1.0,0.0,1.0,0.0,4.0,1.0,0.0,0.0,0.7554587531936576,1.0,0.0,0.0,1.0,0.0,0.0,1.0,0.0,0.0
8559-CIZFV,0,-0.46303730927815856,0.4233696251233959,-0.29043390276943887,0.0,1.0,0.0,1.0,0.0,1.0,0.0,1.0,0.0,0.0,1.0,1.0,0.0,0.0,0.0,0.0,1.0,0.0,0.0,1.0,1.0,0.0,0.0,0.0,0.0,1.0,0.0,0.0,1.0,1.0,0.0,0.0,0.0,1.0,0.0,1.0,0.0,0.0,0.0,0.0,1.0,0.0,1.0,7.0,0.0,0.0,1.0,0.6272365033007905,0.0,0.0,1.0,0.0,0.0,1.0,0.0,0.0,1.0
1090-PYKCI,0,1.4915401492832983,1.3406815692150957,2.184539538950277,1.0,0.0,0.0,1.0,0.0,1.0,0.0,1.0,0.0,0.0,1.0,0.0,1.0,0.0,0.0,0.0,1.0,0.0,0.0,1.0,0.0,0.0,1.0,0.0,0.0,1.0,0.0,0.0,1.0,1.0,0.0,0.0,0.0,1.0,0.0,0.0,1.0,0.0,1.0,0.0,0.0,1.0,0.0,8.0,0.0,1.0,0.0,1.4646200036921384,0.0,1.0,0.0,0.0,1.0,0.0,0.0,1.0,0.0
3058-WQDRE,0,-0.7888002190384014,-1.3165318340505352,-0.8609554732639041,0.0,1.0,1.0,0.0,1.0,0.0,1.0,0.0,0.0,1.0,0.0,1.0,0.0,0.0,1.0,0.0,0.0,1.0,0.0,0.0,1.0,0.0,0.0,1.0,0.0,0.0,1.0,0.0,0.0,1.0,0.0,0.0,1.0,0.0,0.0,0.0,1.0,1.0,0.0,0.0,0.0,1.0,0.0,1.0,1.0,0.0,0.0,1.091474688373521,1.0,0.0,0.0,1.0,0.0,0.0,1.0,0.0,0.0
7547-EKNFS,0,0.3920903288424788,1.0133075601823696,0.7394520563874684,0.0,1.0,0.0,1.0,1.0,0.0,0.0,1.0,0.0,0.0,1.0,0.0,1.0,0.0,1.0,0.0,0.0,0.0,0.0,1.0,0.0,0.0,1.0,1.0,0.0,0.0,0.0,0.0,1.0,1.0,0.0,0.0,1.0,0.0,0.0,0.0,1.0,1.0,0.0,0.0,0.0,0.0,1.0,6.0,0.0,0.0,1.0,1.885922712173146,0.0,0.0,1.0,0.0,0.0,1.0,0.0,0.0,1.0
2279-AXJJK,0,0.7992939660427822,1.0266019361836989,1.2375747638589727,0.0,1.0,0.0,1.0,1.0,0.0,0.0,1.0,0.0,0.0,1.0,0.0,1.0,0.0,1.0,0.0,0.0,0.0,0.0,1.0,1.0,0.0,0.0,0.0,0.0,1.0,1.0,0.0,0.0,0.0,0.0,1.0,1.0,0.0,0.0,0.0,1.0,0.0,1.0,0.0,0.0,1.0,0.0,6.0,0.0,1.0,0.0,1.5483349261174473,0.0,1.0,0.0,0.0,1.0,0.0,0.0,1.0,0.0
6769-DYBQN,1,0.5549717837226001,0.6726391751483144,0.7438859904117265,0.0,1.0,1.0,0.0,1.0,0.0,0.0,1.0,1.0,0.0,0.0,0.0,1.0,0.0,0.0,0.0,1.0,1.0,0.0,0.0,1.0,0.0,0.0,1.0,0.0,0.0,1.0,0.0,0.0,0.0,0.0,1.0,1.0,0.0,0.0,1.0,0.0,0.0,0.0,1.0,0.0,0.0,1.0,4.0,0.0,1.0,0.0,1.3404032641478476,0.0,1.0,0.0,0.0,1.0,0.0,0.0,1.0,0.0
0909-SELIE,0,1.1657772395230555,0.53304822713436,1.1371825561753977,0.0,1.0,0.0,1.0,1.0,0.0,0.0,1.0,0.0,0.0,1.0,1.0,0.0,0.0,0.0,0.0,1.0,0.0,0.0,1.0,0.0,0.0,1.0,0.0,0.0,1.0,1.0,0.0,0.0,0.0,0.0,1.0,0.0,0.0,1.0,0.0,1.0,1.0,0.0,0.0,0.0,1.0,0.0,8.0,0.0,1.0,0.0,0.9754715717735607,0.0,1.0,0.0,0.0,1.0,0.0,0.0,1.0,0.0
3417-TSCIC,0,-0.13727439951791576,-1.3265026160515319,-0.6596857516851429,0.0,1.0,1.0,0.0,1.0,0.0,1.0,0.0,0.0,1.0,0.0,1.0,0.0,0.0,1.0,0.0,0.0,1.0,0.0,0.0,1.0,0.0,0.0,1.0,0.0,0.0,1.0,0.0,0.0,1.0,0.0,0.0,0.0,1.0,0.0,0.0,1.0,0.0,0.0,0.0,1.0,1.0,0.0,1.0,0.0,0.0,1.0,4.805599252313954,0.0,0.0,1.0,0.0,0.0,1.0,0.0,0.0,1.0
1042-HFUCW,0,-0.30015585439803716,-0.3327480099521901,-0.4486657871276649,1.0,0.0,1.0,0.0,0.0,1.0,0.0,1.0,1.0,0.0,0.0,1.0,0.0,0.0,1.0,0.0,0.0,0.0,0.0,1.0,1.0,0.0,0.0,0.0,0.0,1.0,1.0,0.0,0.0,1.0,0.0,0.0,0.0,1.0,0.0,0.0,1.0,0.0,1.0,0.0,0.0,1.0,0.0,4.0,0.0,0.0,1.0,1.4947760656791604,0.0,0.0,1.0,0.0,0.0,1.0,0.0,0.0,1.0
4439-JMPMT,0,-1.1145631287986442,0.6975661301508063,-0.799586296868451,1.0,0.0,0.0,1.0,0.0,1.0,0.0,1.0,1.0,0.0,0.0,0.0,1.0,0.0,1.0,0.0,0.0,1.0,0.0,0.0,1.0,0.0,0.0,0.0,0.0,1.0,0.0,0.0,1.0,1.0,0.0,0.0,1.0,0.0,0.0,0.0,1.0,0.0,0.0,1.0,0.0,0.0,1.0,4.0,1.0,0.0,0.0,0.717398841042142,1.0,0.0,0.0,1.0,0.0,0.0,1.0,0.0,0.0
6537-OTKMY,0,-0.7073594915983407,-0.46569176996548,-0.7037383200754087,0.0,1.0,1.0,0.0,1.0,0.0,1.0,0.0,0.0,1.0,0.0,1.0,0.0,0.0,1.0,0.0,0.0,1.0,0.0,0.0,0.0,0.0,1.0,1.0,0.0,0.0,0.0,0.0,1.0,0.0,0.0,1.0,0.0,1.0,0.0,1.0,0.0,0.0,0.0,1.0,0.0,1.0,0.0,4.0,1.0,0.0,0.0,0.9948807196822232,1.0,0.0,0.0,1.0,0.0,0.0,1.0,0.0,0.0
8999-EXMNO,0,-0.5444780367182193,-1.4827115340671475,-0.8363151533380517,1.0,0.0,0.0,1.0,0.0,1.0,0.0,1.0,1.0,0.0,0.0,0.0,0.0,1.0,0.0,1.0,0.0,0.0,1.0,0.0,0.0,1.0,0.0,0.0,1.0,0.0,0.0,1.0,0.0,0.0,1.0,0.0,0.0,0.0,1.0,1.0,0.0,0.0,0.0,0.0,1.0,1.0,0.0,1.0,1.0,0.0,0.0,1.5359942861586267,1.0,0.0,0.0,1.0,0.0,0.0,1.0,0.0,0.0
6725-TPKJO,0,0.47353105628253944,-1.4860351280674797,-0.6344498286814052,0.0,1.0,1.0,0.0,1.0,0.0,0.0,1.0,1.0,0.0,0.0,0.0,0.0,1.0,0.0,1.0,0.0,0.0,1.0,0.0,0.0,1.0,0.0,0.0,1.0,0.0,0.0,1.0,0.0,0.0,1.0,0.0,0.0,0.0,1.0,1.0,0.0,0.0,0.0,0.0,1.0,1.0,0.0,1.0,0.0,0.0,1.0,-1.3398272832666147,0.0,0.0,1.0,0.0,0.0,1.0,0.0,0.0,1.0
2446-BEGGB,1,-1.0738427650786138,1.113015380192337,-0.7600338406222082,1.0,0.0,1.0,0.0,1.0,0.0,0.0,1.0,0.0,0.0,1.0,0.0,1.0,0.0,1.0,0.0,0.0,0.0,0.0,1.0,1.0,0.0,0.0,1.0,0.0,0.0,0.0,0.0,1.0,0.0,0.0,1.0,1.0,0.0,0.0,0.0,1.0,0.0,0.0,1.0,0.0,0.0,1.0,6.0,1.0,0.0,0.0,0.7077701366890224,1.0,0.0,0.0,1.0,0.0,0.0,1.0,0.0,0.0
7162-WPHPM,0,1.0436161483629645,0.22727757910379318,0.8589697406831422,0.0,1.0,0.0,1.0,0.0,1.0,0.0,1.0,0.0,0.0,1.0,1.0,0.0,0.0,0.0,0.0,1.0,0.0,0.0,1.0,0.0,0.0,1.0,0.0,0.0,1.0,1.0,0.0,0.0,1.0,0.0,0.0,0.0,0.0,1.0,1.0,0.0,0.0,1.0,0.0,0.0,1.0,0.0,7.0,0.0,1.0,0.0,0.8230705724806368,0.0,1.0,0.0,0.0,1.0,0.0,0.0,1.0,0.0
1599-MMYRQ,0,1.2064976032430856,0.5546515881365197,1.1910956644106552,0.0,1.0,0.0,1.0,0.0,1.0,0.0,1.0,1.0,0.0,0.0,0.0,1.0,0.0,0.0,0.0,1.0,0.0,0.0,1.0,1.0,0.0,0.0,1.0,0.0,0.0,1.0,0.0,0.0,1.0,0.0,0.0,0.0,1.0,0.0,0.0,1.0,0.0,1.0,0.0,0.0,1.0,0.0,4.0,0.0,1.0,0.0,0.9872341737016056,0.0,1.0,0.0,0.0,1.0,0.0,0.0,1.0,0.0
8821-KVZKQ,0,1.5322605130033284,-0.2114368289400632,0.8073066885198958,1.0,0.0,0.0,1.0,0.0,1.0,1.0,0.0,0.0,1.0,0.0,1.0,0.0,0.0,1.0,0.0,0.0,0.0,0.0,1.0,0.0,0.0,1.0,0.0,0.0,1.0,0.0,0.0,1.0,0.0,0.0,1.0,0.0,1.0,0.0,0.0,1.0,1.0,0.0,0.0,0.0,1.0,0.0,6.0,0.0,1.0,0.0,0.5268729969015016,0.0,1.0,0.0,0.0,1.0,0.0,0.0,1.0,0.0
1496-GGSUK,1,-1.2774445836787656,-1.2982520670487077,-0.9960250157043639,1.0,0.0,1.0,0.0,1.0,0.0,1.0,0.0,0.0,1.0,0.0,1.0,0.0,0.0,1.0,0.0,0.0,1.0,0.0,0.0,1.0,0.0,0.0,1.0,0.0,0.0,1.0,0.0,0.0,1.0,0.0,0.0,1.0,0.0,0.0,0.0,1.0,0.0,0.0,0.0,1.0,0.0,1.0,1.0,1.0,0.0,0.0,0.7797011537173896,1.0,0.0,0.0,1.0,0.0,0.0,1.0,0.0,0.0
6434-TTGJP,0,-0.9109613101984924,-0.36764574695567864,-0.7775048642401805,0.0,1.0,0.0,1.0,0.0,1.0,1.0,0.0,0.0,1.0,0.0,1.0,0.0,0.0,0.0,0.0,1.0,0.0,0.0,1.0,0.0,0.0,1.0,0.0,0.0,1.0,1.0,0.0,0.0,0.0,0.0,1.0,0.0,0.0,1.0,1.0,0.0,0.0,1.0,0.0,0.0,1.0,0.0,6.0,1.0,0.0,0.0,0.8534993259711188,1.0,0.0,0.0,1.0,0.0,0.0,1.0,0.0,0.0
0042-JVWOJ,0,-0.2594354906780068,-1.5009913010689746,-0.7991892281498607,0.0,1.0,1.0,0.0,1.0,0.0,0.0,1.0,1.0,0.0,0.0,0.0,0.0,1.0,0.0,1.0,0.0,0.0,1.0,0.0,0.0,1.0,0.0,0.0,1.0,0.0,0.0,1.0,0.0,0.0,1.0,0.0,0.0,1.0,0.0,0.0,1.0,1.0,0.0,0.0,0.0,1.0,0.0,1.0,0.0,0.0,1.0,3.0804930584526637,0.0,0.0,1.0,0.0,0.0,1.0,0.0,0.0,1.0
0130-SXOUN,0,1.369379058123207,0.8188773111629334,1.6295698266005976,0.0,1.0,1.0,0.0,1.0,0.0,0.0,1.0,0.0,0.0,1.0,0.0,1.0,0.0,1.0,0.0,0.0,0.0,0.0,1.0,1.0,0.0,0.0,1.0,0.0,0.0,1.0,0.0,0.0,0.0,0.0,1.0,1.0,0.0,0.0,1.0,0.0,0.0,1.0,0.0,0.0,1.0,0.0,5.0,0.0,1.0,0.0,1.190006387883566,0.0,1.0,0.0,0.0,1.0,0.0,0.0,1.0,0.0
2575-GFSOE,0,-1.0331224013585834,0.14086413509515497,-0.7837256074980948,1.0,0.0,0.0,1.0,0.0,1.0,0.0,1.0,1.0,0.0,0.0,0.0,1.0,0.0,1.0,0.0,0.0,1.0,0.0,0.0,1.0,0.0,0.0,1.0,0.0,0.0,1.0,0.0,0.0,1.0,0.0,0.0,1.0,0.0,0.0,0.0,1.0,0.0,0.0,1.0,0.0,0.0,1.0,2.0,1.0,0.0,0.0,0.7585989873682681,1.0,0.0,0.0,1.0,0.0,0.0,1.0,0.0,0.0
2330-PQGDQ,0,0.758573602322752,0.6460504231456565,0.8896322695076138,0.0,1.0,0.0,1.0,0.0,1.0,0.0,1.0,0.0,0.0,1.0,0.0,1.0,0.0,1.0,0.0,0.0,0.0,0.0,1.0,1.0,0.0,0.0,0.0,0.0,1.0,1.0,0.0,0.0,1.0,0.0,0.0,0.0,1.0,0.0,1.0,0.0,1.0,0.0,0.0,0.0,1.0,0.0,5.0,0.0,1.0,0.0,1.1727698759666303,0.0,1.0,0.0,0.0,1.0,0.0,0.0,1.0,0.0
1452-UZOSF,0,1.6137012404433893,1.3739175092184182,2.322984165498754,0.0,1.0,0.0,1.0,0.0,1.0,0.0,1.0,0.0,0.0,1.0,0.0,1.0,0.0,0.0,0.0,1.0,0.0,0.0,1.0,0.0,0.0,1.0,0.0,0.0,1.0,0.0,0.0,1.0,1.0,0.0,0.0,0.0,0.0,1.0,0.0,1.0,0.0,1.0,0.0,0.0,1.0,0.0,8.0,0.0,1.0,0.0,1.4395379437525118,0.0,1.0,0.0,0.0,1.0,0.0,0.0,1.0,0.0
2097-YVPKN,0,1.3286586944031769,-1.2965902700485417,-0.27730857568270467,0.0,1.0,1.0,0.0,1.0,0.0,0.0,1.0,0.0,0.0,1.0,0.0,0.0,1.0,0.0,1.0,0.0,0.0,1.0,0.0,0.0,1.0,0.0,0.0,1.0,0.0,0.0,1.0,0.0,0.0,1.0,0.0,0.0,0.0,1.0,1.0,0.0,0.0,0.0,0.0,1.0,1.0,0.0,2.0,0.0,1.0,0.0,-0.2087131758147035,0.0,1.0,0.0,0.0,1.0,0.0,0.0,1.0,0.0
2842-JTCCU,0,-1.2367242199587352,-0.6219006879810957,-0.9719141207366319,0.0,1.0,1.0,0.0,1.0,0.0,0.0,1.0,1.0,0.0,0.0,1.0,0.0,0.0,1.0,0.0,0.0,1.0,0.0,0.0,1.0,0.0,0.0,1.0,0.0,0.0,1.0,0.0,0.0,1.0,0.0,0.0,1.0,0.0,0.0,1.0,0.0,1.0,0.0,0.0,0.0,0.0,1.0,2.0,1.0,0.0,0.0,0.7858778093381732,1.0,0.0,0.0,1.0,0.0,0.0,1.0,0.0,0.0
8597-CTXVJ,0,1.5322605130033284,0.006258578081699082,1.0007012138466167,0.0,1.0,1.0,0.0,0.0,1.0,0.0,1.0,0.0,0.0,1.0,1.0,0.0,0.0,0.0,0.0,1.0,0.0,0.0,1.0,1.0,0.0,0.0,0.0,0.0,1.0,1.0,0.0,0.0,1.0,0.0,0.0,0.0,1.0,0.0,1.0,0.0,1.0,0.0,0.0,0.0,1.0,0.0,6.0,0.0,1.0,0.0,0.6530881696384503,0.0,1.0,0.0,0.0,1.0,0.0,0.0,1.0,0.0
6631-HMANX,0,1.6137012404433893,0.6875953481498096,1.7401314053547352,0.0,1.0,0.0,1.0,1.0,0.0,0.0,1.0,0.0,0.0,1.0,1.0,0.0,0.0,1.0,0.0,0.0,0.0,0.0,1.0,0.0,0.0,1.0,0.0,0.0,1.0,0.0,0.0,1.0,0.0,0.0,1.0,0.0,0.0,1.0,0.0,1.0,0.0,1.0,0.0,0.0,1.0,0.0,8.0,0.0,1.0,0.0,1.0783479381081762,0.0,1.0,0.0,0.0,1.0,0.0,0.0,1.0,0.0
9962-BFPDU,0,-1.2774445836787656,-1.4860351280674797,-0.9985177248821804,1.0,0.0,0.0,1.0,0.0,1.0,0.0,1.0,1.0,0.0,0.0,0.0,0.0,1.0,0.0,1.0,0.0,0.0,1.0,0.0,0.0,1.0,0.0,0.0,1.0,0.0,0.0,1.0,0.0,0.0,1.0,0.0,1.0,0.0,0.0,1.0,0.0,0.0,0.0,0.0,1.0,1.0,0.0,1.0,1.0,0.0,0.0,0.7816524784242805,1.0,0.0,0.0,1.0,0.0,0.0,1.0,0.0,0.0
3296-SILRA,1,-1.2774445836787656,0.3868100911197414,-0.973656811223778,1.0,0.0,0.0,1.0,1.0,0.0,0.0,1.0,1.0,0.0,0.0,0.0,1.0,0.0,1.0,0.0,0.0,0.0,0.0,1.0,1.0,0.0,0.0,1.0,0.0,0.0,1.0,0.0,0.0,1.0,0.0,0.0,1.0,0.0,0.0,0.0,1.0,0.0,0.0,0.0,1.0,0.0,1.0,3.0,1.0,0.0,0.0,0.7621910364360823,1.0,0.0,0.0,1.0,0.0,0.0,1.0,0.0,0.0
9681-OXGVC,0,-1.1145631287986442,1.1877962451998125,-0.7805931764958827,1.0,0.0,1.0,0.0,1.0,0.0,0.0,1.0,0.0,0.0,1.0,0.0,1.0,0.0,1.0,0.0,0.0,1.0,0.0,0.0,0.0,0.0,1.0,1.0,0.0,0.0,0.0,0.0,1.0,0.0,0.0,1.0,1.0,0.0,0.0,0.0,1.0,0.0,0.0,1.0,0.0,0.0,1.0,6.0,1.0,0.0,0.0,0.7003579755390453,1.0,0.0,0.0,1.0,0.0,0.0,1.0,0.0,0.0
6394-HHHZM,0,-1.1960038562387048,-1.46443176706532,-0.9819952543141739,0.0,1.0,1.0,0.0,1.0,0.0,0.0,1.0,1.0,0.0,0.0,0.0,0.0,1.0,0.0,1.0,0.0,0.0,1.0,0.0,0.0,1.0,0.0,0.0,1.0,0.0,0.0,1.0,0.0,0.0,1.0,0.0,1.0,0.0,0.0,1.0,0.0,0.0,0.0,0.0,1.0,1.0,0.0,1.0,1.0,0.0,0.0,0.8210636188100903,1.0,0.0,0.0,1.0,0.0,0.0,1.0,0.0,0.0
5995-LFTLE,0,1.0436161483629645,-1.3115464430500368,-0.35689879438680056,0.0,1.0,1.0,0.0,1.0,0.0,0.0,1.0,0.0,0.0,1.0,0.0,0.0,1.0,0.0,1.0,0.0,0.0,1.0,0.0,0.0,1.0,0.0,0.0,1.0,0.0,0.0,1.0,0.0,0.0,1.0,0.0,0.0,0.0,1.0,0.0,1.0,0.0,1.0,0.0,0.0,1.0,0.0,2.0,0.0,1.0,0.0,-0.34198282093146853,0.0,1.0,0.0,0.0,1.0,0.0,0.0,1.0,0.0
5180-UCIIQ,1,-0.4223169455581282,-0.8213163280010305,-0.6190303267761493,0.0,1.0,0.0,1.0,0.0,1.0,1.0,0.0,0.0,1.0,0.0,1.0,0.0,0.0,0.0,0.0,1.0,1.0,0.0,0.0,1.0,0.0,0.0,1.0,0.0,0.0,1.0,0.0,0.0,0.0,0.0,1.0,1.0,0.0,0.0,1.0,0.0,0.0,0.0,0.0,1.0,0.0,1.0,3.0,0.0,0.0,1.0,1.4657956146136817,0.0,0.0,1.0,0.0,0.0,1.0,0.0,0.0,1.0
1932-UEDCX,1,0.025607055362205634,1.1911198392001445,0.4354297741868452,0.0,1.0,0.0,1.0,1.0,0.0,0.0,1.0,0.0,0.0,1.0,0.0,1.0,0.0,1.0,0.0,0.0,0.0,0.0,1.0,1.0,0.0,0.0,1.0,0.0,0.0,0.0,0.0,1.0,0.0,0.0,1.0,1.0,0.0,0.0,0.0,1.0,1.0,0.0,0.0,0.0,1.0,0.0,6.0,0.0,0.0,1.0,17.00428917061317,0.0,0.0,1.0,0.0,0.0,1.0,0.0,0.0,1.0
7153-OANIO,0,-1.2774445836787656,0.1724382780983114,-0.9765024703736751,0.0,1.0,1.0,0.0,1.0,0.0,0.0,1.0,1.0,0.0,0.0,0.0,1.0,0.0,1.0,0.0,0.0,1.0,0.0,0.0,1.0,0.0,0.0,1.0,0.0,0.0,1.0,0.0,0.0,1.0,0.0,0.0,1.0,0.0,0.0,1.0,0.0,0.0,0.0,1.0,0.0,0.0,1.0,2.0,1.0,0.0,0.0,0.7644186549067812,1.0,0.0,0.0,1.0,0.0,0.0,1.0,0.0,0.0
5188-HGMLP,1,0.880734693482843,0.3070438351117673,0.7217163202904361,0.0,1.0,0.0,1.0,1.0,0.0,0.0,1.0,0.0,0.0,1.0,0.0,1.0,0.0,1.0,0.0,0.0,1.0,0.0,0.0,1.0,0.0,0.0,1.0,0.0,0.0,1.0,0.0,0.0,1.0,0.0,0.0,1.0,0.0,0.0,1.0,0.0,1.0,0.0,0.0,0.0,1.0,0.0,3.0,0.0,1.0,0.0,0.8194480422207819,0.0,1.0,0.0,0.0,1.0,0.0,0.0,1.0,0.0
0665-XHDJU,0,1.6137012404433893,1.1512367111961581,2.2069959809238826,0.0,1.0,0.0,1.0,1.0,0.0,0.0,1.0,0.0,0.0,1.0,0.0,1.0,0.0,1.0,0.0,0.0,0.0,0.0,1.0,1.0,0.0,0.0,1.0,0.0,0.0,0.0,0.0,1.0,0.0,0.0,1.0,0.0,0.0,1.0,0.0,1.0,0.0,0.0,1.0,0.0,1.0,0.0,6.0,0.0,1.0,0.0,1.367660831888235,0.0,1.0,0.0,0.0,1.0,0.0,0.0,1.0,0.0
6521-YYTYI,0,-1.2774445836787656,0.9484974771758907,-0.9662007430635827,0.0,1.0,1.0,0.0,0.0,1.0,0.0,1.0,0.0,0.0,1.0,0.0,1.0,0.0,1.0,0.0,0.0,1.0,0.0,0.0,1.0,0.0,0.0,1.0,0.0,0.0,0.0,0.0,1.0,0.0,0.0,1.0,1.0,0.0,0.0,0.0,1.0,0.0,0.0,1.0,0.0,0.0,1.0,5.0,1.0,0.0,0.0,0.7563543306756466,1.0,0.0,0.0,1.0,0.0,0.0,1.0,0.0,0.0
8878-HMWBV,0,-1.1960038562387048,-0.518869273970796,-0.9327807925822343,0.0,1.0,1.0,0.0,1.0,0.0,0.0,1.0,1.0,0.0,0.0,1.0,0.0,0.0,1.0,0.0,0.0,1.0,0.0,0.0,0.0,0.0,1.0,1.0,0.0,0.0,1.0,0.0,0.0,1.0,0.0,0.0,1.0,0.0,0.0,0.0,1.0,0.0,0.0,1.0,0.0,0.0,1.0,3.0,1.0,0.0,0.0,0.7799145359913162,1.0,0.0,0.0,1.0,0.0,0.0,1.0,0.0,0.0
8265-HKSOW,0,1.6137012404433893,1.4187860282229037,2.371382430420258,1.0,0.0,0.0,1.0,0.0,1.0,0.0,1.0,0.0,0.0,1.0,0.0,1.0,0.0,0.0,0.0,1.0,0.0,0.0,1.0,0.0,0.0,1.0,0.0,0.0,1.0,1.0,0.0,0.0,0.0,0.0,1.0,0.0,0.0,1.0,1.0,0.0,0.0,1.0,0.0,0.0,1.0,0.0,8.0,0.0,1.0,0.0,1.4695300288476474,0.0,1.0,0.0,0.0,1.0,0.0,0.0,1.0,0.0
3544-FBCAS,0,1.6137012404433893,0.6261088591436628,1.6218049272148323,1.0,0.0,0.0,1.0,0.0,1.0,0.0,1.0,0.0,0.0,1.0,1.0,0.0,0.0,0.0,0.0,1.0,0.0,0.0,1.0,0.0,0.0,1.0,1.0,0.0,0.0,0.0,0.0,1.0,0.0,0.0,1.0,0.0,0.0,1.0,0.0,1.0,0.0,1.0,0.0,0.0,1.0,0.0,8.0,0.0,1.0,0.0,1.0050218011663772,0.0,1.0,0.0,0.0,1.0,0.0,0.0,1.0,0.0
5331-RGMTT,1,0.880734693482843,1.1396041321949948,1.3290329253742668,0.0,1.0,0.0,1.0,1.0,0.0,0.0,1.0,0.0,0.0,1.0,0.0,1.0,0.0,1.0,0.0,0.0,1.0,0.0,0.0,0.0,0.0,1.0,1.0,0.0,0.0,0.0,0.0,1.0,0.0,0.0,1.0,1.0,0.0,0.0,0.0,1.0,0.0,1.0,0.0,0.0,1.0,0.0,6.0,0.0,1.0,0.0,1.5090048515275807,0.0,1.0,0.0,0.0,1.0,0.0,0.0,1.0,0.0
4759-PXTAN,0,1.0843365120829946,0.5097830691320341,1.0632174776513303,1.0,0.0,0.0,1.0,1.0,0.0,0.0,1.0,0.0,0.0,1.0,1.0,0.0,0.0,1.0,0.0,0.0,0.0,0.0,1.0,1.0,0.0,0.0,0.0,0.0,1.0,0.0,0.0,1.0,0.0,0.0,1.0,0.0,1.0,0.0,0.0,1.0,0.0,0.0,1.0,0.0,1.0,0.0,7.0,0.0,1.0,0.0,0.9805235420957145,0.0,1.0,0.0,0.0,1.0,0.0,0.0,1.0,0.0
7054-DMVAS,0,0.880734693482843,0.017891157082861757,0.5424839125934353,0.0,1.0,1.0,0.0,1.0,0.0,0.0,1.0,1.0,0.0,0.0,1.0,0.0,0.0,0.0,0.0,1.0,0.0,0.0,1.0,1.0,0.0,0.0,1.0,0.0,0.0,0.0,0.0,1.0,1.0,0.0,0.0,0.0,0.0,1.0,0.0,1.0,1.0,0.0,0.0,0.0,1.0,0.0,5.0,0.0,1.0,0.0,0.6159447522706258,0.0,1.0,0.0,0.0,1.0,0.0,0.0,1.0,0.0
3428-MMGUB,0,1.125056875803025,0.8238627021634315,1.300576333875297,0.0,1.0,1.0,0.0,1.0,0.0,0.0,1.0,0.0,0.0,1.0,0.0,1.0,0.0,1.0,0.0,0.0,1.0,0.0,0.0,0.0,0.0,1.0,1.0,0.0,0.0,0.0,0.0,1.0,1.0,0.0,0.0,0.0,0.0,1.0,0.0,1.0,0.0,0.0,1.0,0.0,1.0,0.0,5.0,0.0,1.0,0.0,1.156009408810548,0.0,1.0,0.0,0.0,1.0,0.0,0.0,1.0,0.0
6549-BTYPG,0,1.125056875803025,-0.13167057293208934,0.5824334375582683,1.0,0.0,0.0,1.0,1.0,0.0,1.0,0.0,0.0,1.0,0.0,1.0,0.0,0.0,1.0,0.0,0.0,0.0,0.0,1.0,0.0,0.0,1.0,0.0,0.0,1.0,0.0,0.0,1.0,0.0,0.0,1.0,0.0,0.0,1.0,1.0,0.0,0.0,1.0,0.0,0.0,1.0,0.0,6.0,0.0,1.0,0.0,0.5176924385645377,0.0,1.0,0.0,0.0,1.0,0.0,0.0,1.0,0.0
7823-JSOAG,0,-1.1960038562387048,0.3236618051134285,-0.9114273192713795,0.0,1.0,1.0,0.0,1.0,0.0,0.0,1.0,0.0,0.0,1.0,0.0,1.0,0.0,1.0,0.0,0.0,1.0,0.0,0.0,1.0,0.0,0.0,1.0,0.0,0.0,1.0,0.0,0.0,1.0,0.0,0.0,1.0,0.0,0.0,1.0,0.0,0.0,0.0,1.0,0.0,1.0,0.0,3.0,1.0,0.0,0.0,0.7620605188830362,1.0,0.0,0.0,1.0,0.0,0.0,1.0,0.0,0.0
3705-RHRFR,0,1.4915401492832983,1.1429277261953275,2.025954704619971,1.0,0.0,0.0,1.0,1.0,0.0,0.0,1.0,0.0,0.0,1.0,0.0,1.0,0.0,0.0,0.0,1.0,1.0,0.0,0.0,1.0,0.0,0.0,1.0,0.0,0.0,0.0,0.0,1.0,0.0,0.0,1.0,0.0,0.0,1.0,1.0,0.0,1.0,0.0,0.0,0.0,1.0,0.0,6.0,0.0,1.0,0.0,1.3582971303812805,0.0,1.0,0.0,0.0,1.0,0.0,0.0,1.0,0.0
9374-YOLBJ,0,-1.2774445836787656,-1.5126238800701375,-0.9988706748542607,1.0,0.0,0.0,1.0,0.0,1.0,0.0,1.0,1.0,0.0,0.0,0.0,0.0,1.0,0.0,1.0,0.0,0.0,1.0,0.0,0.0,1.0,0.0,0.0,1.0,0.0,0.0,1.0,0.0,0.0,1.0,0.0,1.0,0.0,0.0,1.0,0.0,0.0,0.0,1.0,0.0,1.0,0.0,1.0,1.0,0.0,0.0,0.7819287721880882,1.0,0.0,0.0,1.0,0.0,0.0,1.0,0.0,0.0
9074-KGVOX,0,0.7178532386027215,-0.8412578920030237,-0.11556925097693127,0.0,1.0,0.0,1.0,0.0,1.0,1.0,0.0,0.0,1.0,0.0,1.0,0.0,0.0,0.0,0.0,1.0,1.0,0.0,0.0,1.0,0.0,0.0,1.0,0.0,0.0,0.0,0.0,1.0,1.0,0.0,0.0,1.0,0.0,0.0,0.0,1.0,0.0,1.0,0.0,0.0,1.0,0.0,3.0,0.0,1.0,0.0,-0.16099286701259874,0.0,1.0,0.0,0.0,1.0,0.0,0.0,1.0,0.0
6128-DAFVY,0,0.9621754209229036,-0.6617838159850825,0.1242602550515969,1.0,0.0,1.0,0.0,1.0,0.0,1.0,0.0,0.0,1.0,0.0,1.0,0.0,0.0,1.0,0.0,0.0,1.0,0.0,0.0,1.0,0.0,0.0,1.0,0.0,0.0,0.0,0.0,1.0,0.0,0.0,1.0,1.0,0.0,0.0,0.0,1.0,0.0,1.0,0.0,0.0,1.0,0.0,3.0,0.0,1.0,0.0,0.12914511465321823,0.0,1.0,0.0,0.0,1.0,0.0,0.0,1.0,0.0
9933-QRGTX,0,1.125056875803025,1.0781176431888486,1.4684702237192198,1.0,0.0,0.0,1.0,1.0,0.0,0.0,1.0,1.0,0.0,0.0,0.0,1.0,0.0,0.0,0.0,1.0,1.0,0.0,0.0,1.0,0.0,0.0,0.0,0.0,1.0,0.0,0.0,1.0,0.0,0.0,1.0,0.0,0.0,1.0,0.0,1.0,0.0,0.0,1.0,0.0,1.0,0.0,6.0,0.0,1.0,0.0,1.3052408774188227,0.0,1.0,0.0,0.0,1.0,0.0,0.0,1.0,0.0
4476-OSWTN,1,1.4915401492832983,1.5218174422332031,2.350117194602423,0.0,1.0,0.0,1.0,1.0,0.0,0.0,1.0,0.0,0.0,1.0,0.0,1.0,0.0,0.0,0.0,1.0,1.0,0.0,0.0,0.0,0.0,1.0,0.0,0.0,1.0,0.0,0.0,1.0,0.0,0.0,1.0,0.0,1.0,0.0,0.0,1.0,0.0,0.0,0.0,1.0,1.0,0.0,8.0,0.0,1.0,0.0,1.5756311995568344,0.0,1.0,0.0,0.0,1.0,0.0,0.0,1.0,0.0
3751-KTZEL,0,-1.2774445836787656,-0.9874960280176428,-0.9918999129056758,1.0,0.0,1.0,0.0,1.0,0.0,1.0,0.0,0.0,1.0,0.0,1.0,0.0,0.0,1.0,0.0,0.0,1.0,0.0,0.0,1.0,0.0,0.0,1.0,0.0,0.0,1.0,0.0,0.0,0.0,0.0,1.0,1.0,0.0,0.0,1.0,0.0,0.0,0.0,0.0,1.0,0.0,1.0,2.0,1.0,0.0,0.0,0.776471970352888,1.0,0.0,0.0,1.0,0.0,0.0,1.0,0.0,0.0
1977-STDKI,1,-1.2774445836787656,0.27380789510844483,-0.9751568486051191,1.0,0.0,1.0,0.0,1.0,0.0,0.0,1.0,1.0,0.0,0.0,0.0,1.0,0.0,1.0,0.0,0.0,0.0,0.0,1.0,1.0,0.0,0.0,1.0,0.0,0.0,1.0,0.0,0.0,1.0,0.0,0.0,1.0,0.0,0.0,0.0,1.0,0.0,0.0,1.0,0.0,0.0,1.0,3.0,1.0,0.0,0.0,0.7633652849322646,1.0,0.0,0.0,1.0,0.0,0.0,1.0,0.0,0.0
5066-GFJMM,0,-1.1960038562387048,-1.491020519067978,-0.9871792070291026,1.0,0.0,0.0,1.0,1.0,0.0,0.0,1.0,1.0,0.0,0.0,0.0,0.0,1.0,0.0,1.0,0.0,0.0,1.0,0.0,0.0,1.0,0.0,0.0,1.0,0.0,0.0,1.0,0.0,0.0,1.0,0.0,1.0,0.0,0.0,0.0,1.0,0.0,0.0,0.0,1.0,1.0,0.0,1.0,1.0,0.0,0.0,0.8253980134593112,1.0,0.0,0.0,1.0,0.0,0.0,1.0,0.0,0.0
2661-GKBTK,0,1.125056875803025,0.40508985812156867,0.9973702484851092,0.0,1.0,0.0,1.0,0.0,1.0,0.0,1.0,1.0,0.0,0.0,1.0,0.0,0.0,1.0,0.0,0.0,0.0,0.0,1.0,1.0,0.0,0.0,0.0,0.0,1.0,0.0,0.0,1.0,0.0,0.0,1.0,0.0,0.0,1.0,1.0,0.0,1.0,0.0,0.0,0.0,1.0,0.0,6.0,0.0,1.0,0.0,0.8865065135246806,0.0,1.0,0.0,0.0,1.0,0.0,0.0,1.0,0.0
0458-HEUZG,0,-0.7888002190384014,-0.9758634490164798,-0.8086526992762623,1.0,0.0,1.0,0.0,1.0,0.0,1.0,0.0,0.0,1.0,0.0,1.0,0.0,0.0,1.0,0.0,0.0,1.0,0.0,0.0,0.0,0.0,1.0,0.0,0.0,1.0,1.0,0.0,0.0,1.0,0.0,0.0,0.0,0.0,1.0,1.0,0.0,0.0,0.0,0.0,1.0,1.0,0.0,3.0,1.0,0.0,0.0,1.0251679446312305,1.0,0.0,0.0,1.0,0.0,0.0,1.0,0.0,0.0
7268-WNTCP,0,1.2064976032430856,-1.4727407520661506,-0.4349889757095553,0.0,1.0,0.0,1.0,0.0,1.0,0.0,1.0,1.0,0.0,0.0,0.0,0.0,1.0,0.0,1.0,0.0,0.0,1.0,0.0,0.0,1.0,0.0,0.0,1.0,0.0,0.0,1.0,0.0,0.0,1.0,0.0,0.0,0.0,1.0,1.0,0.0,1.0,0.0,0.0,0.0,1.0,0.0,1.0,0.0,1.0,0.0,-0.3605386156924785,0.0,1.0,0.0,0.0,1.0,0.0,0.0,1.0,0.0
0824-VWDPO,0,0.5142514200025698,1.0631614701873533,0.952722077016958,1.0,0.0,1.0,0.0,1.0,0.0,0.0,1.0,0.0,0.0,1.0,0.0,1.0,0.0,0.0,0.0,1.0,0.0,0.0,1.0,1.0,0.0,0.0,1.0,0.0,0.0,1.0,0.0,0.0,0.0,0.0,1.0,0.0,1.0,0.0,1.0,0.0,1.0,0.0,0.0,0.0,1.0,0.0,6.0,0.0,1.0,0.0,1.8526386898692413,0.0,1.0,0.0,0.0,1.0,0.0,0.0,1.0,0.0
8409-WQJUX,0,-0.30015585439803716,-0.3510277769540174,-0.3794875925999363,1.0,0.0,1.0,0.0,1.0,0.0,1.0,0.0,0.0,1.0,0.0,1.0,0.0,0.0,1.0,0.0,0.0,1.0,0.0,0.0,0.0,0.0,1.0,0.0,0.0,1.0,0.0,0.0,1.0,0.0,0.0,1.0,0.0,1.0,0.0,1.0,0.0,0.0,0.0,1.0,0.0,1.0,0.0,5.0,0.0,0.0,1.0,1.2643018186701673,0.0,0.0,1.0,0.0,0.0,1.0,0.0,0.0,1.0
2578-JQPHZ,0,0.47353105628253944,1.1745018691984834,0.9243096042644983,0.0,1.0,1.0,0.0,1.0,0.0,0.0,1.0,1.0,0.0,0.0,0.0,1.0,0.0,1.0,0.0,0.0,1.0,0.0,0.0,0.0,0.0,1.0,0.0,0.0,1.0,0.0,0.0,1.0,0.0,0.0,1.0,0.0,0.0,1.0,1.0,0.0,1.0,0.0,0.0,0.0,1.0,0.0,6.0,0.0,0.0,1.0,1.951951391574611,0.0,0.0,1.0,0.0,0.0,1.0,0.0,0.0,1.0
3278-FSIXX,0,-1.2367242199587352,-0.6484894399837535,-0.9746274236469988,1.0,0.0,1.0,0.0,1.0,0.0,0.0,1.0,1.0,0.0,0.0,1.0,0.0,0.0,1.0,0.0,0.0,1.0,0.0,0.0,1.0,0.0,0.0,1.0,0.0,0.0,1.0,0.0,0.0,1.0,0.0,0.0,1.0,0.0,0.0,0.0,1.0,0.0,0.0,0.0,1.0,1.0,0.0,2.0,1.0,0.0,0.0,0.7880717527142135,1.0,0.0,0.0,1.0,0.0,0.0,1.0,0.0,0.0
5813-UECBU,1,0.025607055362205634,0.6344178441444933,0.1910339778945289,0.0,1.0,1.0,0.0,1.0,0.0,0.0,1.0,0.0,0.0,1.0,0.0,1.0,0.0,1.0,0.0,0.0,0.0,0.0,1.0,0.0,0.0,1.0,1.0,0.0,0.0,1.0,0.0,0.0,1.0,0.0,0.0,1.0,0.0,0.0,0.0,1.0,0.0,1.0,0.0,0.0,0.0,1.0,5.0,0.0,0.0,1.0,7.460208727337028,0.0,0.0,1.0,0.0,0.0,1.0,0.0,0.0,1.0
0328-GRPMV,0,-1.2774445836787656,0.1774236690988095,-0.97643629225391,1.0,0.0,1.0,0.0,1.0,0.0,0.0,1.0,1.0,0.0,0.0,0.0,1.0,0.0,1.0,0.0,0.0,1.0,0.0,0.0,1.0,0.0,0.0,1.0,0.0,0.0,1.0,0.0,0.0,1.0,0.0,0.0,1.0,0.0,0.0,0.0,1.0,0.0,0.0,1.0,0.0,0.0,1.0,2.0,1.0,0.0,0.0,0.7643668498260673,1.0,0.0,0.0,1.0,0.0,0.0,1.0,0.0,0.0
9746-UGFAC,0,-0.4223169455581282,-1.4594463760648215,-0.8085424024099872,1.0,0.0,1.0,0.0,1.0,0.0,0.0,1.0,1.0,0.0,0.0,0.0,0.0,1.0,0.0,1.0,0.0,0.0,1.0,0.0,0.0,1.0,0.0,0.0,1.0,0.0,0.0,1.0,0.0,0.0,1.0,0.0,0.0,1.0,0.0,1.0,0.0,1.0,0.0,0.0,0.0,1.0,0.0,1.0,0.0,0.0,1.0,1.9145393309790797,0.0,0.0,1.0,0.0,0.0,1.0,0.0,0.0,1.0
2946-KIQSP,0,0.10704778280226633,-1.0406735320229585,-0.4885932527192429,1.0,0.0,1.0,0.0,1.0,0.0,1.0,0.0,0.0,1.0,0.0,1.0,0.0,0.0,1.0,0.0,0.0,1.0,0.0,0.0,0.0,0.0,1.0,0.0,0.0,1.0,1.0,0.0,0.0,1.0,0.0,0.0,1.0,0.0,0.0,0.0,1.0,0.0,0.0,0.0,1.0,1.0,0.0,3.0,0.0,0.0,1.0,-4.564253830663168,0.0,0.0,1.0,0.0,0.0,1.0,0.0,0.0,1.0
0625-AFOHS,0,-0.13727439951791576,-1.481049737066981,-0.7608279780593888,1.0,0.0,0.0,1.0,0.0,1.0,0.0,1.0,1.0,0.0,0.0,0.0,0.0,1.0,0.0,1.0,0.0,0.0,1.0,0.0,0.0,1.0,0.0,0.0,1.0,0.0,0.0,1.0,0.0,0.0,1.0,0.0,0.0,0.0,1.0,1.0,0.0,0.0,0.0,0.0,1.0,1.0,0.0,1.0,0.0,0.0,1.0,5.542387952387967,0.0,0.0,1.0,0.0,0.0,1.0,0.0,0.0,1.0
6726-WEXXK,1,-0.21871512695797646,0.7025515211513048,-0.027883242288244774,0.0,1.0,0.0,1.0,1.0,0.0,0.0,1.0,0.0,0.0,1.0,0.0,1.0,0.0,0.0,0.0,1.0,1.0,0.0,0.0,0.0,0.0,1.0,1.0,0.0,0.0,1.0,0.0,0.0,1.0,0.0,0.0,0.0,1.0,0.0,0.0,1.0,0.0,0.0,1.0,0.0,1.0,0.0,5.0,0.0,0.0,1.0,0.1274865743218676,0.0,0.0,1.0,0.0,0.0,1.0,0.0,0.0,1.0
4636-OLWOE,0,0.880734693482843,-0.12502338493142473,0.4410769737401293,0.0,1.0,1.0,0.0,0.0,1.0,0.0,1.0,1.0,0.0,0.0,1.0,0.0,0.0,1.0,0.0,0.0,0.0,0.0,1.0,0.0,0.0,1.0,0.0,0.0,1.0,1.0,0.0,0.0,1.0,0.0,0.0,0.0,1.0,0.0,0.0,1.0,0.0,0.0,1.0,0.0,1.0,0.0,5.0,0.0,1.0,0.0,0.5008057216366731,0.0,1.0,0.0,0.0,1.0,0.0,0.0,1.0,0.0
4342-HENTK,1,-1.2367242199587352,0.19570343610063723,-0.9445604979004127,1.0,0.0,1.0,0.0,1.0,0.0,0.0,1.0,1.0,0.0,0.0,0.0,1.0,0.0,1.0,0.0,0.0,1.0,0.0,0.0,1.0,0.0,0.0,1.0,0.0,0.0,1.0,0.0,0.0,1.0,0.0,0.0,1.0,0.0,0.0,0.0,1.0,0.0,0.0,1.0,0.0,0.0,1.0,2.0,1.0,0.0,0.0,0.7637600061976058,1.0,0.0,0.0,1.0,0.0,0.0,1.0,0.0,0.0
4685-ERGHK,0,1.002895784642934,0.7357874611546272,1.1717716534392617,0.0,1.0,1.0,0.0,1.0,0.0,0.0,1.0,0.0,0.0,1.0,0.0,1.0,0.0,1.0,0.0,0.0,1.0,0.0,0.0,1.0,0.0,0.0,1.0,0.0,0.0,0.0,0.0,1.0,1.0,0.0,0.0,0.0,1.0,0.0,0.0,1.0,0.0,0.0,1.0,0.0,1.0,0.0,4.0,0.0,1.0,0.0,1.1683882526801659,0.0,1.0,0.0,0.0,1.0,0.0,0.0,1.0,0.0
0885-HMGPY,0,1.2064976032430856,0.15415851109648415,0.8621683498051195,0.0,1.0,1.0,0.0,1.0,0.0,0.0,1.0,0.0,0.0,1.0,1.0,0.0,0.0,0.0,0.0,1.0,0.0,0.0,1.0,0.0,0.0,1.0,0.0,0.0,1.0,1.0,0.0,0.0,1.0,0.0,0.0,0.0,0.0,1.0,1.0,0.0,1.0,0.0,0.0,0.0,1.0,0.0,7.0,0.0,1.0,0.0,0.7146042789373113,0.0,1.0,0.0,0.0,1.0,0.0,0.0,1.0,0.0
5003-OKNNK,0,-0.7073594915983407,-1.4760643460664828,-0.8591466046569928,1.0,0.0,0.0,1.0,0.0,1.0,0.0,1.0,1.0,0.0,0.0,0.0,0.0,1.0,0.0,1.0,0.0,0.0,1.0,0.0,0.0,1.0,0.0,0.0,1.0,0.0,0.0,1.0,0.0,0.0,1.0,0.0,0.0,1.0,0.0,1.0,0.0,0.0,1.0,0.0,0.0,1.0,0.0,1.0,1.0,0.0,0.0,1.2145827049209106,1.0,0.0,0.0,1.0,0.0,0.0,1.0,0.0,0.0
4195-SMMNX,0,-1.2367242199587352,-1.4760643460664828,-0.9927161097161115,0.0,1.0,1.0,0.0,1.0,0.0,0.0,1.0,1.0,0.0,0.0,0.0,0.0,1.0,0.0,1.0,0.0,0.0,1.0,0.0,0.0,1.0,0.0,0.0,1.0,0.0,0.0,1.0,0.0,0.0,1.0,0.0,1.0,0.0,0.0,1.0,0.0,0.0,0.0,0.0,1.0,0.0,1.0,1.0,1.0,0.0,0.0,0.8026980418878145,1.0,0.0,0.0,1.0,0.0,0.0,1.0,0.0,0.0
7208-PSIHR,0,1.5322605130033284,1.3140928172124378,2.1641125593161328,1.0,0.0,0.0,1.0,1.0,0.0,0.0,1.0,0.0,0.0,1.0,0.0,1.0,0.0,1.0,0.0,0.0,1.0,0.0,0.0,0.0,0.0,1.0,0.0,0.0,1.0,0.0,0.0,1.0,0.0,0.0,1.0,0.0,0.0,1.0,0.0,1.0,1.0,0.0,0.0,0.0,1.0,0.0,7.0,0.0,1.0,0.0,1.4123659397019466,0.0,1.0,0.0,0.0,1.0,0.0,0.0,1.0,0.0
4012-ZTHBR,0,-0.46303730927815856,-0.6584602219847502,-0.5987136440082801,1.0,0.0,0.0,1.0,0.0,1.0,0.0,1.0,1.0,0.0,0.0,1.0,0.0,0.0,1.0,0.0,0.0,1.0,0.0,0.0,1.0,0.0,0.0,1.0,0.0,0.0,1.0,0.0,0.0,1.0,0.0,0.0,1.0,0.0,0.0,0.0,1.0,0.0,0.0,1.0,0.0,1.0,0.0,2.0,0.0,0.0,1.0,1.2930138285004098,0.0,0.0,1.0,0.0,0.0,1.0,0.0,0.0,1.0
0489-WMEMG,0,-0.38159658183809786,-0.5088984919697991,-0.5135203444974104,1.0,0.0,1.0,0.0,0.0,1.0,0.0,1.0,1.0,0.0,0.0,1.0,0.0,0.0,1.0,0.0,0.0,1.0,0.0,0.0,1.0,0.0,0.0,0.0,0.0,1.0,1.0,0.0,0.0,1.0,0.0,0.0,0.0,1.0,0.0,0.0,1.0,0.0,0.0,1.0,0.0,1.0,0.0,3.0,0.0,0.0,1.0,1.3457152630242493,0.0,0.0,1.0,0.0,0.0,1.0,0.0,0.0,1.0
7435-ZNUYY,0,-1.0738427650786138,-1.4677553610656522,-0.9559210751267456,0.0,1.0,1.0,0.0,1.0,0.0,0.0,1.0,1.0,0.0,0.0,0.0,0.0,1.0,0.0,1.0,0.0,0.0,1.0,0.0,0.0,1.0,0.0,0.0,1.0,0.0,0.0,1.0,0.0,0.0,1.0,0.0,0.0,1.0,0.0,1.0,0.0,0.0,0.0,0.0,1.0,1.0,0.0,1.0,1.0,0.0,0.0,0.8901871914709643,1.0,0.0,0.0,1.0,0.0,0.0,1.0,0.0,0.0
1354-YZFNB,0,-1.1552834925186746,-1.502653098069141,-0.9770098359585403,0.0,1.0,0.0,1.0,0.0,1.0,0.0,1.0,1.0,0.0,0.0,0.0,0.0,1.0,0.0,1.0,0.0,0.0,1.0,0.0,0.0,1.0,0.0,0.0,1.0,0.0,0.0,1.0,0.0,0.0,1.0,0.0,0.0,0.0,1.0,1.0,0.0,0.0,1.0,0.0,0.0,1.0,0.0,1.0,1.0,0.0,0.0,0.8456883892874869,1.0,0.0,0.0,1.0,0.0,0.0,1.0,0.0,0.0
6956-SMUCM,0,-1.1960038562387048,1.1379423351948288,-0.8805662560876127,1.0,0.0,1.0,0.0,1.0,0.0,0.0,1.0,1.0,0.0,0.0,0.0,1.0,0.0,0.0,0.0,1.0,1.0,0.0,0.0,0.0,0.0,1.0,1.0,0.0,0.0,0.0,0.0,1.0,0.0,0.0,1.0,1.0,0.0,0.0,0.0,1.0,0.0,1.0,0.0,0.0,0.0,1.0,6.0,1.0,0.0,0.0,0.7362570375457591,1.0,0.0,0.0,1.0,0.0,0.0,1.0,0.0,0.0
2985-FMWYF,0,-0.38159658183809786,0.9551446651765553,0.025698975348187925,1.0,0.0,1.0,0.0,1.0,0.0,0.0,1.0,0.0,0.0,1.0,0.0,1.0,0.0,1.0,0.0,0.0,1.0,0.0,0.0,1.0,0.0,0.0,1.0,0.0,0.0,0.0,0.0,1.0,0.0,0.0,1.0,1.0,0.0,0.0,0.0,1.0,0.0,0.0,1.0,0.0,1.0,0.0,5.0,0.0,0.0,1.0,-0.06734592648707576,0.0,0.0,1.0,0.0,0.0,1.0,0.0,0.0,1.0
2812-ENYMO,0,-0.2594354906780068,-0.3393951979528547,-0.40609119674548505,0.0,1.0,1.0,0.0,1.0,0.0,1.0,0.0,0.0,1.0,0.0,1.0,0.0,0.0,0.0,0.0,1.0,1.0,0.0,0.0,1.0,0.0,0.0,0.0,0.0,1.0,0.0,0.0,1.0,0.0,0.0,1.0,0.0,1.0,0.0,1.0,0.0,0.0,1.0,0.0,0.0,1.0,0.0,5.0,0.0,0.0,1.0,1.5652877549028057,0.0,0.0,1.0,0.0,0.0,1.0,0.0,0.0,1.0
2717-HVIZY,0,-0.9924020376385531,-1.4860351280674797,-0.9351852642670311,1.0,0.0,1.0,0.0,0.0,1.0,0.0,1.0,1.0,0.0,0.0,0.0,0.0,1.0,0.0,1.0,0.0,0.0,1.0,0.0,0.0,1.0,0.0,0.0,1.0,0.0,0.0,1.0,0.0,0.0,1.0,0.0,1.0,0.0,0.0,1.0,0.0,0.0,0.0,0.0,1.0,1.0,0.0,1.0,1.0,0.0,0.0,0.9423451673802778,1.0,0.0,0.0,1.0,0.0,0.0,1.0,0.0,0.0
3223-WZWJM,0,-0.2594354906780068,0.6377414381448259,-0.012838749728324264,0.0,1.0,1.0,0.0,1.0,0.0,0.0,1.0,0.0,0.0,1.0,0.0,1.0,0.0,1.0,0.0,0.0,1.0,0.0,0.0,1.0,0.0,0.0,1.0,0.0,0.0,1.0,0.0,0.0,0.0,0.0,1.0,1.0,0.0,0.0,0.0,1.0,0.0,0.0,1.0,0.0,0.0,1.0,4.0,0.0,0.0,1.0,0.04948725286109302,0.0,0.0,1.0,0.0,0.0,1.0,0.0,0.0,1.0
3422-GALYP,0,-1.2367242199587352,0.4881797081298748,-0.9433251729981318,0.0,1.0,1.0,0.0,1.0,0.0,0.0,1.0,0.0,0.0,1.0,0.0,1.0,0.0,1.0,0.0,0.0,0.0,0.0,1.0,1.0,0.0,0.0,1.0,0.0,0.0,1.0,0.0,0.0,1.0,0.0,0.0,1.0,0.0,0.0,0.0,1.0,0.0,0.0,1.0,0.0,1.0,0.0,4.0,1.0,0.0,0.0,0.7627611376686768,1.0,0.0,0.0,1.0,0.0,0.0,1.0,0.0,0.0
9053-JZFKV,0,1.4100994218432374,1.7096005032519754,2.412854052139687,0.0,1.0,1.0,0.0,1.0,0.0,0.0,1.0,0.0,0.0,1.0,0.0,1.0,0.0,0.0,0.0,1.0,0.0,0.0,1.0,0.0,0.0,1.0,0.0,0.0,1.0,0.0,0.0,1.0,0.0,0.0,1.0,0.0,0.0,1.0,1.0,0.0,0.0,1.0,0.0,0.0,0.0,1.0,9.0,0.0,1.0,0.0,1.711123353972928,0.0,1.0,0.0,0.0,1.0,0.0,0.0,1.0,0.0
2530-ENDWQ,0,1.5729808767233588,0.9617918531772199,1.8980103397408812,1.0,0.0,0.0,1.0,1.0,0.0,0.0,1.0,0.0,0.0,1.0,0.0,1.0,0.0,1.0,0.0,0.0,1.0,0.0,0.0,1.0,0.0,0.0,1.0,0.0,0.0,0.0,0.0,1.0,0.0,0.0,1.0,0.0,0.0,1.0,0.0,1.0,1.0,0.0,0.0,0.0,0.0,1.0,5.0,0.0,1.0,0.0,1.2066328127870085,0.0,1.0,0.0,0.0,1.0,0.0,0.0,1.0,0.0
2890-WFBHU,0,1.0843365120829946,0.5014740841312035,1.1042037931591495,1.0,0.0,1.0,0.0,1.0,0.0,0.0,1.0,0.0,0.0,1.0,1.0,0.0,0.0,0.0,0.0,1.0,0.0,0.0,1.0,0.0,0.0,1.0,0.0,0.0,1.0,1.0,0.0,0.0,0.0,0.0,1.0,0.0,1.0,0.0,1.0,0.0,0.0,1.0,0.0,0.0,1.0,0.0,8.0,0.0,1.0,0.0,1.0183220622516806,0.0,1.0,0.0,0.0,1.0,0.0,0.0,1.0,0.0
0327-WFZSY,0,0.26992923768238775,1.1711782751981514,0.6848330482080502,0.0,1.0,0.0,1.0,0.0,1.0,0.0,1.0,0.0,0.0,1.0,0.0,1.0,0.0,1.0,0.0,0.0,1.0,0.0,0.0,0.0,0.0,1.0,1.0,0.0,0.0,0.0,0.0,1.0,0.0,0.0,1.0,0.0,1.0,0.0,1.0,0.0,0.0,0.0,1.0,0.0,1.0,0.0,6.0,0.0,0.0,1.0,2.537083622685806,0.0,0.0,1.0,0.0,0.0,1.0,0.0,0.0,1.0
7977-HXJKU,0,-0.46303730927815856,-1.5009913010689746,-0.8322121099126188,0.0,1.0,1.0,0.0,0.0,1.0,0.0,1.0,1.0,0.0,0.0,0.0,0.0,1.0,0.0,1.0,0.0,0.0,1.0,0.0,0.0,1.0,0.0,0.0,1.0,0.0,0.0,1.0,0.0,0.0,1.0,0.0,0.0,0.0,1.0,1.0,0.0,0.0,0.0,0.0,1.0,1.0,0.0,1.0,0.0,0.0,1.0,1.7972895342061679,0.0,0.0,1.0,0.0,0.0,1.0,0.0,0.0,1.0
6615-ZGEDR,0,-1.2774445836787656,-1.4976677070686424,-0.9986721404949657,0.0,1.0,1.0,0.0,1.0,0.0,0.0,1.0,1.0,0.0,0.0,0.0,0.0,1.0,0.0,1.0,0.0,0.0,1.0,0.0,0.0,1.0,0.0,0.0,1.0,0.0,0.0,1.0,0.0,0.0,1.0,0.0,1.0,0.0,0.0,1.0,0.0,0.0,0.0,0.0,1.0,0.0,1.0,1.0,1.0,0.0,0.0,0.7817733569459465,1.0,0.0,0.0,1.0,0.0,0.0,1.0,0.0,0.0
7033-CLAMM,0,0.6364125111626608,-1.481049737066981,-0.5541537100331488,1.0,0.0,0.0,1.0,0.0,1.0,0.0,1.0,1.0,0.0,0.0,0.0,0.0,1.0,0.0,1.0,0.0,0.0,1.0,0.0,0.0,1.0,0.0,0.0,1.0,0.0,0.0,1.0,0.0,0.0,1.0,0.0,0.0,0.0,1.0,1.0,0.0,1.0,0.0,0.0,0.0,1.0,0.0,1.0,0.0,1.0,0.0,-0.870746096774192,0.0,1.0,0.0,0.0,1.0,0.0,0.0,1.0,0.0
4023-RTIQM,1,-0.055833672077855064,-0.4773243489666429,-0.3102432199524428,1.0,0.0,0.0,1.0,1.0,0.0,1.0,0.0,0.0,1.0,0.0,1.0,0.0,0.0,0.0,0.0,1.0,0.0,0.0,1.0,0.0,0.0,1.0,1.0,0.0,0.0,1.0,0.0,0.0,0.0,0.0,1.0,0.0,1.0,0.0,0.0,1.0,0.0,1.0,0.0,0.0,1.0,0.0,5.0,0.0,0.0,1.0,5.556561272198547,0.0,0.0,1.0,0.0,0.0,1.0,0.0,0.0,1.0
0864-FVJNJ,0,1.2879383306831464,1.614878074242506,2.1792232299958183,1.0,0.0,0.0,1.0,0.0,1.0,0.0,1.0,0.0,0.0,1.0,0.0,1.0,0.0,0.0,0.0,1.0,0.0,0.0,1.0,0.0,0.0,1.0,0.0,0.0,1.0,0.0,0.0,1.0,0.0,0.0,1.0,0.0,1.0,0.0,1.0,0.0,0.0,0.0,1.0,0.0,1.0,0.0,9.0,0.0,1.0,0.0,1.692024515521576,0.0,1.0,0.0,0.0,1.0,0.0,0.0,1.0,0.0
7356-IWLFW,0,0.5549717837226001,0.5064594751317021,0.6557808536311946,0.0,1.0,0.0,1.0,0.0,1.0,0.0,1.0,0.0,0.0,1.0,0.0,1.0,0.0,1.0,0.0,0.0,0.0,0.0,1.0,1.0,0.0,0.0,1.0,0.0,0.0,1.0,0.0,0.0,1.0,0.0,0.0,1.0,0.0,0.0,0.0,1.0,1.0,0.0,0.0,0.0,1.0,0.0,4.0,0.0,1.0,0.0,1.1816471987681871,0.0,1.0,0.0,0.0,1.0,0.0,0.0,1.0,0.0
9541-PWTWO,0,0.7992939660427822,0.5380336181348585,0.8606021343040133,1.0,0.0,1.0,0.0,1.0,0.0,0.0,1.0,0.0,0.0,1.0,1.0,0.0,0.0,1.0,0.0,0.0,1.0,0.0,0.0,0.0,0.0,1.0,0.0,0.0,1.0,0.0,0.0,1.0,0.0,0.0,1.0,0.0,0.0,1.0,0.0,1.0,1.0,0.0,0.0,0.0,1.0,0.0,7.0,0.0,1.0,0.0,1.0767029038949978,0.0,1.0,0.0,0.0,1.0,0.0,0.0,1.0,0.0
3967-VQOGC,0,1.4100994218432374,-1.3248408190513656,-0.2660582953226468,1.0,0.0,0.0,1.0,0.0,1.0,0.0,1.0,0.0,0.0,1.0,0.0,0.0,1.0,0.0,1.0,0.0,0.0,1.0,0.0,0.0,1.0,0.0,0.0,1.0,0.0,0.0,1.0,0.0,0.0,1.0,0.0,0.0,0.0,1.0,0.0,1.0,0.0,0.0,0.0,1.0,1.0,0.0,2.0,0.0,1.0,0.0,-0.1886805222392502,0.0,1.0,0.0,0.0,1.0,0.0,0.0,1.0,0.0
7872-RDDLZ,1,1.4100994218432374,-0.32776261895169184,0.6362803676737611,1.0,0.0,1.0,0.0,1.0,0.0,0.0,1.0,0.0,0.0,1.0,1.0,0.0,0.0,1.0,0.0,0.0,0.0,0.0,1.0,1.0,0.0,0.0,1.0,0.0,0.0,1.0,0.0,0.0,1.0,0.0,0.0,1.0,0.0,0.0,1.0,0.0,0.0,0.0,1.0,0.0,1.0,0.0,4.0,0.0,1.0,0.0,0.4512308549435723,0.0,1.0,0.0,0.0,1.0,0.0,0.0,1.0,0.0
9250-WYPLL,0,-1.1145631287986442,0.358559542116917,-0.8248663386186986,1.0,0.0,1.0,0.0,1.0,0.0,0.0,1.0,0.0,0.0,1.0,0.0,1.0,0.0,1.0,0.0,0.0,1.0,0.0,0.0,1.0,0.0,0.0,1.0,0.0,0.0,1.0,0.0,0.0,1.0,0.0,0.0,1.0,0.0,0.0,1.0,0.0,0.0,0.0,1.0,0.0,0.0,1.0,3.0,1.0,0.0,0.0,0.7400804111542776,1.0,0.0,0.0,1.0,0.0,0.0,1.0,0.0,0.0
6308-CQRBU,0,1.5729808767233588,1.478610720228884,2.3931770911962134,1.0,0.0,0.0,1.0,1.0,0.0,0.0,1.0,0.0,0.0,1.0,0.0,1.0,0.0,1.0,0.0,0.0,0.0,0.0,1.0,0.0,0.0,1.0,0.0,0.0,1.0,0.0,0.0,1.0,0.0,0.0,1.0,0.0,0.0,1.0,1.0,0.0,0.0,0.0,1.0,0.0,1.0,0.0,8.0,0.0,1.0,0.0,1.5214279630540626,0.0,1.0,0.0,0.0,1.0,0.0,0.0,1.0,0.0
2754-XBHTB,0,-0.9516816739185228,0.4283550161238945,-0.6922895053560557,1.0,0.0,1.0,0.0,1.0,0.0,0.0,1.0,1.0,0.0,0.0,0.0,1.0,0.0,1.0,0.0,0.0,1.0,0.0,0.0,1.0,0.0,0.0,1.0,0.0,0.0,0.0,0.0,1.0,1.0,0.0,0.0,1.0,0.0,0.0,0.0,1.0,1.0,0.0,0.0,0.0,0.0,1.0,3.0,1.0,0.0,0.0,0.7274380965071787,1.0,0.0,0.0,1.0,0.0,0.0,1.0,0.0,0.0
1597-LHYNC,1,-0.2594354906780068,1.0049985751815391,0.09436980429105092,1.0,0.0,1.0,0.0,1.0,0.0,0.0,1.0,0.0,0.0,1.0,0.0,1.0,0.0,0.0,0.0,1.0,0.0,0.0,1.0,1.0,0.0,0.0,1.0,0.0,0.0,1.0,0.0,0.0,0.0,0.0,1.0,1.0,0.0,0.0,0.0,1.0,0.0,0.0,1.0,0.0,0.0,1.0,6.0,0.0,0.0,1.0,-0.3637505571979592,0.0,0.0,1.0,0.0,0.0,1.0,0.0,0.0,1.0
0186-CAERR,0,1.5729808767233588,1.7129240972523074,2.6587057670668344,0.0,1.0,1.0,0.0,1.0,0.0,0.0,1.0,0.0,0.0,1.0,0.0,1.0,0.0,0.0,0.0,1.0,0.0,0.0,1.0,0.0,0.0,1.0,0.0,0.0,1.0,0.0,0.0,1.0,0.0,0.0,1.0,0.0,1.0,0.0,0.0,1.0,1.0,0.0,0.0,0.0,1.0,0.0,9.0,0.0,1.0,0.0,1.6902340050090912,0.0,1.0,0.0,0.0,1.0,0.0,0.0,1.0,0.0
3043-SUDUA,0,-0.015113308357824713,-1.491020519067978,-0.7419672139263506,1.0,0.0,1.0,0.0,1.0,0.0,0.0,1.0,1.0,0.0,0.0,0.0,0.0,1.0,0.0,1.0,0.0,0.0,1.0,0.0,0.0,1.0,0.0,0.0,1.0,0.0,0.0,1.0,0.0,0.0,1.0,0.0,1.0,0.0,0.0,1.0,0.0,1.0,0.0,0.0,0.0,1.0,0.0,1.0,0.0,0.0,1.0,49.09363299943569,0.0,0.0,1.0,0.0,0.0,1.0,0.0,0.0,1.0
5442-BHQNG,0,-1.2367242199587352,0.1857326540996401,-0.9459281790422236,1.0,0.0,1.0,0.0,1.0,0.0,0.0,1.0,1.0,0.0,0.0,0.0,1.0,0.0,1.0,0.0,0.0,1.0,0.0,0.0,1.0,0.0,0.0,1.0,0.0,0.0,1.0,0.0,0.0,1.0,0.0,0.0,1.0,0.0,0.0,1.0,0.0,0.0,0.0,1.0,0.0,1.0,0.0,2.0,1.0,0.0,0.0,0.7648658963546341,1.0,0.0,0.0,1.0,0.0,0.0,1.0,0.0,0.0
2169-RRLFW,0,1.5729808767233588,-1.3015756610490399,-0.1742913025817824,1.0,0.0,0.0,1.0,1.0,0.0,0.0,1.0,0.0,0.0,1.0,0.0,0.0,1.0,0.0,1.0,0.0,0.0,1.0,0.0,0.0,1.0,0.0,0.0,1.0,0.0,0.0,1.0,0.0,0.0,1.0,0.0,0.0,0.0,1.0,1.0,0.0,0.0,1.0,0.0,0.0,1.0,0.0,2.0,0.0,1.0,0.0,-0.11080319230888853,0.0,1.0,0.0,0.0,1.0,0.0,0.0,1.0,0.0
5872-OEQNH,0,1.125056875803025,-0.6750781919864114,0.21644637588430668,1.0,0.0,1.0,0.0,1.0,0.0,1.0,0.0,0.0,1.0,0.0,1.0,0.0,0.0,0.0,0.0,1.0,1.0,0.0,0.0,0.0,0.0,1.0,1.0,0.0,0.0,1.0,0.0,0.0,0.0,0.0,1.0,0.0,1.0,0.0,0.0,1.0,0.0,0.0,1.0,0.0,1.0,0.0,4.0,0.0,1.0,0.0,0.192387052192197,0.0,1.0,0.0,0.0,1.0,0.0,0.0,1.0,0.0
3162-KKZXO,1,0.9214550572028734,1.1761636661986499,1.3793503557689573,1.0,0.0,1.0,0.0,1.0,0.0,0.0,1.0,0.0,0.0,1.0,0.0,1.0,0.0,1.0,0.0,0.0,1.0,0.0,0.0,0.0,0.0,1.0,1.0,0.0,0.0,0.0,0.0,1.0,0.0,0.0,1.0,0.0,1.0,0.0,0.0,1.0,0.0,0.0,1.0,0.0,1.0,0.0,6.0,0.0,1.0,0.0,1.4969263503268948,0.0,1.0,0.0,0.0,1.0,0.0,0.0,1.0,0.0
7055-VKGDA,0,0.880734693482843,1.3506523512160928,1.4824338069896443,0.0,1.0,1.0,0.0,1.0,0.0,0.0,1.0,1.0,0.0,0.0,0.0,1.0,0.0,0.0,0.0,1.0,0.0,0.0,1.0,1.0,0.0,0.0,0.0,0.0,1.0,0.0,0.0,1.0,0.0,0.0,1.0,0.0,1.0,0.0,0.0,1.0,0.0,1.0,0.0,0.0,0.0,1.0,7.0,0.0,1.0,0.0,1.683178621166151,0.0,1.0,0.0,0.0,1.0,0.0,0.0,1.0,0.0
0754-UKWQP,0,-1.2367242199587352,1.0332491241843629,-0.9201407717071106,0.0,1.0,1.0,0.0,1.0,0.0,0.0,1.0,1.0,0.0,0.0,0.0,1.0,0.0,1.0,0.0,0.0,1.0,0.0,0.0,0.0,0.0,1.0,1.0,0.0,0.0,0.0,0.0,1.0,0.0,0.0,1.0,1.0,0.0,0.0,0.0,1.0,0.0,0.0,1.0,0.0,0.0,1.0,5.0,1.0,0.0,0.0,0.7440145158132443,1.0,0.0,0.0,1.0,0.0,0.0,1.0,0.0,0.0
8873-GLDMH,0,-1.0738427650786138,0.3020584441112687,-0.8303150038126875,1.0,0.0,1.0,0.0,1.0,0.0,0.0,1.0,0.0,0.0,1.0,0.0,1.0,0.0,1.0,0.0,0.0,1.0,0.0,0.0,1.0,0.0,0.0,1.0,0.0,0.0,1.0,0.0,0.0,1.0,0.0,0.0,1.0,0.0,0.0,0.0,1.0,0.0,0.0,0.0,1.0,1.0,0.0,3.0,1.0,0.0,0.0,0.7732184178303813,1.0,0.0,0.0,1.0,0.0,0.0,1.0,0.0,0.0
5696-JVVQY,0,0.6364125111626608,0.1774236690988095,0.4213779534234004,1.0,0.0,0.0,1.0,0.0,1.0,0.0,1.0,1.0,0.0,0.0,1.0,0.0,0.0,0.0,0.0,1.0,0.0,0.0,1.0,0.0,0.0,1.0,1.0,0.0,0.0,1.0,0.0,0.0,0.0,0.0,1.0,0.0,0.0,1.0,0.0,1.0,0.0,1.0,0.0,0.0,1.0,0.0,6.0,0.0,1.0,0.0,0.6621145028302253,0.0,1.0,0.0,0.0,1.0,0.0,0.0,1.0,0.0
8946-BFWSG,0,1.247217966963116,-1.3132082400502028,-0.31335359158139997,0.0,1.0,0.0,1.0,0.0,1.0,0.0,1.0,0.0,0.0,1.0,0.0,0.0,1.0,0.0,1.0,0.0,0.0,1.0,0.0,0.0,1.0,0.0,0.0,1.0,0.0,0.0,1.0,0.0,0.0,1.0,0.0,0.0,0.0,1.0,1.0,0.0,0.0,0.0,0.0,1.0,1.0,0.0,2.0,0.0,1.0,0.0,-0.25124204419889246,0.0,1.0,0.0,0.0,1.0,0.0,0.0,1.0,0.0
7493-TPUWZ,0,-1.2774445836787656,0.47820892612887816,-0.9724435456947522,0.0,1.0,1.0,0.0,1.0,0.0,0.0,1.0,0.0,0.0,1.0,0.0,1.0,0.0,1.0,0.0,0.0,0.0,0.0,1.0,1.0,0.0,0.0,1.0,0.0,0.0,1.0,0.0,0.0,1.0,0.0,0.0,1.0,0.0,0.0,0.0,1.0,0.0,0.0,1.0,0.0,0.0,1.0,4.0,1.0,0.0,0.0,0.7612412766229937,1.0,0.0,0.0,1.0,0.0,0.0,1.0,0.0,0.0
0547-HURJB,0,-0.8295205827584317,-1.4527991880641573,-0.9033315292867887,0.0,1.0,1.0,0.0,0.0,1.0,0.0,1.0,1.0,0.0,0.0,0.0,0.0,1.0,0.0,1.0,0.0,0.0,1.0,0.0,0.0,1.0,0.0,0.0,1.0,0.0,0.0,1.0,0.0,0.0,1.0,0.0,1.0,0.0,0.0,1.0,0.0,0.0,1.0,0.0,0.0,1.0,0.0,1.0,1.0,0.0,0.0,1.0889802472205223,1.0,0.0,0.0,1.0,0.0,0.0,1.0,0.0,0.0
8904-OPDCK,1,0.880734693482843,-1.3231790220511994,-0.4052529405617944,0.0,1.0,0.0,1.0,1.0,0.0,1.0,0.0,0.0,1.0,0.0,1.0,0.0,0.0,1.0,0.0,0.0,1.0,0.0,0.0,1.0,0.0,0.0,1.0,0.0,0.0,1.0,0.0,0.0,1.0,0.0,0.0,1.0,0.0,0.0,0.0,1.0,1.0,0.0,0.0,0.0,1.0,0.0,1.0,0.0,1.0,0.0,-0.46013055186827256,0.0,1.0,0.0,0.0,1.0,0.0,0.0,1.0,0.0
8845-LWKGE,0,-0.0965540357978854,-0.00869759491979612,-0.1315402372135624,1.0,0.0,0.0,1.0,0.0,1.0,0.0,1.0,1.0,0.0,0.0,1.0,0.0,0.0,1.0,0.0,0.0,1.0,0.0,0.0,0.0,0.0,1.0,0.0,0.0,1.0,0.0,0.0,1.0,1.0,0.0,0.0,0.0,1.0,0.0,0.0,1.0,0.0,0.0,1.0,0.0,1.0,0.0,5.0,0.0,0.0,1.0,1.3623484106755817,0.0,0.0,1.0,0.0,0.0,1.0,0.0,0.0,1.0
1577-HKTFG,0,-0.0965540357978854,-1.4993295040688086,-0.7180107345714039,1.0,0.0,0.0,1.0,1.0,0.0,0.0,1.0,1.0,0.0,0.0,0.0,0.0,1.0,0.0,1.0,0.0,0.0,1.0,0.0,0.0,1.0,0.0,0.0,1.0,0.0,0.0,1.0,0.0,0.0,1.0,0.0,1.0,0.0,0.0,1.0,0.0,1.0,0.0,0.0,0.0,0.0,1.0,1.0,0.0,0.0,1.0,7.436361708115454,0.0,0.0,1.0,0.0,0.0,1.0,0.0,0.0,1.0
8752-STIVR,0,-1.1552834925186746,0.4732235351283796,-0.8736175535122829,1.0,0.0,1.0,0.0,1.0,0.0,0.0,1.0,1.0,0.0,0.0,0.0,1.0,0.0,1.0,0.0,0.0,1.0,0.0,0.0,1.0,0.0,0.0,1.0,0.0,0.0,0.0,0.0,1.0,1.0,0.0,0.0,1.0,0.0,0.0,0.0,1.0,0.0,0.0,1.0,0.0,0.0,1.0,3.0,1.0,0.0,0.0,0.7561932280428229,1.0,0.0,0.0,1.0,0.0,0.0,1.0,0.0,0.0
0691-NIKRI,0,0.3106496014024181,1.3689321182179202,0.9052723651454196,1.0,0.0,1.0,0.0,1.0,0.0,0.0,1.0,0.0,0.0,1.0,0.0,1.0,0.0,1.0,0.0,0.0,1.0,0.0,0.0,0.0,0.0,1.0,0.0,0.0,1.0,0.0,0.0,1.0,0.0,0.0,1.0,0.0,1.0,0.0,0.0,1.0,0.0,1.0,0.0,0.0,1.0,0.0,7.0,0.0,0.0,1.0,2.9141269168175183,0.0,0.0,1.0,0.0,0.0,1.0,0.0,0.0,1.0
5022-JNQEQ,0,-0.9516816739185228,0.36853032411791364,-0.7216946499049913,1.0,0.0,0.0,1.0,0.0,1.0,0.0,1.0,1.0,0.0,0.0,0.0,1.0,0.0,1.0,0.0,0.0,1.0,0.0,0.0,1.0,0.0,0.0,0.0,0.0,1.0,1.0,0.0,0.0,1.0,0.0,0.0,1.0,0.0,0.0,0.0,1.0,0.0,0.0,1.0,0.0,1.0,0.0,3.0,1.0,0.0,0.0,0.7583361849697428,1.0,0.0,0.0,1.0,0.0,0.0,1.0,0.0,0.0
4558-FANTW,0,-0.62591876415828,0.9003053641710731,-0.3127359291302595,1.0,0.0,0.0,1.0,0.0,1.0,0.0,1.0,1.0,0.0,0.0,0.0,1.0,0.0,0.0,0.0,1.0,1.0,0.0,0.0,1.0,0.0,0.0,0.0,0.0,1.0,0.0,0.0,1.0,1.0,0.0,0.0,1.0,0.0,0.0,1.0,0.0,0.0,0.0,1.0,0.0,0.0,1.0,5.0,1.0,0.0,0.0,0.4996430000797612,1.0,0.0,0.0,1.0,0.0,0.0,1.0,0.0,0.0
3249-VHRIP,0,1.2064976032430856,-0.7033287409892356,0.20532845176377876,1.0,0.0,1.0,0.0,1.0,0.0,1.0,0.0,0.0,1.0,0.0,1.0,0.0,0.0,1.0,0.0,0.0,0.0,0.0,1.0,0.0,0.0,1.0,1.0,0.0,0.0,1.0,0.0,0.0,0.0,0.0,1.0,0.0,0.0,1.0,0.0,1.0,0.0,1.0,0.0,0.0,1.0,0.0,4.0,0.0,1.0,0.0,0.1701855446806131,0.0,1.0,0.0,0.0,1.0,0.0,0.0,1.0,0.0
3736-BLEPA,0,-0.1779947632379461,0.8803638001690798,0.08839171413894185,0.0,1.0,1.0,0.0,1.0,0.0,0.0,1.0,1.0,0.0,0.0,0.0,1.0,0.0,1.0,0.0,0.0,0.0,0.0,1.0,1.0,0.0,0.0,0.0,0.0,1.0,0.0,0.0,1.0,1.0,0.0,0.0,0.0,1.0,0.0,0.0,1.0,1.0,0.0,0.0,0.0,1.0,0.0,5.0,0.0,0.0,1.0,-0.49659727359943995,0.0,0.0,1.0,0.0,0.0,1.0,0.0,0.0,1.0
4701-LKOZD,0,1.5322605130033284,0.830509890164096,1.8017652942292484,1.0,0.0,1.0,0.0,1.0,0.0,0.0,1.0,0.0,0.0,1.0,1.0,0.0,0.0,0.0,0.0,1.0,0.0,0.0,1.0,0.0,0.0,1.0,0.0,0.0,1.0,0.0,0.0,1.0,0.0,0.0,1.0,0.0,0.0,1.0,1.0,0.0,0.0,1.0,0.0,0.0,1.0,0.0,9.0,0.0,1.0,0.0,1.1758870498448553,0.0,1.0,0.0,0.0,1.0,0.0,0.0,1.0,0.0
6603-QWSPR,0,0.5549717837226001,1.3174164112127704,1.1563080327874957,1.0,0.0,1.0,0.0,1.0,0.0,0.0,1.0,1.0,0.0,0.0,0.0,1.0,0.0,1.0,0.0,0.0,0.0,0.0,1.0,0.0,0.0,1.0,0.0,0.0,1.0,0.0,0.0,1.0,0.0,0.0,1.0,0.0,0.0,1.0,0.0,1.0,1.0,0.0,0.0,0.0,1.0,0.0,7.0,0.0,1.0,0.0,2.0835438245730176,0.0,1.0,0.0,0.0,1.0,0.0,0.0,1.0,0.0
9921-QFQUL,0,-0.38159658183809786,0.8438042661654253,-0.10515722680056391,1.0,0.0,0.0,1.0,1.0,0.0,0.0,1.0,0.0,0.0,1.0,0.0,1.0,0.0,1.0,0.0,0.0,1.0,0.0,0.0,0.0,0.0,1.0,1.0,0.0,0.0,1.0,0.0,0.0,0.0,0.0,1.0,1.0,0.0,0.0,1.0,0.0,0.0,0.0,0.0,1.0,1.0,0.0,5.0,0.0,0.0,1.0,0.2755717210412004,0.0,0.0,1.0,0.0,0.0,1.0,0.0,0.0,1.0
1929-ZCBHE,0,0.5956921474426305,-0.8130073430001998,-0.21552027119540634,0.0,1.0,0.0,1.0,0.0,1.0,1.0,0.0,0.0,1.0,0.0,1.0,0.0,0.0,0.0,0.0,1.0,1.0,0.0,0.0,0.0,0.0,1.0,0.0,0.0,1.0,1.0,0.0,0.0,1.0,0.0,0.0,0.0,1.0,0.0,1.0,0.0,0.0,0.0,1.0,0.0,1.0,0.0,4.0,0.0,1.0,0.0,-0.3617980732508523,0.0,1.0,0.0,0.0,1.0,0.0,0.0,1.0,0.0
4378-MYPGO,0,1.4508197855632678,1.3456669602155942,2.157340331726843,0.0,1.0,0.0,1.0,0.0,1.0,0.0,1.0,1.0,0.0,0.0,0.0,1.0,0.0,0.0,0.0,1.0,0.0,0.0,1.0,0.0,0.0,1.0,1.0,0.0,0.0,0.0,0.0,1.0,0.0,0.0,1.0,0.0,0.0,1.0,0.0,1.0,1.0,0.0,0.0,0.0,1.0,0.0,7.0,0.0,1.0,0.0,1.486980225382903,0.0,1.0,0.0,0.0,1.0,0.0,0.0,1.0,0.0
8651-ENBZX,1,1.125056875803025,1.3705939152180862,1.8345014041396912,1.0,0.0,1.0,0.0,1.0,0.0,0.0,1.0,0.0,0.0,1.0,0.0,1.0,0.0,1.0,0.0,0.0,1.0,0.0,0.0,0.0,0.0,1.0,0.0,0.0,1.0,0.0,0.0,1.0,0.0,0.0,1.0,0.0,1.0,0.0,0.0,1.0,0.0,0.0,1.0,0.0,0.0,1.0,7.0,0.0,1.0,0.0,1.6305854784721796,0.0,1.0,0.0,0.0,1.0,0.0,0.0,1.0,0.0
4129-LYCOI,0,1.4100994218432374,1.304122035211441,2.0981770926568917,1.0,0.0,1.0,0.0,0.0,1.0,0.0,1.0,0.0,0.0,1.0,0.0,1.0,0.0,1.0,0.0,0.0,0.0,0.0,1.0,1.0,0.0,0.0,0.0,0.0,1.0,0.0,0.0,1.0,0.0,0.0,1.0,0.0,0.0,1.0,0.0,1.0,0.0,0.0,1.0,0.0,1.0,0.0,7.0,0.0,1.0,0.0,1.4879639408079615,0.0,1.0,0.0,0.0,1.0,0.0,0.0,1.0,0.0
7798-JVXYM,0,-0.748079855318371,0.16246749609731476,-0.6008534032140166,1.0,0.0,1.0,0.0,1.0,0.0,0.0,1.0,1.0,0.0,0.0,1.0,0.0,0.0,1.0,0.0,0.0,1.0,0.0,0.0,1.0,0.0,0.0,0.0,0.0,1.0,0.0,0.0,1.0,0.0,0.0,1.0,1.0,0.0,0.0,0.0,1.0,0.0,0.0,1.0,0.0,1.0,0.0,5.0,1.0,0.0,0.0,0.8031942030551041,1.0,0.0,0.0,1.0,0.0,0.0,1.0,0.0,0.0
8647-SDTWQ,0,1.002895784642934,0.3170146171127639,0.7654821168283866,0.0,1.0,0.0,1.0,0.0,1.0,0.0,1.0,0.0,0.0,1.0,0.0,1.0,0.0,1.0,0.0,0.0,1.0,0.0,0.0,1.0,0.0,0.0,1.0,0.0,0.0,1.0,0.0,0.0,1.0,0.0,0.0,1.0,0.0,0.0,0.0,1.0,0.0,0.0,1.0,0.0,1.0,0.0,3.0,0.0,1.0,0.0,0.7632718459385339,0.0,1.0,0.0,0.0,1.0,0.0,0.0,1.0,0.0
2696-ECXKC,0,0.9214550572028734,1.2010906212011416,1.3964904887881044,1.0,0.0,0.0,1.0,0.0,1.0,0.0,1.0,0.0,0.0,1.0,0.0,1.0,0.0,0.0,0.0,1.0,1.0,0.0,0.0,1.0,0.0,0.0,1.0,0.0,0.0,0.0,0.0,1.0,0.0,0.0,1.0,0.0,1.0,0.0,1.0,0.0,0.0,0.0,0.0,1.0,1.0,0.0,6.0,0.0,1.0,0.0,1.5155275103999395,0.0,1.0,0.0,0.0,1.0,0.0,0.0,1.0,0.0
2081-KJSQF,0,-1.2774445836787656,-1.479387940066815,-0.9984294873891605,0.0,1.0,1.0,0.0,1.0,0.0,0.0,1.0,1.0,0.0,0.0,0.0,0.0,1.0,0.0,1.0,0.0,0.0,1.0,0.0,0.0,1.0,0.0,0.0,1.0,0.0,0.0,1.0,0.0,0.0,1.0,0.0,1.0,0.0,0.0,0.0,1.0,0.0,0.0,0.0,1.0,1.0,0.0,1.0,1.0,0.0,0.0,0.7815834049833288,1.0,0.0,0.0,1.0,0.0,0.0,1.0,0.0,0.0
7623-TRNQN,0,-1.2774445836787656,-0.49394231896830415,-0.9853482790489362,0.0,1.0,1.0,0.0,0.0,1.0,0.0,1.0,1.0,0.0,0.0,1.0,0.0,0.0,1.0,0.0,0.0,1.0,0.0,0.0,1.0,0.0,0.0,0.0,0.0,1.0,1.0,0.0,0.0,1.0,0.0,0.0,1.0,0.0,0.0,0.0,1.0,0.0,0.0,0.0,1.0,0.0,1.0,3.0,1.0,0.0,0.0,0.7713432673622093,1.0,0.0,0.0,1.0,0.0,0.0,1.0,0.0,0.0
3323-CPBWR,0,-0.38159658183809786,1.068146861187852,-0.08728913446400148,0.0,1.0,1.0,0.0,1.0,0.0,0.0,1.0,0.0,0.0,1.0,0.0,1.0,0.0,1.0,0.0,0.0,1.0,0.0,0.0,0.0,0.0,1.0,0.0,0.0,1.0,0.0,0.0,1.0,1.0,0.0,0.0,1.0,0.0,0.0,0.0,1.0,0.0,1.0,0.0,0.0,1.0,0.0,6.0,0.0,0.0,1.0,0.22874716026947048,0.0,0.0,1.0,0.0,0.0,1.0,0.0,0.0,1.0
9330-IJWIO,0,-0.7888002190384014,1.182810854199314,-0.40785594660588625,1.0,0.0,1.0,0.0,1.0,0.0,0.0,1.0,0.0,0.0,1.0,0.0,1.0,0.0,0.0,0.0,1.0,1.0,0.0,0.0,1.0,0.0,0.0,1.0,0.0,0.0,0.0,0.0,1.0,0.0,0.0,1.0,1.0,0.0,0.0,0.0,1.0,0.0,0.0,1.0,0.0,0.0,1.0,6.0,1.0,0.0,0.0,0.5170586122593742,1.0,0.0,0.0,1.0,0.0,0.0,1.0,0.0,0.0
3384-CTMSF,0,0.5956921474426305,1.3074456292117733,1.2582002778524122,0.0,1.0,0.0,1.0,1.0,0.0,0.0,1.0,0.0,0.0,1.0,0.0,1.0,0.0,1.0,0.0,0.0,0.0,0.0,1.0,0.0,0.0,1.0,1.0,0.0,0.0,0.0,0.0,1.0,0.0,0.0,1.0,1.0,0.0,0.0,0.0,1.0,0.0,0.0,1.0,0.0,1.0,0.0,7.0,0.0,1.0,0.0,2.112165290836885,0.0,1.0,0.0,0.0,1.0,0.0,0.0,1.0,0.0
0902-RFHOF,0,0.22920887396235737,-1.4843733310673135,-0.6852525652877058,0.0,1.0,1.0,0.0,1.0,0.0,0.0,1.0,1.0,0.0,0.0,0.0,0.0,1.0,0.0,1.0,0.0,0.0,1.0,0.0,0.0,1.0,0.0,0.0,1.0,0.0,0.0,1.0,0.0,0.0,1.0,0.0,0.0,1.0,0.0,1.0,0.0,0.0,0.0,0.0,1.0,1.0,0.0,1.0,0.0,0.0,1.0,-2.989642387930599,0.0,0.0,1.0,0.0,0.0,1.0,0.0,0.0,1.0
9286-DOJGF,1,0.22920887396235737,0.3386179781149237,0.2587783131606813,1.0,0.0,0.0,1.0,1.0,0.0,0.0,1.0,0.0,0.0,1.0,0.0,1.0,0.0,1.0,0.0,0.0,1.0,0.0,0.0,1.0,0.0,0.0,1.0,0.0,0.0,1.0,0.0,0.0,1.0,0.0,0.0,1.0,0.0,0.0,0.0,1.0,1.0,0.0,0.0,0.0,0.0,1.0,3.0,0.0,0.0,1.0,1.1290065200668455,0.0,0.0,1.0,0.0,0.0,1.0,0.0,0.0,1.0
6048-QBXKL,1,-1.2367242199587352,-0.2729233179462098,-0.9551931158093301,1.0,0.0,1.0,0.0,1.0,0.0,0.0,1.0,0.0,0.0,1.0,1.0,0.0,0.0,1.0,0.0,0.0,0.0,0.0,1.0,1.0,0.0,0.0,1.0,0.0,0.0,1.0,0.0,0.0,1.0,0.0,0.0,1.0,0.0,0.0,0.0,1.0,0.0,1.0,0.0,0.0,1.0,0.0,4.0,1.0,0.0,0.0,0.7723574103216004,1.0,0.0,0.0,1.0,0.0,0.0,1.0,0.0,0.0
9661-MHUMO,1,-1.2774445836787656,-0.5155456799704636,-0.9856350509012515,0.0,1.0,0.0,1.0,0.0,1.0,0.0,1.0,1.0,0.0,0.0,1.0,0.0,0.0,1.0,0.0,0.0,1.0,0.0,0.0,1.0,0.0,0.0,0.0,0.0,1.0,1.0,0.0,0.0,1.0,0.0,0.0,1.0,0.0,0.0,0.0,1.0,0.0,1.0,0.0,0.0,0.0,1.0,3.0,1.0,0.0,0.0,0.771567756045303,1.0,0.0,0.0,1.0,0.0,0.0,1.0,0.0,0.0
7718-RXDGG,0,-0.7073594915983407,0.12756975909382579,-0.5182631097472387,0.0,1.0,0.0,1.0,1.0,0.0,0.0,1.0,1.0,0.0,0.0,0.0,1.0,0.0,1.0,0.0,0.0,1.0,0.0,0.0,1.0,0.0,0.0,1.0,0.0,0.0,1.0,0.0,0.0,1.0,0.0,0.0,1.0,0.0,0.0,0.0,1.0,1.0,0.0,0.0,0.0,1.0,0.0,2.0,1.0,0.0,0.0,0.7326728712951569,1.0,0.0,0.0,1.0,0.0,0.0,1.0,0.0,0.0
1025-FALIX,0,-0.2594354906780068,0.142525932095321,-0.20632151254806486,1.0,0.0,1.0,0.0,1.0,0.0,0.0,1.0,1.0,0.0,0.0,0.0,1.0,0.0,1.0,0.0,0.0,1.0,0.0,0.0,1.0,0.0,0.0,1.0,0.0,0.0,1.0,0.0,0.0,1.0,0.0,0.0,1.0,0.0,0.0,0.0,1.0,0.0,1.0,0.0,0.0,1.0,0.0,2.0,0.0,0.0,1.0,0.7952709631549089,0.0,0.0,1.0,0.0,0.0,1.0,0.0,0.0,1.0
3451-VAWLI,0,0.10704778280226633,-1.4976677070686424,-0.6851202090481756,1.0,0.0,0.0,1.0,0.0,1.0,0.0,1.0,1.0,0.0,0.0,0.0,0.0,1.0,0.0,1.0,0.0,0.0,1.0,0.0,0.0,1.0,0.0,0.0,1.0,0.0,0.0,1.0,0.0,0.0,1.0,0.0,0.0,0.0,1.0,1.0,0.0,0.0,1.0,0.0,0.0,1.0,0.0,1.0,0.0,0.0,1.0,-6.400134511087424,0.0,0.0,1.0,0.0,0.0,1.0,0.0,0.0,1.0
3407-QGWLG,0,-1.1960038562387048,-1.4860351280674797,-0.9740759393156234,0.0,1.0,1.0,0.0,0.0,1.0,0.0,1.0,1.0,0.0,0.0,0.0,0.0,1.0,0.0,1.0,0.0,0.0,1.0,0.0,0.0,1.0,0.0,0.0,1.0,0.0,0.0,1.0,0.0,0.0,1.0,0.0,1.0,0.0,0.0,0.0,1.0,0.0,0.0,0.0,1.0,1.0,0.0,1.0,1.0,0.0,0.0,0.8144421393246848,1.0,0.0,0.0,1.0,0.0,0.0,1.0,0.0,0.0
1842-EZJMK,0,0.7178532386027215,1.2941512532104444,1.2299201613394826,0.0,1.0,0.0,1.0,0.0,1.0,0.0,1.0,0.0,0.0,1.0,0.0,1.0,0.0,1.0,0.0,0.0,0.0,0.0,1.0,1.0,0.0,0.0,0.0,0.0,1.0,0.0,0.0,1.0,0.0,0.0,1.0,1.0,0.0,0.0,1.0,0.0,0.0,0.0,1.0,0.0,0.0,1.0,7.0,0.0,1.0,0.0,1.7133309361861806,0.0,1.0,0.0,0.0,1.0,0.0,0.0,1.0,0.0
2347-WKKAE,0,0.3920903288424788,0.9850570111795457,0.7638276638342605,0.0,1.0,0.0,1.0,1.0,0.0,0.0,1.0,0.0,0.0,1.0,0.0,1.0,0.0,0.0,0.0,1.0,1.0,0.0,0.0,0.0,0.0,1.0,1.0,0.0,0.0,1.0,0.0,0.0,0.0,0.0,1.0,1.0,0.0,0.0,0.0,1.0,0.0,0.0,1.0,0.0,1.0,0.0,6.0,0.0,0.0,1.0,1.948091058734392,0.0,0.0,1.0,0.0,0.0,1.0,0.0,0.0,1.0
8735-DCXNF,0,-0.9109613101984924,-0.32610082195152557,-0.7563940440351308,0.0,1.0,0.0,1.0,1.0,0.0,0.0,1.0,1.0,0.0,0.0,1.0,0.0,0.0,0.0,0.0,1.0,1.0,0.0,0.0,1.0,0.0,0.0,0.0,0.0,1.0,1.0,0.0,0.0,1.0,0.0,0.0,1.0,0.0,0.0,0.0,1.0,0.0,1.0,0.0,0.0,1.0,0.0,4.0,1.0,0.0,0.0,0.8303251033463952,1.0,0.0,0.0,1.0,0.0,0.0,1.0,0.0,0.0
3214-IYUUQ,0,1.1657772395230555,0.9617918531772199,1.5783038431559417,1.0,0.0,0.0,1.0,1.0,0.0,0.0,1.0,1.0,0.0,0.0,0.0,1.0,0.0,0.0,0.0,1.0,0.0,0.0,1.0,1.0,0.0,0.0,0.0,0.0,1.0,1.0,0.0,0.0,0.0,0.0,1.0,0.0,1.0,0.0,1.0,0.0,1.0,0.0,0.0,0.0,1.0,0.0,6.0,0.0,1.0,0.0,1.353864005615395,0.0,1.0,0.0,0.0,1.0,0.0,0.0,1.0,0.0
1936-UAFEH,0,1.4508197855632678,1.5118466602322065,2.204194440520496,1.0,0.0,1.0,0.0,1.0,0.0,0.0,1.0,0.0,0.0,1.0,0.0,1.0,0.0,0.0,0.0,1.0,0.0,0.0,1.0,1.0,0.0,0.0,0.0,0.0,1.0,0.0,0.0,1.0,0.0,0.0,1.0,0.0,0.0,1.0,1.0,0.0,0.0,1.0,0.0,0.0,1.0,0.0,8.0,0.0,1.0,0.0,1.519275145303272,0.0,1.0,0.0,0.0,1.0,0.0,0.0,1.0,0.0
3587-PMCOY,0,-0.9109613101984924,1.1346187411944968,-0.5375209425988672,0.0,1.0,1.0,0.0,1.0,0.0,0.0,1.0,1.0,0.0,0.0,0.0,1.0,0.0,0.0,0.0,1.0,1.0,0.0,0.0,0.0,0.0,1.0,1.0,0.0,0.0,0.0,0.0,1.0,0.0,0.0,1.0,0.0,1.0,0.0,0.0,1.0,0.0,0.0,1.0,0.0,1.0,0.0,6.0,1.0,0.0,0.0,0.5900590250992602,1.0,0.0,0.0,1.0,0.0,0.0,1.0,0.0,0.0
8079-XRJRS,0,1.3286586944031769,0.830509890164096,1.5381116650853037,0.0,1.0,0.0,1.0,1.0,0.0,0.0,1.0,0.0,0.0,1.0,0.0,1.0,0.0,0.0,0.0,1.0,0.0,0.0,1.0,0.0,0.0,1.0,1.0,0.0,0.0,1.0,0.0,0.0,1.0,0.0,0.0,0.0,1.0,0.0,1.0,0.0,0.0,0.0,1.0,0.0,0.0,1.0,6.0,0.0,1.0,0.0,1.1576424190534587,0.0,1.0,0.0,0.0,1.0,0.0,0.0,1.0,0.0
1027-LKKQQ,0,1.6137012404433893,0.5214156481331973,1.589840895368315,1.0,0.0,0.0,1.0,0.0,1.0,0.0,1.0,1.0,0.0,0.0,1.0,0.0,0.0,0.0,0.0,1.0,1.0,0.0,0.0,0.0,0.0,1.0,0.0,0.0,1.0,0.0,0.0,1.0,0.0,0.0,1.0,0.0,0.0,1.0,0.0,1.0,1.0,0.0,0.0,0.0,1.0,0.0,7.0,0.0,1.0,0.0,0.9852139017576027,0.0,1.0,0.0,0.0,1.0,0.0,0.0,1.0,0.0
7148-XZPHA,0,0.9214550572028734,0.48651791112970877,0.8625874778969648,0.0,1.0,0.0,1.0,0.0,1.0,0.0,1.0,1.0,0.0,0.0,0.0,1.0,0.0,1.0,0.0,0.0,0.0,0.0,1.0,1.0,0.0,0.0,0.0,0.0,1.0,1.0,0.0,0.0,1.0,0.0,0.0,1.0,0.0,0.0,1.0,0.0,0.0,0.0,1.0,0.0,1.0,0.0,4.0,0.0,1.0,0.0,0.9361145409689277,0.0,1.0,0.0,0.0,1.0,0.0,0.0,1.0,0.0
8073-IJDCM,0,-1.2774445836787656,-1.477726143066649,-0.9984074280159053,1.0,0.0,1.0,0.0,1.0,0.0,0.0,1.0,1.0,0.0,0.0,0.0,0.0,1.0,0.0,1.0,0.0,0.0,1.0,0.0,0.0,1.0,0.0,0.0,1.0,0.0,0.0,1.0,0.0,0.0,1.0,0.0,1.0,0.0,0.0,0.0,1.0,0.0,0.0,0.0,1.0,0.0,1.0,1.0,1.0,0.0,0.0,0.7815661366230907,1.0,0.0,0.0,1.0,0.0,0.0,1.0,0.0,0.0
5309-TAIKL,0,-1.0331224013585834,-0.0651986929254444,-0.8228148169059822,1.0,0.0,1.0,0.0,1.0,0.0,0.0,1.0,1.0,0.0,0.0,1.0,0.0,0.0,1.0,0.0,0.0,1.0,0.0,0.0,0.0,0.0,1.0,0.0,0.0,1.0,1.0,0.0,0.0,0.0,0.0,1.0,1.0,0.0,0.0,1.0,0.0,1.0,0.0,0.0,0.0,1.0,0.0,5.0,1.0,0.0,0.0,0.7964349779115804,1.0,0.0,0.0,1.0,0.0,0.0,1.0,0.0,0.0
6856-RAURS,0,-1.2367242199587352,0.33695618111475767,-0.9473399789305446,1.0,0.0,1.0,0.0,1.0,0.0,0.0,1.0,0.0,0.0,1.0,0.0,1.0,0.0,1.0,0.0,0.0,1.0,0.0,0.0,1.0,0.0,0.0,1.0,0.0,0.0,1.0,0.0,0.0,1.0,0.0,0.0,1.0,0.0,0.0,0.0,1.0,0.0,0.0,0.0,1.0,1.0,0.0,3.0,1.0,0.0,0.0,0.7660074603876956,1.0,0.0,0.0,1.0,0.0,0.0,1.0,0.0,0.0
8778-LMWTJ,0,-0.9516816739185228,0.33529438411459117,-0.6949145707734026,1.0,0.0,1.0,0.0,1.0,0.0,0.0,1.0,1.0,0.0,0.0,0.0,1.0,0.0,0.0,0.0,1.0,1.0,0.0,0.0,1.0,0.0,0.0,1.0,0.0,0.0,1.0,0.0,0.0,1.0,0.0,0.0,1.0,0.0,0.0,0.0,1.0,0.0,0.0,1.0,0.0,1.0,0.0,3.0,1.0,0.0,0.0,0.7301964404884579,1.0,0.0,0.0,1.0,0.0,0.0,1.0,0.0,0.0
9717-IOAAF,0,-0.21871512695797646,-1.2932666760482092,-0.6594651579525928,0.0,1.0,1.0,0.0,0.0,1.0,0.0,1.0,0.0,0.0,1.0,0.0,0.0,1.0,0.0,1.0,0.0,0.0,1.0,0.0,0.0,1.0,0.0,0.0,1.0,0.0,0.0,1.0,0.0,0.0,1.0,0.0,0.0,0.0,1.0,0.0,1.0,0.0,1.0,0.0,0.0,1.0,0.0,2.0,0.0,0.0,1.0,3.01517854354583,0.0,0.0,1.0,0.0,0.0,1.0,0.0,0.0,1.0
8884-ADFVN,1,-1.0331224013585834,1.2359883582046303,-0.6981572986418899,0.0,1.0,0.0,1.0,1.0,0.0,0.0,1.0,0.0,0.0,1.0,0.0,1.0,0.0,1.0,0.0,0.0,1.0,0.0,0.0,0.0,0.0,1.0,1.0,0.0,0.0,0.0,0.0,1.0,0.0,0.0,1.0,1.0,0.0,0.0,0.0,1.0,0.0,0.0,1.0,0.0,0.0,1.0,6.0,1.0,0.0,0.0,0.6757740396721574,1.0,0.0,0.0,1.0,0.0,0.0,1.0,0.0,0.0
2845-KDHVX,0,1.2879383306831464,0.11759897709282914,0.9245081386237933,1.0,0.0,0.0,1.0,1.0,0.0,0.0,1.0,1.0,0.0,0.0,1.0,0.0,0.0,1.0,0.0,0.0,0.0,0.0,1.0,0.0,0.0,1.0,0.0,0.0,1.0,1.0,0.0,0.0,0.0,0.0,1.0,0.0,0.0,1.0,0.0,1.0,0.0,0.0,0.0,1.0,1.0,0.0,6.0,0.0,1.0,0.0,0.7178201910750005,0.0,1.0,0.0,0.0,1.0,0.0,0.0,1.0,0.0
0848-SOMKO,0,1.5322605130033284,-0.5437962289732878,0.5115566712899037,0.0,1.0,1.0,0.0,1.0,0.0,1.0,0.0,0.0,1.0,0.0,1.0,0.0,0.0,0.0,0.0,1.0,1.0,0.0,0.0,0.0,0.0,1.0,0.0,0.0,1.0,1.0,0.0,0.0,0.0,0.0,1.0,0.0,0.0,1.0,1.0,0.0,1.0,0.0,0.0,0.0,1.0,0.0,5.0,0.0,1.0,0.0,0.33385750461402935,0.0,1.0,0.0,0.0,1.0,0.0,0.0,1.0,0.0
2720-WGKHP,1,-1.2367242199587352,0.9717626351782166,-0.9271997711487155,0.0,1.0,1.0,0.0,1.0,0.0,0.0,1.0,0.0,0.0,1.0,0.0,1.0,0.0,1.0,0.0,0.0,1.0,0.0,0.0,1.0,0.0,0.0,1.0,0.0,0.0,0.0,0.0,1.0,0.0,0.0,1.0,1.0,0.0,0.0,0.0,1.0,0.0,0.0,1.0,0.0,0.0,1.0,5.0,1.0,0.0,0.0,0.7497223359785521,1.0,0.0,0.0,1.0,0.0,0.0,1.0,0.0,0.0
6734-FQAJX,1,1.4100994218432374,1.3390197722149297,2.1567006099024475,0.0,1.0,1.0,0.0,1.0,0.0,0.0,1.0,1.0,0.0,0.0,0.0,1.0,0.0,0.0,0.0,1.0,0.0,0.0,1.0,1.0,0.0,0.0,0.0,0.0,1.0,0.0,0.0,1.0,0.0,0.0,1.0,0.0,0.0,1.0,0.0,1.0,0.0,0.0,1.0,0.0,1.0,0.0,7.0,0.0,1.0,0.0,1.5294670549423222,0.0,1.0,0.0,0.0,1.0,0.0,0.0,1.0,0.0
2869-ADAWR,0,0.5142514200025698,0.8155537171626008,0.7648203356307361,1.0,0.0,1.0,0.0,1.0,0.0,0.0,1.0,0.0,0.0,1.0,0.0,1.0,0.0,1.0,0.0,0.0,0.0,0.0,1.0,1.0,0.0,0.0,1.0,0.0,0.0,0.0,0.0,1.0,1.0,0.0,0.0,1.0,0.0,0.0,0.0,1.0,0.0,1.0,0.0,0.0,0.0,1.0,5.0,0.0,1.0,0.0,1.487249827383878,0.0,1.0,0.0,0.0,1.0,0.0,0.0,1.0,0.0
1535-VTJOQ,0,-0.3408762181180675,-1.3165318340505352,-0.7633868653569705,1.0,0.0,1.0,0.0,1.0,0.0,0.0,1.0,0.0,0.0,1.0,0.0,0.0,1.0,0.0,1.0,0.0,0.0,1.0,0.0,0.0,1.0,0.0,0.0,1.0,0.0,0.0,1.0,0.0,0.0,1.0,0.0,0.0,0.0,1.0,1.0,0.0,0.0,1.0,0.0,0.0,1.0,0.0,2.0,0.0,0.0,1.0,2.239484084784584,0.0,0.0,1.0,0.0,0.0,1.0,0.0,0.0,1.0
6368-TZZDT,0,-1.1552834925186746,-1.504314895069307,-0.9646345275624768,0.0,1.0,0.0,1.0,0.0,1.0,0.0,1.0,1.0,0.0,0.0,0.0,0.0,1.0,0.0,1.0,0.0,0.0,1.0,0.0,0.0,1.0,0.0,0.0,1.0,0.0,0.0,1.0,0.0,0.0,1.0,0.0,0.0,0.0,1.0,1.0,0.0,0.0,1.0,0.0,0.0,1.0,0.0,1.0,1.0,0.0,0.0,0.834976465784552,1.0,0.0,0.0,1.0,0.0,0.0,1.0,0.0,0.0
0943-ZQPXH,0,0.47353105628253944,0.9368648981747281,0.8116082663046239,0.0,1.0,0.0,1.0,0.0,1.0,0.0,1.0,1.0,0.0,0.0,0.0,1.0,0.0,1.0,0.0,0.0,1.0,0.0,0.0,0.0,0.0,1.0,1.0,0.0,0.0,0.0,0.0,1.0,0.0,0.0,1.0,1.0,0.0,0.0,0.0,1.0,1.0,0.0,0.0,0.0,1.0,0.0,5.0,0.0,0.0,1.0,1.7139493926251916,0.0,0.0,1.0,0.0,0.0,1.0,0.0,0.0,1.0
1293-BSEUN,0,1.6137012404433893,-1.46443176706532,-0.35339135403925304,1.0,0.0,0.0,1.0,0.0,1.0,0.0,1.0,1.0,0.0,0.0,0.0,0.0,1.0,0.0,1.0,0.0,0.0,1.0,0.0,0.0,1.0,0.0,0.0,1.0,0.0,0.0,1.0,0.0,0.0,1.0,0.0,0.0,0.0,1.0,0.0,1.0,0.0,0.0,0.0,1.0,1.0,0.0,1.0,0.0,1.0,0.0,-0.21899428790310238,0.0,1.0,0.0,0.0,1.0,0.0,0.0,1.0,0.0
9894-EZEWG,0,-1.2774445836787656,0.3170146171127639,-0.9745833049004886,1.0,0.0,1.0,0.0,1.0,0.0,0.0,1.0,1.0,0.0,0.0,0.0,1.0,0.0,1.0,0.0,0.0,0.0,0.0,1.0,1.0,0.0,0.0,1.0,0.0,0.0,1.0,0.0,0.0,1.0,0.0,0.0,1.0,0.0,0.0,0.0,1.0,0.0,1.0,0.0,0.0,0.0,1.0,3.0,1.0,0.0,0.0,0.7629163075660772,1.0,0.0,0.0,1.0,0.0,0.0,1.0,0.0,0.0
1302-TPUBN,0,1.369379058123207,-1.5093002860698053,-0.4599381268609778,0.0,1.0,1.0,0.0,1.0,0.0,0.0,1.0,1.0,0.0,0.0,0.0,0.0,1.0,0.0,1.0,0.0,0.0,1.0,0.0,0.0,1.0,0.0,0.0,1.0,0.0,0.0,1.0,0.0,0.0,1.0,0.0,0.0,0.0,1.0,1.0,0.0,1.0,0.0,0.0,0.0,1.0,0.0,1.0,0.0,1.0,0.0,-0.33587349253853993,0.0,1.0,0.0,0.0,1.0,0.0,0.0,1.0,0.0
7851-FLGGQ,0,-1.2774445836787656,-0.6684310039857471,-0.9876645132407128,0.0,1.0,1.0,0.0,1.0,0.0,1.0,0.0,0.0,1.0,0.0,1.0,0.0,0.0,1.0,0.0,0.0,0.0,0.0,1.0,1.0,0.0,0.0,0.0,0.0,1.0,1.0,0.0,0.0,0.0,0.0,1.0,1.0,0.0,0.0,0.0,1.0,0.0,0.0,0.0,1.0,0.0,1.0,4.0,1.0,0.0,0.0,0.7731564451871967,1.0,0.0,0.0,1.0,0.0,0.0,1.0,0.0,0.0
0637-UBJRP,0,-0.7888002190384014,0.641065032145158,-0.5241309030330727,0.0,1.0,0.0,1.0,0.0,1.0,0.0,1.0,1.0,0.0,0.0,0.0,1.0,0.0,0.0,0.0,1.0,1.0,0.0,0.0,1.0,0.0,0.0,1.0,0.0,0.0,1.0,0.0,0.0,0.0,0.0,1.0,1.0,0.0,0.0,1.0,0.0,0.0,0.0,1.0,0.0,0.0,1.0,4.0,1.0,0.0,0.0,0.6644659704481602,1.0,0.0,0.0,1.0,0.0,0.0,1.0,0.0,0.0
0940-OUQEC,0,-0.9109613101984924,0.5297246331340278,-0.6593548610863177,0.0,1.0,1.0,0.0,1.0,0.0,0.0,1.0,0.0,0.0,1.0,0.0,1.0,0.0,1.0,0.0,0.0,0.0,0.0,1.0,1.0,0.0,0.0,1.0,0.0,0.0,1.0,0.0,0.0,1.0,0.0,0.0,1.0,0.0,0.0,0.0,1.0,1.0,0.0,0.0,0.0,0.0,1.0,4.0,1.0,0.0,0.0,0.7238011688363019,1.0,0.0,0.0,1.0,0.0,0.0,1.0,0.0,0.0
2378-VTKDH,1,1.3286586944031769,1.3157546142126038,1.895010264978199,0.0,1.0,0.0,1.0,1.0,0.0,0.0,1.0,0.0,0.0,1.0,0.0,1.0,0.0,1.0,0.0,0.0,0.0,0.0,1.0,0.0,0.0,1.0,1.0,0.0,0.0,0.0,0.0,1.0,0.0,0.0,1.0,1.0,0.0,0.0,0.0,1.0,0.0,0.0,1.0,0.0,1.0,0.0,7.0,0.0,1.0,0.0,1.4262581300681008,0.0,1.0,0.0,0.0,1.0,0.0,0.0,1.0,0.0
0927-CNGRH,0,-1.2774445836787656,-1.502653098069141,-0.9987383186147306,0.0,1.0,1.0,0.0,0.0,1.0,0.0,1.0,1.0,0.0,0.0,0.0,0.0,1.0,0.0,1.0,0.0,0.0,1.0,0.0,0.0,1.0,0.0,0.0,1.0,0.0,0.0,1.0,0.0,0.0,1.0,0.0,1.0,0.0,0.0,1.0,0.0,0.0,0.0,0.0,1.0,1.0,0.0,1.0,1.0,0.0,0.0,0.7818251620266604,1.0,0.0,0.0,1.0,0.0,0.0,1.0,0.0,0.0
8608-OZTLB,0,0.22920887396235737,0.3087056321119333,0.22897609989315548,0.0,1.0,0.0,1.0,0.0,1.0,0.0,1.0,1.0,0.0,0.0,1.0,0.0,0.0,0.0,0.0,1.0,0.0,0.0,1.0,0.0,0.0,1.0,0.0,0.0,1.0,0.0,0.0,1.0,1.0,0.0,0.0,0.0,1.0,0.0,1.0,0.0,0.0,0.0,1.0,0.0,1.0,0.0,7.0,0.0,0.0,1.0,0.9989844456491676,0.0,0.0,1.0,0.0,0.0,1.0,0.0,0.0,1.0
2335-GSODA,0,-0.38159658183809786,-0.8196545310008642,-0.6289349853676512,0.0,1.0,1.0,0.0,0.0,1.0,1.0,0.0,0.0,1.0,0.0,1.0,0.0,0.0,0.0,0.0,1.0,1.0,0.0,0.0,0.0,0.0,1.0,0.0,0.0,1.0,1.0,0.0,0.0,1.0,0.0,0.0,0.0,0.0,1.0,1.0,0.0,0.0,0.0,0.0,1.0,1.0,0.0,4.0,0.0,0.0,1.0,1.6481672407497954,0.0,0.0,1.0,0.0,0.0,1.0,0.0,0.0,1.0
1952-DVVSW,0,-0.9109613101984924,-1.4843733310673135,-0.9260085649929446,1.0,0.0,0.0,1.0,1.0,0.0,0.0,1.0,1.0,0.0,0.0,0.0,0.0,1.0,0.0,1.0,0.0,0.0,1.0,0.0,0.0,1.0,0.0,0.0,1.0,0.0,0.0,1.0,0.0,0.0,1.0,0.0,0.0,1.0,0.0,1.0,0.0,0.0,0.0,0.0,1.0,1.0,0.0,1.0,1.0,0.0,0.0,1.0165179954691748,1.0,0.0,0.0,1.0,0.0,0.0,1.0,0.0,0.0
0702-PGIBZ,0,-1.1552834925186746,1.2276793732037996,-0.8465286431551239,0.0,1.0,1.0,0.0,0.0,1.0,0.0,1.0,0.0,0.0,1.0,0.0,1.0,0.0,1.0,0.0,0.0,0.0,0.0,1.0,1.0,0.0,0.0,1.0,0.0,0.0,0.0,0.0,1.0,0.0,0.0,1.0,1.0,0.0,0.0,0.0,1.0,0.0,0.0,1.0,0.0,0.0,1.0,6.0,1.0,0.0,0.0,0.7327453812306941,1.0,0.0,0.0,1.0,0.0,0.0,1.0,0.0,0.0
6656-GULJQ,0,1.6137012404433893,0.6244470621434968,1.6809240475382738,0.0,1.0,0.0,1.0,0.0,1.0,0.0,1.0,0.0,0.0,1.0,1.0,0.0,0.0,0.0,0.0,1.0,1.0,0.0,0.0,0.0,0.0,1.0,0.0,0.0,1.0,0.0,0.0,1.0,0.0,0.0,1.0,0.0,0.0,1.0,0.0,1.0,0.0,1.0,0.0,0.0,1.0,0.0,8.0,0.0,1.0,0.0,1.0416575295414745,0.0,1.0,0.0,0.0,1.0,0.0,0.0,1.0,0.0
9853-JFZDU,0,0.10704778280226633,-0.2629525359452129,-0.18626954225925585,1.0,0.0,0.0,1.0,1.0,0.0,0.0,1.0,1.0,0.0,0.0,1.0,0.0,0.0,1.0,0.0,0.0,0.0,0.0,1.0,1.0,0.0,0.0,0.0,0.0,1.0,1.0,0.0,0.0,1.0,0.0,0.0,1.0,0.0,0.0,1.0,0.0,0.0,0.0,1.0,0.0,1.0,0.0,4.0,0.0,0.0,1.0,-1.7400597880978466,0.0,0.0,1.0,0.0,0.0,1.0,0.0,0.0,1.0
1963-VAUKV,0,-1.2774445836787656,-1.4744025490663168,-0.9983633092693953,1.0,0.0,1.0,0.0,1.0,0.0,0.0,1.0,1.0,0.0,0.0,0.0,0.0,1.0,0.0,1.0,0.0,0.0,1.0,0.0,0.0,1.0,0.0,0.0,1.0,0.0,0.0,1.0,0.0,0.0,1.0,0.0,1.0,0.0,0.0,1.0,0.0,0.0,0.0,0.0,1.0,0.0,1.0,1.0,1.0,0.0,0.0,0.7815315999026148,1.0,0.0,0.0,1.0,0.0,0.0,1.0,0.0,0.0
3777-XROBG,0,1.0436161483629645,-1.502653098069141,-0.5310354868618926,1.0,0.0,0.0,1.0,0.0,1.0,0.0,1.0,1.0,0.0,0.0,0.0,0.0,1.0,0.0,1.0,0.0,0.0,1.0,0.0,0.0,1.0,0.0,0.0,1.0,0.0,0.0,1.0,0.0,0.0,1.0,0.0,0.0,0.0,1.0,1.0,0.0,0.0,1.0,0.0,0.0,1.0,0.0,1.0,0.0,1.0,0.0,-0.5088417687814477,0.0,1.0,0.0,0.0,1.0,0.0,0.0,1.0,0.0
6994-FGRHH,0,1.5322605130033284,1.3755793062185846,2.2905568868138815,0.0,1.0,0.0,1.0,0.0,1.0,0.0,1.0,1.0,0.0,0.0,0.0,1.0,0.0,1.0,0.0,0.0,0.0,0.0,1.0,0.0,0.0,1.0,0.0,0.0,1.0,0.0,0.0,1.0,0.0,0.0,1.0,0.0,1.0,0.0,0.0,1.0,0.0,0.0,1.0,0.0,1.0,0.0,7.0,0.0,1.0,0.0,1.494887368939792,0.0,1.0,0.0,0.0,1.0,0.0,0.0,1.0,0.0
4000-VGMQP,0,0.22920887396235737,0.47156173812821356,0.2555576446654491,0.0,1.0,0.0,1.0,0.0,1.0,0.0,1.0,0.0,0.0,1.0,1.0,0.0,0.0,1.0,0.0,0.0,0.0,0.0,1.0,0.0,0.0,1.0,1.0,0.0,0.0,0.0,0.0,1.0,0.0,0.0,1.0,0.0,1.0,0.0,1.0,0.0,0.0,1.0,0.0,0.0,1.0,0.0,7.0,0.0,0.0,1.0,1.114955281824817,0.0,0.0,1.0,0.0,0.0,1.0,0.0,0.0,1.0
3999-WRNGR,0,1.125056875803025,-0.4989277099688025,0.346839331194703,1.0,0.0,0.0,1.0,0.0,1.0,1.0,0.0,0.0,1.0,0.0,1.0,0.0,0.0,1.0,0.0,0.0,0.0,0.0,1.0,1.0,0.0,0.0,1.0,0.0,0.0,0.0,0.0,1.0,0.0,0.0,1.0,1.0,0.0,0.0,0.0,1.0,0.0,0.0,1.0,0.0,1.0,0.0,4.0,0.0,1.0,0.0,0.3082860419364502,0.0,1.0,0.0,0.0,1.0,0.0,0.0,1.0,0.0
3466-RITXD,0,-0.2594354906780068,0.9185851311729007,0.02933877193526548,0.0,1.0,1.0,0.0,1.0,0.0,0.0,1.0,0.0,0.0,1.0,0.0,1.0,0.0,0.0,0.0,1.0,0.0,0.0,1.0,1.0,0.0,0.0,1.0,0.0,0.0,0.0,0.0,1.0,1.0,0.0,0.0,1.0,0.0,0.0,0.0,1.0,0.0,1.0,0.0,0.0,1.0,0.0,6.0,0.0,0.0,1.0,-0.11308696377119316,0.0,0.0,1.0,0.0,0.0,1.0,0.0,0.0,1.0
2680-XKKNJ,0,-0.9924020376385531,-0.21808401694072754,-0.8003363155591215,1.0,0.0,1.0,0.0,1.0,0.0,0.0,1.0,1.0,0.0,0.0,1.0,0.0,0.0,0.0,0.0,1.0,0.0,0.0,1.0,1.0,0.0,0.0,0.0,0.0,1.0,1.0,0.0,0.0,1.0,0.0,0.0,0.0,1.0,0.0,1.0,0.0,1.0,0.0,0.0,0.0,1.0,0.0,5.0,1.0,0.0,0.0,0.8064637971356277,1.0,0.0,0.0,1.0,0.0,0.0,1.0,0.0,0.0
3058-HJCUY,0,0.35136996512244845,1.2575917192067896,0.8515136725229472,0.0,1.0,0.0,1.0,0.0,1.0,0.0,1.0,0.0,0.0,1.0,0.0,1.0,0.0,1.0,0.0,0.0,1.0,0.0,0.0,0.0,0.0,1.0,0.0,0.0,1.0,0.0,0.0,1.0,0.0,0.0,1.0,0.0,1.0,0.0,0.0,1.0,0.0,0.0,1.0,0.0,0.0,1.0,7.0,0.0,0.0,1.0,2.423410527494017,0.0,0.0,1.0,0.0,0.0,1.0,0.0,0.0,1.0
2974-GGUXS,1,0.14776814652229667,0.9036289581714056,0.4490183481119348,1.0,0.0,0.0,1.0,1.0,0.0,0.0,1.0,0.0,0.0,1.0,0.0,1.0,0.0,1.0,0.0,0.0,0.0,0.0,1.0,1.0,0.0,0.0,1.0,0.0,0.0,0.0,0.0,1.0,1.0,0.0,0.0,1.0,0.0,0.0,0.0,1.0,0.0,1.0,0.0,0.0,1.0,0.0,5.0,0.0,0.0,1.0,3.0386680666944863,0.0,0.0,1.0,0.0,0.0,1.0,0.0,0.0,1.0
7994-XIRTR,1,0.880734693482843,0.016229360082695727,0.5500061588733955,0.0,1.0,1.0,0.0,1.0,0.0,0.0,1.0,1.0,0.0,0.0,1.0,0.0,0.0,1.0,0.0,0.0,1.0,0.0,0.0,0.0,0.0,1.0,0.0,0.0,1.0,1.0,0.0,0.0,0.0,0.0,1.0,0.0,1.0,0.0,1.0,0.0,1.0,0.0,0.0,0.0,1.0,0.0,5.0,0.0,1.0,0.0,0.6244856288088416,0.0,1.0,0.0,0.0,1.0,0.0,0.0,1.0,0.0
3259-FDWOY,0,1.5729808767233588,1.3705939152180862,2.400236090637818,0.0,1.0,0.0,1.0,0.0,1.0,0.0,1.0,0.0,0.0,1.0,0.0,1.0,0.0,1.0,0.0,0.0,0.0,0.0,1.0,0.0,0.0,1.0,1.0,0.0,0.0,0.0,0.0,1.0,0.0,0.0,1.0,0.0,0.0,1.0,0.0,1.0,1.0,0.0,0.0,0.0,0.0,1.0,7.0,0.0,1.0,0.0,1.525915620562213,0.0,1.0,0.0,0.0,1.0,0.0,0.0,1.0,0.0
2101-RANCD,0,0.9214550572028734,0.2771314891087769,0.8213143905368306,1.0,0.0,1.0,0.0,1.0,0.0,0.0,1.0,0.0,0.0,1.0,0.0,1.0,0.0,1.0,0.0,0.0,1.0,0.0,0.0,1.0,0.0,0.0,1.0,0.0,0.0,1.0,0.0,0.0,1.0,0.0,0.0,1.0,0.0,0.0,0.0,1.0,0.0,0.0,1.0,0.0,1.0,0.0,3.0,0.0,1.0,0.0,0.8913233305485075,0.0,1.0,0.0,0.0,1.0,0.0,0.0,1.0,0.0
7921-BEPCI,0,1.6137012404433893,-0.16656830993557784,0.874301005095378,1.0,0.0,1.0,0.0,1.0,0.0,0.0,1.0,0.0,0.0,1.0,1.0,0.0,0.0,0.0,0.0,1.0,0.0,0.0,1.0,1.0,0.0,0.0,1.0,0.0,0.0,1.0,0.0,0.0,1.0,0.0,0.0,0.0,0.0,1.0,1.0,0.0,1.0,0.0,0.0,0.0,1.0,0.0,5.0,0.0,1.0,0.0,0.5417985579878158,0.0,1.0,0.0,0.0,1.0,0.0,0.0,1.0,0.0
0807-ZABDG,0,-1.1960038562387048,-0.32111543095102724,-0.9391338920796788,1.0,0.0,1.0,0.0,0.0,1.0,0.0,1.0,1.0,0.0,0.0,1.0,0.0,0.0,0.0,0.0,1.0,1.0,0.0,0.0,1.0,0.0,0.0,0.0,0.0,1.0,1.0,0.0,0.0,1.0,0.0,0.0,1.0,0.0,0.0,0.0,1.0,0.0,0.0,0.0,1.0,0.0,1.0,4.0,1.0,0.0,0.0,0.7852264749656807,1.0,0.0,0.0,1.0,0.0,0.0,1.0,0.0,0.0
8510-TMWYB,0,0.880734693482843,-0.16490651293541178,0.42492951251745775,1.0,0.0,0.0,1.0,0.0,1.0,0.0,1.0,0.0,0.0,1.0,1.0,0.0,0.0,1.0,0.0,0.0,0.0,0.0,1.0,0.0,0.0,1.0,1.0,0.0,0.0,1.0,0.0,0.0,1.0,0.0,0.0,0.0,0.0,1.0,0.0,1.0,1.0,0.0,0.0,0.0,1.0,0.0,5.0,0.0,1.0,0.0,0.48247164062208653,0.0,1.0,0.0,0.0,1.0,0.0,0.0,1.0,0.0
3258-ZKPAI,0,1.6137012404433893,1.722894879253304,2.6710148973431336,0.0,1.0,0.0,1.0,0.0,1.0,0.0,1.0,0.0,0.0,1.0,0.0,1.0,0.0,0.0,0.0,1.0,0.0,0.0,1.0,0.0,0.0,1.0,0.0,0.0,1.0,0.0,0.0,1.0,0.0,0.0,1.0,0.0,0.0,1.0,0.0,1.0,1.0,0.0,0.0,0.0,1.0,0.0,9.0,0.0,1.0,0.0,1.6552102894890453,0.0,1.0,0.0,0.0,1.0,0.0,0.0,1.0,0.0
1428-IEDPR,0,0.7992939660427822,1.48027251722905,1.5212583039184715,0.0,1.0,1.0,0.0,1.0,0.0,0.0,1.0,0.0,0.0,1.0,0.0,1.0,0.0,0.0,0.0,1.0,1.0,0.0,0.0,0.0,0.0,1.0,0.0,0.0,1.0,0.0,0.0,1.0,0.0,0.0,1.0,0.0,0.0,1.0,0.0,1.0,0.0,0.0,1.0,0.0,1.0,0.0,8.0,0.0,1.0,0.0,1.903252581087352,0.0,1.0,0.0,0.0,1.0,0.0,0.0,1.0,0.0
5298-GSTLM,1,1.125056875803025,1.217708591202803,1.7176749633811297,1.0,0.0,1.0,0.0,1.0,0.0,0.0,1.0,0.0,0.0,1.0,0.0,1.0,0.0,0.0,0.0,1.0,1.0,0.0,0.0,1.0,0.0,0.0,1.0,0.0,0.0,0.0,0.0,1.0,0.0,0.0,1.0,0.0,1.0,0.0,0.0,1.0,1.0,0.0,0.0,0.0,1.0,0.0,6.0,0.0,1.0,0.0,1.5267450031404992,0.0,1.0,0.0,0.0,1.0,0.0,0.0,1.0,0.0
4450-YOOHP,0,0.26992923768238775,-0.4690153639658123,-0.16672493755531206,1.0,0.0,1.0,0.0,1.0,0.0,1.0,0.0,0.0,1.0,0.0,1.0,0.0,0.0,1.0,0.0,0.0,1.0,0.0,0.0,0.0,0.0,1.0,1.0,0.0,0.0,0.0,0.0,1.0,0.0,0.0,1.0,1.0,0.0,0.0,0.0,1.0,0.0,1.0,0.0,0.0,1.0,0.0,4.0,0.0,0.0,1.0,-0.6176616471294931,0.0,0.0,1.0,0.0,0.0,1.0,0.0,0.0,1.0
6728-CZFEI,0,-0.7073594915983407,-0.28621769394753876,-0.5962209348304633,1.0,0.0,1.0,0.0,1.0,0.0,0.0,1.0,1.0,0.0,0.0,1.0,0.0,0.0,1.0,0.0,0.0,1.0,0.0,0.0,1.0,0.0,0.0,1.0,0.0,0.0,0.0,0.0,1.0,1.0,0.0,0.0,0.0,1.0,0.0,1.0,0.0,0.0,0.0,0.0,1.0,1.0,0.0,3.0,1.0,0.0,0.0,0.8428824973893402,1.0,0.0,0.0,1.0,0.0,0.0,1.0,0.0,0.0
5748-RNCJT,0,1.4915401492832983,1.3872118852197473,2.2348349099717124,0.0,1.0,1.0,0.0,1.0,0.0,0.0,1.0,0.0,0.0,1.0,0.0,1.0,0.0,1.0,0.0,0.0,1.0,0.0,0.0,0.0,0.0,1.0,0.0,0.0,1.0,0.0,0.0,1.0,0.0,0.0,1.0,0.0,0.0,1.0,0.0,1.0,1.0,0.0,0.0,0.0,0.0,1.0,7.0,0.0,1.0,0.0,1.4983404308932453,0.0,1.0,0.0,0.0,1.0,0.0,0.0,1.0,0.0
3653-NCRDJ,0,0.43281069256250915,-1.5142856770703037,-0.6648917637733265,0.0,1.0,0.0,1.0,0.0,1.0,0.0,1.0,1.0,0.0,0.0,0.0,0.0,1.0,0.0,1.0,0.0,0.0,1.0,0.0,0.0,1.0,0.0,0.0,1.0,0.0,0.0,1.0,0.0,0.0,1.0,0.0,0.0,1.0,0.0,0.0,1.0,0.0,0.0,0.0,1.0,1.0,0.0,1.0,0.0,0.0,1.0,-1.5362184326749246,0.0,0.0,1.0,0.0,0.0,1.0,0.0,0.0,1.0
6121-TNHBO,1,1.247217966963116,0.6061672951416694,1.3058044053367357,1.0,0.0,1.0,0.0,1.0,0.0,0.0,1.0,0.0,0.0,1.0,1.0,0.0,0.0,0.0,0.0,1.0,0.0,0.0,1.0,0.0,0.0,1.0,0.0,0.0,1.0,0.0,0.0,1.0,1.0,0.0,0.0,0.0,1.0,0.0,1.0,0.0,1.0,0.0,0.0,0.0,1.0,0.0,8.0,0.0,1.0,0.0,1.0469736965995393,0.0,1.0,0.0,0.0,1.0,0.0,0.0,1.0,0.0
5119-NZPTV,1,-1.2367242199587352,0.1774236690988095,-0.9448693291259829,0.0,1.0,0.0,1.0,1.0,0.0,0.0,1.0,1.0,0.0,0.0,0.0,1.0,0.0,1.0,0.0,0.0,1.0,0.0,0.0,1.0,0.0,0.0,1.0,0.0,0.0,1.0,0.0,0.0,1.0,0.0,0.0,1.0,0.0,0.0,1.0,0.0,0.0,0.0,1.0,0.0,1.0,0.0,2.0,1.0,0.0,0.0,0.764009723329838,1.0,0.0,0.0,1.0,0.0,0.0,1.0,0.0,0.0
6519-ZHPXP,0,1.6137012404433893,1.4470365772257276,2.3808017828001495,1.0,0.0,0.0,1.0,0.0,1.0,0.0,1.0,1.0,0.0,0.0,0.0,1.0,0.0,0.0,0.0,1.0,0.0,0.0,1.0,0.0,0.0,1.0,0.0,0.0,1.0,0.0,0.0,1.0,0.0,0.0,1.0,0.0,0.0,1.0,0.0,1.0,1.0,0.0,0.0,0.0,1.0,0.0,8.0,0.0,1.0,0.0,1.4753671393014407,0.0,1.0,0.0,0.0,1.0,0.0,0.0,1.0,0.0
7739-LAXOG,0,-0.015113308357824713,0.8737166121684152,0.2961248320814225,1.0,0.0,0.0,1.0,0.0,1.0,0.0,1.0,0.0,0.0,1.0,0.0,1.0,0.0,1.0,0.0,0.0,1.0,0.0,0.0,0.0,0.0,1.0,1.0,0.0,0.0,1.0,0.0,0.0,0.0,0.0,1.0,1.0,0.0,0.0,0.0,1.0,1.0,0.0,0.0,0.0,0.0,1.0,5.0,0.0,0.0,1.0,-19.593647206179565,0.0,0.0,1.0,0.0,0.0,1.0,0.0,0.0,1.0
3472-QPRCH,0,0.3106496014024181,-1.3132082400502028,-0.5631318749479401,0.0,1.0,0.0,1.0,0.0,1.0,0.0,1.0,0.0,0.0,1.0,0.0,0.0,1.0,0.0,1.0,0.0,0.0,1.0,0.0,0.0,1.0,0.0,0.0,1.0,0.0,0.0,1.0,0.0,0.0,1.0,0.0,0.0,0.0,1.0,1.0,0.0,0.0,1.0,0.0,0.0,1.0,0.0,2.0,0.0,0.0,1.0,-1.812755826518684,0.0,0.0,1.0,0.0,0.0,1.0,0.0,0.0,1.0
8224-UAXBZ,0,1.0436161483629645,-0.6451658459834212,0.11329674654385424,1.0,0.0,0.0,1.0,1.0,0.0,1.0,0.0,0.0,1.0,0.0,1.0,0.0,0.0,0.0,0.0,1.0,0.0,0.0,1.0,1.0,0.0,0.0,1.0,0.0,0.0,0.0,0.0,1.0,1.0,0.0,0.0,0.0,1.0,0.0,0.0,1.0,0.0,0.0,1.0,0.0,1.0,0.0,4.0,0.0,1.0,0.0,0.10856170319094201,0.0,1.0,0.0,0.0,1.0,0.0,0.0,1.0,0.0
9610-WCESF,0,1.4100994218432374,-0.6933579589882389,0.3590822833512366,0.0,1.0,1.0,0.0,1.0,0.0,1.0,0.0,0.0,1.0,0.0,1.0,0.0,0.0,0.0,0.0,1.0,1.0,0.0,0.0,1.0,0.0,0.0,0.0,0.0,1.0,0.0,0.0,1.0,1.0,0.0,0.0,0.0,0.0,1.0,1.0,0.0,0.0,0.0,1.0,0.0,1.0,0.0,4.0,0.0,1.0,0.0,0.25465033017448907,0.0,1.0,0.0,0.0,1.0,0.0,0.0,1.0,0.0
9776-CLUJA,1,0.758573602322752,0.4233696251233959,0.6723915616922214,1.0,0.0,0.0,1.0,1.0,0.0,0.0,1.0,0.0,0.0,1.0,0.0,1.0,0.0,0.0,0.0,1.0,1.0,0.0,0.0,1.0,0.0,0.0,1.0,0.0,0.0,1.0,0.0,0.0,1.0,0.0,0.0,1.0,0.0,0.0,0.0,1.0,0.0,0.0,1.0,0.0,0.0,1.0,4.0,0.0,1.0,0.0,0.8863893492119403,0.0,1.0,0.0,0.0,1.0,0.0,0.0,1.0,0.0
2486-WYVVE,0,-0.055833672077855064,0.4831943171293762,0.08854612975172692,0.0,1.0,0.0,1.0,1.0,0.0,0.0,1.0,0.0,0.0,1.0,1.0,0.0,0.0,1.0,0.0,0.0,1.0,0.0,0.0,0.0,0.0,1.0,0.0,0.0,1.0,0.0,0.0,1.0,0.0,0.0,1.0,0.0,1.0,0.0,0.0,1.0,0.0,0.0,0.0,1.0,1.0,0.0,7.0,0.0,0.0,1.0,-1.585891209667479,0.0,0.0,1.0,0.0,0.0,1.0,0.0,0.0,1.0
3865-ZYKAD,1,1.4915401492832983,0.6693155811479823,1.5451927239001635,0.0,1.0,0.0,1.0,1.0,0.0,0.0,1.0,0.0,0.0,1.0,0.0,1.0,0.0,0.0,0.0,1.0,0.0,0.0,1.0,1.0,0.0,0.0,1.0,0.0,0.0,1.0,0.0,0.0,1.0,0.0,0.0,1.0,0.0,0.0,0.0,1.0,0.0,1.0,0.0,0.0,1.0,0.0,5.0,0.0,1.0,0.0,1.0359712573896491,0.0,1.0,0.0,0.0,1.0,0.0,0.0,1.0,0.0
1422-DGUBX,0,-0.015113308357824713,0.4815325201292102,0.14817261566003379,0.0,1.0,0.0,1.0,1.0,0.0,0.0,1.0,0.0,0.0,1.0,0.0,1.0,0.0,1.0,0.0,0.0,1.0,0.0,0.0,1.0,0.0,0.0,0.0,0.0,1.0,1.0,0.0,0.0,1.0,0.0,0.0,0.0,1.0,0.0,0.0,1.0,0.0,0.0,1.0,0.0,1.0,0.0,4.0,0.0,0.0,1.0,-9.804115164719668,0.0,0.0,1.0,0.0,0.0,1.0,0.0,0.0,1.0
2999-AANRQ,0,-0.46303730927815856,0.2089978121019659,-0.33461882739923493,1.0,0.0,1.0,0.0,1.0,0.0,0.0,1.0,1.0,0.0,0.0,1.0,0.0,0.0,0.0,0.0,1.0,0.0,0.0,1.0,1.0,0.0,0.0,0.0,0.0,1.0,0.0,0.0,1.0,1.0,0.0,0.0,0.0,0.0,1.0,1.0,0.0,0.0,1.0,0.0,0.0,1.0,0.0,6.0,0.0,0.0,1.0,0.7226606165297593,0.0,0.0,1.0,0.0,0.0,1.0,0.0,0.0,1.0
8668-KNZTI,0,0.7992939660427822,-0.3659839499555126,0.22383626592473685,0.0,1.0,1.0,0.0,1.0,0.0,0.0,1.0,1.0,0.0,0.0,1.0,0.0,0.0,0.0,0.0,1.0,1.0,0.0,0.0,0.0,0.0,1.0,1.0,0.0,0.0,1.0,0.0,0.0,1.0,0.0,0.0,0.0,1.0,0.0,1.0,0.0,0.0,0.0,1.0,0.0,1.0,0.0,4.0,0.0,1.0,0.0,0.2800424817829239,0.0,1.0,0.0,0.0,1.0,0.0,0.0,1.0,0.0
0480-KYJVA,0,1.6137012404433893,-1.3464441800535252,-0.22006450208593953,1.0,0.0,0.0,1.0,0.0,1.0,0.0,1.0,0.0,0.0,1.0,0.0,0.0,1.0,0.0,1.0,0.0,0.0,1.0,0.0,0.0,1.0,0.0,0.0,1.0,0.0,0.0,1.0,0.0,0.0,1.0,0.0,0.0,0.0,1.0,1.0,0.0,0.0,1.0,0.0,0.0,1.0,0.0,2.0,0.0,1.0,0.0,-0.13637251838851747,0.0,1.0,0.0,0.0,1.0,0.0,0.0,1.0,0.0
6034-ZRYCV,0,1.6137012404433893,-0.3510277769540174,0.7297900509017716,1.0,0.0,0.0,1.0,1.0,0.0,1.0,0.0,0.0,1.0,0.0,1.0,0.0,0.0,1.0,0.0,0.0,0.0,0.0,1.0,0.0,0.0,1.0,1.0,0.0,0.0,0.0,0.0,1.0,0.0,0.0,1.0,0.0,0.0,1.0,0.0,1.0,0.0,0.0,1.0,0.0,0.0,1.0,5.0,0.0,1.0,0.0,0.45224607418734497,0.0,1.0,0.0,0.0,1.0,0.0,0.0,1.0,0.0
9746-YKGXB,0,0.7992939660427822,-0.681725379987076,-0.0031767442426274472,0.0,1.0,0.0,1.0,0.0,1.0,1.0,0.0,0.0,1.0,0.0,1.0,0.0,0.0,0.0,0.0,1.0,1.0,0.0,0.0,0.0,0.0,1.0,1.0,0.0,0.0,1.0,0.0,0.0,0.0,0.0,1.0,0.0,1.0,0.0,1.0,0.0,1.0,0.0,0.0,0.0,1.0,0.0,4.0,0.0,1.0,0.0,-0.0039744379134439905,0.0,1.0,0.0,0.0,1.0,0.0,0.0,1.0,0.0
3926-YZVVX,0,0.35136996512244845,-0.4889569279678058,-0.11217210749565887,1.0,0.0,1.0,0.0,1.0,0.0,0.0,1.0,1.0,0.0,0.0,1.0,0.0,0.0,1.0,0.0,0.0,1.0,0.0,0.0,1.0,0.0,0.0,0.0,0.0,1.0,1.0,0.0,0.0,1.0,0.0,0.0,0.0,1.0,0.0,1.0,0.0,1.0,0.0,0.0,0.0,1.0,0.0,3.0,0.0,0.0,1.0,-0.319242162478424,0.0,0.0,1.0,0.0,0.0,1.0,0.0,0.0,1.0
6000-UKLWI,0,0.35136996512244845,-1.4827115340671475,-0.6533767709342084,0.0,1.0,1.0,0.0,1.0,0.0,0.0,1.0,1.0,0.0,0.0,0.0,0.0,1.0,0.0,1.0,0.0,0.0,1.0,0.0,0.0,1.0,0.0,0.0,1.0,0.0,0.0,1.0,0.0,0.0,1.0,0.0,0.0,0.0,1.0,1.0,0.0,0.0,0.0,0.0,1.0,1.0,0.0,1.0,0.0,0.0,1.0,-1.8595122969788098,0.0,0.0,1.0,0.0,0.0,1.0,0.0,0.0,1.0
2079-FBMZK,0,-1.0738427650786138,0.14917312009598557,-0.8227706981594722,1.0,0.0,1.0,0.0,1.0,0.0,0.0,1.0,1.0,0.0,0.0,0.0,1.0,0.0,1.0,0.0,0.0,1.0,0.0,0.0,1.0,0.0,0.0,1.0,0.0,0.0,1.0,0.0,0.0,1.0,0.0,0.0,1.0,0.0,0.0,0.0,1.0,0.0,0.0,0.0,1.0,0.0,1.0,2.0,1.0,0.0,0.0,0.7661928961259417,1.0,0.0,0.0,1.0,0.0,0.0,1.0,0.0,0.0
6332-FBZRI,0,1.4100994218432374,0.15249671409631763,1.0455920384205732,0.0,1.0,0.0,1.0,0.0,1.0,0.0,1.0,0.0,0.0,1.0,1.0,0.0,0.0,0.0,0.0,1.0,0.0,0.0,1.0,0.0,0.0,1.0,0.0,0.0,1.0,1.0,0.0,0.0,1.0,0.0,0.0,0.0,1.0,0.0,0.0,1.0,0.0,1.0,0.0,0.0,1.0,0.0,7.0,0.0,1.0,0.0,0.7415023524042074,0.0,1.0,0.0,0.0,1.0,0.0,0.0,1.0,0.0
2096-XOTMO,0,-0.6666391278783103,-1.5093002860698053,-0.8856399119362662,1.0,0.0,0.0,1.0,0.0,1.0,0.0,1.0,1.0,0.0,0.0,0.0,0.0,1.0,0.0,1.0,0.0,0.0,1.0,0.0,0.0,1.0,0.0,0.0,1.0,0.0,0.0,1.0,0.0,0.0,1.0,0.0,1.0,0.0,0.0,1.0,0.0,0.0,0.0,0.0,1.0,1.0,0.0,1.0,1.0,0.0,0.0,1.328514746434045,1.0,0.0,0.0,1.0,0.0,0.0,1.0,0.0,0.0
3266-FTKHB,0,-0.62591876415828,-1.51594747407047,-0.8558376986687404,0.0,1.0,1.0,0.0,1.0,0.0,0.0,1.0,1.0,0.0,0.0,0.0,0.0,1.0,0.0,1.0,0.0,0.0,1.0,0.0,0.0,1.0,0.0,0.0,1.0,0.0,0.0,1.0,0.0,0.0,1.0,0.0,0.0,0.0,1.0,1.0,0.0,0.0,0.0,0.0,1.0,1.0,0.0,1.0,1.0,0.0,0.0,1.3673303113378454,1.0,0.0,0.0,1.0,0.0,0.0,1.0,0.0,0.0
8221-EQDGL,0,0.10704778280226633,-0.12502338493142473,-0.06743569853448755,0.0,1.0,0.0,1.0,1.0,0.0,0.0,1.0,1.0,0.0,0.0,1.0,0.0,0.0,0.0,0.0,1.0,0.0,0.0,1.0,0.0,0.0,1.0,1.0,0.0,0.0,1.0,0.0,0.0,1.0,0.0,0.0,1.0,0.0,0.0,1.0,0.0,0.0,0.0,0.0,1.0,1.0,0.0,5.0,0.0,0.0,1.0,-0.6299588535995335,0.0,0.0,1.0,0.0,0.0,1.0,0.0,0.0,1.0
2346-LOCWC,0,1.0436161483629645,-1.4710789550659844,-0.481732787636933,1.0,0.0,0.0,1.0,0.0,1.0,0.0,1.0,1.0,0.0,0.0,0.0,0.0,1.0,0.0,1.0,0.0,0.0,1.0,0.0,0.0,1.0,0.0,0.0,1.0,0.0,0.0,1.0,0.0,0.0,1.0,0.0,0.0,0.0,1.0,1.0,0.0,0.0,1.0,0.0,0.0,1.0,0.0,1.0,0.0,1.0,0.0,-0.4615995913752273,0.0,1.0,0.0,0.0,1.0,0.0,0.0,1.0,0.0
6608-QQLVK,0,-1.2774445836787656,-0.4740007549663106,-0.9850835665698761,0.0,1.0,1.0,0.0,1.0,0.0,0.0,1.0,1.0,0.0,0.0,1.0,0.0,0.0,1.0,0.0,0.0,1.0,0.0,0.0,0.0,0.0,1.0,1.0,0.0,0.0,1.0,0.0,0.0,1.0,0.0,0.0,1.0,0.0,0.0,0.0,1.0,0.0,0.0,1.0,0.0,0.0,1.0,3.0,1.0,0.0,0.0,0.7711360470393536,1.0,0.0,0.0,1.0,0.0,0.0,1.0,0.0,0.0
0298-XACET,0,0.7992939660427822,-0.48397153696730727,0.11942925230874858,0.0,1.0,0.0,1.0,0.0,1.0,1.0,0.0,0.0,1.0,0.0,1.0,0.0,0.0,1.0,0.0,0.0,0.0,0.0,1.0,0.0,0.0,1.0,0.0,0.0,1.0,0.0,0.0,1.0,1.0,0.0,0.0,0.0,0.0,1.0,1.0,0.0,0.0,0.0,0.0,1.0,1.0,0.0,5.0,0.0,1.0,0.0,0.14941843349578862,0.0,1.0,0.0,0.0,1.0,0.0,0.0,1.0,0.0
7560-QJAVJ,0,1.5322605130033284,0.4931650991303729,1.4586317432474827,1.0,0.0,1.0,0.0,1.0,0.0,0.0,1.0,1.0,0.0,0.0,1.0,0.0,0.0,0.0,0.0,1.0,1.0,0.0,0.0,0.0,0.0,1.0,0.0,0.0,1.0,0.0,0.0,1.0,0.0,0.0,1.0,0.0,0.0,1.0,1.0,0.0,1.0,0.0,0.0,0.0,1.0,0.0,7.0,0.0,1.0,0.0,0.9519476165240801,0.0,1.0,0.0,0.0,1.0,0.0,0.0,1.0,0.0
2995-YWTCD,0,-0.5444780367182193,-1.3248408190513656,-0.801020156130027,1.0,0.0,0.0,1.0,0.0,1.0,0.0,1.0,0.0,0.0,1.0,0.0,0.0,1.0,0.0,1.0,0.0,0.0,1.0,0.0,0.0,1.0,0.0,0.0,1.0,0.0,0.0,1.0,0.0,0.0,1.0,0.0,0.0,0.0,1.0,0.0,1.0,1.0,0.0,0.0,0.0,1.0,0.0,2.0,1.0,0.0,0.0,1.4711707398852794,1.0,0.0,0.0,1.0,0.0,0.0,1.0,0.0,0.0
3551-HUAZH,1,-1.2774445836787656,0.32033821111309646,-0.9745391861539786,0.0,1.0,1.0,0.0,1.0,0.0,0.0,1.0,0.0,0.0,1.0,0.0,1.0,0.0,1.0,0.0,0.0,1.0,0.0,0.0,1.0,0.0,0.0,1.0,0.0,0.0,1.0,0.0,0.0,1.0,0.0,0.0,1.0,0.0,0.0,0.0,1.0,0.0,0.0,1.0,0.0,0.0,1.0,3.0,1.0,0.0,0.0,0.7628817708456013,1.0,0.0,0.0,1.0,0.0,0.0,1.0,0.0,0.0
9137-UIYPG,0,0.10704778280226633,1.4005062612210766,0.6499351197186156,1.0,0.0,0.0,1.0,0.0,1.0,0.0,1.0,1.0,0.0,0.0,0.0,1.0,0.0,0.0,0.0,1.0,1.0,0.0,0.0,0.0,0.0,1.0,0.0,0.0,1.0,0.0,0.0,1.0,0.0,0.0,1.0,1.0,0.0,0.0,0.0,1.0,0.0,0.0,1.0,0.0,1.0,0.0,7.0,0.0,0.0,1.0,6.071448681185163,0.0,0.0,1.0,0.0,0.0,1.0,0.0,0.0,1.0
2809-ZMYOQ,0,-0.015113308357824713,1.2160467942026365,0.46395254380558026,1.0,0.0,1.0,0.0,1.0,0.0,0.0,1.0,0.0,0.0,1.0,0.0,1.0,0.0,1.0,0.0,0.0,1.0,0.0,0.0,0.0,0.0,1.0,1.0,0.0,0.0,0.0,0.0,1.0,0.0,0.0,1.0,1.0,0.0,0.0,0.0,1.0,0.0,0.0,1.0,0.0,1.0,0.0,6.0,0.0,0.0,1.0,-30.698278154655334,0.0,0.0,1.0,0.0,0.0,1.0,0.0,0.0,1.0
5084-OOVCJ,0,-0.62591876415828,-0.31280644595019663,-0.6012504719326068,1.0,0.0,0.0,1.0,0.0,1.0,0.0,1.0,1.0,0.0,0.0,1.0,0.0,0.0,0.0,0.0,1.0,1.0,0.0,0.0,1.0,0.0,0.0,0.0,0.0,1.0,1.0,0.0,0.0,1.0,0.0,0.0,1.0,0.0,0.0,0.0,1.0,0.0,1.0,0.0,0.0,1.0,0.0,4.0,1.0,0.0,0.0,0.9605886679897727,1.0,0.0,0.0,1.0,0.0,0.0,1.0,0.0,0.0
0254-WWRKD,0,1.4100994218432374,-0.47233895796614456,0.5066815498005451,1.0,0.0,0.0,1.0,0.0,1.0,0.0,1.0,1.0,0.0,0.0,1.0,0.0,0.0,1.0,0.0,0.0,0.0,0.0,1.0,1.0,0.0,0.0,1.0,0.0,0.0,1.0,0.0,0.0,1.0,0.0,0.0,0.0,1.0,0.0,1.0,0.0,0.0,1.0,0.0,0.0,1.0,0.0,3.0,0.0,1.0,0.0,0.3593232802962411,0.0,1.0,0.0,0.0,1.0,0.0,0.0,1.0,0.0
7727-SHVZV,0,-0.9516816739185228,-1.504314895069307,-0.9410309981796102,1.0,0.0,1.0,0.0,1.0,0.0,0.0,1.0,1.0,0.0,0.0,0.0,0.0,1.0,0.0,1.0,0.0,0.0,1.0,0.0,0.0,1.0,0.0,0.0,1.0,0.0,0.0,1.0,0.0,0.0,1.0,0.0,1.0,0.0,0.0,1.0,0.0,1.0,0.0,0.0,0.0,1.0,0.0,1.0,1.0,0.0,0.0,0.9888085732542703,1.0,0.0,0.0,1.0,0.0,0.0,1.0,0.0,0.0
6302-JGYRJ,0,-0.055833672077855064,0.4881797081298748,0.13429726988262894,0.0,1.0,1.0,0.0,0.0,1.0,0.0,1.0,0.0,0.0,1.0,1.0,0.0,0.0,1.0,0.0,0.0,0.0,0.0,1.0,1.0,0.0,0.0,0.0,0.0,1.0,0.0,0.0,1.0,0.0,0.0,1.0,0.0,1.0,0.0,0.0,1.0,0.0,0.0,0.0,1.0,0.0,1.0,7.0,0.0,0.0,1.0,-2.405309643531298,0.0,0.0,1.0,0.0,0.0,1.0,0.0,0.0,1.0
5339-PXDVH,0,-1.1552834925186746,0.8604222361670865,-0.8450286057737828,0.0,1.0,1.0,0.0,1.0,0.0,0.0,1.0,0.0,0.0,1.0,0.0,1.0,0.0,0.0,0.0,1.0,1.0,0.0,0.0,1.0,0.0,0.0,1.0,0.0,0.0,0.0,0.0,1.0,1.0,0.0,0.0,1.0,0.0,0.0,1.0,0.0,0.0,0.0,1.0,0.0,1.0,0.0,5.0,1.0,0.0,0.0,0.7314469662606413,1.0,0.0,0.0,1.0,0.0,0.0,1.0,0.0,0.0
2205-LPVGL,1,1.0436161483629645,0.8338334841644282,1.2540531156804693,0.0,1.0,0.0,1.0,0.0,1.0,0.0,1.0,0.0,0.0,1.0,0.0,1.0,0.0,0.0,0.0,1.0,0.0,0.0,1.0,1.0,0.0,0.0,0.0,0.0,1.0,1.0,0.0,0.0,1.0,0.0,0.0,0.0,1.0,0.0,0.0,1.0,1.0,0.0,0.0,0.0,1.0,0.0,6.0,0.0,1.0,0.0,1.2016421149170604,0.0,1.0,0.0,0.0,1.0,0.0,0.0,1.0,0.0
8782-NUUOL,0,1.125056875803025,0.4732235351283796,1.110821605135654,0.0,1.0,1.0,0.0,1.0,0.0,0.0,1.0,1.0,0.0,0.0,1.0,0.0,0.0,0.0,0.0,1.0,1.0,0.0,0.0,0.0,0.0,1.0,0.0,0.0,1.0,0.0,0.0,1.0,0.0,0.0,1.0,0.0,1.0,0.0,1.0,0.0,0.0,0.0,0.0,1.0,1.0,0.0,7.0,0.0,1.0,0.0,0.9873470657585997,0.0,1.0,0.0,0.0,1.0,0.0,0.0,1.0,0.0
3685-YLCMQ,0,1.0436161483629645,1.325725396213601,1.736646024380443,0.0,1.0,1.0,0.0,1.0,0.0,0.0,1.0,0.0,0.0,1.0,0.0,1.0,0.0,1.0,0.0,0.0,1.0,0.0,0.0,0.0,0.0,1.0,0.0,0.0,1.0,0.0,0.0,1.0,0.0,0.0,1.0,0.0,1.0,0.0,0.0,1.0,0.0,0.0,1.0,0.0,0.0,1.0,7.0,0.0,1.0,0.0,1.6640658800695811,0.0,1.0,0.0,0.0,1.0,0.0,0.0,1.0,0.0
7601-WFVZV,0,-1.2774445836787656,-1.502653098069141,-0.9987383186147306,0.0,1.0,1.0,0.0,1.0,0.0,0.0,1.0,1.0,0.0,0.0,0.0,0.0,1.0,0.0,1.0,0.0,0.0,1.0,0.0,0.0,1.0,0.0,0.0,1.0,0.0,0.0,1.0,0.0,0.0,1.0,0.0,1.0,0.0,0.0,1.0,0.0,0.0,0.0,0.0,1.0,1.0,0.0,1.0,1.0,0.0,0.0,0.7818251620266604,1.0,0.0,0.0,1.0,0.0,0.0,1.0,0.0,0.0
4609-KNNWG,0,-0.21871512695797646,-1.491020519067978,-0.7646663090057615,1.0,0.0,0.0,1.0,0.0,1.0,0.0,1.0,1.0,0.0,0.0,0.0,0.0,1.0,0.0,1.0,0.0,0.0,1.0,0.0,0.0,1.0,0.0,0.0,1.0,0.0,0.0,1.0,0.0,0.0,1.0,0.0,0.0,0.0,1.0,1.0,0.0,0.0,0.0,0.0,1.0,1.0,0.0,1.0,0.0,0.0,1.0,3.4961747714536595,0.0,0.0,1.0,0.0,0.0,1.0,0.0,0.0,1.0
4868-AADLV,1,1.369379058123207,1.7112623002521414,2.461362613927466,0.0,1.0,0.0,1.0,0.0,1.0,0.0,1.0,0.0,0.0,1.0,0.0,1.0,0.0,0.0,0.0,1.0,0.0,0.0,1.0,0.0,0.0,1.0,0.0,0.0,1.0,0.0,0.0,1.0,0.0,0.0,1.0,0.0,1.0,0.0,0.0,1.0,0.0,0.0,1.0,0.0,1.0,0.0,9.0,0.0,1.0,0.0,1.7974297177443836,0.0,1.0,0.0,0.0,1.0,0.0,0.0,1.0,0.0
9529-OFXHY,0,-0.7073594915983407,0.7640380101574512,-0.4593204644098373,0.0,1.0,1.0,0.0,1.0,0.0,0.0,1.0,0.0,0.0,1.0,0.0,1.0,0.0,0.0,0.0,1.0,1.0,0.0,0.0,1.0,0.0,0.0,1.0,0.0,0.0,0.0,0.0,1.0,1.0,0.0,0.0,1.0,0.0,0.0,0.0,1.0,1.0,0.0,0.0,0.0,1.0,0.0,5.0,1.0,0.0,0.0,0.6493451630541672,1.0,0.0,0.0,1.0,0.0,0.0,1.0,0.0,0.0
8634-MPHTR,1,0.5956921474426305,1.1728400721983174,1.1416826683194206,0.0,1.0,0.0,1.0,1.0,0.0,0.0,1.0,0.0,0.0,1.0,0.0,1.0,0.0,1.0,0.0,0.0,1.0,0.0,0.0,0.0,0.0,1.0,1.0,0.0,0.0,0.0,0.0,1.0,0.0,0.0,1.0,1.0,0.0,0.0,0.0,1.0,0.0,0.0,1.0,0.0,0.0,1.0,6.0,0.0,1.0,0.0,1.9165649122970398,0.0,1.0,0.0,0.0,1.0,0.0,0.0,1.0,0.0
2669-QVCRG,0,0.35136996512244845,0.5496661971360212,0.4003112519648606,1.0,0.0,1.0,0.0,1.0,0.0,0.0,1.0,0.0,0.0,1.0,0.0,1.0,0.0,0.0,0.0,1.0,1.0,0.0,0.0,1.0,0.0,0.0,1.0,0.0,0.0,1.0,0.0,0.0,1.0,0.0,0.0,1.0,0.0,0.0,0.0,1.0,0.0,1.0,0.0,0.0,1.0,0.0,4.0,0.0,0.0,1.0,1.13928705268066,0.0,0.0,1.0,0.0,0.0,1.0,0.0,0.0,1.0
2478-EEWWM,0,1.0843365120829946,-0.6800635829869099,0.16917313899880848,0.0,1.0,0.0,1.0,1.0,0.0,1.0,0.0,0.0,1.0,0.0,1.0,0.0,0.0,1.0,0.0,0.0,1.0,0.0,0.0,1.0,0.0,0.0,1.0,0.0,0.0,0.0,0.0,1.0,0.0,0.0,1.0,1.0,0.0,0.0,0.0,1.0,0.0,0.0,1.0,0.0,1.0,0.0,3.0,0.0,1.0,0.0,0.15601534866130196,0.0,1.0,0.0,0.0,1.0,0.0,0.0,1.0,0.0
9174-IHETN,0,0.7178532386027215,0.1857326540996401,0.5516164931210117,1.0,0.0,1.0,0.0,0.0,1.0,0.0,1.0,1.0,0.0,0.0,0.0,1.0,0.0,1.0,0.0,0.0,1.0,0.0,0.0,1.0,0.0,0.0,1.0,0.0,0.0,1.0,0.0,0.0,1.0,0.0,0.0,0.0,0.0,1.0,1.0,0.0,0.0,1.0,0.0,0.0,1.0,0.0,2.0,0.0,1.0,0.0,0.7684251647240815,0.0,1.0,0.0,0.0,1.0,0.0,0.0,1.0,0.0
2233-TXSIU,0,-0.62591876415828,-0.6750781919864114,-0.6578768830782316,0.0,1.0,0.0,1.0,0.0,1.0,1.0,0.0,0.0,1.0,0.0,1.0,0.0,0.0,0.0,0.0,1.0,1.0,0.0,0.0,0.0,0.0,1.0,1.0,0.0,0.0,0.0,0.0,1.0,1.0,0.0,0.0,0.0,1.0,0.0,1.0,0.0,0.0,1.0,0.0,0.0,1.0,0.0,4.0,1.0,0.0,0.0,1.0510579339523844,1.0,0.0,0.0,1.0,0.0,0.0,1.0,0.0,0.0
9644-UMGQA,0,-1.0738427650786138,-0.518869273970796,-0.8769264595005352,0.0,1.0,0.0,1.0,0.0,1.0,0.0,1.0,1.0,0.0,0.0,1.0,0.0,0.0,0.0,0.0,1.0,1.0,0.0,0.0,1.0,0.0,0.0,1.0,0.0,0.0,1.0,0.0,0.0,1.0,0.0,0.0,1.0,0.0,0.0,0.0,1.0,0.0,0.0,1.0,0.0,1.0,0.0,3.0,1.0,0.0,0.0,0.8166246381855887,1.0,0.0,0.0,1.0,0.0,0.0,1.0,0.0,0.0
3256-EZDBI,1,0.758573602322752,-1.1736172920362484,-0.3635166063633052,0.0,1.0,0.0,1.0,1.0,0.0,1.0,0.0,0.0,1.0,0.0,1.0,0.0,0.0,1.0,0.0,0.0,0.0,0.0,1.0,1.0,0.0,0.0,1.0,0.0,0.0,1.0,0.0,0.0,1.0,0.0,0.0,1.0,0.0,0.0,0.0,1.0,0.0,1.0,0.0,0.0,1.0,0.0,2.0,0.0,1.0,0.0,-0.4792107255646882,0.0,1.0,0.0,0.0,1.0,0.0,0.0,1.0,0.0
8761-NSOBC,0,0.47353105628253944,1.1894580421999785,0.9330451160734841,0.0,1.0,1.0,0.0,1.0,0.0,0.0,1.0,1.0,0.0,0.0,0.0,1.0,0.0,1.0,0.0,0.0,0.0,0.0,1.0,1.0,0.0,0.0,0.0,0.0,1.0,0.0,0.0,1.0,0.0,0.0,1.0,1.0,0.0,0.0,1.0,0.0,0.0,0.0,1.0,0.0,0.0,1.0,6.0,0.0,0.0,1.0,1.9703989921978182,0.0,0.0,1.0,0.0,0.0,1.0,0.0,0.0,1.0
0419-YAAPX,0,0.6771328748826912,0.682609957149311,0.8888381320704332,0.0,1.0,0.0,1.0,1.0,0.0,0.0,1.0,1.0,0.0,0.0,0.0,1.0,0.0,1.0,0.0,0.0,0.0,0.0,1.0,1.0,0.0,0.0,1.0,0.0,0.0,0.0,0.0,1.0,1.0,0.0,0.0,1.0,0.0,0.0,0.0,1.0,0.0,1.0,0.0,0.0,1.0,0.0,4.0,0.0,1.0,0.0,1.3126495035770025,0.0,1.0,0.0,0.0,1.0,0.0,0.0,1.0,0.0
8413-VONUO,0,-1.2367242199587352,1.0266019361836989,-0.9335528706461599,0.0,1.0,1.0,0.0,1.0,0.0,0.0,1.0,1.0,0.0,0.0,0.0,1.0,0.0,1.0,0.0,0.0,0.0,0.0,1.0,1.0,0.0,0.0,1.0,0.0,0.0,0.0,0.0,1.0,0.0,0.0,1.0,1.0,0.0,0.0,1.0,0.0,0.0,0.0,1.0,0.0,0.0,1.0,5.0,1.0,0.0,0.0,0.754859374127329,1.0,0.0,0.0,1.0,0.0,0.0,1.0,0.0,0.0
0872-CASZJ,0,1.0843365120829946,0.14418772909548702,0.8001373922120159,0.0,1.0,0.0,1.0,1.0,0.0,0.0,1.0,0.0,0.0,1.0,1.0,0.0,0.0,0.0,0.0,1.0,1.0,0.0,0.0,1.0,0.0,0.0,0.0,0.0,1.0,1.0,0.0,0.0,0.0,0.0,1.0,0.0,1.0,0.0,0.0,1.0,0.0,0.0,0.0,1.0,1.0,0.0,6.0,0.0,1.0,0.0,0.7379050537318563,0.0,1.0,0.0,0.0,1.0,0.0,0.0,1.0,0.0
4726-DLWQN,1,0.7178532386027215,0.1857326540996401,0.5167626833780872,0.0,1.0,1.0,0.0,1.0,0.0,0.0,1.0,0.0,0.0,1.0,1.0,0.0,0.0,0.0,0.0,1.0,0.0,0.0,1.0,1.0,0.0,0.0,1.0,0.0,0.0,0.0,0.0,1.0,1.0,0.0,0.0,1.0,0.0,0.0,0.0,1.0,1.0,0.0,0.0,0.0,1.0,0.0,6.0,0.0,1.0,0.0,0.7198723298705865,0.0,1.0,0.0,0.0,1.0,0.0,0.0,1.0,0.0
8164-OCKUJ,0,1.0843365120829946,-1.4677553610656522,-0.4399964534384438,1.0,0.0,0.0,1.0,0.0,1.0,0.0,1.0,1.0,0.0,0.0,0.0,0.0,1.0,0.0,1.0,0.0,0.0,1.0,0.0,0.0,1.0,0.0,0.0,1.0,0.0,0.0,1.0,0.0,0.0,1.0,0.0,0.0,0.0,1.0,1.0,0.0,0.0,0.0,0.0,1.0,1.0,0.0,1.0,0.0,1.0,0.0,-0.40577482039520835,0.0,1.0,0.0,0.0,1.0,0.0,0.0,1.0,0.0
3094-JOJAI,0,-0.5851984004382496,0.31202922611226586,-0.39543651946331254,0.0,1.0,1.0,0.0,1.0,0.0,0.0,1.0,0.0,0.0,1.0,0.0,1.0,0.0,1.0,0.0,0.0,1.0,0.0,0.0,1.0,0.0,0.0,1.0,0.0,0.0,1.0,0.0,0.0,1.0,0.0,0.0,1.0,0.0,0.0,1.0,0.0,0.0,0.0,0.0,1.0,1.0,0.0,3.0,1.0,0.0,0.0,0.6757306909369094,1.0,0.0,0.0,1.0,0.0,0.0,1.0,0.0,0.0
9494-MRNYX,0,-0.9109613101984924,0.3419415721152558,-0.6604578297490684,0.0,1.0,1.0,0.0,1.0,0.0,0.0,1.0,0.0,0.0,1.0,0.0,1.0,0.0,1.0,0.0,0.0,1.0,0.0,0.0,1.0,0.0,0.0,1.0,0.0,0.0,1.0,0.0,0.0,1.0,0.0,0.0,1.0,0.0,0.0,1.0,0.0,0.0,0.0,1.0,0.0,1.0,0.0,3.0,1.0,0.0,0.0,0.7250119432681055,1.0,0.0,0.0,1.0,0.0,0.0,1.0,0.0,0.0
2599-CZABP,0,-0.748079855318371,-0.6700928009859131,-0.7244520715618683,0.0,1.0,0.0,1.0,1.0,0.0,0.0,1.0,1.0,0.0,0.0,1.0,0.0,0.0,1.0,0.0,0.0,1.0,0.0,0.0,1.0,0.0,0.0,1.0,0.0,0.0,1.0,0.0,0.0,1.0,0.0,0.0,0.0,1.0,0.0,1.0,0.0,0.0,0.0,1.0,0.0,1.0,0.0,2.0,1.0,0.0,0.0,0.9684154257215668,1.0,0.0,0.0,1.0,0.0,0.0,1.0,0.0,0.0
7945-PRBVF,0,0.10704778280226633,-1.439504812062828,-0.6961278363024284,0.0,1.0,1.0,0.0,1.0,0.0,0.0,1.0,1.0,0.0,0.0,0.0,0.0,1.0,0.0,1.0,0.0,0.0,1.0,0.0,0.0,1.0,0.0,0.0,1.0,0.0,0.0,1.0,0.0,0.0,1.0,0.0,0.0,0.0,1.0,1.0,0.0,1.0,0.0,0.0,0.0,1.0,0.0,1.0,0.0,0.0,1.0,-6.502963611944053,0.0,0.0,1.0,0.0,0.0,1.0,0.0,0.0,1.0
4544-RXFMG,0,-0.9924020376385531,-0.7083141319897339,-0.8549332643652848,0.0,1.0,0.0,1.0,0.0,1.0,0.0,1.0,1.0,0.0,0.0,1.0,0.0,0.0,1.0,0.0,0.0,1.0,0.0,0.0,1.0,0.0,0.0,1.0,0.0,0.0,1.0,0.0,0.0,1.0,0.0,0.0,0.0,1.0,0.0,0.0,1.0,0.0,0.0,0.0,1.0,1.0,0.0,2.0,1.0,0.0,0.0,0.8614787474637005,1.0,0.0,0.0,1.0,0.0,0.0,1.0,0.0,0.0
0859-YGKFW,0,-0.5851984004382496,-1.4860351280674797,-0.8547567893792446,0.0,1.0,0.0,1.0,0.0,1.0,0.0,1.0,1.0,0.0,0.0,0.0,0.0,1.0,0.0,1.0,0.0,0.0,1.0,0.0,0.0,1.0,0.0,0.0,1.0,0.0,0.0,1.0,0.0,0.0,1.0,0.0,0.0,1.0,0.0,1.0,0.0,1.0,0.0,0.0,0.0,1.0,0.0,1.0,1.0,0.0,0.0,1.460627350893518,1.0,0.0,0.0,1.0,0.0,0.0,1.0,0.0,0.0
1150-FTQGN,0,1.125056875803025,0.9767480261787151,1.5567297761125367,1.0,0.0,0.0,1.0,0.0,1.0,0.0,1.0,0.0,0.0,1.0,0.0,1.0,0.0,0.0,0.0,1.0,0.0,0.0,1.0,1.0,0.0,0.0,1.0,0.0,0.0,0.0,0.0,1.0,1.0,0.0,0.0,0.0,1.0,0.0,1.0,0.0,1.0,0.0,0.0,0.0,1.0,0.0,6.0,0.0,1.0,0.0,1.3836898467923224,0.0,1.0,0.0,0.0,1.0,0.0,0.0,1.0,0.0
9223-UCPVT,0,-1.2774445836787656,0.9850570111795457,-0.9657154368519725,1.0,0.0,1.0,0.0,1.0,0.0,0.0,1.0,1.0,0.0,0.0,0.0,1.0,0.0,1.0,0.0,0.0,1.0,0.0,0.0,0.0,0.0,1.0,1.0,0.0,0.0,0.0,0.0,1.0,0.0,0.0,1.0,1.0,0.0,0.0,1.0,0.0,0.0,0.0,1.0,0.0,0.0,1.0,5.0,1.0,0.0,0.0,0.7559744267504112,1.0,0.0,0.0,1.0,0.0,0.0,1.0,0.0,0.0
7196-LIWRH,0,-1.0738427650786138,-1.502653098069141,-0.9524577535257083,1.0,0.0,1.0,0.0,1.0,0.0,0.0,1.0,1.0,0.0,0.0,0.0,0.0,1.0,0.0,1.0,0.0,0.0,1.0,0.0,0.0,1.0,0.0,0.0,1.0,0.0,0.0,1.0,0.0,0.0,1.0,0.0,0.0,0.0,1.0,1.0,0.0,0.0,0.0,0.0,1.0,1.0,0.0,1.0,1.0,0.0,0.0,0.8869620250744817,1.0,0.0,0.0,1.0,0.0,0.0,1.0,0.0,0.0
5448-VWNAM,0,-0.5444780367182193,0.37019212111808014,-0.4004660565654561,1.0,0.0,1.0,0.0,0.0,1.0,0.0,1.0,0.0,0.0,1.0,1.0,0.0,0.0,0.0,0.0,1.0,0.0,0.0,1.0,1.0,0.0,0.0,0.0,0.0,1.0,0.0,0.0,1.0,1.0,0.0,0.0,1.0,0.0,0.0,0.0,1.0,0.0,0.0,0.0,1.0,1.0,0.0,7.0,1.0,0.0,0.0,0.7355045191156298,1.0,0.0,0.0,1.0,0.0,0.0,1.0,0.0,0.0
1177-XZBJL,0,0.8400143297628127,-0.020330173920958795,0.5330645602135438,0.0,1.0,0.0,1.0,0.0,1.0,0.0,1.0,0.0,0.0,1.0,1.0,0.0,0.0,0.0,0.0,1.0,0.0,0.0,1.0,1.0,0.0,0.0,0.0,0.0,1.0,1.0,0.0,0.0,1.0,0.0,0.0,0.0,1.0,0.0,1.0,0.0,1.0,0.0,0.0,0.0,1.0,0.0,6.0,0.0,1.0,0.0,0.634589841299565,0.0,1.0,0.0,0.0,1.0,0.0,0.0,1.0,0.0
3518-FSTWG,1,1.6137012404433893,1.4885815022298807,2.487150021262579,0.0,1.0,0.0,1.0,1.0,0.0,0.0,1.0,0.0,0.0,1.0,0.0,1.0,0.0,0.0,0.0,1.0,0.0,0.0,1.0,0.0,0.0,1.0,1.0,0.0,0.0,0.0,0.0,1.0,0.0,0.0,1.0,0.0,0.0,1.0,0.0,1.0,1.0,0.0,0.0,0.0,1.0,0.0,8.0,0.0,1.0,0.0,1.5412704402329123,0.0,1.0,0.0,0.0,1.0,0.0,0.0,1.0,0.0
9330-VOFSZ,0,1.125056875803025,1.5301264272340338,1.922430065934183,1.0,0.0,0.0,1.0,1.0,0.0,0.0,1.0,0.0,0.0,1.0,0.0,1.0,0.0,1.0,0.0,0.0,0.0,0.0,1.0,0.0,0.0,1.0,0.0,0.0,1.0,0.0,0.0,1.0,0.0,0.0,1.0,0.0,0.0,1.0,0.0,1.0,0.0,1.0,0.0,0.0,1.0,0.0,8.0,0.0,1.0,0.0,1.708740337738056,0.0,1.0,0.0,0.0,1.0,0.0,0.0,1.0,0.0
4351-QLCSU,0,-1.2774445836787656,-0.3244390249513595,-0.9830982229769247,1.0,0.0,1.0,0.0,1.0,0.0,0.0,1.0,1.0,0.0,0.0,1.0,0.0,0.0,1.0,0.0,0.0,1.0,0.0,0.0,1.0,0.0,0.0,1.0,0.0,0.0,0.0,0.0,1.0,1.0,0.0,0.0,1.0,0.0,0.0,0.0,1.0,0.0,1.0,0.0,0.0,0.0,1.0,3.0,1.0,0.0,0.0,0.7695818946179359,1.0,0.0,0.0,1.0,0.0,0.0,1.0,0.0,0.0
0939-EREMR,0,-0.7888002190384014,-0.37595473195650925,-0.6905468148689096,1.0,0.0,1.0,0.0,0.0,1.0,0.0,1.0,1.0,0.0,0.0,1.0,0.0,0.0,1.0,0.0,0.0,1.0,0.0,0.0,0.0,0.0,1.0,0.0,0.0,1.0,1.0,0.0,0.0,1.0,0.0,0.0,1.0,0.0,0.0,1.0,0.0,0.0,0.0,0.0,1.0,1.0,0.0,4.0,1.0,0.0,0.0,0.8754394309255276,1.0,0.0,0.0,1.0,0.0,0.0,1.0,0.0,0.0
9389-ACWBI,0,-1.1145631287986442,0.1724382780983114,-0.8660070697393025,1.0,0.0,0.0,1.0,0.0,1.0,0.0,1.0,1.0,0.0,0.0,0.0,1.0,0.0,1.0,0.0,0.0,1.0,0.0,0.0,1.0,0.0,0.0,1.0,0.0,0.0,1.0,0.0,0.0,1.0,0.0,0.0,1.0,0.0,0.0,1.0,0.0,0.0,1.0,0.0,0.0,1.0,0.0,2.0,1.0,0.0,0.0,0.7769923904379888,1.0,0.0,0.0,1.0,0.0,0.0,1.0,0.0,0.0
5419-JPRRN,0,-1.2774445836787656,1.219370388202969,-0.9626050652230154,0.0,1.0,1.0,0.0,1.0,0.0,0.0,1.0,0.0,0.0,1.0,0.0,1.0,0.0,1.0,0.0,0.0,1.0,0.0,0.0,0.0,0.0,1.0,1.0,0.0,0.0,0.0,0.0,1.0,0.0,0.0,1.0,1.0,0.0,0.0,0.0,1.0,0.0,0.0,1.0,0.0,0.0,1.0,6.0,1.0,0.0,0.0,0.7535395879568567,1.0,0.0,0.0,1.0,0.0,0.0,1.0,0.0,0.0
3644-QXEHN,0,-0.7888002190384014,1.071470455188184,-0.41862092075433377,0.0,1.0,0.0,1.0,0.0,1.0,0.0,1.0,1.0,0.0,0.0,0.0,1.0,0.0,1.0,0.0,0.0,1.0,0.0,0.0,0.0,0.0,1.0,1.0,0.0,0.0,0.0,0.0,1.0,0.0,0.0,1.0,1.0,0.0,0.0,1.0,0.0,0.0,0.0,1.0,0.0,1.0,0.0,5.0,1.0,0.0,0.0,0.5307058880696811,1.0,0.0,0.0,1.0,0.0,0.0,1.0,0.0,0.0
2911-IJORQ,0,0.18848851024232702,0.85876043916692,0.4744307461017126,0.0,1.0,1.0,0.0,1.0,0.0,0.0,1.0,0.0,0.0,1.0,1.0,0.0,0.0,0.0,0.0,1.0,0.0,0.0,1.0,0.0,0.0,1.0,0.0,0.0,1.0,0.0,0.0,1.0,0.0,0.0,1.0,0.0,1.0,0.0,0.0,1.0,1.0,0.0,0.0,0.0,1.0,0.0,9.0,0.0,0.0,1.0,2.517027406560585,0.0,0.0,1.0,0.0,0.0,1.0,0.0,0.0,1.0
5921-NGYRH,0,1.2879383306831464,0.2920876621102721,1.0944535501804324,0.0,1.0,0.0,1.0,1.0,0.0,0.0,1.0,1.0,0.0,0.0,0.0,1.0,0.0,0.0,0.0,1.0,1.0,0.0,0.0,1.0,0.0,0.0,1.0,0.0,0.0,1.0,0.0,0.0,1.0,0.0,0.0,1.0,0.0,0.0,0.0,1.0,0.0,0.0,0.0,1.0,1.0,0.0,3.0,0.0,1.0,0.0,0.849771704208783,0.0,1.0,0.0,0.0,1.0,0.0,0.0,1.0,0.0
2100-BDNSN,0,-1.1145631287986442,0.10596639809166647,-0.8528155645328033,1.0,0.0,0.0,1.0,1.0,0.0,0.0,1.0,0.0,0.0,1.0,1.0,0.0,0.0,1.0,0.0,0.0,1.0,0.0,0.0,0.0,0.0,1.0,0.0,0.0,1.0,0.0,0.0,1.0,1.0,0.0,0.0,1.0,0.0,0.0,1.0,0.0,1.0,0.0,0.0,0.0,0.0,1.0,6.0,1.0,0.0,0.0,0.7651568067320053,1.0,0.0,0.0,1.0,0.0,0.0,1.0,0.0,0.0
5998-DZLYR,0,1.1657772395230555,0.9833952141793793,1.508728579909623,1.0,0.0,0.0,1.0,1.0,0.0,0.0,1.0,0.0,0.0,1.0,0.0,1.0,0.0,1.0,0.0,0.0,0.0,0.0,1.0,1.0,0.0,0.0,0.0,0.0,1.0,1.0,0.0,0.0,0.0,0.0,1.0,0.0,0.0,1.0,0.0,1.0,1.0,0.0,0.0,0.0,1.0,0.0,6.0,0.0,1.0,0.0,1.294182566582683,0.0,1.0,0.0,0.0,1.0,0.0,0.0,1.0,0.0
0488-GSLFR,0,-1.2774445836787656,0.1574821050968162,-0.9767010047329702,1.0,0.0,1.0,0.0,1.0,0.0,0.0,1.0,1.0,0.0,0.0,0.0,1.0,0.0,1.0,0.0,0.0,1.0,0.0,0.0,1.0,0.0,0.0,1.0,0.0,0.0,1.0,0.0,0.0,1.0,0.0,0.0,1.0,0.0,0.0,0.0,1.0,0.0,0.0,1.0,0.0,0.0,1.0,2.0,1.0,0.0,0.0,0.764574070148923,1.0,0.0,0.0,1.0,0.0,0.0,1.0,0.0,0.0
9318-NKNFC,0,-1.2774445836787656,-1.5259182560714666,-0.9990471498403009,0.0,1.0,1.0,0.0,1.0,0.0,0.0,1.0,1.0,0.0,0.0,0.0,0.0,1.0,0.0,1.0,0.0,0.0,1.0,0.0,0.0,1.0,0.0,0.0,1.0,0.0,0.0,1.0,0.0,0.0,1.0,0.0,1.0,0.0,0.0,0.0,1.0,0.0,0.0,0.0,1.0,0.0,1.0,1.0,1.0,0.0,0.0,0.782066919069992,1.0,0.0,0.0,1.0,0.0,0.0,1.0,0.0,0.0
3985-HOYPM,0,-0.2594354906780068,-1.5076384890696393,-0.7754974612739741,0.0,1.0,1.0,0.0,1.0,0.0,0.0,1.0,1.0,0.0,0.0,0.0,0.0,1.0,0.0,1.0,0.0,0.0,1.0,0.0,0.0,1.0,0.0,0.0,1.0,0.0,0.0,1.0,0.0,0.0,1.0,0.0,0.0,1.0,0.0,1.0,0.0,0.0,0.0,0.0,1.0,1.0,0.0,1.0,0.0,0.0,1.0,2.989172604130972,0.0,0.0,1.0,0.0,0.0,1.0,0.0,0.0,1.0
9728-FTTVZ,0,-1.2774445836787656,0.14751132309581955,-0.9768333609725004,1.0,0.0,1.0,0.0,1.0,0.0,0.0,1.0,1.0,0.0,0.0,0.0,1.0,0.0,1.0,0.0,0.0,1.0,0.0,0.0,1.0,0.0,0.0,1.0,0.0,0.0,1.0,0.0,0.0,1.0,0.0,0.0,1.0,0.0,0.0,0.0,1.0,0.0,0.0,1.0,0.0,0.0,1.0,2.0,1.0,0.0,0.0,0.7646776803103509,1.0,0.0,0.0,1.0,0.0,0.0,1.0,0.0,0.0
9548-LERKT,0,-0.3408762181180675,-1.4960059100684764,-0.7942038097942271,0.0,1.0,0.0,1.0,1.0,0.0,0.0,1.0,1.0,0.0,0.0,0.0,0.0,1.0,0.0,1.0,0.0,0.0,1.0,0.0,0.0,1.0,0.0,0.0,1.0,0.0,0.0,1.0,0.0,0.0,1.0,0.0,0.0,0.0,1.0,1.0,0.0,0.0,0.0,0.0,1.0,1.0,0.0,1.0,0.0,0.0,1.0,2.3298891726120443,0.0,0.0,1.0,0.0,0.0,1.0,0.0,0.0,1.0
6576-FBXOJ,0,-0.62591876415828,-0.33773340095268845,-0.5949414911816725,0.0,1.0,0.0,1.0,1.0,0.0,1.0,0.0,0.0,1.0,0.0,1.0,0.0,0.0,1.0,0.0,0.0,1.0,0.0,0.0,0.0,0.0,1.0,0.0,0.0,1.0,0.0,0.0,1.0,0.0,0.0,1.0,0.0,1.0,0.0,1.0,0.0,0.0,0.0,1.0,0.0,1.0,0.0,5.0,1.0,0.0,0.0,0.950509115958099,1.0,0.0,0.0,1.0,0.0,0.0,1.0,0.0,0.0
4310-KEDTB,0,-0.2594354906780068,-1.1619847130350858,-0.6603695922560483,1.0,0.0,1.0,0.0,0.0,1.0,1.0,0.0,0.0,1.0,0.0,1.0,0.0,0.0,1.0,0.0,0.0,1.0,0.0,0.0,0.0,0.0,1.0,1.0,0.0,0.0,1.0,0.0,0.0,1.0,0.0,0.0,1.0,0.0,0.0,0.0,1.0,0.0,0.0,0.0,1.0,1.0,0.0,2.0,0.0,0.0,1.0,2.545409614275376,0.0,0.0,1.0,0.0,0.0,1.0,0.0,0.0,1.0
7254-IQWOZ,0,-1.2774445836787656,0.16246749609731476,-0.9766348266132051,0.0,1.0,1.0,0.0,1.0,0.0,0.0,1.0,1.0,0.0,0.0,0.0,1.0,0.0,1.0,0.0,0.0,1.0,0.0,0.0,1.0,0.0,0.0,1.0,0.0,0.0,1.0,0.0,0.0,1.0,0.0,0.0,1.0,0.0,0.0,0.0,1.0,0.0,0.0,1.0,0.0,0.0,1.0,2.0,1.0,0.0,0.0,0.764522265068209,1.0,0.0,0.0,1.0,0.0,0.0,1.0,0.0,0.0
2474-BRUCM,1,0.3106496014024181,1.2326647642042976,0.7954608050819528,0.0,1.0,0.0,1.0,1.0,0.0,0.0,1.0,0.0,0.0,1.0,0.0,1.0,0.0,0.0,0.0,1.0,1.0,0.0,0.0,1.0,0.0,0.0,1.0,0.0,0.0,0.0,0.0,1.0,0.0,0.0,1.0,1.0,0.0,0.0,1.0,0.0,0.0,0.0,1.0,0.0,0.0,1.0,6.0,0.0,0.0,1.0,2.5606368123148058,0.0,0.0,1.0,0.0,0.0,1.0,0.0,0.0,1.0
4062-HBMOS,0,0.7992939660427822,1.2725478922082847,1.3595189792126985,0.0,1.0,1.0,0.0,1.0,0.0,0.0,1.0,0.0,0.0,1.0,0.0,1.0,0.0,1.0,0.0,0.0,0.0,0.0,1.0,0.0,0.0,1.0,1.0,0.0,0.0,0.0,0.0,1.0,0.0,0.0,1.0,1.0,0.0,0.0,0.0,1.0,0.0,0.0,1.0,0.0,1.0,0.0,7.0,0.0,1.0,0.0,1.7008998403222404,0.0,1.0,0.0,0.0,1.0,0.0,0.0,1.0,0.0
0742-NXBGR,0,-1.2774445836787656,0.5829021371393436,-0.9710538051796862,1.0,0.0,1.0,0.0,1.0,0.0,0.0,1.0,1.0,0.0,0.0,0.0,1.0,0.0,1.0,0.0,0.0,0.0,0.0,1.0,0.0,0.0,1.0,1.0,0.0,0.0,1.0,0.0,0.0,1.0,0.0,0.0,1.0,0.0,0.0,0.0,1.0,0.0,0.0,1.0,0.0,0.0,1.0,4.0,1.0,0.0,0.0,0.7601533699280012,1.0,0.0,0.0,1.0,0.0,0.0,1.0,0.0,0.0
2676-ISHSF,0,-1.2774445836787656,-1.477726143066649,-0.9984074280159053,0.0,1.0,1.0,0.0,1.0,0.0,0.0,1.0,1.0,0.0,0.0,0.0,0.0,1.0,0.0,1.0,0.0,0.0,1.0,0.0,0.0,1.0,0.0,0.0,1.0,0.0,0.0,1.0,0.0,0.0,1.0,0.0,1.0,0.0,0.0,1.0,0.0,0.0,0.0,0.0,1.0,1.0,0.0,1.0,1.0,0.0,0.0,0.7815661366230907,1.0,0.0,0.0,1.0,0.0,0.0,1.0,0.0,0.0
9236-NDUCW,0,-0.46303730927815856,-0.9858342310174765,-0.6674727104441632,1.0,0.0,1.0,0.0,1.0,0.0,1.0,0.0,0.0,1.0,0.0,1.0,0.0,0.0,0.0,0.0,1.0,1.0,0.0,0.0,1.0,0.0,0.0,0.0,0.0,1.0,1.0,0.0,0.0,1.0,0.0,0.0,0.0,0.0,1.0,1.0,0.0,0.0,0.0,0.0,1.0,1.0,0.0,3.0,0.0,0.0,1.0,1.441509565362464,0.0,0.0,1.0,0.0,0.0,1.0,0.0,0.0,1.0
4753-PADAS,0,1.4100994218432374,1.3606231332170895,2.0001893566581126,1.0,0.0,0.0,1.0,1.0,0.0,0.0,1.0,0.0,0.0,1.0,0.0,1.0,0.0,1.0,0.0,0.0,0.0,0.0,1.0,0.0,0.0,1.0,1.0,0.0,0.0,0.0,0.0,1.0,0.0,0.0,1.0,0.0,1.0,0.0,0.0,1.0,1.0,0.0,0.0,0.0,1.0,0.0,7.0,0.0,1.0,0.0,1.4184739924533323,0.0,1.0,0.0,0.0,1.0,0.0,0.0,1.0,0.0
6103-QCKFX,0,0.47353105628253944,-0.28289409994720643,0.060111597626012064,1.0,0.0,0.0,1.0,0.0,1.0,0.0,1.0,1.0,0.0,0.0,1.0,0.0,0.0,0.0,0.0,1.0,1.0,0.0,0.0,1.0,0.0,0.0,0.0,0.0,1.0,1.0,0.0,0.0,1.0,0.0,0.0,1.0,0.0,0.0,1.0,0.0,1.0,0.0,0.0,0.0,1.0,0.0,4.0,0.0,0.0,1.0,0.1269433056786577,0.0,0.0,1.0,0.0,0.0,1.0,0.0,0.0,1.0
7781-EWARA,0,1.5322605130033284,-0.1466267459335843,0.8185790282532088,0.0,1.0,0.0,1.0,0.0,1.0,1.0,0.0,0.0,1.0,0.0,1.0,0.0,0.0,1.0,0.0,0.0,0.0,0.0,1.0,0.0,0.0,1.0,0.0,0.0,1.0,0.0,0.0,1.0,0.0,0.0,1.0,0.0,1.0,0.0,1.0,0.0,0.0,0.0,1.0,0.0,1.0,0.0,6.0,0.0,1.0,0.0,0.5342296700244149,0.0,1.0,0.0,0.0,1.0,0.0,0.0,1.0,0.0
6110-OHIHY,0,-1.1960038562387048,0.4815325201292102,-0.889301767896599,0.0,1.0,1.0,0.0,1.0,0.0,0.0,1.0,1.0,0.0,0.0,0.0,1.0,0.0,1.0,0.0,0.0,1.0,0.0,0.0,1.0,0.0,0.0,1.0,0.0,0.0,0.0,0.0,1.0,1.0,0.0,0.0,1.0,0.0,0.0,1.0,0.0,0.0,0.0,1.0,0.0,0.0,1.0,3.0,1.0,0.0,0.0,0.7435609536355102,1.0,0.0,0.0,1.0,0.0,0.0,1.0,0.0,0.0
7018-FPXHH,0,0.9621754209229036,-0.16490651293541178,0.5180200676536231,0.0,1.0,0.0,1.0,0.0,1.0,0.0,1.0,1.0,0.0,0.0,1.0,0.0,0.0,0.0,0.0,1.0,0.0,0.0,1.0,0.0,0.0,1.0,1.0,0.0,0.0,1.0,0.0,0.0,1.0,0.0,0.0,0.0,0.0,1.0,0.0,1.0,1.0,0.0,0.0,0.0,1.0,0.0,5.0,0.0,1.0,0.0,0.538384224320287,0.0,1.0,0.0,0.0,1.0,0.0,0.0,1.0,0.0
5889-LFOLL,0,-0.7888002190384014,0.6593447991469852,-0.5153512724775766,1.0,0.0,1.0,0.0,1.0,0.0,0.0,1.0,0.0,0.0,1.0,0.0,1.0,0.0,1.0,0.0,0.0,1.0,0.0,0.0,1.0,0.0,0.0,1.0,0.0,0.0,1.0,0.0,0.0,0.0,0.0,1.0,1.0,0.0,0.0,0.0,1.0,0.0,0.0,1.0,0.0,0.0,1.0,4.0,1.0,0.0,0.0,0.6533356102586068,1.0,0.0,0.0,1.0,0.0,0.0,1.0,0.0,0.0
5708-EVONK,0,1.0436161483629645,0.9518210711762233,1.3907550517418004,1.0,0.0,0.0,1.0,0.0,1.0,0.0,1.0,0.0,0.0,1.0,0.0,1.0,0.0,0.0,0.0,1.0,0.0,0.0,1.0,1.0,0.0,0.0,1.0,0.0,0.0,1.0,0.0,0.0,0.0,0.0,1.0,1.0,0.0,0.0,0.0,1.0,1.0,0.0,0.0,0.0,0.0,1.0,6.0,0.0,1.0,0.0,1.332630827841601,0.0,1.0,0.0,0.0,1.0,0.0,0.0,1.0,0.0
8708-XPXHZ,0,0.3920903288424788,0.9784098231788811,0.8395795515919837,1.0,0.0,0.0,1.0,0.0,1.0,0.0,1.0,0.0,0.0,1.0,0.0,1.0,0.0,1.0,0.0,0.0,1.0,0.0,0.0,1.0,0.0,0.0,1.0,0.0,0.0,0.0,0.0,1.0,0.0,0.0,1.0,1.0,0.0,0.0,0.0,1.0,0.0,0.0,1.0,0.0,0.0,1.0,5.0,0.0,0.0,1.0,2.141291151124726,0.0,0.0,1.0,0.0,0.0,1.0,0.0,0.0,1.0
0616-ATFGB,1,-1.2774445836787656,-1.3198554280508674,-0.9963117875566788,0.0,1.0,0.0,1.0,1.0,0.0,1.0,0.0,0.0,1.0,0.0,1.0,0.0,0.0,1.0,0.0,0.0,1.0,0.0,0.0,1.0,0.0,0.0,1.0,0.0,0.0,1.0,0.0,0.0,1.0,0.0,0.0,1.0,0.0,0.0,1.0,0.0,0.0,0.0,1.0,0.0,0.0,1.0,1.0,1.0,0.0,0.0,0.779925642400483,1.0,0.0,0.0,1.0,0.0,0.0,1.0,0.0,0.0
0572-ZJKLT,0,0.5549717837226001,1.1595456961969886,1.0354226673500109,1.0,0.0,0.0,1.0,0.0,1.0,0.0,1.0,0.0,0.0,1.0,0.0,1.0,0.0,0.0,0.0,1.0,1.0,0.0,0.0,0.0,0.0,1.0,0.0,0.0,1.0,1.0,0.0,0.0,0.0,0.0,1.0,0.0,0.0,1.0,1.0,0.0,0.0,0.0,0.0,1.0,1.0,0.0,7.0,0.0,1.0,0.0,1.8657212811878048,0.0,1.0,0.0,0.0,1.0,0.0,0.0,1.0,0.0
5135-RDDQL,0,1.247217966963116,-0.4690153639658123,0.41381158839693005,1.0,0.0,0.0,1.0,0.0,1.0,0.0,1.0,1.0,0.0,0.0,1.0,0.0,0.0,0.0,0.0,1.0,1.0,0.0,0.0,1.0,0.0,0.0,1.0,0.0,0.0,1.0,0.0,0.0,1.0,0.0,0.0,0.0,0.0,1.0,0.0,1.0,1.0,0.0,0.0,0.0,1.0,0.0,3.0,0.0,1.0,0.0,0.3317877062054605,0.0,1.0,0.0,0.0,1.0,0.0,0.0,1.0,0.0
1353-LJWEM,0,-0.8702409464784621,-0.12834697893175703,-0.7036059638358787,0.0,1.0,1.0,0.0,1.0,0.0,0.0,1.0,1.0,0.0,0.0,1.0,0.0,0.0,1.0,0.0,0.0,0.0,0.0,1.0,0.0,0.0,1.0,0.0,0.0,1.0,1.0,0.0,0.0,1.0,0.0,0.0,1.0,0.0,0.0,0.0,1.0,0.0,0.0,1.0,0.0,1.0,0.0,5.0,1.0,0.0,0.0,0.8085185679702932,1.0,0.0,0.0,1.0,0.0,0.0,1.0,0.0,0.0
1794-SWWKL,0,-0.7073594915983407,-0.1698919039359101,-0.6248098825689634,0.0,1.0,0.0,1.0,0.0,1.0,0.0,1.0,0.0,0.0,1.0,1.0,0.0,0.0,1.0,0.0,0.0,1.0,0.0,0.0,0.0,0.0,1.0,0.0,0.0,1.0,1.0,0.0,0.0,1.0,0.0,0.0,1.0,0.0,0.0,0.0,1.0,1.0,0.0,0.0,0.0,1.0,0.0,5.0,1.0,0.0,0.0,0.8832989307277843,1.0,0.0,0.0,1.0,0.0,0.0,1.0,0.0,0.0
6166-YIPFO,0,1.6137012404433893,-0.0020504069191315333,1.0865342351818819,0.0,1.0,0.0,1.0,1.0,0.0,1.0,0.0,0.0,1.0,0.0,1.0,0.0,0.0,0.0,0.0,1.0,0.0,0.0,1.0,0.0,0.0,1.0,0.0,0.0,1.0,0.0,0.0,1.0,0.0,0.0,1.0,0.0,0.0,1.0,0.0,1.0,0.0,0.0,1.0,0.0,1.0,0.0,7.0,0.0,1.0,0.0,0.6733180888448347,0.0,1.0,0.0,0.0,1.0,0.0,0.0,1.0,0.0
7016-BPGEU,0,-0.13727439951791576,-1.3181936310507012,-0.6928630490606862,1.0,0.0,1.0,0.0,1.0,0.0,1.0,0.0,0.0,1.0,0.0,1.0,0.0,0.0,1.0,0.0,0.0,1.0,0.0,0.0,1.0,0.0,0.0,1.0,0.0,0.0,1.0,0.0,0.0,1.0,0.0,0.0,1.0,0.0,0.0,0.0,1.0,0.0,1.0,0.0,0.0,0.0,1.0,1.0,0.0,0.0,1.0,5.047285229393848,0.0,0.0,1.0,0.0,0.0,1.0,0.0,0.0,1.0
6876-ADESB,0,-1.2774445836787656,-0.5255164619714603,-0.9857674071407816,0.0,1.0,1.0,0.0,0.0,1.0,0.0,1.0,1.0,0.0,0.0,1.0,0.0,0.0,1.0,0.0,0.0,1.0,0.0,0.0,0.0,0.0,1.0,1.0,0.0,0.0,1.0,0.0,0.0,1.0,0.0,0.0,1.0,0.0,0.0,1.0,0.0,0.0,0.0,1.0,0.0,0.0,1.0,3.0,1.0,0.0,0.0,0.7716713662067309,1.0,0.0,0.0,1.0,0.0,0.0,1.0,0.0,0.0
9332-GYWLO,0,-1.0738427650786138,-0.32942441595185784,-0.8506978647003218,1.0,0.0,0.0,1.0,0.0,1.0,0.0,1.0,1.0,0.0,0.0,1.0,0.0,0.0,1.0,0.0,0.0,1.0,0.0,0.0,1.0,0.0,0.0,1.0,0.0,0.0,0.0,0.0,1.0,1.0,0.0,0.0,1.0,0.0,0.0,1.0,0.0,0.0,0.0,1.0,0.0,1.0,0.0,3.0,1.0,0.0,0.0,0.7921996519090427,1.0,0.0,0.0,1.0,0.0,0.0,1.0,0.0,0.0
1963-SVUCV,0,-1.2774445836787656,-0.6468276429835875,-0.9873777413883976,0.0,1.0,1.0,0.0,1.0,0.0,0.0,1.0,1.0,0.0,0.0,1.0,0.0,0.0,1.0,0.0,0.0,1.0,0.0,0.0,1.0,0.0,0.0,1.0,0.0,0.0,1.0,0.0,0.0,1.0,0.0,0.0,1.0,0.0,0.0,1.0,0.0,0.0,0.0,1.0,0.0,0.0,1.0,2.0,1.0,0.0,0.0,0.7729319565041031,1.0,0.0,0.0,1.0,0.0,0.0,1.0,0.0,0.0
4184-VODJZ,0,1.247217966963116,0.8836873941694119,1.535949846506312,0.0,1.0,0.0,1.0,0.0,1.0,0.0,1.0,0.0,0.0,1.0,0.0,1.0,0.0,1.0,0.0,0.0,0.0,0.0,1.0,1.0,0.0,0.0,1.0,0.0,0.0,1.0,0.0,0.0,0.0,0.0,1.0,0.0,1.0,0.0,0.0,1.0,0.0,0.0,1.0,0.0,1.0,0.0,5.0,0.0,1.0,0.0,1.2315007377950438,0.0,1.0,0.0,0.0,1.0,0.0,0.0,1.0,0.0
0220-EBGCE,0,-1.2367242199587352,0.7008897241511383,-0.9335528706461599,0.0,1.0,1.0,0.0,1.0,0.0,0.0,1.0,1.0,0.0,0.0,0.0,1.0,0.0,1.0,0.0,0.0,1.0,0.0,0.0,0.0,0.0,1.0,1.0,0.0,0.0,1.0,0.0,0.0,0.0,0.0,1.0,1.0,0.0,0.0,0.0,1.0,0.0,0.0,1.0,0.0,0.0,1.0,4.0,1.0,0.0,0.0,0.754859374127329,1.0,0.0,0.0,1.0,0.0,0.0,1.0,0.0,0.0
1092-WPIVQ,0,-0.5851984004382496,-1.3181936310507012,-0.8183367641352141,1.0,0.0,0.0,1.0,0.0,1.0,0.0,1.0,0.0,0.0,1.0,0.0,0.0,1.0,0.0,1.0,0.0,0.0,1.0,0.0,0.0,1.0,0.0,0.0,1.0,0.0,0.0,1.0,0.0,0.0,1.0,0.0,0.0,0.0,1.0,1.0,0.0,0.0,0.0,0.0,1.0,1.0,0.0,2.0,1.0,0.0,0.0,1.3983920043567606,1.0,0.0,0.0,1.0,0.0,0.0,1.0,0.0,0.0
7233-IOQNP,0,0.43281069256250915,-1.0223937650211312,-0.34322198296869094,1.0,0.0,0.0,1.0,1.0,0.0,1.0,0.0,0.0,1.0,0.0,1.0,0.0,0.0,0.0,0.0,1.0,1.0,0.0,0.0,1.0,0.0,0.0,0.0,0.0,1.0,1.0,0.0,0.0,1.0,0.0,0.0,1.0,0.0,0.0,1.0,0.0,1.0,0.0,0.0,0.0,1.0,0.0,3.0,0.0,0.0,1.0,-0.7930071711874834,0.0,0.0,1.0,0.0,0.0,1.0,0.0,0.0,1.0
2834-JKOOW,0,-0.7073594915983407,-0.626886078981594,-0.7014220858836321,1.0,0.0,1.0,0.0,1.0,0.0,1.0,0.0,0.0,1.0,0.0,1.0,0.0,0.0,0.0,0.0,1.0,0.0,0.0,1.0,0.0,0.0,1.0,0.0,0.0,1.0,1.0,0.0,0.0,1.0,0.0,0.0,0.0,1.0,0.0,1.0,0.0,0.0,0.0,0.0,1.0,1.0,0.0,5.0,1.0,0.0,0.0,0.9916062401293401,1.0,0.0,0.0,1.0,0.0,0.0,1.0,0.0,0.0
2754-VDLTR,0,-0.9109613101984924,1.0116457631822036,-0.5968827160281137,0.0,1.0,1.0,0.0,0.0,1.0,0.0,1.0,0.0,0.0,1.0,0.0,1.0,0.0,1.0,0.0,0.0,1.0,0.0,0.0,1.0,0.0,0.0,1.0,0.0,0.0,0.0,0.0,1.0,0.0,0.0,1.0,1.0,0.0,0.0,1.0,0.0,0.0,0.0,1.0,0.0,0.0,1.0,5.0,1.0,0.0,0.0,0.6552229050189377,1.0,0.0,0.0,1.0,0.0,0.0,1.0,0.0,0.0
2400-FEQME,0,0.9214550572028734,-1.4710789550659844,-0.4876667590425322,0.0,1.0,0.0,1.0,0.0,1.0,0.0,1.0,1.0,0.0,0.0,0.0,0.0,1.0,0.0,1.0,0.0,0.0,1.0,0.0,0.0,1.0,0.0,0.0,1.0,0.0,0.0,1.0,0.0,0.0,1.0,0.0,0.0,0.0,1.0,1.0,0.0,0.0,0.0,0.0,1.0,1.0,0.0,1.0,0.0,1.0,0.0,-0.5292355337685931,0.0,1.0,0.0,0.0,1.0,0.0,0.0,1.0,0.0
3190-XFANI,0,0.6771328748826912,1.1911198392001445,1.2293024988883419,0.0,1.0,1.0,0.0,0.0,1.0,0.0,1.0,0.0,0.0,1.0,0.0,1.0,0.0,1.0,0.0,0.0,1.0,0.0,0.0,1.0,0.0,0.0,0.0,0.0,1.0,0.0,0.0,1.0,0.0,0.0,1.0,0.0,1.0,0.0,0.0,1.0,1.0,0.0,0.0,0.0,0.0,1.0,6.0,0.0,1.0,0.0,1.8154523941867544,0.0,1.0,0.0,0.0,1.0,0.0,0.0,1.0,0.0
7551-DACSP,0,-1.0738427650786138,-0.31446824295036285,-0.8643084979986664,0.0,1.0,0.0,1.0,0.0,1.0,0.0,1.0,1.0,0.0,0.0,1.0,0.0,0.0,1.0,0.0,0.0,0.0,0.0,1.0,0.0,0.0,1.0,1.0,0.0,0.0,1.0,0.0,0.0,1.0,0.0,0.0,1.0,0.0,0.0,0.0,1.0,0.0,0.0,0.0,1.0,0.0,1.0,4.0,1.0,0.0,0.0,0.8048743504226079,1.0,0.0,0.0,1.0,0.0,0.0,1.0,0.0,0.0
4957-SREEC,0,1.5322605130033284,-1.4760643460664828,-0.36406809069468055,0.0,1.0,0.0,1.0,0.0,1.0,0.0,1.0,1.0,0.0,0.0,0.0,0.0,1.0,0.0,1.0,0.0,0.0,1.0,0.0,0.0,1.0,0.0,0.0,1.0,0.0,0.0,1.0,0.0,0.0,1.0,0.0,0.0,0.0,1.0,1.0,0.0,0.0,1.0,0.0,0.0,1.0,0.0,1.0,0.0,1.0,0.0,-0.23760195319599006,0.0,1.0,0.0,0.0,1.0,0.0,0.0,1.0,0.0
7235-NXZCP,1,-1.2367242199587352,0.33529438411459117,-0.9383618140157532,0.0,1.0,1.0,0.0,1.0,0.0,0.0,1.0,0.0,0.0,1.0,0.0,1.0,0.0,1.0,0.0,0.0,1.0,0.0,0.0,1.0,0.0,0.0,1.0,0.0,0.0,1.0,0.0,0.0,1.0,0.0,0.0,1.0,0.0,0.0,0.0,1.0,0.0,0.0,0.0,1.0,0.0,1.0,3.0,1.0,0.0,0.0,0.7587478266149448,1.0,0.0,0.0,1.0,0.0,0.0,1.0,0.0,0.0
0230-UBYPQ,1,1.247217966963116,-0.952598291014154,0.006882329961659688,0.0,1.0,0.0,1.0,1.0,0.0,1.0,0.0,0.0,1.0,0.0,1.0,0.0,0.0,0.0,0.0,1.0,1.0,0.0,0.0,1.0,0.0,0.0,0.0,0.0,1.0,1.0,0.0,0.0,1.0,0.0,0.0,0.0,1.0,0.0,1.0,0.0,1.0,0.0,0.0,0.0,1.0,0.0,3.0,0.0,1.0,0.0,0.005518145299347839,0.0,1.0,0.0,0.0,1.0,0.0,0.0,1.0,0.0
4923-ADWXJ,0,-0.30015585439803716,0.034509127084522986,-0.2663230078017069,1.0,0.0,1.0,0.0,1.0,0.0,0.0,1.0,1.0,0.0,0.0,1.0,0.0,0.0,1.0,0.0,0.0,0.0,0.0,1.0,1.0,0.0,0.0,0.0,0.0,1.0,1.0,0.0,0.0,0.0,0.0,1.0,1.0,0.0,0.0,0.0,1.0,1.0,0.0,0.0,0.0,1.0,0.0,5.0,0.0,0.0,1.0,0.8872824031229308,0.0,0.0,1.0,0.0,0.0,1.0,0.0,0.0,1.0
1763-KUAAW,1,-0.5851984004382496,-1.4760643460664828,-0.8443006464563674,1.0,0.0,1.0,0.0,1.0,0.0,0.0,1.0,1.0,0.0,0.0,0.0,0.0,1.0,0.0,1.0,0.0,0.0,1.0,0.0,0.0,1.0,0.0,0.0,1.0,0.0,0.0,1.0,0.0,0.0,1.0,0.0,0.0,1.0,0.0,1.0,0.0,1.0,0.0,0.0,0.0,1.0,0.0,1.0,1.0,0.0,0.0,1.442759662063462,1.0,0.0,0.0,1.0,0.0,0.0,1.0,0.0,0.0
1104-TNLZA,1,-0.1779947632379461,1.3639467272174215,0.31531648681328595,0.0,1.0,0.0,1.0,1.0,0.0,0.0,1.0,0.0,0.0,1.0,0.0,1.0,0.0,1.0,0.0,0.0,0.0,0.0,1.0,1.0,0.0,0.0,0.0,0.0,1.0,0.0,0.0,1.0,0.0,0.0,1.0,1.0,0.0,0.0,0.0,1.0,0.0,0.0,1.0,0.0,1.0,0.0,7.0,0.0,0.0,1.0,-1.7714930544993959,0.0,0.0,1.0,0.0,0.0,1.0,0.0,0.0,1.0
5195-KPUNQ,1,0.8400143297628127,1.0631614701873533,1.2897010628605745,1.0,0.0,1.0,0.0,1.0,0.0,0.0,1.0,1.0,0.0,0.0,0.0,1.0,0.0,0.0,0.0,1.0,0.0,0.0,1.0,1.0,0.0,0.0,0.0,0.0,1.0,1.0,0.0,0.0,0.0,0.0,1.0,0.0,1.0,0.0,0.0,1.0,0.0,0.0,0.0,1.0,1.0,0.0,6.0,0.0,1.0,0.0,1.5353322165643721,0.0,1.0,0.0,0.0,1.0,0.0,0.0,1.0,0.0
0520-FDVVT,0,0.10704778280226633,1.249282734205959,0.5924263336427903,0.0,1.0,1.0,0.0,1.0,0.0,0.0,1.0,1.0,0.0,0.0,0.0,1.0,0.0,1.0,0.0,0.0,0.0,0.0,1.0,0.0,0.0,1.0,1.0,0.0,0.0,0.0,0.0,1.0,0.0,0.0,1.0,0.0,1.0,0.0,0.0,1.0,1.0,0.0,0.0,0.0,0.0,1.0,6.0,0.0,0.0,1.0,5.534223298553437,0.0,0.0,1.0,0.0,0.0,1.0,0.0,0.0,1.0
3439-GVUSX,0,-1.2774445836787656,-1.341458789053027,-0.9965985594089941,0.0,1.0,1.0,0.0,1.0,0.0,1.0,0.0,0.0,1.0,0.0,1.0,0.0,0.0,1.0,0.0,0.0,1.0,0.0,0.0,1.0,0.0,0.0,1.0,0.0,0.0,1.0,0.0,0.0,1.0,0.0,0.0,1.0,0.0,0.0,1.0,0.0,0.0,0.0,0.0,1.0,1.0,0.0,1.0,1.0,0.0,0.0,0.7801501310835768,1.0,0.0,0.0,1.0,0.0,0.0,1.0,0.0,0.0
1444-VVSGW,0,1.5322605130033284,1.6913207362501481,2.5083931977071594,0.0,1.0,0.0,1.0,1.0,0.0,0.0,1.0,0.0,0.0,1.0,0.0,1.0,0.0,0.0,0.0,1.0,0.0,0.0,1.0,0.0,0.0,1.0,0.0,0.0,1.0,0.0,0.0,1.0,0.0,0.0,1.0,0.0,1.0,0.0,1.0,0.0,0.0,1.0,0.0,0.0,0.0,1.0,9.0,0.0,1.0,0.0,1.6370539972935467,0.0,1.0,0.0,0.0,1.0,0.0,0.0,1.0,0.0
5712-PTIWW,0,-1.2367242199587352,0.5014740841312035,-0.9401045045028996,0.0,1.0,1.0,0.0,1.0,0.0,0.0,1.0,1.0,0.0,0.0,0.0,1.0,0.0,1.0,0.0,0.0,1.0,0.0,0.0,0.0,0.0,1.0,0.0,0.0,1.0,1.0,0.0,0.0,1.0,0.0,0.0,1.0,0.0,0.0,0.0,1.0,0.0,0.0,1.0,0.0,0.0,1.0,4.0,1.0,0.0,0.0,0.7601569447182552,1.0,0.0,0.0,1.0,0.0,0.0,1.0,0.0,0.0
5949-HGVJL,0,-0.2594354906780068,0.27546969210861083,-0.14285669569338538,1.0,0.0,0.0,1.0,1.0,0.0,0.0,1.0,1.0,0.0,0.0,1.0,0.0,0.0,1.0,0.0,0.0,0.0,0.0,1.0,1.0,0.0,0.0,0.0,0.0,1.0,0.0,0.0,1.0,0.0,0.0,1.0,1.0,0.0,0.0,0.0,1.0,0.0,0.0,1.0,0.0,1.0,0.0,6.0,0.0,0.0,1.0,0.5506443830026676,0.0,0.0,1.0,0.0,0.0,1.0,0.0,0.0,1.0
5203-XEHAX,0,0.06632741908223598,-0.013682985920294679,-0.10158360833325135,1.0,0.0,1.0,0.0,1.0,0.0,0.0,1.0,1.0,0.0,0.0,1.0,0.0,0.0,0.0,0.0,1.0,0.0,0.0,1.0,1.0,0.0,0.0,1.0,0.0,0.0,1.0,0.0,0.0,0.0,0.0,1.0,0.0,1.0,0.0,1.0,0.0,0.0,0.0,1.0,0.0,1.0,0.0,5.0,0.0,0.0,1.0,-1.5315477330318403,0.0,0.0,1.0,0.0,0.0,1.0,0.0,0.0,1.0
1635-HDGFT,0,-0.5444780367182193,-1.4710789550659844,-0.8315282693417134,1.0,0.0,1.0,0.0,0.0,1.0,0.0,1.0,1.0,0.0,0.0,0.0,0.0,1.0,0.0,1.0,0.0,0.0,1.0,0.0,0.0,1.0,0.0,0.0,1.0,0.0,0.0,1.0,0.0,0.0,1.0,0.0,0.0,0.0,1.0,1.0,0.0,0.0,0.0,0.0,1.0,1.0,0.0,1.0,1.0,0.0,0.0,1.5272025926953041,1.0,0.0,0.0,1.0,0.0,0.0,1.0,0.0,0.0
3315-TOTBP,0,-0.7073594915983407,0.3735157151184122,-0.5084466886487569,0.0,1.0,1.0,0.0,1.0,0.0,0.0,1.0,0.0,0.0,1.0,0.0,1.0,0.0,1.0,0.0,0.0,1.0,0.0,0.0,1.0,0.0,0.0,1.0,0.0,0.0,1.0,0.0,0.0,1.0,0.0,0.0,1.0,0.0,0.0,0.0,1.0,0.0,0.0,0.0,1.0,0.0,1.0,3.0,1.0,0.0,0.0,0.7187953150948425,1.0,0.0,0.0,1.0,0.0,0.0,1.0,0.0,0.0
8050-XGRVL,0,1.2064976032430856,-0.3327480099521901,0.5038579500239032,1.0,0.0,0.0,1.0,0.0,1.0,0.0,1.0,1.0,0.0,0.0,1.0,0.0,0.0,0.0,0.0,1.0,1.0,0.0,0.0,0.0,0.0,1.0,1.0,0.0,0.0,1.0,0.0,0.0,1.0,0.0,0.0,0.0,1.0,0.0,1.0,0.0,0.0,1.0,0.0,0.0,1.0,0.0,4.0,0.0,1.0,0.0,0.41762034890871286,0.0,1.0,0.0,0.0,1.0,0.0,0.0,1.0,0.0
6661-HBGWL,1,0.3920903288424788,1.329048990213933,0.900088412430491,1.0,0.0,1.0,0.0,1.0,0.0,0.0,1.0,0.0,0.0,1.0,0.0,1.0,0.0,1.0,0.0,0.0,0.0,0.0,1.0,0.0,0.0,1.0,1.0,0.0,0.0,0.0,0.0,1.0,0.0,0.0,1.0,1.0,0.0,0.0,0.0,1.0,1.0,0.0,0.0,0.0,0.0,1.0,7.0,0.0,0.0,1.0,2.2956149290591124,0.0,0.0,1.0,0.0,0.0,1.0,0.0,0.0,1.0
1518-VOWAV,0,-0.9516816739185228,0.32864719611392706,-0.6969660924861191,1.0,0.0,1.0,0.0,1.0,0.0,0.0,1.0,1.0,0.0,0.0,1.0,0.0,0.0,0.0,0.0,1.0,0.0,0.0,1.0,1.0,0.0,0.0,1.0,0.0,0.0,0.0,0.0,1.0,0.0,0.0,1.0,1.0,0.0,0.0,0.0,1.0,0.0,0.0,1.0,0.0,0.0,1.0,6.0,1.0,0.0,0.0,0.7323521210788694,1.0,0.0,0.0,1.0,0.0,0.0,1.0,0.0,0.0
9828-QHFBK,0,-0.3408762181180675,-0.4523973939641511,-0.4445406843289769,0.0,1.0,1.0,0.0,1.0,0.0,0.0,1.0,1.0,0.0,0.0,1.0,0.0,0.0,0.0,0.0,1.0,1.0,0.0,0.0,1.0,0.0,0.0,1.0,0.0,0.0,1.0,0.0,0.0,1.0,0.0,0.0,1.0,0.0,0.0,0.0,1.0,0.0,0.0,1.0,0.0,1.0,0.0,3.0,0.0,0.0,1.0,1.3041117587587283,0.0,0.0,1.0,0.0,0.0,1.0,0.0,0.0,1.0
3908-MKIMJ,1,1.4508197855632678,-0.7581680419947175,0.30108819106380097,0.0,1.0,0.0,1.0,1.0,0.0,1.0,0.0,0.0,1.0,0.0,1.0,0.0,0.0,0.0,0.0,1.0,0.0,0.0,1.0,0.0,0.0,1.0,1.0,0.0,0.0,1.0,0.0,0.0,1.0,0.0,0.0,0.0,0.0,1.0,0.0,1.0,0.0,0.0,1.0,0.0,1.0,0.0,4.0,0.0,1.0,0.0,0.20752969738891874,0.0,1.0,0.0,0.0,1.0,0.0,0.0,1.0,0.0
5012-YSPJJ,0,-0.055833672077855064,-0.34604238595351905,-0.2807277785372321,0.0,1.0,0.0,1.0,0.0,1.0,0.0,1.0,1.0,0.0,0.0,1.0,0.0,0.0,1.0,0.0,0.0,1.0,0.0,0.0,0.0,0.0,1.0,0.0,0.0,1.0,1.0,0.0,0.0,1.0,0.0,0.0,1.0,0.0,0.0,1.0,0.0,0.0,0.0,0.0,1.0,1.0,0.0,4.0,0.0,0.0,1.0,5.0279297078254555,0.0,0.0,1.0,0.0,0.0,1.0,0.0,0.0,1.0
5909-ECHUI,0,-1.2774445836787656,-0.28289409994720643,-0.9825467386455493,1.0,0.0,1.0,0.0,1.0,0.0,0.0,1.0,1.0,0.0,0.0,1.0,0.0,0.0,1.0,0.0,0.0,1.0,0.0,0.0,1.0,0.0,0.0,1.0,0.0,0.0,1.0,0.0,0.0,0.0,0.0,1.0,1.0,0.0,0.0,0.0,1.0,0.0,0.0,1.0,0.0,0.0,1.0,3.0,1.0,0.0,0.0,0.7691501856119864,1.0,0.0,0.0,1.0,0.0,0.0,1.0,0.0,0.0
1309-BXVOQ,0,-0.46303730927815856,1.3739175092184182,-0.014713796455000578,0.0,1.0,0.0,1.0,1.0,0.0,0.0,1.0,0.0,0.0,1.0,0.0,1.0,0.0,1.0,0.0,0.0,1.0,0.0,0.0,0.0,0.0,1.0,0.0,0.0,1.0,0.0,0.0,1.0,0.0,0.0,1.0,1.0,0.0,0.0,0.0,1.0,0.0,0.0,1.0,0.0,0.0,1.0,7.0,0.0,0.0,1.0,0.031776697385224345,0.0,0.0,1.0,0.0,0.0,1.0,0.0,0.0,1.0
6728-VOIFY,0,1.247217966963116,1.0382345151848615,1.6881815813391738,1.0,0.0,0.0,1.0,1.0,0.0,0.0,1.0,1.0,0.0,0.0,0.0,1.0,0.0,1.0,0.0,0.0,0.0,0.0,1.0,1.0,0.0,0.0,1.0,0.0,0.0,0.0,0.0,1.0,0.0,0.0,1.0,0.0,1.0,0.0,0.0,1.0,0.0,0.0,1.0,0.0,1.0,0.0,5.0,0.0,1.0,0.0,1.3535577790382316,0.0,1.0,0.0,0.0,1.0,0.0,0.0,1.0,0.0
9317-WZPGV,1,-1.2367242199587352,0.4981504901308714,-0.9370382516204523,1.0,0.0,1.0,0.0,1.0,0.0,0.0,1.0,1.0,0.0,0.0,0.0,1.0,0.0,1.0,0.0,0.0,1.0,0.0,0.0,1.0,0.0,0.0,1.0,0.0,0.0,1.0,0.0,0.0,0.0,0.0,1.0,1.0,0.0,0.0,0.0,1.0,1.0,0.0,0.0,0.0,0.0,1.0,3.0,1.0,0.0,0.0,0.7576776103339495,1.0,0.0,0.0,1.0,0.0,0.0,1.0,0.0,0.0
4891-NLUBA,0,1.1657772395230555,-0.11006721192992953,0.647596826153584,1.0,0.0,0.0,1.0,0.0,1.0,1.0,0.0,0.0,1.0,0.0,1.0,0.0,0.0,1.0,0.0,0.0,0.0,0.0,1.0,0.0,0.0,1.0,0.0,0.0,1.0,0.0,0.0,1.0,0.0,0.0,1.0,0.0,0.0,1.0,0.0,1.0,1.0,0.0,0.0,0.0,1.0,0.0,6.0,0.0,1.0,0.0,0.5555064931774872,0.0,1.0,0.0,0.0,1.0,0.0,0.0,1.0,0.0
2856-HYAPG,0,-1.2774445836787656,0.12923155609399228,-0.9770760140783055,1.0,0.0,1.0,0.0,1.0,0.0,0.0,1.0,1.0,0.0,0.0,0.0,1.0,0.0,1.0,0.0,0.0,1.0,0.0,0.0,1.0,0.0,0.0,1.0,0.0,0.0,1.0,0.0,0.0,1.0,0.0,0.0,1.0,0.0,0.0,1.0,0.0,0.0,0.0,1.0,0.0,0.0,1.0,2.0,1.0,0.0,0.0,0.7648676322729685,1.0,0.0,0.0,1.0,0.0,0.0,1.0,0.0,0.0
8969-PRHFK,0,-0.5851984004382496,-1.4993295040688086,-0.8259251885349395,0.0,1.0,1.0,0.0,1.0,0.0,0.0,1.0,1.0,0.0,0.0,0.0,0.0,1.0,0.0,1.0,0.0,0.0,1.0,0.0,0.0,1.0,0.0,0.0,1.0,0.0,0.0,1.0,0.0,0.0,1.0,0.0,0.0,1.0,0.0,1.0,0.0,0.0,0.0,0.0,1.0,1.0,0.0,1.0,1.0,0.0,0.0,1.4113592721996708,1.0,0.0,0.0,1.0,0.0,0.0,1.0,0.0,0.0
0661-KQHNK,0,-1.0738427650786138,-1.5209328650709681,-0.9608182559893591,1.0,0.0,0.0,1.0,0.0,1.0,0.0,1.0,1.0,0.0,0.0,0.0,0.0,1.0,0.0,1.0,0.0,0.0,1.0,0.0,0.0,1.0,0.0,0.0,1.0,0.0,0.0,1.0,0.0,0.0,1.0,0.0,0.0,1.0,0.0,1.0,0.0,0.0,1.0,0.0,0.0,1.0,0.0,1.0,1.0,0.0,0.0,0.8947476178405128,1.0,0.0,0.0,1.0,0.0,0.0,1.0,0.0,0.0
8709-KRDVL,0,0.025607055362205634,1.1711782751981514,0.45764356305464576,1.0,0.0,1.0,0.0,1.0,0.0,0.0,1.0,0.0,0.0,1.0,0.0,1.0,0.0,1.0,0.0,0.0,0.0,0.0,1.0,1.0,0.0,0.0,1.0,0.0,0.0,0.0,0.0,1.0,0.0,0.0,1.0,1.0,0.0,0.0,0.0,1.0,0.0,0.0,1.0,0.0,1.0,0.0,6.0,0.0,0.0,1.0,17.871776218756423,0.0,0.0,1.0,0.0,0.0,1.0,0.0,0.0,1.0
4488-PSYCG,0,-0.6666391278783103,-1.479387940066815,-0.8628966981103453,0.0,1.0,1.0,0.0,1.0,0.0,0.0,1.0,1.0,0.0,0.0,0.0,0.0,1.0,0.0,1.0,0.0,0.0,1.0,0.0,0.0,1.0,0.0,0.0,1.0,0.0,0.0,1.0,0.0,0.0,1.0,0.0,1.0,0.0,0.0,1.0,0.0,1.0,0.0,0.0,0.0,0.0,1.0,1.0,1.0,0.0,0.0,1.2943985164157066,1.0,0.0,0.0,1.0,0.0,0.0,1.0,0.0,0.0
1427-VERSM,0,0.9621754209229036,1.1279715531938321,1.4939487998287626,1.0,0.0,0.0,1.0,1.0,0.0,0.0,1.0,1.0,0.0,0.0,0.0,1.0,0.0,1.0,0.0,0.0,1.0,0.0,0.0,0.0,0.0,1.0,0.0,0.0,1.0,0.0,0.0,1.0,0.0,0.0,1.0,1.0,0.0,0.0,0.0,1.0,0.0,0.0,1.0,0.0,1.0,0.0,6.0,0.0,1.0,0.0,1.5526781991539444,0.0,1.0,0.0,0.0,1.0,0.0,0.0,1.0,0.0
9801-NOSHQ,0,-0.38159658183809786,-1.4943441130683104,-0.8020128279265026,0.0,1.0,1.0,0.0,0.0,1.0,0.0,1.0,1.0,0.0,0.0,0.0,0.0,1.0,0.0,1.0,0.0,0.0,1.0,0.0,0.0,1.0,0.0,0.0,1.0,0.0,0.0,1.0,0.0,0.0,1.0,0.0,0.0,1.0,0.0,1.0,0.0,0.0,0.0,0.0,1.0,1.0,0.0,1.0,0.0,0.0,1.0,2.101729591138678,0.0,0.0,1.0,0.0,0.0,1.0,0.0,0.0,1.0
6339-YPSAH,0,-0.9516816739185228,0.3003966471111027,-0.6966352018872938,0.0,1.0,1.0,0.0,1.0,0.0,0.0,1.0,1.0,0.0,0.0,0.0,1.0,0.0,1.0,0.0,0.0,1.0,0.0,0.0,0.0,0.0,1.0,1.0,0.0,0.0,1.0,0.0,0.0,1.0,0.0,0.0,1.0,0.0,0.0,0.0,1.0,0.0,0.0,1.0,0.0,1.0,0.0,3.0,1.0,0.0,0.0,0.732004430661061,1.0,0.0,0.0,1.0,0.0,0.0,1.0,0.0,0.0
3621-CEOVK,1,-0.748079855318371,1.1778254631988159,-0.4030249438630379,1.0,0.0,0.0,1.0,1.0,0.0,0.0,1.0,0.0,0.0,1.0,0.0,1.0,0.0,1.0,0.0,0.0,0.0,0.0,1.0,1.0,0.0,0.0,1.0,0.0,0.0,0.0,0.0,1.0,0.0,0.0,1.0,1.0,0.0,0.0,0.0,1.0,0.0,0.0,1.0,0.0,0.0,1.0,6.0,1.0,0.0,0.0,0.5387458852123707,1.0,0.0,0.0,1.0,0.0,0.0,1.0,0.0,0.0
6906-ANDWJ,0,-0.7073594915983407,0.33695618111475767,-0.5188587128251241,0.0,1.0,0.0,1.0,0.0,1.0,0.0,1.0,0.0,0.0,1.0,0.0,1.0,0.0,1.0,0.0,0.0,1.0,0.0,0.0,1.0,0.0,0.0,1.0,0.0,0.0,1.0,0.0,0.0,1.0,0.0,0.0,1.0,0.0,0.0,0.0,1.0,1.0,0.0,0.0,0.0,0.0,1.0,3.0,1.0,0.0,0.0,0.7335148803230411,1.0,0.0,0.0,1.0,0.0,0.0,1.0,0.0,0.0
2159-TURXX,0,-1.1145631287986442,-1.4860351280674797,-0.9652080712671071,0.0,1.0,1.0,0.0,1.0,0.0,0.0,1.0,1.0,0.0,0.0,0.0,0.0,1.0,0.0,1.0,0.0,0.0,1.0,0.0,0.0,1.0,0.0,0.0,1.0,0.0,0.0,1.0,0.0,0.0,1.0,0.0,1.0,0.0,0.0,1.0,0.0,0.0,1.0,0.0,0.0,1.0,0.0,1.0,1.0,0.0,0.0,0.8659967715848248,1.0,0.0,0.0,1.0,0.0,0.0,1.0,0.0,0.0
1548-FEHVL,0,1.1657772395230555,1.3772411032187506,1.805294793950051,0.0,1.0,0.0,1.0,1.0,0.0,0.0,1.0,0.0,0.0,1.0,0.0,1.0,0.0,0.0,0.0,1.0,0.0,0.0,1.0,1.0,0.0,0.0,1.0,0.0,0.0,0.0,0.0,1.0,0.0,0.0,1.0,1.0,0.0,0.0,0.0,1.0,0.0,0.0,1.0,0.0,1.0,0.0,7.0,0.0,1.0,0.0,1.5485761196441234,0.0,1.0,0.0,0.0,1.0,0.0,0.0,1.0,0.0
3795-CAWEX,0,1.5322605130033284,1.721233082253138,2.589329038179811,0.0,1.0,0.0,1.0,0.0,1.0,0.0,1.0,0.0,0.0,1.0,0.0,1.0,0.0,0.0,0.0,1.0,0.0,0.0,1.0,0.0,0.0,1.0,0.0,0.0,1.0,0.0,0.0,1.0,0.0,0.0,1.0,0.0,0.0,1.0,0.0,1.0,0.0,1.0,0.0,0.0,1.0,0.0,9.0,0.0,1.0,0.0,1.6898751982484759,0.0,1.0,0.0,0.0,1.0,0.0,0.0,1.0,0.0
6215-NQCPY,0,-0.7073594915983407,1.1612074931971548,-0.3161330726115319,0.0,1.0,1.0,0.0,1.0,0.0,0.0,1.0,0.0,0.0,1.0,0.0,1.0,0.0,0.0,0.0,1.0,1.0,0.0,0.0,1.0,0.0,0.0,1.0,0.0,0.0,0.0,0.0,1.0,0.0,0.0,1.0,1.0,0.0,0.0,0.0,1.0,0.0,0.0,1.0,0.0,1.0,0.0,6.0,1.0,0.0,0.0,0.4469199556468827,1.0,0.0,0.0,1.0,0.0,0.0,1.0,0.0,0.0
5647-URDKA,0,-0.9924020376385531,-1.4976677070686424,-0.9498988662281264,0.0,1.0,0.0,1.0,0.0,1.0,0.0,1.0,1.0,0.0,0.0,0.0,0.0,1.0,0.0,1.0,0.0,0.0,1.0,0.0,0.0,1.0,0.0,0.0,1.0,0.0,0.0,1.0,0.0,0.0,1.0,0.0,0.0,0.0,1.0,1.0,0.0,0.0,0.0,0.0,1.0,1.0,0.0,1.0,1.0,0.0,0.0,0.957171418640409,1.0,0.0,0.0,1.0,0.0,0.0,1.0,0.0,0.0
2229-DPMBI,0,-0.9924020376385531,-1.504314895069307,-0.9358249860914265,1.0,0.0,0.0,1.0,0.0,1.0,0.0,1.0,1.0,0.0,0.0,0.0,0.0,1.0,0.0,1.0,0.0,0.0,1.0,0.0,0.0,1.0,0.0,0.0,1.0,0.0,0.0,1.0,0.0,0.0,1.0,0.0,0.0,0.0,1.0,1.0,0.0,0.0,0.0,0.0,1.0,1.0,0.0,1.0,1.0,0.0,0.0,0.9429897870002836,1.0,0.0,0.0,1.0,0.0,0.0,1.0,0.0,0.0
9626-WEQRM,0,-1.1552834925186746,-1.1835880740372453,-0.9588108530231526,1.0,0.0,1.0,0.0,1.0,0.0,1.0,0.0,0.0,1.0,0.0,1.0,0.0,0.0,0.0,0.0,1.0,1.0,0.0,0.0,1.0,0.0,0.0,1.0,0.0,0.0,1.0,0.0,0.0,1.0,0.0,0.0,1.0,0.0,0.0,0.0,1.0,0.0,0.0,0.0,1.0,1.0,0.0,2.0,1.0,0.0,0.0,0.8299355606067002,1.0,0.0,0.0,1.0,0.0,0.0,1.0,0.0,0.0
2188-SXWVT,0,0.06632741908223598,-0.3244390249513595,-0.17565898372359334,1.0,0.0,1.0,0.0,1.0,0.0,0.0,1.0,1.0,0.0,0.0,1.0,0.0,0.0,0.0,0.0,1.0,0.0,0.0,1.0,1.0,0.0,0.0,1.0,0.0,0.0,1.0,0.0,0.0,1.0,0.0,0.0,0.0,1.0,0.0,1.0,0.0,0.0,0.0,0.0,1.0,1.0,0.0,4.0,0.0,0.0,1.0,-2.6483615095259885,0.0,0.0,1.0,0.0,0.0,1.0,0.0,0.0,1.0
6258-PVZWJ,0,1.4508197855632678,0.8654076271675846,1.7733748808500438,0.0,1.0,0.0,1.0,1.0,0.0,0.0,1.0,0.0,0.0,1.0,1.0,0.0,0.0,0.0,0.0,1.0,0.0,0.0,1.0,0.0,0.0,1.0,0.0,0.0,1.0,0.0,0.0,1.0,0.0,0.0,1.0,0.0,0.0,1.0,0.0,1.0,0.0,1.0,0.0,0.0,1.0,0.0,9.0,0.0,1.0,0.0,1.2223260934930984,0.0,1.0,0.0,0.0,1.0,0.0,0.0,1.0,0.0
1094-BKOSX,0,0.5142514200025698,-0.4573827849646494,-0.008294518837790997,1.0,0.0,0.0,1.0,0.0,1.0,1.0,0.0,0.0,1.0,0.0,1.0,0.0,0.0,1.0,0.0,0.0,0.0,0.0,1.0,0.0,0.0,1.0,0.0,0.0,1.0,1.0,0.0,0.0,0.0,0.0,1.0,0.0,1.0,0.0,1.0,0.0,1.0,0.0,0.0,0.0,1.0,0.0,5.0,0.0,1.0,0.0,-0.016129306629332298,0.0,1.0,0.0,0.0,1.0,0.0,0.0,1.0,0.0
6969-MVBAI,1,-0.9516816739185228,0.8421424691652587,-0.6470016120635089,1.0,0.0,1.0,0.0,1.0,0.0,0.0,1.0,0.0,0.0,1.0,0.0,1.0,0.0,1.0,0.0,0.0,1.0,0.0,0.0,0.0,0.0,1.0,1.0,0.0,0.0,0.0,0.0,1.0,1.0,0.0,0.0,1.0,0.0,0.0,0.0,1.0,0.0,0.0,1.0,0.0,1.0,0.0,5.0,1.0,0.0,0.0,0.6798508679898162,1.0,0.0,0.0,1.0,0.0,0.0,1.0,0.0,0.0
2978-XXSOG,0,-0.4223169455581282,-0.18983346793790365,-0.45433504605420383,1.0,0.0,1.0,0.0,1.0,0.0,0.0,1.0,0.0,0.0,1.0,1.0,0.0,0.0,0.0,0.0,1.0,1.0,0.0,0.0,1.0,0.0,0.0,0.0,0.0,1.0,1.0,0.0,0.0,1.0,0.0,0.0,1.0,0.0,0.0,0.0,1.0,0.0,0.0,0.0,1.0,1.0,0.0,5.0,0.0,0.0,1.0,1.0758153345084482,0.0,0.0,1.0,0.0,0.0,1.0,0.0,0.0,1.0
2342-CKIAO,0,-1.2367242199587352,-1.477726143066649,-0.989186609995309,1.0,0.0,1.0,0.0,1.0,0.0,0.0,1.0,1.0,0.0,0.0,0.0,0.0,1.0,0.0,1.0,0.0,0.0,1.0,0.0,0.0,1.0,0.0,0.0,1.0,0.0,0.0,1.0,0.0,0.0,1.0,0.0,1.0,0.0,0.0,1.0,0.0,0.0,0.0,0.0,1.0,1.0,0.0,1.0,1.0,0.0,0.0,0.7998441318051607,1.0,0.0,0.0,1.0,0.0,0.0,1.0,0.0,0.0
6953-PBDIN,0,1.5322605130033284,0.2721460981082788,1.3157311233014928,0.0,1.0,0.0,1.0,1.0,0.0,0.0,1.0,0.0,0.0,1.0,1.0,0.0,0.0,1.0,0.0,0.0,0.0,0.0,1.0,0.0,0.0,1.0,0.0,0.0,1.0,0.0,0.0,1.0,1.0,0.0,0.0,0.0,0.0,1.0,1.0,0.0,1.0,0.0,0.0,0.0,1.0,0.0,7.0,0.0,1.0,0.0,0.8586863083240172,0.0,1.0,0.0,0.0,1.0,0.0,0.0,1.0,0.0
3898-BSJYF,0,-0.9109613101984924,0.2920876621102721,-0.7014882640033971,1.0,0.0,1.0,0.0,0.0,1.0,0.0,1.0,0.0,0.0,1.0,1.0,0.0,0.0,0.0,0.0,1.0,1.0,0.0,0.0,0.0,0.0,1.0,0.0,0.0,1.0,1.0,0.0,0.0,0.0,0.0,1.0,0.0,1.0,0.0,1.0,0.0,0.0,1.0,0.0,0.0,1.0,0.0,7.0,1.0,0.0,0.0,0.7700527521312047,1.0,0.0,0.0,1.0,0.0,0.0,1.0,0.0,0.0
3938-YFPXD,0,1.6137012404433893,0.6493740171459885,1.638481813395624,0.0,1.0,1.0,0.0,1.0,0.0,0.0,1.0,0.0,0.0,1.0,1.0,0.0,0.0,0.0,0.0,1.0,1.0,0.0,0.0,0.0,0.0,1.0,0.0,0.0,1.0,0.0,0.0,1.0,0.0,0.0,1.0,0.0,0.0,1.0,1.0,0.0,0.0,1.0,0.0,0.0,1.0,0.0,8.0,0.0,1.0,0.0,1.015356357379651,0.0,1.0,0.0,0.0,1.0,0.0,0.0,1.0,0.0
7696-AMHOD,0,0.6771328748826912,0.43998759512505714,0.6798255704791616,1.0,0.0,0.0,1.0,0.0,1.0,0.0,1.0,1.0,0.0,0.0,1.0,0.0,0.0,1.0,0.0,0.0,0.0,0.0,1.0,0.0,0.0,1.0,1.0,0.0,0.0,0.0,0.0,1.0,0.0,0.0,1.0,0.0,1.0,0.0,1.0,0.0,0.0,1.0,0.0,0.0,1.0,0.0,6.0,0.0,1.0,0.0,1.0039766133005088,0.0,1.0,0.0,0.0,1.0,0.0,0.0,1.0,0.0
2453-SAFNS,1,0.880734693482843,0.2438955491054544,0.7071130151956159,1.0,0.0,1.0,0.0,1.0,0.0,0.0,1.0,0.0,0.0,1.0,1.0,0.0,0.0,1.0,0.0,0.0,0.0,0.0,1.0,1.0,0.0,0.0,0.0,0.0,1.0,0.0,0.0,1.0,1.0,0.0,0.0,0.0,1.0,0.0,1.0,0.0,0.0,0.0,0.0,1.0,1.0,0.0,6.0,0.0,1.0,0.0,0.8028672203196123,0.0,1.0,0.0,0.0,1.0,0.0,0.0,1.0,0.0
9558-IHEZX,0,1.5729808767233588,1.395520870220578,2.205915071634387,1.0,0.0,1.0,0.0,1.0,0.0,0.0,1.0,0.0,0.0,1.0,0.0,1.0,0.0,0.0,0.0,1.0,0.0,0.0,1.0,0.0,0.0,1.0,1.0,0.0,0.0,0.0,0.0,1.0,0.0,0.0,1.0,0.0,0.0,1.0,0.0,1.0,0.0,1.0,0.0,0.0,1.0,0.0,8.0,0.0,1.0,0.0,1.402378823720654,0.0,1.0,0.0,0.0,1.0,0.0,0.0,1.0,0.0
9617-UDPEU,0,-0.4223169455581282,-1.5126238800701375,-0.8253516448303091,1.0,0.0,1.0,0.0,1.0,0.0,0.0,1.0,1.0,0.0,0.0,0.0,0.0,1.0,0.0,1.0,0.0,0.0,1.0,0.0,0.0,1.0,0.0,0.0,1.0,0.0,0.0,1.0,0.0,0.0,1.0,0.0,0.0,1.0,0.0,0.0,1.0,0.0,0.0,0.0,1.0,1.0,0.0,1.0,0.0,0.0,1.0,1.954341765139298,0.0,0.0,1.0,0.0,0.0,1.0,0.0,0.0,1.0
6340-DACFT,0,0.7178532386027215,-1.4694171580658184,-0.5351826490338355,1.0,0.0,0.0,1.0,0.0,1.0,0.0,1.0,1.0,0.0,0.0,0.0,0.0,1.0,0.0,1.0,0.0,0.0,1.0,0.0,0.0,1.0,0.0,0.0,1.0,0.0,0.0,1.0,0.0,0.0,1.0,0.0,0.0,0.0,1.0,1.0,0.0,0.0,1.0,0.0,0.0,1.0,0.0,1.0,0.0,1.0,0.0,-0.7455321230779031,0.0,1.0,0.0,0.0,1.0,0.0,0.0,1.0,0.0
4955-VCWBI,0,0.43281069256250915,-1.4876969250676457,-0.6464942464786436,1.0,0.0,0.0,1.0,0.0,1.0,0.0,1.0,1.0,0.0,0.0,0.0,0.0,1.0,0.0,1.0,0.0,0.0,1.0,0.0,0.0,1.0,0.0,0.0,1.0,0.0,0.0,1.0,0.0,0.0,1.0,0.0,0.0,1.0,0.0,1.0,0.0,0.0,0.0,0.0,1.0,1.0,0.0,1.0,0.0,0.0,1.0,-1.4937113559995354,0.0,0.0,1.0,0.0,0.0,1.0,0.0,0.0,1.0
6813-GZQCG,0,0.5142514200025698,-1.3331498040521963,-0.4906006556854493,1.0,0.0,0.0,1.0,0.0,1.0,0.0,1.0,0.0,0.0,1.0,0.0,0.0,1.0,0.0,1.0,0.0,0.0,1.0,0.0,0.0,1.0,0.0,0.0,1.0,0.0,0.0,1.0,0.0,0.0,1.0,0.0,0.0,0.0,1.0,0.0,1.0,0.0,1.0,0.0,0.0,1.0,0.0,2.0,0.0,1.0,0.0,-0.9540093359061559,0.0,1.0,0.0,0.0,1.0,0.0,0.0,1.0,0.0
7426-GSWPO,1,1.2879383306831464,1.28750406520978,1.8818187597716995,0.0,1.0,1.0,0.0,1.0,0.0,0.0,1.0,0.0,0.0,1.0,0.0,1.0,0.0,0.0,0.0,1.0,0.0,0.0,1.0,1.0,0.0,0.0,1.0,0.0,0.0,0.0,0.0,1.0,0.0,0.0,1.0,1.0,0.0,0.0,0.0,1.0,1.0,0.0,0.0,0.0,1.0,0.0,7.0,0.0,1.0,0.0,1.4611093675374565,0.0,1.0,0.0,0.0,1.0,0.0,0.0,1.0,0.0
3389-KTRXV,0,-0.38159658183809786,-1.3597385560548543,-0.7313345960174331,1.0,0.0,0.0,1.0,0.0,1.0,0.0,1.0,0.0,0.0,1.0,0.0,0.0,1.0,0.0,1.0,0.0,0.0,1.0,0.0,0.0,1.0,0.0,0.0,1.0,0.0,0.0,1.0,0.0,0.0,1.0,0.0,0.0,0.0,1.0,1.0,0.0,0.0,0.0,0.0,1.0,1.0,0.0,2.0,0.0,0.0,1.0,1.9165124396416124,0.0,0.0,1.0,0.0,0.0,1.0,0.0,0.0,1.0
3118-UHVVQ,0,1.4508197855632678,-1.2949284730483754,-0.16403369401820023,1.0,0.0,0.0,1.0,1.0,0.0,0.0,1.0,0.0,0.0,1.0,0.0,0.0,1.0,0.0,1.0,0.0,0.0,1.0,0.0,0.0,1.0,0.0,0.0,1.0,0.0,0.0,1.0,0.0,0.0,1.0,0.0,0.0,0.0,1.0,1.0,0.0,0.0,1.0,0.0,0.0,1.0,0.0,2.0,0.0,1.0,0.0,-0.11306276330834267,0.0,1.0,0.0,0.0,1.0,0.0,0.0,1.0,0.0
1031-IIDEO,0,-1.2774445836787656,0.20235062410130134,-0.9761054016550849,1.0,0.0,1.0,0.0,1.0,0.0,0.0,1.0,1.0,0.0,0.0,0.0,1.0,0.0,1.0,0.0,0.0,1.0,0.0,0.0,1.0,0.0,0.0,1.0,0.0,0.0,1.0,0.0,0.0,1.0,0.0,0.0,1.0,0.0,0.0,0.0,1.0,0.0,0.0,1.0,0.0,0.0,1.0,2.0,1.0,0.0,0.0,0.7641078244224977,1.0,0.0,0.0,1.0,0.0,0.0,1.0,0.0,0.0
5832-XKAES,0,-1.2367242199587352,0.16745288709781284,-0.9479355820084301,0.0,1.0,1.0,0.0,1.0,0.0,0.0,1.0,1.0,0.0,0.0,0.0,1.0,0.0,1.0,0.0,0.0,1.0,0.0,0.0,1.0,0.0,0.0,1.0,0.0,0.0,1.0,0.0,0.0,1.0,0.0,0.0,1.0,0.0,0.0,0.0,1.0,0.0,1.0,0.0,0.0,0.0,1.0,2.0,1.0,0.0,0.0,0.7664890577141436,1.0,0.0,0.0,1.0,0.0,0.0,1.0,0.0,0.0
3205-MXZRA,0,-0.2594354906780068,-0.17653909193657447,-0.3424940236512754,0.0,1.0,1.0,0.0,1.0,0.0,0.0,1.0,1.0,0.0,0.0,1.0,0.0,0.0,1.0,0.0,0.0,1.0,0.0,0.0,1.0,0.0,0.0,0.0,0.0,1.0,0.0,0.0,1.0,1.0,0.0,0.0,0.0,1.0,0.0,1.0,0.0,0.0,1.0,0.0,0.0,1.0,0.0,4.0,0.0,0.0,1.0,1.3201510046146887,0.0,0.0,1.0,0.0,0.0,1.0,0.0,0.0,1.0
4701-AHWMW,0,0.9214550572028734,-0.3393951979528547,0.30662509375080993,0.0,1.0,0.0,1.0,1.0,0.0,1.0,0.0,0.0,1.0,0.0,1.0,0.0,0.0,1.0,0.0,0.0,1.0,0.0,0.0,0.0,0.0,1.0,0.0,0.0,1.0,0.0,0.0,1.0,0.0,0.0,1.0,1.0,0.0,0.0,0.0,1.0,1.0,0.0,0.0,0.0,0.0,1.0,5.0,0.0,1.0,0.0,0.332761854584191,0.0,1.0,0.0,0.0,1.0,0.0,0.0,1.0,0.0
8317-BVKSO,0,-0.748079855318371,-1.4860351280674797,-0.8753161252529191,0.0,1.0,1.0,0.0,1.0,0.0,0.0,1.0,1.0,0.0,0.0,0.0,0.0,1.0,0.0,1.0,0.0,0.0,1.0,0.0,0.0,1.0,0.0,0.0,1.0,0.0,0.0,1.0,0.0,0.0,1.0,0.0,1.0,0.0,0.0,0.0,1.0,0.0,0.0,1.0,0.0,1.0,0.0,1.0,1.0,0.0,0.0,1.170083807270012,1.0,0.0,0.0,1.0,0.0,0.0,1.0,0.0,0.0
5702-KVQRD,0,1.5729808767233588,0.5912111221401742,1.565928534759878,0.0,1.0,0.0,1.0,1.0,0.0,0.0,1.0,1.0,0.0,0.0,1.0,0.0,0.0,0.0,0.0,1.0,1.0,0.0,0.0,0.0,0.0,1.0,0.0,0.0,1.0,0.0,0.0,1.0,0.0,0.0,1.0,0.0,0.0,1.0,0.0,1.0,0.0,0.0,1.0,0.0,1.0,0.0,7.0,0.0,1.0,0.0,0.9955165748879469,0.0,1.0,0.0,0.0,1.0,0.0,0.0,1.0,0.0
0083-PIVIK,0,1.2879383306831464,0.5480044001358552,1.448969737761786,0.0,1.0,1.0,0.0,1.0,0.0,0.0,1.0,0.0,0.0,1.0,1.0,0.0,0.0,0.0,0.0,1.0,0.0,0.0,1.0,0.0,0.0,1.0,0.0,0.0,1.0,0.0,0.0,1.0,1.0,0.0,0.0,0.0,1.0,0.0,1.0,0.0,0.0,0.0,1.0,0.0,1.0,0.0,8.0,0.0,1.0,0.0,1.1250303708200264,0.0,1.0,0.0,0.0,1.0,0.0,0.0,1.0,0.0
9210-IAHGH,0,-1.0331224013585834,0.19902703010096928,-0.8084762242902223,1.0,0.0,1.0,0.0,1.0,0.0,0.0,1.0,1.0,0.0,0.0,1.0,0.0,0.0,1.0,0.0,0.0,1.0,0.0,0.0,1.0,0.0,0.0,0.0,0.0,1.0,0.0,0.0,1.0,0.0,0.0,1.0,1.0,0.0,0.0,0.0,1.0,0.0,1.0,0.0,0.0,0.0,1.0,5.0,1.0,0.0,0.0,0.782556087475264,1.0,0.0,0.0,1.0,0.0,0.0,1.0,0.0,0.0
6169-PGNCD,0,1.002895784642934,0.3170146171127639,0.8307778616632326,1.0,0.0,1.0,0.0,1.0,0.0,0.0,1.0,1.0,0.0,0.0,1.0,0.0,0.0,0.0,0.0,1.0,0.0,0.0,1.0,0.0,0.0,1.0,0.0,0.0,1.0,0.0,0.0,1.0,1.0,0.0,0.0,0.0,0.0,1.0,0.0,1.0,0.0,1.0,0.0,0.0,1.0,0.0,7.0,0.0,1.0,0.0,0.8283790543192069,0.0,1.0,0.0,0.0,1.0,0.0,0.0,1.0,0.0
0023-XUOPT,0,-0.7888002190384014,0.9750862291785486,-0.4710560509815056,1.0,0.0,0.0,1.0,1.0,0.0,0.0,1.0,0.0,0.0,1.0,0.0,1.0,0.0,1.0,0.0,0.0,0.0,0.0,1.0,0.0,0.0,1.0,1.0,0.0,0.0,0.0,0.0,1.0,1.0,0.0,0.0,1.0,0.0,0.0,1.0,0.0,0.0,0.0,1.0,0.0,0.0,1.0,6.0,1.0,0.0,0.0,0.5971804261866883,1.0,0.0,0.0,1.0,0.0,0.0,1.0,0.0,0.0
4592-IWTJI,0,-1.1960038562387048,-1.1653083070354178,-0.9669066430077434,1.0,0.0,0.0,1.0,0.0,1.0,1.0,0.0,0.0,1.0,0.0,1.0,0.0,0.0,0.0,0.0,1.0,1.0,0.0,0.0,1.0,0.0,0.0,1.0,0.0,0.0,1.0,0.0,0.0,1.0,0.0,0.0,1.0,0.0,0.0,1.0,0.0,0.0,1.0,0.0,0.0,0.0,1.0,2.0,1.0,0.0,0.0,0.808447763745975,1.0,0.0,0.0,1.0,0.0,0.0,1.0,0.0,0.0
4909-JOUPP,1,1.6137012404433893,1.4935668932303794,2.4773336001640973,0.0,1.0,0.0,1.0,1.0,0.0,0.0,1.0,0.0,0.0,1.0,0.0,1.0,0.0,1.0,0.0,0.0,0.0,0.0,1.0,0.0,0.0,1.0,0.0,0.0,1.0,0.0,0.0,1.0,0.0,0.0,1.0,0.0,0.0,1.0,1.0,0.0,0.0,1.0,0.0,0.0,1.0,0.0,8.0,0.0,1.0,0.0,1.535187268916898,0.0,1.0,0.0,0.0,1.0,0.0,0.0,1.0,0.0
4657-FWVFY,0,0.3106496014024181,1.0498670941860242,0.7200618672963098,1.0,0.0,0.0,1.0,0.0,1.0,0.0,1.0,0.0,0.0,1.0,0.0,1.0,0.0,1.0,0.0,0.0,0.0,0.0,1.0,0.0,0.0,1.0,1.0,0.0,0.0,0.0,0.0,1.0,1.0,0.0,0.0,1.0,0.0,0.0,0.0,1.0,0.0,1.0,0.0,0.0,1.0,0.0,6.0,0.0,0.0,1.0,2.3179230362621186,0.0,0.0,1.0,0.0,0.0,1.0,0.0,0.0,1.0
2257-BOVXD,0,-0.748079855318371,0.06109787908718086,-0.5752204114916886,0.0,1.0,0.0,1.0,1.0,0.0,0.0,1.0,0.0,0.0,1.0,1.0,0.0,0.0,1.0,0.0,0.0,1.0,0.0,0.0,1.0,0.0,0.0,0.0,0.0,1.0,0.0,0.0,1.0,1.0,0.0,0.0,1.0,0.0,0.0,0.0,1.0,0.0,1.0,0.0,0.0,1.0,0.0,5.0,1.0,0.0,0.0,0.7689291556272209,1.0,0.0,0.0,1.0,0.0,0.0,1.0,0.0,0.0
7729-JTEEC,0,-1.2367242199587352,-0.6734163949862454,-0.9676346023251587,0.0,1.0,0.0,1.0,0.0,1.0,0.0,1.0,1.0,0.0,0.0,1.0,0.0,0.0,1.0,0.0,0.0,1.0,0.0,0.0,1.0,0.0,0.0,1.0,0.0,0.0,1.0,0.0,0.0,1.0,0.0,0.0,1.0,0.0,0.0,0.0,1.0,0.0,0.0,1.0,0.0,1.0,0.0,2.0,1.0,0.0,0.0,0.7824174433629553,1.0,0.0,0.0,1.0,0.0,0.0,1.0,0.0,0.0
7632-MNYOY,1,1.369379058123207,1.5334500212343665,2.271563766441313,0.0,1.0,1.0,0.0,1.0,0.0,0.0,1.0,0.0,0.0,1.0,0.0,1.0,0.0,1.0,0.0,0.0,0.0,0.0,1.0,0.0,0.0,1.0,0.0,0.0,1.0,0.0,0.0,1.0,0.0,0.0,1.0,0.0,1.0,0.0,1.0,0.0,0.0,1.0,0.0,0.0,0.0,1.0,8.0,0.0,1.0,0.0,1.6588275926715201,0.0,1.0,0.0,0.0,1.0,0.0,0.0,1.0,0.0
6518-LGAOV,0,0.22920887396235737,1.3373579752147637,0.7690336759224442,1.0,0.0,0.0,1.0,1.0,0.0,0.0,1.0,0.0,0.0,1.0,0.0,1.0,0.0,1.0,0.0,0.0,1.0,0.0,0.0,0.0,0.0,1.0,0.0,0.0,1.0,0.0,0.0,1.0,0.0,0.0,1.0,1.0,0.0,0.0,0.0,1.0,0.0,0.0,1.0,0.0,0.0,1.0,7.0,0.0,0.0,1.0,3.355165367850206,0.0,0.0,1.0,0.0,0.0,1.0,0.0,0.0,1.0
7242-QZLXF,0,-1.2774445836787656,-1.3115464430500368,-0.9962014906904038,0.0,1.0,1.0,0.0,0.0,1.0,1.0,0.0,0.0,1.0,0.0,1.0,0.0,0.0,1.0,0.0,0.0,1.0,0.0,0.0,1.0,0.0,0.0,1.0,0.0,0.0,1.0,0.0,0.0,1.0,0.0,0.0,1.0,0.0,0.0,0.0,1.0,0.0,0.0,1.0,0.0,0.0,1.0,1.0,1.0,0.0,0.0,0.7798393005992932,1.0,0.0,0.0,1.0,0.0,0.0,1.0,0.0,0.0
4576-CSAJH,0,-0.4223169455581282,-0.3194536339508612,-0.4810048283195176,0.0,1.0,1.0,0.0,1.0,0.0,0.0,1.0,1.0,0.0,0.0,1.0,0.0,0.0,1.0,0.0,0.0,0.0,0.0,1.0,1.0,0.0,0.0,0.0,0.0,1.0,1.0,0.0,0.0,1.0,0.0,0.0,0.0,1.0,0.0,0.0,1.0,0.0,1.0,0.0,0.0,0.0,1.0,4.0,0.0,0.0,1.0,1.1389664406760385,0.0,0.0,1.0,0.0,0.0,1.0,0.0,0.0,1.0
1000-AJSLD,0,-1.2774445836787656,-1.4843733310673135,-0.9984956655089255,0.0,1.0,1.0,0.0,1.0,0.0,0.0,1.0,1.0,0.0,0.0,0.0,0.0,1.0,0.0,1.0,0.0,0.0,1.0,0.0,0.0,1.0,0.0,0.0,1.0,0.0,0.0,1.0,0.0,0.0,1.0,0.0,1.0,0.0,0.0,0.0,1.0,0.0,0.0,0.0,1.0,0.0,1.0,1.0,1.0,0.0,0.0,0.7816352100640427,1.0,0.0,0.0,1.0,0.0,0.0,1.0,0.0,0.0
9696-RMYBA,0,-1.1145631287986442,0.5097830691320341,-0.8315282693417134,0.0,1.0,1.0,0.0,1.0,0.0,0.0,1.0,1.0,0.0,0.0,0.0,1.0,0.0,1.0,0.0,0.0,1.0,0.0,0.0,1.0,0.0,0.0,1.0,0.0,0.0,0.0,0.0,1.0,1.0,0.0,0.0,1.0,0.0,0.0,0.0,1.0,0.0,0.0,0.0,1.0,1.0,0.0,3.0,1.0,0.0,0.0,0.7460575788452594,1.0,0.0,0.0,1.0,0.0,0.0,1.0,0.0,0.0
8690-UPCZI,0,-0.13727439951791576,0.142525932095321,-0.14331994253174068,0.0,1.0,0.0,1.0,0.0,1.0,0.0,1.0,0.0,0.0,1.0,1.0,0.0,0.0,0.0,0.0,1.0,1.0,0.0,0.0,1.0,0.0,0.0,0.0,0.0,1.0,0.0,0.0,1.0,1.0,0.0,0.0,0.0,1.0,0.0,1.0,0.0,1.0,0.0,0.0,0.0,1.0,0.0,6.0,0.0,0.0,1.0,1.0440398430811269,0.0,0.0,1.0,0.0,0.0,1.0,0.0,0.0,1.0
1062-LHZOD,0,-1.2774445836787656,0.17077648109814536,-0.97652452974693,0.0,1.0,0.0,1.0,0.0,1.0,0.0,1.0,1.0,0.0,0.0,0.0,1.0,0.0,1.0,0.0,0.0,1.0,0.0,0.0,1.0,0.0,0.0,1.0,0.0,0.0,1.0,0.0,0.0,1.0,0.0,0.0,1.0,0.0,0.0,0.0,1.0,0.0,0.0,0.0,1.0,0.0,1.0,2.0,1.0,0.0,0.0,0.7644359232670191,1.0,0.0,0.0,1.0,0.0,0.0,1.0,0.0,0.0
9770-LXDBK,0,-1.1960038562387048,-1.4744025490663168,-0.9795025451363572,1.0,0.0,1.0,0.0,1.0,0.0,0.0,1.0,1.0,0.0,0.0,0.0,0.0,1.0,0.0,1.0,0.0,0.0,1.0,0.0,0.0,1.0,0.0,0.0,1.0,0.0,0.0,1.0,0.0,0.0,1.0,0.0,1.0,0.0,0.0,1.0,0.0,0.0,0.0,0.0,1.0,1.0,0.0,1.0,1.0,0.0,0.0,0.8189794205319543,1.0,0.0,0.0,1.0,0.0,0.0,1.0,0.0,0.0
4086-WITJG,0,1.5729808767233588,-1.4976677070686424,-0.43333452271542916,0.0,1.0,0.0,1.0,0.0,1.0,0.0,1.0,1.0,0.0,0.0,0.0,0.0,1.0,0.0,1.0,0.0,0.0,1.0,0.0,0.0,1.0,0.0,0.0,1.0,0.0,0.0,1.0,0.0,0.0,1.0,0.0,0.0,0.0,1.0,1.0,0.0,0.0,1.0,0.0,0.0,1.0,0.0,1.0,0.0,1.0,0.0,-0.27548619892830395,0.0,1.0,0.0,0.0,1.0,0.0,0.0,1.0,0.0
8344-WFMFH,0,-0.9516816739185228,-0.48729513096763954,-0.793806741075637,0.0,1.0,1.0,0.0,0.0,1.0,0.0,1.0,1.0,0.0,0.0,1.0,0.0,0.0,1.0,0.0,0.0,0.0,0.0,1.0,1.0,0.0,0.0,1.0,0.0,0.0,1.0,0.0,0.0,1.0,0.0,0.0,1.0,0.0,0.0,0.0,1.0,0.0,0.0,1.0,0.0,1.0,0.0,3.0,1.0,0.0,0.0,0.8341095166907647,1.0,0.0,0.0,1.0,0.0,0.0,1.0,0.0,0.0
9600-NAXZN,0,0.43281069256250915,1.217708591202803,0.9903333084167594,0.0,1.0,1.0,0.0,1.0,0.0,0.0,1.0,0.0,0.0,1.0,0.0,1.0,0.0,1.0,0.0,0.0,0.0,0.0,1.0,1.0,0.0,0.0,1.0,0.0,0.0,0.0,0.0,1.0,0.0,0.0,1.0,1.0,0.0,0.0,0.0,1.0,0.0,0.0,1.0,0.0,0.0,1.0,6.0,0.0,0.0,1.0,2.2881442751642034,0.0,0.0,1.0,0.0,0.0,1.0,0.0,0.0,1.0
8822-KNBHV,0,0.6364125111626608,0.6211234681431647,0.7079071526327962,1.0,0.0,1.0,0.0,1.0,0.0,0.0,1.0,0.0,0.0,1.0,1.0,0.0,0.0,0.0,0.0,1.0,0.0,0.0,1.0,0.0,0.0,1.0,1.0,0.0,0.0,0.0,0.0,1.0,0.0,0.0,1.0,0.0,1.0,0.0,0.0,1.0,0.0,1.0,0.0,0.0,1.0,0.0,8.0,0.0,1.0,0.0,1.1123400942252408,0.0,1.0,0.0,0.0,1.0,0.0,0.0,1.0,0.0
8404-FYDIB,0,-0.2594354906780068,0.7274784761537967,-0.032890720017133245,0.0,1.0,1.0,0.0,1.0,0.0,0.0,1.0,0.0,0.0,1.0,0.0,1.0,0.0,0.0,0.0,1.0,0.0,0.0,1.0,1.0,0.0,0.0,1.0,0.0,0.0,1.0,0.0,0.0,1.0,0.0,0.0,1.0,0.0,0.0,0.0,1.0,0.0,1.0,0.0,0.0,1.0,0.0,5.0,0.0,0.0,1.0,0.12677802844621172,0.0,0.0,1.0,0.0,0.0,1.0,0.0,0.0,1.0
2791-SFVEW,0,-0.9516816739185228,-1.4827115340671475,-0.902294738743803,1.0,0.0,1.0,0.0,1.0,0.0,0.0,1.0,1.0,0.0,0.0,0.0,0.0,1.0,0.0,1.0,0.0,0.0,1.0,0.0,0.0,1.0,0.0,0.0,1.0,0.0,0.0,1.0,0.0,0.0,1.0,0.0,1.0,0.0,0.0,1.0,0.0,1.0,0.0,0.0,0.0,1.0,0.0,1.0,1.0,0.0,0.0,0.9481056150095121,1.0,0.0,0.0,1.0,0.0,0.0,1.0,0.0,0.0
6457-USBER,0,-1.2774445836787656,0.53304822713436,-0.9717155863773366,0.0,1.0,1.0,0.0,1.0,0.0,0.0,1.0,1.0,0.0,0.0,0.0,1.0,0.0,1.0,0.0,0.0,1.0,0.0,0.0,1.0,0.0,0.0,1.0,0.0,0.0,1.0,0.0,0.0,0.0,0.0,1.0,1.0,0.0,0.0,0.0,1.0,0.0,0.0,1.0,0.0,0.0,1.0,3.0,1.0,0.0,0.0,0.7606714207351404,1.0,0.0,0.0,1.0,0.0,0.0,1.0,0.0,0.0
6762-NSODU,0,0.5549717837226001,-1.5076384890696393,-0.5846397638715802,1.0,0.0,0.0,1.0,0.0,1.0,0.0,1.0,1.0,0.0,0.0,0.0,0.0,1.0,0.0,1.0,0.0,0.0,1.0,0.0,0.0,1.0,0.0,0.0,1.0,0.0,0.0,1.0,0.0,0.0,1.0,0.0,0.0,0.0,1.0,1.0,0.0,0.0,1.0,0.0,0.0,1.0,0.0,1.0,0.0,1.0,0.0,-1.0534585379277759,0.0,1.0,0.0,0.0,1.0,0.0,0.0,1.0,0.0
4662-EKDPQ,0,-1.2367242199587352,-0.09012564792793624,-0.955171056436075,0.0,1.0,1.0,0.0,1.0,0.0,0.0,1.0,0.0,0.0,1.0,1.0,0.0,0.0,1.0,0.0,0.0,1.0,0.0,0.0,1.0,0.0,0.0,1.0,0.0,0.0,1.0,0.0,0.0,0.0,0.0,1.0,1.0,0.0,0.0,1.0,0.0,1.0,0.0,0.0,0.0,0.0,1.0,4.0,1.0,0.0,0.0,0.7723395733835838,1.0,0.0,0.0,1.0,0.0,0.0,1.0,0.0,0.0
9248-OJYKK,1,-1.2774445836787656,0.3884718881199074,-0.9736347518505232,0.0,1.0,1.0,0.0,1.0,0.0,0.0,1.0,0.0,0.0,1.0,0.0,1.0,0.0,1.0,0.0,0.0,1.0,0.0,0.0,1.0,0.0,0.0,1.0,0.0,0.0,1.0,0.0,0.0,1.0,0.0,0.0,1.0,0.0,0.0,0.0,1.0,0.0,0.0,1.0,0.0,0.0,1.0,3.0,1.0,0.0,0.0,0.7621737680758445,1.0,0.0,0.0,1.0,0.0,0.0,1.0,0.0,0.0
9888-ZCUMM,0,1.2879383306831464,-0.15659752793458118,0.6892008041125431,0.0,1.0,0.0,1.0,0.0,1.0,1.0,0.0,0.0,1.0,0.0,1.0,0.0,0.0,0.0,0.0,1.0,1.0,0.0,0.0,0.0,0.0,1.0,0.0,0.0,1.0,0.0,0.0,1.0,0.0,0.0,1.0,0.0,0.0,1.0,0.0,1.0,1.0,0.0,0.0,0.0,1.0,0.0,6.0,0.0,1.0,0.0,0.5351194134791983,0.0,1.0,0.0,0.0,1.0,0.0,0.0,1.0,0.0
3398-FSHON,1,-0.8295205827584317,0.8820255971692458,-0.524483853005153,1.0,0.0,1.0,0.0,1.0,0.0,0.0,1.0,0.0,0.0,1.0,0.0,1.0,0.0,1.0,0.0,0.0,0.0,0.0,1.0,1.0,0.0,0.0,1.0,0.0,0.0,0.0,0.0,1.0,1.0,0.0,0.0,1.0,0.0,0.0,0.0,1.0,0.0,0.0,1.0,0.0,0.0,1.0,5.0,1.0,0.0,0.0,0.632273464825996,1.0,0.0,0.0,1.0,0.0,0.0,1.0,0.0,0.0
3319-DWOEP,1,-1.0738427650786138,1.0299255301840309,-0.7542322254561392,0.0,1.0,0.0,1.0,1.0,0.0,0.0,1.0,1.0,0.0,0.0,0.0,1.0,0.0,1.0,0.0,0.0,1.0,0.0,0.0,0.0,0.0,1.0,1.0,0.0,0.0,0.0,0.0,1.0,0.0,0.0,1.0,1.0,0.0,0.0,0.0,1.0,0.0,0.0,1.0,0.0,0.0,1.0,5.0,1.0,0.0,0.0,0.7023674694133861,1.0,0.0,0.0,1.0,0.0,0.0,1.0,0.0,0.0
1074-WVEVG,0,1.0843365120829946,-1.4760643460664828,-0.4483790152753497,1.0,0.0,0.0,1.0,1.0,0.0,0.0,1.0,1.0,0.0,0.0,0.0,0.0,1.0,0.0,1.0,0.0,0.0,1.0,0.0,0.0,1.0,0.0,0.0,1.0,0.0,0.0,1.0,0.0,0.0,1.0,0.0,0.0,1.0,0.0,1.0,0.0,0.0,0.0,0.0,1.0,1.0,0.0,1.0,0.0,1.0,0.0,-0.41350541116984074,0.0,1.0,0.0,0.0,1.0,0.0,0.0,1.0,0.0
9979-RGMZT,0,-1.0331224013585834,0.9734244321783826,-0.7278933337896507,1.0,0.0,1.0,0.0,1.0,0.0,0.0,1.0,1.0,0.0,0.0,0.0,1.0,0.0,1.0,0.0,0.0,0.0,0.0,1.0,1.0,0.0,0.0,1.0,0.0,0.0,0.0,0.0,1.0,0.0,0.0,1.0,0.0,1.0,0.0,0.0,1.0,0.0,0.0,0.0,1.0,1.0,0.0,5.0,1.0,0.0,0.0,0.7045567232231648,1.0,0.0,0.0,1.0,0.0,0.0,1.0,0.0,0.0
6437-UDQJM,1,1.6137012404433893,0.642726829145324,1.6969612118946698,1.0,0.0,0.0,1.0,1.0,0.0,0.0,1.0,0.0,0.0,1.0,1.0,0.0,0.0,0.0,0.0,1.0,0.0,0.0,1.0,0.0,0.0,1.0,1.0,0.0,0.0,0.0,0.0,1.0,0.0,0.0,1.0,0.0,0.0,1.0,0.0,1.0,0.0,1.0,0.0,0.0,1.0,0.0,8.0,0.0,1.0,0.0,1.0515956543656144,0.0,1.0,0.0,0.0,1.0,0.0,0.0,1.0,0.0
1226-IENZN,1,-0.6666391278783103,0.464914550127549,-0.46988690419898976,0.0,1.0,1.0,0.0,1.0,0.0,0.0,1.0,1.0,0.0,0.0,0.0,1.0,0.0,1.0,0.0,0.0,1.0,0.0,0.0,1.0,0.0,0.0,1.0,0.0,0.0,1.0,0.0,0.0,0.0,0.0,1.0,1.0,0.0,0.0,0.0,1.0,0.0,0.0,1.0,0.0,1.0,0.0,3.0,1.0,0.0,0.0,0.7048594727622468,1.0,0.0,0.0,1.0,0.0,0.0,1.0,0.0,0.0
2108-GLPQB,0,-0.30015585439803716,-0.30615925794953225,-0.3873627888519769,0.0,1.0,0.0,1.0,1.0,0.0,0.0,1.0,0.0,0.0,1.0,1.0,0.0,0.0,1.0,0.0,0.0,1.0,0.0,0.0,0.0,0.0,1.0,1.0,0.0,0.0,1.0,0.0,0.0,1.0,0.0,0.0,1.0,0.0,0.0,1.0,0.0,0.0,1.0,0.0,0.0,1.0,0.0,4.0,0.0,0.0,1.0,1.290538842325209,0.0,0.0,1.0,0.0,0.0,1.0,0.0,0.0,1.0
9259-PACGQ,0,0.06632741908223598,-0.07018408392594272,-0.003706169200747738,1.0,0.0,0.0,1.0,1.0,0.0,0.0,1.0,0.0,0.0,1.0,1.0,0.0,0.0,0.0,0.0,1.0,0.0,0.0,1.0,1.0,0.0,0.0,0.0,0.0,1.0,1.0,0.0,0.0,1.0,0.0,0.0,1.0,0.0,0.0,1.0,0.0,0.0,0.0,1.0,0.0,0.0,1.0,6.0,0.0,0.0,1.0,-0.05587687945693542,0.0,0.0,1.0,0.0,0.0,1.0,0.0,0.0,1.0
4415-IJZTP,0,-1.2774445836787656,0.3236618051134285,-0.9744950674074686,1.0,0.0,1.0,0.0,1.0,0.0,0.0,1.0,0.0,0.0,1.0,0.0,1.0,0.0,1.0,0.0,0.0,1.0,0.0,0.0,1.0,0.0,0.0,1.0,0.0,0.0,1.0,0.0,0.0,1.0,0.0,0.0,1.0,0.0,0.0,0.0,1.0,0.0,0.0,1.0,0.0,0.0,1.0,3.0,1.0,0.0,0.0,0.7628472341251253,1.0,0.0,0.0,1.0,0.0,0.0,1.0,0.0,0.0
1465-VINDH,0,-0.9109613101984924,1.2409737492051283,-0.535800311484976,1.0,0.0,0.0,1.0,0.0,1.0,0.0,1.0,0.0,0.0,1.0,0.0,1.0,0.0,1.0,0.0,0.0,0.0,0.0,1.0,0.0,0.0,1.0,1.0,0.0,0.0,0.0,0.0,1.0,0.0,0.0,1.0,1.0,0.0,0.0,0.0,1.0,0.0,1.0,0.0,0.0,0.0,1.0,7.0,1.0,0.0,0.0,0.5881702169856464,1.0,0.0,0.0,1.0,0.0,0.0,1.0,0.0,0.0
5474-LAMUQ,0,-0.3408762181180675,-1.4843733310673135,-0.7718135459403864,0.0,1.0,0.0,1.0,1.0,0.0,0.0,1.0,1.0,0.0,0.0,0.0,0.0,1.0,0.0,1.0,0.0,0.0,1.0,0.0,0.0,1.0,0.0,0.0,1.0,0.0,0.0,1.0,0.0,0.0,1.0,0.0,0.0,1.0,0.0,1.0,0.0,0.0,0.0,0.0,1.0,1.0,0.0,1.0,0.0,0.0,1.0,2.26420473156346,0.0,0.0,1.0,0.0,0.0,1.0,0.0,0.0,1.0
3468-DRVQJ,0,-0.9109613101984924,0.18407085709947407,-0.7090546290298675,1.0,0.0,0.0,1.0,0.0,1.0,0.0,1.0,0.0,0.0,1.0,1.0,0.0,0.0,0.0,0.0,1.0,0.0,0.0,1.0,1.0,0.0,0.0,1.0,0.0,0.0,0.0,0.0,1.0,1.0,0.0,0.0,0.0,1.0,0.0,1.0,0.0,0.0,0.0,1.0,0.0,1.0,0.0,6.0,1.0,0.0,0.0,0.7783586647333784,1.0,0.0,0.0,1.0,0.0,0.0,1.0,0.0,0.0
1122-YJBCS,0,1.4915401492832983,-0.3693075439558449,0.6710900586701756,0.0,1.0,0.0,1.0,1.0,0.0,0.0,1.0,1.0,0.0,0.0,1.0,0.0,0.0,0.0,0.0,1.0,0.0,0.0,1.0,1.0,0.0,0.0,1.0,0.0,0.0,1.0,0.0,0.0,1.0,0.0,0.0,0.0,1.0,0.0,0.0,1.0,0.0,1.0,0.0,0.0,1.0,0.0,4.0,0.0,1.0,0.0,0.4499309381598892,0.0,1.0,0.0,0.0,1.0,0.0,0.0,1.0,0.0
4990-ALDGW,0,1.002895784642934,-1.462769970065154,-0.5137629976032155,0.0,1.0,1.0,0.0,1.0,0.0,0.0,1.0,1.0,0.0,0.0,0.0,0.0,1.0,0.0,1.0,0.0,0.0,1.0,0.0,0.0,1.0,0.0,0.0,1.0,0.0,0.0,1.0,0.0,0.0,1.0,0.0,0.0,0.0,1.0,1.0,0.0,0.0,0.0,0.0,1.0,1.0,0.0,1.0,0.0,1.0,0.0,-0.5122795463599771,0.0,1.0,0.0,0.0,1.0,0.0,0.0,1.0,0.0
4816-OKWNX,0,0.7178532386027215,1.284180471209448,1.3028705086938184,0.0,1.0,0.0,1.0,0.0,1.0,0.0,1.0,1.0,0.0,0.0,0.0,1.0,0.0,1.0,0.0,0.0,0.0,0.0,1.0,0.0,0.0,1.0,0.0,0.0,1.0,0.0,0.0,1.0,0.0,0.0,1.0,0.0,1.0,0.0,0.0,1.0,1.0,0.0,0.0,0.0,1.0,0.0,7.0,0.0,1.0,0.0,1.8149538633130837,0.0,1.0,0.0,0.0,1.0,0.0,0.0,1.0,0.0
3315-IKYZQ,0,-0.1779947632379461,-0.46402997296531395,-0.3955247569563326,0.0,1.0,0.0,1.0,0.0,1.0,1.0,0.0,0.0,1.0,0.0,1.0,0.0,0.0,0.0,0.0,1.0,1.0,0.0,0.0,0.0,0.0,1.0,0.0,0.0,1.0,0.0,0.0,1.0,1.0,0.0,0.0,0.0,1.0,0.0,1.0,0.0,0.0,0.0,0.0,1.0,1.0,0.0,5.0,0.0,0.0,1.0,2.2221145710202106,0.0,0.0,1.0,0.0,0.0,1.0,0.0,0.0,1.0
2810-FTLEM,0,-0.6666391278783103,-0.4856333339674735,-0.6710683882847308,1.0,0.0,1.0,0.0,1.0,0.0,0.0,1.0,1.0,0.0,0.0,1.0,0.0,0.0,0.0,0.0,1.0,1.0,0.0,0.0,1.0,0.0,0.0,1.0,0.0,0.0,1.0,0.0,0.0,1.0,0.0,0.0,1.0,0.0,0.0,0.0,1.0,0.0,0.0,1.0,0.0,0.0,1.0,3.0,1.0,0.0,0.0,1.0066441650680142,1.0,0.0,0.0,1.0,0.0,0.0,1.0,0.0,0.0
4747-LCAQL,0,-0.30015585439803716,0.4732235351283796,-0.16822497493665317,0.0,1.0,1.0,0.0,1.0,0.0,0.0,1.0,1.0,0.0,0.0,1.0,0.0,0.0,0.0,0.0,1.0,0.0,0.0,1.0,1.0,0.0,0.0,0.0,0.0,1.0,0.0,0.0,1.0,0.0,0.0,1.0,1.0,0.0,0.0,0.0,1.0,0.0,0.0,0.0,1.0,1.0,0.0,7.0,0.0,0.0,1.0,0.5604587499185332,0.0,0.0,1.0,0.0,0.0,1.0,0.0,0.0,1.0
3411-WLRSQ,1,-1.1960038562387048,0.32698539911376057,-0.9018976700252127,1.0,0.0,0.0,1.0,1.0,0.0,0.0,1.0,1.0,0.0,0.0,0.0,1.0,0.0,1.0,0.0,0.0,0.0,0.0,1.0,1.0,0.0,0.0,1.0,0.0,0.0,1.0,0.0,0.0,1.0,0.0,0.0,1.0,0.0,0.0,0.0,1.0,1.0,0.0,0.0,0.0,1.0,0.0,3.0,1.0,0.0,0.0,0.7540926104214895,1.0,0.0,0.0,1.0,0.0,0.0,1.0,0.0,0.0
0898-XCGTF,0,1.1657772395230555,1.0548524851865226,1.4958017871821838,0.0,1.0,0.0,1.0,1.0,0.0,0.0,1.0,0.0,0.0,1.0,0.0,1.0,0.0,1.0,0.0,0.0,1.0,0.0,0.0,1.0,0.0,0.0,1.0,0.0,0.0,0.0,0.0,1.0,0.0,0.0,1.0,0.0,1.0,0.0,0.0,1.0,1.0,0.0,0.0,0.0,1.0,0.0,5.0,0.0,1.0,0.0,1.2830940049868778,0.0,1.0,0.0,0.0,1.0,0.0,0.0,1.0,0.0
8006-PYCSW,0,-1.2367242199587352,-1.4843733310673135,-0.9898042724464493,1.0,0.0,1.0,0.0,1.0,0.0,0.0,1.0,1.0,0.0,0.0,0.0,0.0,1.0,0.0,1.0,0.0,0.0,1.0,0.0,0.0,1.0,0.0,0.0,1.0,0.0,0.0,1.0,0.0,0.0,1.0,0.0,1.0,0.0,0.0,1.0,0.0,0.0,0.0,0.0,1.0,1.0,0.0,1.0,1.0,0.0,0.0,0.800343566069625,1.0,0.0,0.0,1.0,0.0,0.0,1.0,0.0,0.0
8249-THVEC,0,0.758573602322752,-1.5076384890696393,-0.567168740253608,0.0,1.0,0.0,1.0,0.0,1.0,0.0,1.0,1.0,0.0,0.0,0.0,0.0,1.0,0.0,1.0,0.0,0.0,1.0,0.0,0.0,1.0,0.0,0.0,1.0,0.0,0.0,1.0,0.0,0.0,1.0,0.0,0.0,1.0,0.0,1.0,0.0,0.0,0.0,0.0,1.0,1.0,0.0,1.0,0.0,1.0,0.0,-0.7476779293623421,0.0,1.0,0.0,0.0,1.0,0.0,0.0,1.0,0.0
8722-PRFDV,0,1.5729808767233588,0.42503142212356193,1.4519698125244684,1.0,0.0,0.0,1.0,0.0,1.0,0.0,1.0,1.0,0.0,0.0,1.0,0.0,0.0,0.0,0.0,1.0,1.0,0.0,0.0,0.0,0.0,1.0,1.0,0.0,0.0,0.0,0.0,1.0,0.0,0.0,1.0,0.0,0.0,1.0,1.0,0.0,0.0,1.0,0.0,0.0,1.0,0.0,6.0,0.0,1.0,0.0,0.9230689539907403,0.0,1.0,0.0,0.0,1.0,0.0,0.0,1.0,0.0
2164-SOQXL,0,-0.5037576729981889,-1.4860351280674797,-0.828219363353461,1.0,0.0,0.0,1.0,0.0,1.0,0.0,1.0,1.0,0.0,0.0,0.0,0.0,1.0,0.0,1.0,0.0,0.0,1.0,0.0,0.0,1.0,0.0,0.0,1.0,0.0,0.0,1.0,0.0,0.0,1.0,0.0,1.0,0.0,0.0,1.0,0.0,0.0,0.0,0.0,1.0,1.0,0.0,1.0,1.0,0.0,0.0,1.6440828750541705,1.0,0.0,0.0,1.0,0.0,0.0,1.0,0.0,0.0
4020-KIUDI,0,-1.0738427650786138,-1.4926823160681442,-0.9461046540282638,0.0,1.0,0.0,1.0,0.0,1.0,0.0,1.0,1.0,0.0,0.0,0.0,0.0,1.0,0.0,1.0,0.0,0.0,1.0,0.0,0.0,1.0,0.0,0.0,1.0,0.0,0.0,1.0,0.0,0.0,1.0,0.0,1.0,0.0,0.0,1.0,0.0,0.0,1.0,0.0,0.0,1.0,0.0,1.0,1.0,0.0,0.0,0.8810457962707431,1.0,0.0,0.0,1.0,0.0,0.0,1.0,0.0,0.0
5850-BDWCY,0,-1.0738427650786138,-1.481049737066981,-0.9528107034977884,1.0,0.0,1.0,0.0,1.0,0.0,0.0,1.0,1.0,0.0,0.0,0.0,0.0,1.0,0.0,1.0,0.0,0.0,1.0,0.0,0.0,1.0,0.0,0.0,1.0,0.0,0.0,1.0,0.0,0.0,1.0,0.0,1.0,0.0,0.0,1.0,0.0,0.0,0.0,0.0,1.0,1.0,0.0,1.0,1.0,0.0,0.0,0.8872907044524672,1.0,0.0,0.0,1.0,0.0,0.0,1.0,0.0,0.0
2038-YSEZE,0,-0.13727439951791576,0.08934842809000525,-0.21274079016527442,1.0,0.0,1.0,0.0,1.0,0.0,0.0,1.0,0.0,0.0,1.0,1.0,0.0,0.0,0.0,0.0,1.0,0.0,0.0,1.0,1.0,0.0,0.0,0.0,0.0,1.0,1.0,0.0,0.0,1.0,0.0,0.0,1.0,0.0,0.0,1.0,0.0,0.0,0.0,0.0,1.0,1.0,0.0,6.0,0.0,0.0,1.0,1.5497484666651884,0.0,0.0,1.0,0.0,0.0,1.0,0.0,0.0,1.0
0827-ITJPH,0,0.14776814652229667,-1.5358890380724635,-0.7033853701033285,0.0,1.0,1.0,0.0,1.0,0.0,0.0,1.0,1.0,0.0,0.0,0.0,0.0,1.0,0.0,1.0,0.0,0.0,1.0,0.0,0.0,1.0,0.0,0.0,1.0,0.0,0.0,1.0,0.0,0.0,1.0,0.0,0.0,0.0,1.0,0.0,1.0,0.0,1.0,0.0,0.0,1.0,0.0,1.0,0.0,0.0,1.0,-4.7600608565337525,0.0,0.0,1.0,0.0,0.0,1.0,0.0,0.0,1.0
8799-OXZMD,0,-0.1779947632379461,-1.1636465100352518,-0.658516604902627,1.0,0.0,1.0,0.0,1.0,0.0,1.0,0.0,0.0,1.0,0.0,1.0,0.0,0.0,1.0,0.0,0.0,1.0,0.0,0.0,0.0,0.0,1.0,1.0,0.0,0.0,1.0,0.0,0.0,1.0,0.0,0.0,1.0,0.0,0.0,0.0,1.0,0.0,0.0,0.0,1.0,1.0,0.0,2.0,0.0,0.0,1.0,3.6996403316782525,0.0,0.0,1.0,0.0,0.0,1.0,0.0,0.0,1.0
1925-TIBLE,0,-1.0331224013585834,0.722493085153298,-0.7503718351365115,1.0,0.0,0.0,1.0,1.0,0.0,0.0,1.0,0.0,0.0,1.0,0.0,1.0,0.0,1.0,0.0,0.0,1.0,0.0,0.0,1.0,0.0,0.0,1.0,0.0,0.0,0.0,0.0,1.0,1.0,0.0,0.0,1.0,0.0,0.0,0.0,1.0,0.0,0.0,1.0,0.0,0.0,1.0,4.0,1.0,0.0,0.0,0.7263145529994826,1.0,0.0,0.0,1.0,0.0,0.0,1.0,0.0,0.0
1705-GUHPV,0,1.247217966963116,-1.3481059770536914,-0.29343397753212097,1.0,0.0,1.0,0.0,1.0,0.0,0.0,1.0,0.0,0.0,1.0,0.0,0.0,1.0,0.0,1.0,0.0,0.0,1.0,0.0,0.0,1.0,0.0,0.0,1.0,0.0,0.0,1.0,0.0,0.0,1.0,0.0,0.0,0.0,1.0,1.0,0.0,0.0,0.0,0.0,1.0,1.0,0.0,2.0,0.0,1.0,0.0,-0.23527080695174005,0.0,1.0,0.0,0.0,1.0,0.0,0.0,1.0,0.0
4779-ZGICK,0,0.6364125111626608,-1.3697093380558512,-0.48969622138199365,0.0,1.0,0.0,1.0,0.0,1.0,0.0,1.0,0.0,0.0,1.0,0.0,0.0,1.0,0.0,1.0,0.0,0.0,1.0,0.0,0.0,1.0,0.0,0.0,1.0,0.0,0.0,1.0,0.0,0.0,1.0,0.0,0.0,0.0,1.0,1.0,0.0,0.0,0.0,0.0,1.0,1.0,0.0,2.0,0.0,1.0,0.0,-0.7694635362956151,0.0,1.0,0.0,0.0,1.0,0.0,0.0,1.0,0.0
0048-PIHNL,0,0.6771328748826912,-1.4727407520661506,-0.6098977462485728,1.0,0.0,0.0,1.0,1.0,0.0,0.0,1.0,1.0,0.0,0.0,0.0,0.0,1.0,0.0,1.0,0.0,0.0,1.0,0.0,0.0,1.0,0.0,0.0,1.0,0.0,0.0,1.0,0.0,0.0,1.0,0.0,0.0,1.0,0.0,1.0,0.0,1.0,0.0,0.0,0.0,1.0,0.0,1.0,0.0,1.0,0.0,-0.900706152177641,0.0,1.0,0.0,0.0,1.0,0.0,0.0,1.0,0.0
0818-OCPZO,1,-0.21871512695797646,0.5546515881365197,-0.07114167324133,0.0,1.0,1.0,0.0,1.0,0.0,0.0,1.0,0.0,0.0,1.0,0.0,1.0,0.0,1.0,0.0,0.0,0.0,0.0,1.0,1.0,0.0,0.0,1.0,0.0,0.0,1.0,0.0,0.0,1.0,0.0,0.0,1.0,0.0,0.0,0.0,1.0,0.0,0.0,1.0,0.0,0.0,1.0,4.0,0.0,0.0,1.0,0.32527093224328757,0.0,0.0,1.0,0.0,0.0,1.0,0.0,0.0,1.0
3967-KXAPS,0,1.6137012404433893,0.9152615371725683,1.9573721131701274,0.0,1.0,0.0,1.0,1.0,0.0,0.0,1.0,0.0,0.0,1.0,1.0,0.0,0.0,0.0,0.0,1.0,0.0,0.0,1.0,0.0,0.0,1.0,0.0,0.0,1.0,0.0,0.0,1.0,0.0,0.0,1.0,0.0,0.0,1.0,1.0,0.0,0.0,1.0,0.0,0.0,1.0,0.0,9.0,0.0,1.0,0.0,1.2129705698387574,0.0,1.0,0.0,0.0,1.0,0.0,0.0,1.0,0.0
1447-GIQMR,0,-1.2774445836787656,0.14584952609565352,-0.9768554203457552,0.0,1.0,0.0,1.0,1.0,0.0,0.0,1.0,1.0,0.0,0.0,0.0,1.0,0.0,1.0,0.0,0.0,1.0,0.0,0.0,1.0,0.0,0.0,1.0,0.0,0.0,1.0,0.0,0.0,1.0,0.0,0.0,1.0,0.0,0.0,0.0,1.0,0.0,0.0,1.0,0.0,0.0,1.0,2.0,1.0,0.0,0.0,0.7646949486705887,1.0,0.0,0.0,1.0,0.0,0.0,1.0,0.0,0.0
3704-IEAXF,0,1.6137012404433893,-0.3693075439558449,0.6620898343821292,1.0,0.0,0.0,1.0,0.0,1.0,1.0,0.0,0.0,1.0,0.0,1.0,0.0,0.0,1.0,0.0,0.0,0.0,0.0,1.0,1.0,0.0,0.0,0.0,0.0,1.0,0.0,0.0,1.0,0.0,0.0,1.0,0.0,0.0,1.0,1.0,0.0,0.0,1.0,0.0,0.0,1.0,0.0,5.0,0.0,1.0,0.0,0.4102926971786982,0.0,1.0,0.0,0.0,1.0,0.0,0.0,1.0,0.0
6810-VCAEX,0,0.5956921474426305,-0.8346107040023594,-0.21382169945477011,1.0,0.0,1.0,0.0,1.0,0.0,1.0,0.0,0.0,1.0,0.0,1.0,0.0,0.0,0.0,0.0,1.0,0.0,0.0,1.0,1.0,0.0,0.0,0.0,0.0,1.0,1.0,0.0,0.0,1.0,0.0,0.0,0.0,1.0,0.0,1.0,0.0,0.0,1.0,0.0,0.0,1.0,0.0,4.0,0.0,1.0,0.0,-0.3589466478158715,0.0,1.0,0.0,0.0,1.0,0.0,0.0,1.0,0.0
0674-EYYZV,0,-1.2774445836787656,-0.33607160395252245,-0.9832526385897098,1.0,0.0,1.0,0.0,1.0,0.0,0.0,1.0,1.0,0.0,0.0,1.0,0.0,0.0,1.0,0.0,0.0,1.0,0.0,0.0,1.0,0.0,0.0,1.0,0.0,0.0,0.0,0.0,1.0,1.0,0.0,0.0,1.0,0.0,0.0,0.0,1.0,0.0,0.0,1.0,0.0,1.0,0.0,3.0,1.0,0.0,0.0,0.7697027731396017,1.0,0.0,0.0,1.0,0.0,0.0,1.0,0.0,0.0
4480-MBMLB,0,0.14776814652229667,1.330710787214099,0.7072894901816558,1.0,0.0,1.0,0.0,1.0,0.0,0.0,1.0,0.0,0.0,1.0,0.0,1.0,0.0,1.0,0.0,0.0,0.0,0.0,1.0,0.0,0.0,1.0,1.0,0.0,0.0,0.0,0.0,1.0,0.0,0.0,1.0,0.0,1.0,0.0,0.0,1.0,1.0,0.0,0.0,0.0,1.0,0.0,7.0,0.0,0.0,1.0,4.786481436139102,0.0,0.0,1.0,0.0,0.0,1.0,0.0,0.0,1.0
1395-OFUWC,0,0.43281069256250915,-1.1786026830367469,-0.46732801690140796,0.0,1.0,0.0,1.0,0.0,1.0,1.0,0.0,0.0,1.0,0.0,1.0,0.0,0.0,1.0,0.0,0.0,0.0,0.0,1.0,1.0,0.0,0.0,1.0,0.0,0.0,1.0,0.0,0.0,1.0,0.0,0.0,1.0,0.0,0.0,1.0,0.0,0.0,1.0,0.0,0.0,1.0,0.0,2.0,0.0,0.0,1.0,-1.0797515517339342,0.0,0.0,1.0,0.0,0.0,1.0,0.0,0.0,1.0
0822-QGCXA,1,-0.21871512695797646,0.6344178441444933,0.011867748317293064,1.0,0.0,0.0,1.0,1.0,0.0,0.0,1.0,0.0,0.0,1.0,1.0,0.0,0.0,1.0,0.0,0.0,0.0,0.0,1.0,0.0,0.0,1.0,0.0,0.0,1.0,0.0,0.0,1.0,0.0,0.0,1.0,1.0,0.0,0.0,1.0,0.0,0.0,0.0,1.0,0.0,1.0,0.0,8.0,0.0,0.0,1.0,-0.054261214038356445,0.0,0.0,1.0,0.0,0.0,1.0,0.0,0.0,1.0
0872-NXJYS,0,-0.9516816739185228,0.4915033021302069,-0.6882085213038778,1.0,0.0,1.0,0.0,1.0,0.0,0.0,1.0,1.0,0.0,0.0,0.0,1.0,0.0,1.0,0.0,0.0,1.0,0.0,0.0,1.0,0.0,0.0,1.0,0.0,0.0,1.0,0.0,0.0,0.0,0.0,1.0,1.0,0.0,0.0,0.0,1.0,0.0,0.0,1.0,0.0,0.0,1.0,3.0,1.0,0.0,0.0,0.723149914687543,1.0,0.0,0.0,1.0,0.0,0.0,1.0,0.0,0.0
2832-KJCRD,0,0.22920887396235737,1.2924894562102784,0.7523126709951424,1.0,0.0,1.0,0.0,1.0,0.0,0.0,1.0,0.0,0.0,1.0,0.0,1.0,0.0,1.0,0.0,0.0,1.0,0.0,0.0,0.0,0.0,1.0,0.0,0.0,1.0,0.0,0.0,1.0,0.0,0.0,1.0,1.0,0.0,0.0,0.0,1.0,0.0,0.0,1.0,0.0,1.0,0.0,7.0,0.0,0.0,1.0,3.2822144186210416,0.0,0.0,1.0,0.0,0.0,1.0,0.0,0.0,1.0
3588-WSTTJ,1,0.10704778280226633,1.1396041321949948,0.5608814298881182,1.0,0.0,1.0,0.0,1.0,0.0,0.0,1.0,0.0,0.0,1.0,0.0,1.0,0.0,0.0,0.0,1.0,1.0,0.0,0.0,1.0,0.0,0.0,1.0,0.0,0.0,0.0,0.0,1.0,0.0,0.0,1.0,1.0,0.0,0.0,0.0,1.0,0.0,0.0,1.0,0.0,1.0,0.0,6.0,0.0,0.0,1.0,5.239542708924221,0.0,0.0,1.0,0.0,0.0,1.0,0.0,0.0,1.0
4075-WKNIU,0,-1.318164947398796,0.2854404741096075,,1.0,0.0,0.0,1.0,0.0,1.0,0.0,1.0,0.0,0.0,1.0,1.0,0.0,0.0,1.0,0.0,0.0,0.0,0.0,1.0,0.0,0.0,1.0,0.0,0.0,1.0,0.0,0.0,1.0,1.0,0.0,0.0,0.0,0.0,1.0,1.0,0.0,0.0,0.0,0.0,1.0,1.0,0.0,7.0,1.0,0.0,0.0,,1.0,0.0,0.0,1.0,0.0,0.0,1.0,0.0,0.0
5090-EMGTC,0,1.0843365120829946,1.1728400721983174,1.6551366402031609,1.0,0.0,0.0,1.0,1.0,0.0,0.0,1.0,1.0,0.0,0.0,0.0,1.0,0.0,1.0,0.0,0.0,0.0,0.0,1.0,1.0,0.0,0.0,0.0,0.0,1.0,0.0,0.0,1.0,0.0,0.0,1.0,0.0,0.0,1.0,0.0,1.0,0.0,0.0,0.0,1.0,1.0,0.0,6.0,0.0,1.0,0.0,1.5264049690844288,0.0,1.0,0.0,0.0,1.0,0.0,0.0,1.0,0.0
2346-CZYIL,0,-0.21871512695797646,-1.4760643460664828,-0.7728282771101173,0.0,1.0,1.0,0.0,1.0,0.0,0.0,1.0,1.0,0.0,0.0,0.0,0.0,1.0,0.0,1.0,0.0,0.0,1.0,0.0,0.0,1.0,0.0,0.0,1.0,0.0,0.0,1.0,0.0,0.0,1.0,0.0,0.0,0.0,1.0,1.0,0.0,0.0,1.0,0.0,0.0,1.0,0.0,1.0,0.0,0.0,1.0,3.53349257483506,0.0,0.0,1.0,0.0,0.0,1.0,0.0,0.0,1.0
3798-EPWRR,1,-1.2367242199587352,-0.6916961619880726,-0.9698184802774054,1.0,0.0,1.0,0.0,1.0,0.0,0.0,1.0,1.0,0.0,0.0,1.0,0.0,0.0,1.0,0.0,0.0,1.0,0.0,0.0,1.0,0.0,0.0,1.0,0.0,0.0,1.0,0.0,0.0,1.0,0.0,0.0,1.0,0.0,0.0,1.0,0.0,0.0,0.0,1.0,0.0,1.0,0.0,2.0,1.0,0.0,0.0,0.7841833002265974,1.0,0.0,0.0,1.0,0.0,0.0,1.0,0.0,0.0
6258-NGCNG,0,-1.0331224013585834,-1.3713711350560172,-0.9310381020950882,0.0,1.0,1.0,0.0,1.0,0.0,0.0,1.0,0.0,0.0,1.0,0.0,0.0,1.0,0.0,1.0,0.0,0.0,1.0,0.0,0.0,1.0,0.0,0.0,1.0,0.0,0.0,1.0,0.0,0.0,1.0,0.0,1.0,0.0,0.0,1.0,0.0,0.0,0.0,0.0,1.0,1.0,0.0,2.0,1.0,0.0,0.0,0.9011885724970714,1.0,0.0,0.0,1.0,0.0,0.0,1.0,0.0,0.0
4186-ZBUEW,0,0.14776814652229667,0.19736523310080326,0.10087731940128049,1.0,0.0,1.0,0.0,1.0,0.0,0.0,1.0,0.0,0.0,1.0,1.0,0.0,0.0,1.0,0.0,0.0,0.0,0.0,1.0,1.0,0.0,0.0,0.0,0.0,1.0,1.0,0.0,0.0,0.0,0.0,1.0,0.0,1.0,0.0,0.0,1.0,0.0,0.0,0.0,1.0,1.0,0.0,6.0,0.0,0.0,1.0,0.6826729696177055,0.0,0.0,1.0,0.0,0.0,1.0,0.0,0.0,1.0
5274-XHAKY,0,0.35136996512244845,0.9817334171792131,0.7104439805571231,1.0,0.0,0.0,1.0,0.0,1.0,0.0,1.0,0.0,0.0,1.0,0.0,1.0,0.0,0.0,0.0,1.0,0.0,0.0,1.0,1.0,0.0,0.0,1.0,0.0,0.0,0.0,0.0,1.0,1.0,0.0,0.0,1.0,0.0,0.0,0.0,1.0,1.0,0.0,0.0,0.0,1.0,0.0,6.0,0.0,0.0,1.0,2.0219257508522146,0.0,0.0,1.0,0.0,0.0,1.0,0.0,0.0,1.0
1442-BQPVU,0,-0.7888002190384014,-1.1835880740372453,-0.8497934303968662,1.0,0.0,1.0,0.0,1.0,0.0,1.0,0.0,0.0,1.0,0.0,1.0,0.0,0.0,1.0,0.0,0.0,0.0,0.0,1.0,1.0,0.0,0.0,1.0,0.0,0.0,1.0,0.0,0.0,1.0,0.0,0.0,1.0,0.0,0.0,1.0,0.0,0.0,0.0,1.0,0.0,1.0,0.0,2.0,1.0,0.0,0.0,1.0773240294390631,1.0,0.0,0.0,1.0,0.0,0.0,1.0,0.0,0.0
3978-YNKDD,0,-0.5444780367182193,-1.4594463760648215,-0.8011083936230471,0.0,1.0,1.0,0.0,0.0,1.0,0.0,1.0,1.0,0.0,0.0,0.0,0.0,1.0,0.0,1.0,0.0,0.0,1.0,0.0,0.0,1.0,0.0,0.0,1.0,0.0,0.0,1.0,0.0,0.0,1.0,0.0,0.0,0.0,1.0,1.0,0.0,0.0,1.0,0.0,0.0,1.0,0.0,1.0,1.0,0.0,0.0,1.471332798750963,1.0,0.0,0.0,1.0,0.0,0.0,1.0,0.0,0.0
4940-KHCWD,0,1.125056875803025,-0.8994207870088381,0.0023822178176364115,1.0,0.0,0.0,1.0,1.0,0.0,1.0,0.0,0.0,1.0,0.0,1.0,0.0,0.0,0.0,0.0,1.0,0.0,0.0,1.0,1.0,0.0,0.0,0.0,0.0,1.0,1.0,0.0,0.0,1.0,0.0,0.0,0.0,0.0,1.0,1.0,0.0,1.0,0.0,0.0,0.0,1.0,0.0,4.0,0.0,1.0,0.0,0.002117419900159332,0.0,1.0,0.0,0.0,1.0,0.0,0.0,1.0,0.0
9412-ARGBX,0,0.6364125111626608,1.0216165451832002,1.0343858768070255,1.0,0.0,1.0,0.0,0.0,1.0,0.0,1.0,1.0,0.0,0.0,0.0,1.0,0.0,1.0,0.0,0.0,0.0,0.0,1.0,0.0,0.0,1.0,0.0,0.0,1.0,0.0,0.0,1.0,1.0,0.0,0.0,0.0,0.0,1.0,0.0,1.0,0.0,0.0,0.0,1.0,0.0,1.0,6.0,0.0,1.0,0.0,1.6253386893939403,0.0,1.0,0.0,0.0,1.0,0.0,0.0,1.0,0.0
1389-CXMLU,1,-1.1960038562387048,0.8737166121684152,-0.8798162373969423,0.0,1.0,1.0,0.0,1.0,0.0,0.0,1.0,0.0,0.0,1.0,0.0,1.0,0.0,1.0,0.0,0.0,1.0,0.0,0.0,0.0,0.0,1.0,1.0,0.0,0.0,0.0,0.0,1.0,1.0,0.0,0.0,1.0,0.0,0.0,1.0,0.0,0.0,0.0,1.0,0.0,0.0,1.0,5.0,1.0,0.0,0.0,0.7356299336390634,1.0,0.0,0.0,1.0,0.0,0.0,1.0,0.0,0.0
9589-ABEPT,0,1.4915401492832983,0.9202469281730669,1.8429501440963625,0.0,1.0,0.0,1.0,1.0,0.0,0.0,1.0,0.0,0.0,1.0,0.0,1.0,0.0,1.0,0.0,0.0,0.0,0.0,1.0,1.0,0.0,0.0,0.0,0.0,1.0,0.0,0.0,1.0,1.0,0.0,0.0,0.0,0.0,1.0,0.0,1.0,0.0,0.0,0.0,1.0,1.0,0.0,6.0,0.0,1.0,0.0,1.2356021022846222,0.0,1.0,0.0,0.0,1.0,0.0,0.0,1.0,0.0
9388-ZEYVT,0,0.43281069256250915,-0.6850489739874083,-0.15529818220921413,0.0,1.0,1.0,0.0,1.0,0.0,1.0,0.0,0.0,1.0,0.0,1.0,0.0,0.0,1.0,0.0,0.0,1.0,0.0,0.0,0.0,0.0,1.0,0.0,0.0,1.0,1.0,0.0,0.0,0.0,0.0,1.0,0.0,1.0,0.0,1.0,0.0,0.0,0.0,1.0,0.0,1.0,0.0,4.0,0.0,0.0,1.0,-0.3588131829409113,0.0,0.0,1.0,0.0,0.0,1.0,0.0,0.0,1.0
0305-SQECB,0,-0.8702409464784621,-0.9542600880143203,-0.8297414601080572,1.0,0.0,1.0,0.0,0.0,1.0,1.0,0.0,0.0,1.0,0.0,1.0,0.0,0.0,0.0,0.0,1.0,1.0,0.0,0.0,1.0,0.0,0.0,0.0,0.0,1.0,1.0,0.0,0.0,1.0,0.0,0.0,0.0,1.0,0.0,0.0,1.0,0.0,0.0,0.0,1.0,1.0,0.0,3.0,1.0,0.0,0.0,0.9534617550067127,1.0,0.0,0.0,1.0,0.0,0.0,1.0,0.0,0.0
7605-SNLQG,0,0.5142514200025698,-0.4823097399671412,-0.027243520463849206,1.0,0.0,0.0,1.0,1.0,0.0,0.0,1.0,1.0,0.0,0.0,1.0,0.0,0.0,1.0,0.0,0.0,1.0,0.0,0.0,0.0,0.0,1.0,1.0,0.0,0.0,1.0,0.0,0.0,1.0,0.0,0.0,1.0,0.0,0.0,0.0,1.0,0.0,1.0,0.0,0.0,1.0,0.0,3.0,0.0,1.0,0.0,-0.05297704469870606,0.0,1.0,0.0,0.0,1.0,0.0,0.0,1.0,0.0
4670-TABXH,0,1.6137012404433893,1.4952286902305454,2.4157658894093488,0.0,1.0,0.0,1.0,1.0,0.0,0.0,1.0,0.0,0.0,1.0,0.0,1.0,0.0,1.0,0.0,0.0,0.0,0.0,1.0,0.0,0.0,1.0,0.0,0.0,1.0,0.0,0.0,1.0,0.0,0.0,1.0,0.0,0.0,1.0,0.0,1.0,0.0,1.0,0.0,0.0,1.0,0.0,8.0,0.0,1.0,0.0,1.4970341652247723,0.0,1.0,0.0,0.0,1.0,0.0,0.0,1.0,0.0
5561-NWEVX,1,-1.2367242199587352,0.47987072312904416,-0.9311042802148533,1.0,0.0,0.0,1.0,1.0,0.0,0.0,1.0,0.0,0.0,1.0,0.0,1.0,0.0,1.0,0.0,0.0,1.0,0.0,0.0,0.0,0.0,1.0,1.0,0.0,0.0,1.0,0.0,0.0,1.0,0.0,0.0,1.0,0.0,0.0,1.0,0.0,0.0,0.0,1.0,0.0,0.0,1.0,4.0,1.0,0.0,0.0,0.7528794740074879,1.0,0.0,0.0,1.0,0.0,0.0,1.0,0.0,0.0
0064-SUDOG,0,-0.8295205827584317,-1.477726143066649,-0.9083169476424222,1.0,0.0,0.0,1.0,0.0,1.0,0.0,1.0,1.0,0.0,0.0,0.0,0.0,1.0,0.0,1.0,0.0,0.0,1.0,0.0,0.0,1.0,0.0,0.0,1.0,0.0,0.0,1.0,0.0,0.0,1.0,0.0,0.0,0.0,1.0,1.0,0.0,1.0,0.0,0.0,0.0,1.0,0.0,1.0,1.0,0.0,0.0,1.0949902468025163,1.0,0.0,0.0,1.0,0.0,0.0,1.0,0.0,0.0
8561-NMTBD,0,1.4100994218432374,1.5816421342391835,2.2523279929629396,1.0,0.0,0.0,1.0,0.0,1.0,0.0,1.0,0.0,0.0,1.0,0.0,1.0,0.0,1.0,0.0,0.0,0.0,0.0,1.0,0.0,0.0,1.0,0.0,0.0,1.0,0.0,0.0,1.0,0.0,0.0,1.0,0.0,1.0,0.0,0.0,1.0,0.0,1.0,0.0,0.0,1.0,0.0,8.0,0.0,1.0,0.0,1.5972831121501827,0.0,1.0,0.0,0.0,1.0,0.0,0.0,1.0,0.0
5161-XEUVX,0,0.18848851024232702,0.9817334171792131,0.5195642237814742,0.0,1.0,0.0,1.0,1.0,0.0,0.0,1.0,0.0,0.0,1.0,0.0,1.0,0.0,1.0,0.0,0.0,1.0,0.0,0.0,0.0,0.0,1.0,0.0,0.0,1.0,0.0,0.0,1.0,1.0,0.0,0.0,0.0,0.0,1.0,1.0,0.0,0.0,0.0,0.0,1.0,1.0,0.0,6.0,0.0,0.0,1.0,2.7564768967270488,0.0,0.0,1.0,0.0,0.0,1.0,0.0,0.0,1.0
8292-FRFZQ,0,0.26992923768238775,-0.7847567939973756,-0.25694777416832537,1.0,0.0,1.0,0.0,1.0,0.0,1.0,0.0,0.0,1.0,0.0,1.0,0.0,0.0,0.0,0.0,1.0,0.0,0.0,1.0,1.0,0.0,0.0,0.0,0.0,1.0,1.0,0.0,0.0,1.0,0.0,0.0,0.0,1.0,0.0,1.0,0.0,1.0,0.0,0.0,0.0,1.0,0.0,4.0,0.0,0.0,1.0,-0.9519079013984509,0.0,0.0,1.0,0.0,0.0,1.0,0.0,0.0,1.0
8591-NXRCV,0,0.35136996512244845,0.32864719611392706,0.35619250545482967,1.0,0.0,1.0,0.0,1.0,0.0,0.0,1.0,0.0,0.0,1.0,1.0,0.0,0.0,0.0,0.0,1.0,1.0,0.0,0.0,0.0,0.0,1.0,0.0,0.0,1.0,1.0,0.0,0.0,0.0,0.0,1.0,1.0,0.0,0.0,0.0,1.0,1.0,0.0,0.0,0.0,1.0,0.0,7.0,0.0,0.0,1.0,1.013724964598783,0.0,0.0,1.0,0.0,0.0,1.0,0.0,0.0,1.0
7895-VONWT,0,-0.30015585439803716,-0.5487816199737862,-0.4365551912106614,1.0,0.0,1.0,0.0,1.0,0.0,1.0,0.0,0.0,1.0,0.0,1.0,0.0,0.0,1.0,0.0,0.0,1.0,0.0,0.0,0.0,0.0,1.0,1.0,0.0,0.0,0.0,0.0,1.0,0.0,0.0,1.0,1.0,0.0,0.0,0.0,1.0,0.0,0.0,1.0,0.0,1.0,0.0,4.0,0.0,0.0,1.0,1.4544283738398947,0.0,0.0,1.0,0.0,0.0,1.0,0.0,0.0,1.0
4526-RMTLL,0,-0.9924020376385531,0.37850110611891075,-0.7224446685956619,0.0,1.0,0.0,1.0,0.0,1.0,0.0,1.0,0.0,0.0,1.0,1.0,0.0,0.0,0.0,0.0,1.0,0.0,0.0,1.0,1.0,0.0,0.0,0.0,0.0,1.0,1.0,0.0,0.0,0.0,0.0,1.0,0.0,0.0,1.0,0.0,1.0,0.0,1.0,0.0,0.0,1.0,0.0,7.0,1.0,0.0,0.0,0.7279758013342437,1.0,0.0,0.0,1.0,0.0,0.0,1.0,0.0,0.0
6253-GNHWH,0,1.5729808767233588,0.21065960910213194,1.29781891221842,1.0,0.0,0.0,1.0,0.0,1.0,0.0,1.0,0.0,0.0,1.0,1.0,0.0,0.0,0.0,0.0,1.0,0.0,0.0,1.0,0.0,0.0,1.0,0.0,0.0,1.0,1.0,0.0,0.0,1.0,0.0,0.0,0.0,0.0,1.0,1.0,0.0,0.0,0.0,0.0,1.0,1.0,0.0,7.0,0.0,1.0,0.0,0.8250697331565006,0.0,1.0,0.0,0.0,1.0,0.0,0.0,1.0,0.0
4566-NECEV,0,-1.1145631287986442,1.0565142821866886,-0.786725682260777,0.0,1.0,1.0,0.0,1.0,0.0,0.0,1.0,0.0,0.0,1.0,0.0,1.0,0.0,1.0,0.0,0.0,0.0,0.0,1.0,0.0,0.0,1.0,1.0,0.0,0.0,1.0,0.0,0.0,0.0,0.0,1.0,1.0,0.0,0.0,1.0,0.0,0.0,0.0,1.0,0.0,1.0,0.0,6.0,1.0,0.0,0.0,0.7058601365261079,1.0,0.0,0.0,1.0,0.0,0.0,1.0,0.0,0.0
8080-POTJR,0,-0.0965540357978854,0.4831943171293762,0.06344256298751928,1.0,0.0,1.0,0.0,1.0,0.0,0.0,1.0,0.0,0.0,1.0,1.0,0.0,0.0,0.0,0.0,1.0,1.0,0.0,0.0,0.0,0.0,1.0,1.0,0.0,0.0,0.0,0.0,1.0,0.0,0.0,1.0,0.0,1.0,0.0,0.0,1.0,0.0,1.0,0.0,0.0,1.0,0.0,7.0,0.0,0.0,1.0,-0.6570679564375984,0.0,0.0,1.0,0.0,0.0,1.0,0.0,0.0,1.0
6906-MPARY,0,0.3106496014024181,0.8255244991635975,0.5315645228322027,0.0,1.0,1.0,0.0,1.0,0.0,0.0,1.0,1.0,0.0,0.0,0.0,1.0,0.0,1.0,0.0,0.0,0.0,0.0,1.0,1.0,0.0,0.0,0.0,0.0,1.0,1.0,0.0,0.0,0.0,0.0,1.0,0.0,1.0,0.0,0.0,1.0,0.0,1.0,0.0,0.0,1.0,0.0,5.0,0.0,0.0,1.0,1.711138596130402,0.0,0.0,1.0,0.0,0.0,1.0,0.0,0.0,1.0
3662-FXJFO,0,0.880734693482843,-1.4710789550659844,-0.5504256759530513,1.0,0.0,1.0,0.0,1.0,0.0,0.0,1.0,1.0,0.0,0.0,0.0,0.0,1.0,0.0,1.0,0.0,0.0,1.0,0.0,0.0,1.0,0.0,0.0,1.0,0.0,0.0,1.0,0.0,0.0,1.0,0.0,0.0,0.0,1.0,0.0,1.0,0.0,0.0,0.0,1.0,1.0,0.0,1.0,0.0,1.0,0.0,-0.6249619550882082,0.0,1.0,0.0,0.0,1.0,0.0,0.0,1.0,0.0
8107-RZLNV,0,1.6137012404433893,1.3805646972190828,2.3303740555391843,0.0,1.0,0.0,1.0,1.0,0.0,0.0,1.0,0.0,0.0,1.0,0.0,1.0,0.0,1.0,0.0,0.0,0.0,0.0,1.0,0.0,0.0,1.0,1.0,0.0,0.0,0.0,0.0,1.0,0.0,0.0,1.0,0.0,0.0,1.0,0.0,1.0,1.0,0.0,0.0,0.0,1.0,0.0,7.0,0.0,1.0,0.0,1.444117409799399,0.0,1.0,0.0,0.0,1.0,0.0,0.0,1.0,0.0
0516-OOHAR,0,-0.1779947632379461,1.182810854199314,0.2275201812583244,0.0,1.0,0.0,1.0,0.0,1.0,0.0,1.0,1.0,0.0,0.0,0.0,1.0,0.0,1.0,0.0,0.0,0.0,0.0,1.0,0.0,0.0,1.0,1.0,0.0,0.0,0.0,0.0,1.0,0.0,0.0,1.0,0.0,1.0,0.0,1.0,0.0,1.0,0.0,0.0,0.0,1.0,0.0,6.0,0.0,0.0,1.0,-1.2782408713573892,0.0,0.0,1.0,0.0,0.0,1.0,0.0,0.0,1.0
2027-CWDNU,0,-0.5851984004382496,0.6925807391503077,-0.30080180819929614,0.0,1.0,0.0,1.0,0.0,1.0,0.0,1.0,1.0,0.0,0.0,0.0,1.0,0.0,1.0,0.0,0.0,1.0,0.0,0.0,1.0,0.0,0.0,0.0,0.0,1.0,1.0,0.0,0.0,0.0,0.0,1.0,1.0,0.0,0.0,0.0,1.0,0.0,0.0,1.0,0.0,1.0,0.0,4.0,1.0,0.0,0.0,0.5140167983610832,1.0,0.0,0.0,1.0,0.0,0.0,1.0,0.0,0.0
2737-WFVYW,0,-1.2367242199587352,-0.6484894399837535,-0.9696420052913652,1.0,0.0,1.0,0.0,1.0,0.0,1.0,0.0,0.0,1.0,0.0,1.0,0.0,0.0,1.0,0.0,0.0,1.0,0.0,0.0,1.0,0.0,0.0,1.0,0.0,0.0,0.0,0.0,1.0,0.0,0.0,1.0,1.0,0.0,0.0,0.0,1.0,0.0,0.0,1.0,0.0,0.0,1.0,3.0,1.0,0.0,0.0,0.7840406047224647,1.0,0.0,0.0,1.0,0.0,0.0,1.0,0.0,0.0
9912-OMZDS,0,1.0843365120829946,1.3755793062185846,1.752793485603114,1.0,0.0,0.0,1.0,0.0,1.0,0.0,1.0,0.0,0.0,1.0,0.0,1.0,0.0,1.0,0.0,0.0,0.0,0.0,1.0,0.0,0.0,1.0,1.0,0.0,0.0,0.0,0.0,1.0,0.0,0.0,1.0,0.0,1.0,0.0,0.0,1.0,0.0,0.0,1.0,0.0,1.0,0.0,7.0,0.0,1.0,0.0,1.616466351608896,0.0,1.0,0.0,0.0,1.0,0.0,0.0,1.0,0.0
3733-ZEECP,0,-0.4223169455581282,-0.45405919096431707,-0.46342350783527014,0.0,1.0,0.0,1.0,0.0,1.0,0.0,1.0,1.0,0.0,0.0,1.0,0.0,0.0,1.0,0.0,0.0,1.0,0.0,0.0,1.0,0.0,0.0,0.0,0.0,1.0,1.0,0.0,0.0,1.0,0.0,0.0,1.0,0.0,0.0,0.0,1.0,0.0,0.0,1.0,0.0,1.0,0.0,3.0,0.0,0.0,1.0,1.0973358107210593,0.0,0.0,1.0,0.0,0.0,1.0,0.0,0.0,1.0
7878-RTCZG,0,-1.2774445836787656,-1.491020519067978,-0.9985839030019455,1.0,0.0,1.0,0.0,1.0,0.0,0.0,1.0,1.0,0.0,0.0,0.0,0.0,1.0,0.0,1.0,0.0,0.0,1.0,0.0,0.0,1.0,0.0,0.0,1.0,0.0,0.0,1.0,0.0,0.0,1.0,0.0,1.0,0.0,0.0,1.0,0.0,0.0,0.0,0.0,1.0,1.0,0.0,1.0,1.0,0.0,0.0,0.7817042835049945,1.0,0.0,0.0,1.0,0.0,0.0,1.0,0.0,0.0
2452-MRMZF,1,1.6137012404433893,-1.2982520670487077,-0.15260693867210218,1.0,0.0,0.0,1.0,1.0,0.0,0.0,1.0,0.0,0.0,1.0,0.0,0.0,1.0,0.0,1.0,0.0,0.0,1.0,0.0,0.0,1.0,0.0,0.0,1.0,0.0,0.0,1.0,0.0,0.0,1.0,0.0,0.0,0.0,1.0,0.0,1.0,0.0,1.0,0.0,0.0,1.0,0.0,2.0,0.0,1.0,0.0,-0.09456951190678337,0.0,1.0,0.0,0.0,1.0,0.0,0.0,1.0,0.0
2272-QAGFO,1,-0.748079855318371,0.3170146171127639,-0.5237117749412274,1.0,0.0,1.0,0.0,1.0,0.0,0.0,1.0,0.0,0.0,1.0,0.0,1.0,0.0,1.0,0.0,0.0,1.0,0.0,0.0,1.0,0.0,0.0,1.0,0.0,0.0,1.0,0.0,0.0,1.0,0.0,0.0,1.0,0.0,0.0,0.0,1.0,0.0,0.0,1.0,0.0,0.0,1.0,3.0,1.0,0.0,0.0,0.7000746928526019,1.0,0.0,0.0,1.0,0.0,0.0,1.0,0.0,0.0
7103-IPXPJ,0,0.7178532386027215,1.1512367111961581,1.2249347429838489,0.0,1.0,0.0,1.0,1.0,0.0,0.0,1.0,0.0,0.0,1.0,0.0,1.0,0.0,1.0,0.0,0.0,1.0,0.0,0.0,1.0,0.0,0.0,0.0,0.0,1.0,0.0,0.0,1.0,0.0,0.0,1.0,0.0,1.0,0.0,1.0,0.0,0.0,0.0,1.0,0.0,1.0,0.0,6.0,0.0,1.0,0.0,1.7063860370235917,0.0,1.0,0.0,0.0,1.0,0.0,0.0,1.0,0.0
4342-HFXWS,0,0.6364125111626608,0.16412929309748078,0.32663294529310893,1.0,0.0,0.0,1.0,0.0,1.0,0.0,1.0,1.0,0.0,0.0,1.0,0.0,0.0,0.0,0.0,1.0,1.0,0.0,0.0,0.0,0.0,1.0,0.0,0.0,1.0,0.0,0.0,1.0,1.0,0.0,0.0,0.0,1.0,0.0,1.0,0.0,1.0,0.0,0.0,0.0,1.0,0.0,6.0,0.0,1.0,0.0,0.5132409240295792,0.0,1.0,0.0,0.0,1.0,0.0,0.0,1.0,0.0
3545-CNWRG,0,0.6771328748826912,1.116338974192669,1.1496902208109911,1.0,0.0,0.0,1.0,0.0,1.0,0.0,1.0,0.0,0.0,1.0,0.0,1.0,0.0,1.0,0.0,0.0,0.0,0.0,1.0,1.0,0.0,0.0,1.0,0.0,0.0,0.0,0.0,1.0,0.0,0.0,1.0,1.0,0.0,0.0,0.0,1.0,0.0,0.0,1.0,0.0,1.0,0.0,6.0,0.0,1.0,0.0,1.6978797861648163,0.0,1.0,0.0,0.0,1.0,0.0,0.0,1.0,0.0
1785-BPHTP,0,-0.1779947632379461,0.6875953481498096,0.0029116427757569035,0.0,1.0,0.0,1.0,0.0,1.0,0.0,1.0,1.0,0.0,0.0,0.0,1.0,0.0,1.0,0.0,0.0,1.0,0.0,0.0,0.0,0.0,1.0,1.0,0.0,0.0,0.0,0.0,1.0,1.0,0.0,0.0,1.0,0.0,0.0,1.0,0.0,0.0,0.0,1.0,0.0,1.0,0.0,4.0,0.0,0.0,1.0,-0.016358024937309954,0.0,0.0,1.0,0.0,0.0,1.0,0.0,0.0,1.0
4989-LIXVT,1,1.4508197855632678,1.0349109211845293,1.8617667894828904,0.0,1.0,1.0,0.0,1.0,0.0,0.0,1.0,0.0,0.0,1.0,0.0,1.0,0.0,1.0,0.0,0.0,0.0,0.0,1.0,0.0,0.0,1.0,1.0,0.0,0.0,1.0,0.0,0.0,0.0,0.0,1.0,1.0,0.0,0.0,0.0,1.0,0.0,0.0,1.0,0.0,1.0,0.0,6.0,0.0,1.0,0.0,1.2832515850754518,0.0,1.0,0.0,0.0,1.0,0.0,0.0,1.0,0.0
7315-WYOAW,0,-0.7888002190384014,1.1961052302006432,-0.4279740950144603,0.0,1.0,1.0,0.0,1.0,0.0,0.0,1.0,0.0,0.0,1.0,0.0,1.0,0.0,1.0,0.0,0.0,1.0,0.0,0.0,1.0,0.0,0.0,0.0,0.0,1.0,0.0,0.0,1.0,0.0,0.0,1.0,1.0,0.0,0.0,1.0,0.0,0.0,0.0,1.0,0.0,1.0,0.0,6.0,1.0,0.0,0.0,0.5425633572163412,1.0,0.0,0.0,1.0,0.0,0.0,1.0,0.0,0.0
1173-XZPYF,0,-0.8702409464784621,0.8122301231622688,-0.5704555868686053,1.0,0.0,1.0,0.0,1.0,0.0,0.0,1.0,0.0,0.0,1.0,0.0,1.0,0.0,1.0,0.0,0.0,1.0,0.0,0.0,0.0,0.0,1.0,1.0,0.0,0.0,0.0,0.0,1.0,1.0,0.0,0.0,1.0,0.0,0.0,0.0,1.0,0.0,0.0,1.0,0.0,1.0,0.0,5.0,1.0,0.0,0.0,0.6555145321270214,1.0,0.0,0.0,1.0,0.0,0.0,1.0,0.0,0.0
9850-OWRHQ,0,-1.1960038562387048,0.31036742911209936,-0.9067727915145711,1.0,0.0,0.0,1.0,1.0,0.0,0.0,1.0,0.0,0.0,1.0,0.0,1.0,0.0,1.0,0.0,0.0,1.0,0.0,0.0,1.0,0.0,0.0,1.0,0.0,0.0,1.0,0.0,0.0,1.0,0.0,0.0,1.0,0.0,0.0,0.0,1.0,0.0,1.0,0.0,0.0,0.0,1.0,3.0,1.0,0.0,0.0,0.7581687858150121,1.0,0.0,0.0,1.0,0.0,0.0,1.0,0.0,0.0
3768-NLUBH,1,1.002895784642934,1.1911198392001445,1.5277658190287011,0.0,1.0,0.0,1.0,1.0,0.0,0.0,1.0,0.0,0.0,1.0,0.0,1.0,0.0,1.0,0.0,0.0,1.0,0.0,0.0,0.0,0.0,1.0,1.0,0.0,0.0,0.0,0.0,1.0,0.0,0.0,1.0,1.0,0.0,0.0,1.0,0.0,0.0,0.0,1.0,0.0,0.0,1.0,6.0,0.0,1.0,0.0,1.523354512425874,0.0,1.0,0.0,0.0,1.0,0.0,0.0,1.0,0.0
8676-TRMJS,0,-1.1960038562387048,0.3402797751150897,-0.915111234604967,0.0,1.0,1.0,0.0,1.0,0.0,0.0,1.0,0.0,0.0,1.0,0.0,1.0,0.0,1.0,0.0,0.0,1.0,0.0,0.0,1.0,0.0,0.0,1.0,0.0,0.0,1.0,0.0,0.0,1.0,0.0,0.0,1.0,0.0,0.0,1.0,0.0,0.0,0.0,0.0,1.0,0.0,1.0,3.0,1.0,0.0,0.0,0.7651407057188654,1.0,0.0,0.0,1.0,0.0,0.0,1.0,0.0,0.0
2509-TFPJU,0,1.6137012404433893,-1.2965902700485417,-0.18490186111744483,0.0,1.0,0.0,1.0,1.0,0.0,0.0,1.0,0.0,0.0,1.0,0.0,0.0,1.0,0.0,1.0,0.0,0.0,1.0,0.0,0.0,1.0,0.0,0.0,1.0,0.0,0.0,1.0,0.0,0.0,1.0,0.0,0.0,0.0,1.0,1.0,0.0,0.0,1.0,0.0,0.0,1.0,0.0,2.0,0.0,1.0,0.0,-0.11458246203407528,0.0,1.0,0.0,0.0,1.0,0.0,0.0,1.0,0.0
9530-GRMJG,0,1.5322605130033284,0.642726829145324,1.6308051515028785,0.0,1.0,0.0,1.0,0.0,1.0,0.0,1.0,0.0,0.0,1.0,1.0,0.0,0.0,1.0,0.0,0.0,0.0,0.0,1.0,0.0,0.0,1.0,0.0,0.0,1.0,0.0,0.0,1.0,0.0,0.0,1.0,0.0,0.0,1.0,0.0,1.0,0.0,0.0,1.0,0.0,1.0,0.0,8.0,0.0,1.0,0.0,1.0643132402507693,0.0,1.0,0.0,0.0,1.0,0.0,0.0,1.0,0.0
6898-RBTLU,0,0.6771328748826912,0.4831943171293762,0.7143484896232608,1.0,0.0,0.0,1.0,0.0,1.0,0.0,1.0,0.0,0.0,1.0,1.0,0.0,0.0,1.0,0.0,0.0,0.0,0.0,1.0,1.0,0.0,0.0,0.0,0.0,1.0,0.0,0.0,1.0,0.0,0.0,1.0,0.0,0.0,1.0,1.0,0.0,1.0,0.0,0.0,0.0,1.0,0.0,7.0,0.0,1.0,0.0,1.0549605788184733,0.0,1.0,0.0,0.0,1.0,0.0,0.0,1.0,0.0
5481-NTDOH,1,1.4100994218432374,1.4054916522215746,2.1438179359215184,1.0,0.0,0.0,1.0,1.0,0.0,0.0,1.0,0.0,0.0,1.0,0.0,1.0,0.0,0.0,0.0,1.0,1.0,0.0,0.0,0.0,0.0,1.0,1.0,0.0,0.0,0.0,0.0,1.0,0.0,0.0,1.0,0.0,1.0,0.0,0.0,1.0,0.0,1.0,0.0,0.0,1.0,0.0,7.0,0.0,1.0,0.0,1.520331050926315,0.0,1.0,0.0,0.0,1.0,0.0,0.0,1.0,0.0
2068-WWXQZ,0,0.5549717837226001,-1.4860351280674797,-0.6094124400369626,0.0,1.0,1.0,0.0,1.0,0.0,0.0,1.0,1.0,0.0,0.0,0.0,0.0,1.0,0.0,1.0,0.0,0.0,1.0,0.0,0.0,1.0,0.0,0.0,1.0,0.0,0.0,1.0,0.0,0.0,1.0,0.0,0.0,0.0,1.0,1.0,0.0,1.0,0.0,0.0,0.0,1.0,0.0,1.0,0.0,1.0,0.0,-1.0980962598660229,0.0,1.0,0.0,0.0,1.0,0.0,0.0,1.0,0.0
7359-SSBJK,1,1.2879383306831464,0.18074726309914202,0.9695974975570448,1.0,0.0,1.0,0.0,1.0,0.0,0.0,1.0,1.0,0.0,0.0,1.0,0.0,0.0,0.0,0.0,1.0,0.0,0.0,1.0,1.0,0.0,0.0,0.0,0.0,1.0,0.0,0.0,1.0,1.0,0.0,0.0,0.0,0.0,1.0,0.0,1.0,0.0,1.0,0.0,0.0,0.0,1.0,6.0,0.0,1.0,0.0,0.7528291335523435,0.0,1.0,0.0,0.0,1.0,0.0,0.0,1.0,0.0
2061-VVFST,0,0.18848851024232702,-1.504314895069307,-0.6521193866586725,1.0,0.0,0.0,1.0,1.0,0.0,0.0,1.0,1.0,0.0,0.0,0.0,0.0,1.0,0.0,1.0,0.0,0.0,1.0,0.0,0.0,1.0,0.0,0.0,1.0,0.0,0.0,1.0,0.0,0.0,1.0,0.0,1.0,0.0,0.0,1.0,0.0,1.0,0.0,0.0,0.0,1.0,0.0,1.0,0.0,0.0,1.0,-3.4597301757029455,0.0,0.0,1.0,0.0,0.0,1.0,0.0,0.0,1.0
0685-MLYYM,1,-1.2367242199587352,0.19902703010096928,-0.9390456545866588,1.0,0.0,1.0,0.0,1.0,0.0,0.0,1.0,1.0,0.0,0.0,0.0,1.0,0.0,1.0,0.0,0.0,1.0,0.0,0.0,1.0,0.0,0.0,1.0,0.0,0.0,1.0,0.0,0.0,1.0,0.0,0.0,1.0,0.0,0.0,1.0,0.0,0.0,0.0,1.0,0.0,0.0,1.0,2.0,1.0,0.0,0.0,0.759300771693459,1.0,0.0,0.0,1.0,0.0,0.0,1.0,0.0,0.0
0749-IRGQE,1,-0.7888002190384014,-0.6468276429835875,-0.7742180176251832,1.0,0.0,0.0,1.0,1.0,0.0,1.0,0.0,0.0,1.0,0.0,1.0,0.0,0.0,1.0,0.0,0.0,1.0,0.0,0.0,1.0,0.0,0.0,1.0,0.0,0.0,0.0,0.0,1.0,0.0,0.0,1.0,1.0,0.0,0.0,1.0,0.0,0.0,0.0,1.0,0.0,1.0,0.0,3.0,1.0,0.0,0.0,0.9815134414757201,1.0,0.0,0.0,1.0,0.0,0.0,1.0,0.0,0.0
2380-DAMQP,0,1.6137012404433893,1.6747027662484868,2.6764194437906124,1.0,0.0,0.0,1.0,1.0,0.0,0.0,1.0,0.0,0.0,1.0,0.0,1.0,0.0,0.0,0.0,1.0,0.0,0.0,1.0,0.0,0.0,1.0,0.0,0.0,1.0,0.0,0.0,1.0,0.0,0.0,1.0,0.0,0.0,1.0,1.0,0.0,0.0,0.0,1.0,0.0,1.0,0.0,9.0,0.0,1.0,0.0,1.6585594512248283,0.0,1.0,0.0,0.0,1.0,0.0,0.0,1.0,0.0
2256-YLYLP,0,1.4508197855632678,0.2721460981082788,1.177948277950666,0.0,1.0,0.0,1.0,0.0,1.0,0.0,1.0,1.0,0.0,0.0,1.0,0.0,0.0,1.0,0.0,0.0,1.0,0.0,0.0,0.0,0.0,1.0,0.0,0.0,1.0,0.0,0.0,1.0,0.0,0.0,1.0,0.0,0.0,1.0,0.0,1.0,1.0,0.0,0.0,0.0,1.0,0.0,6.0,0.0,1.0,0.0,0.8119190885540192,0.0,1.0,0.0,0.0,1.0,0.0,0.0,1.0,0.0
1272-ILHFG,0,-0.7073594915983407,-1.4993295040688086,-0.8606025232918237,0.0,1.0,0.0,1.0,0.0,1.0,0.0,1.0,1.0,0.0,0.0,0.0,0.0,1.0,0.0,1.0,0.0,0.0,1.0,0.0,0.0,1.0,0.0,0.0,1.0,0.0,0.0,1.0,0.0,0.0,1.0,0.0,0.0,1.0,0.0,1.0,0.0,0.0,0.0,0.0,1.0,1.0,0.0,1.0,1.0,0.0,0.0,1.2166409492112944,1.0,0.0,0.0,1.0,0.0,0.0,1.0,0.0,0.0
0164-XAIRP,0,-0.3408762181180675,-1.502653098069141,-0.7999171874672761,1.0,0.0,1.0,0.0,1.0,0.0,0.0,1.0,1.0,0.0,0.0,0.0,0.0,1.0,0.0,1.0,0.0,0.0,1.0,0.0,0.0,1.0,0.0,0.0,1.0,0.0,0.0,1.0,0.0,0.0,1.0,0.0,0.0,0.0,1.0,0.0,1.0,1.0,0.0,0.0,0.0,1.0,0.0,1.0,0.0,0.0,1.0,2.3466500299830626,0.0,0.0,1.0,0.0,0.0,1.0,0.0,0.0,1.0
5666-CYCYZ,0,-0.3408762181180675,0.8238627021634315,-0.01056663428305763,1.0,0.0,1.0,0.0,1.0,0.0,0.0,1.0,0.0,0.0,1.0,0.0,1.0,0.0,1.0,0.0,0.0,1.0,0.0,0.0,1.0,0.0,0.0,0.0,0.0,1.0,1.0,0.0,0.0,0.0,0.0,1.0,1.0,0.0,0.0,0.0,1.0,0.0,0.0,1.0,0.0,1.0,0.0,5.0,0.0,0.0,1.0,0.03099844964660374,0.0,0.0,1.0,0.0,0.0,1.0,0.0,0.0,1.0
4011-ARPHK,0,-0.21871512695797646,-0.47898614596680894,-0.38469360468812,0.0,1.0,1.0,0.0,1.0,0.0,0.0,1.0,1.0,0.0,0.0,1.0,0.0,0.0,0.0,0.0,1.0,1.0,0.0,0.0,1.0,0.0,0.0,1.0,0.0,0.0,1.0,0.0,0.0,1.0,0.0,0.0,1.0,0.0,0.0,1.0,0.0,0.0,0.0,0.0,1.0,1.0,0.0,3.0,0.0,0.0,1.0,1.7588797356573986,0.0,0.0,1.0,0.0,0.0,1.0,0.0,0.0,1.0
8182-PNAGI,0,-0.8295205827584317,-0.4823097399671412,-0.745408476154133,0.0,1.0,1.0,0.0,1.0,0.0,0.0,1.0,1.0,0.0,0.0,1.0,0.0,0.0,1.0,0.0,0.0,1.0,0.0,0.0,1.0,0.0,0.0,0.0,0.0,1.0,1.0,0.0,0.0,1.0,0.0,0.0,1.0,0.0,0.0,1.0,0.0,1.0,0.0,0.0,0.0,0.0,1.0,3.0,1.0,0.0,0.0,0.8986015436475392,1.0,0.0,0.0,1.0,0.0,0.0,1.0,0.0,0.0
6365-HITVU,0,1.5729808767233588,0.7474200401557899,1.7847795768228865,1.0,0.0,0.0,1.0,0.0,1.0,0.0,1.0,1.0,0.0,0.0,1.0,0.0,0.0,0.0,0.0,1.0,0.0,0.0,1.0,0.0,0.0,1.0,0.0,0.0,1.0,0.0,0.0,1.0,0.0,0.0,1.0,0.0,0.0,1.0,1.0,0.0,0.0,1.0,0.0,0.0,1.0,0.0,8.0,0.0,1.0,0.0,1.1346479815703296,0.0,1.0,0.0,0.0,1.0,0.0,0.0,1.0,0.0
7558-IMLMT,0,1.4100994218432374,-1.461108173064988,-0.3844509515823148,0.0,1.0,0.0,1.0,0.0,1.0,0.0,1.0,1.0,0.0,0.0,0.0,0.0,1.0,0.0,1.0,0.0,0.0,1.0,0.0,0.0,1.0,0.0,0.0,1.0,0.0,0.0,1.0,0.0,0.0,1.0,0.0,0.0,0.0,1.0,0.0,1.0,0.0,0.0,0.0,1.0,1.0,0.0,1.0,0.0,1.0,0.0,-0.27264102490005465,0.0,1.0,0.0,0.0,1.0,0.0,0.0,1.0,0.0
9488-FYQAU,0,1.247217966963116,1.478610720228884,2.010976390179815,1.0,0.0,0.0,1.0,1.0,0.0,0.0,1.0,0.0,0.0,1.0,0.0,1.0,0.0,1.0,0.0,0.0,0.0,0.0,1.0,0.0,0.0,1.0,0.0,0.0,1.0,0.0,0.0,1.0,0.0,0.0,1.0,0.0,0.0,1.0,0.0,1.0,1.0,0.0,0.0,0.0,1.0,0.0,8.0,0.0,1.0,0.0,1.6123696446390958,0.0,1.0,0.0,0.0,1.0,0.0,0.0,1.0,0.0
3590-TCXTB,0,-1.2774445836787656,-1.4760643460664828,-0.9983853686426505,0.0,1.0,1.0,0.0,1.0,0.0,0.0,1.0,1.0,0.0,0.0,0.0,0.0,1.0,0.0,1.0,0.0,0.0,1.0,0.0,0.0,1.0,0.0,0.0,1.0,0.0,0.0,1.0,0.0,0.0,1.0,0.0,1.0,0.0,0.0,1.0,0.0,0.0,0.0,0.0,1.0,1.0,0.0,1.0,1.0,0.0,0.0,0.7815488682628529,1.0,0.0,0.0,1.0,0.0,0.0,1.0,0.0,0.0
6994-KERXL,0,-1.1552834925186746,-0.29452667894836937,-0.9021403231310179,0.0,1.0,1.0,0.0,1.0,0.0,0.0,1.0,1.0,0.0,0.0,1.0,0.0,0.0,1.0,0.0,0.0,1.0,0.0,0.0,1.0,0.0,0.0,1.0,0.0,0.0,1.0,0.0,0.0,0.0,0.0,1.0,1.0,0.0,0.0,0.0,1.0,0.0,0.0,1.0,0.0,1.0,0.0,3.0,1.0,0.0,0.0,0.7808822068116197,1.0,0.0,0.0,1.0,0.0,0.0,1.0,0.0,0.0
7957-RYHQD,1,0.3106496014024181,0.47987072312904416,0.4193705504571939,1.0,0.0,1.0,0.0,1.0,0.0,0.0,1.0,1.0,0.0,0.0,0.0,1.0,0.0,0.0,0.0,1.0,0.0,0.0,1.0,1.0,0.0,0.0,1.0,0.0,0.0,1.0,0.0,0.0,1.0,0.0,0.0,1.0,0.0,0.0,0.0,1.0,0.0,1.0,0.0,0.0,0.0,1.0,4.0,0.0,0.0,1.0,1.3499793611965327,0.0,0.0,1.0,0.0,0.0,1.0,0.0,0.0,1.0
2180-DXNEG,0,-0.8295205827584317,1.0382345151848615,-0.5387783268744031,1.0,0.0,1.0,0.0,1.0,0.0,0.0,1.0,1.0,0.0,0.0,0.0,1.0,0.0,1.0,0.0,0.0,1.0,0.0,0.0,0.0,0.0,1.0,1.0,0.0,0.0,0.0,0.0,1.0,0.0,0.0,1.0,1.0,0.0,0.0,0.0,1.0,0.0,0.0,1.0,0.0,0.0,1.0,5.0,1.0,0.0,0.0,0.6495056760168458,1.0,0.0,0.0,1.0,0.0,0.0,1.0,0.0,0.0
1960-UOTYM,0,0.7992939660427822,0.47987072312904416,0.7645776825249312,0.0,1.0,0.0,1.0,0.0,1.0,0.0,1.0,1.0,0.0,0.0,1.0,0.0,0.0,0.0,0.0,1.0,0.0,0.0,1.0,0.0,0.0,1.0,1.0,0.0,0.0,0.0,0.0,1.0,0.0,0.0,1.0,0.0,0.0,1.0,1.0,0.0,0.0,0.0,1.0,0.0,1.0,0.0,7.0,0.0,1.0,0.0,0.9565663135307682,0.0,1.0,0.0,0.0,1.0,0.0,0.0,1.0,0.0
2740-JFBOK,0,-0.9109613101984924,-1.3547531650543558,-0.9074125133389666,0.0,1.0,1.0,0.0,1.0,0.0,0.0,1.0,0.0,0.0,1.0,0.0,0.0,1.0,0.0,1.0,0.0,0.0,1.0,0.0,0.0,1.0,0.0,0.0,1.0,0.0,0.0,1.0,0.0,0.0,1.0,0.0,1.0,0.0,0.0,0.0,1.0,0.0,0.0,1.0,0.0,1.0,0.0,2.0,1.0,0.0,0.0,0.9961043385489636,1.0,0.0,0.0,1.0,0.0,0.0,1.0,0.0,0.0
6500-JVEGC,0,1.4508197855632678,1.2160467942026365,2.1298102339045837,0.0,1.0,1.0,0.0,1.0,0.0,0.0,1.0,0.0,0.0,1.0,0.0,1.0,0.0,0.0,0.0,1.0,0.0,0.0,1.0,0.0,0.0,1.0,1.0,0.0,0.0,0.0,0.0,1.0,1.0,0.0,0.0,0.0,1.0,0.0,1.0,0.0,1.0,0.0,0.0,0.0,1.0,0.0,7.0,0.0,1.0,0.0,1.4680046792150026,0.0,1.0,0.0,0.0,1.0,0.0,0.0,1.0,0.0
5515-AKOAJ,0,0.880734693482843,1.1745018691984834,1.3930933453068317,1.0,0.0,1.0,0.0,1.0,0.0,0.0,1.0,0.0,0.0,1.0,0.0,1.0,0.0,1.0,0.0,0.0,1.0,0.0,0.0,1.0,0.0,0.0,0.0,0.0,1.0,0.0,0.0,1.0,0.0,0.0,1.0,1.0,0.0,0.0,0.0,1.0,0.0,0.0,1.0,0.0,0.0,1.0,6.0,0.0,1.0,0.0,1.5817400581756118,0.0,1.0,0.0,0.0,1.0,0.0,0.0,1.0,0.0
8976-OQHGT,0,-1.1552834925186746,-0.27458511494637583,-0.903640360512359,1.0,0.0,0.0,1.0,0.0,1.0,0.0,1.0,1.0,0.0,0.0,1.0,0.0,0.0,1.0,0.0,0.0,0.0,0.0,1.0,1.0,0.0,0.0,0.0,0.0,1.0,1.0,0.0,0.0,1.0,0.0,0.0,1.0,0.0,0.0,1.0,0.0,0.0,0.0,0.0,1.0,0.0,1.0,4.0,1.0,0.0,0.0,0.7821806217816724,1.0,0.0,0.0,1.0,0.0,0.0,1.0,0.0,0.0
5245-VDBUR,0,0.7992939660427822,-0.9742016520163136,-0.14309934879919053,1.0,0.0,0.0,1.0,1.0,0.0,1.0,0.0,0.0,1.0,0.0,1.0,0.0,0.0,0.0,0.0,1.0,1.0,0.0,0.0,0.0,0.0,1.0,1.0,0.0,0.0,1.0,0.0,0.0,1.0,0.0,0.0,0.0,1.0,0.0,1.0,0.0,0.0,0.0,0.0,1.0,1.0,0.0,3.0,0.0,1.0,0.0,-0.1790321895055206,0.0,1.0,0.0,0.0,1.0,0.0,0.0,1.0,0.0
6230-BSUXY,1,-1.2774445836787656,0.6726391751483144,-0.9698625990239154,1.0,0.0,1.0,0.0,1.0,0.0,0.0,1.0,1.0,0.0,0.0,0.0,1.0,0.0,1.0,0.0,0.0,1.0,0.0,0.0,0.0,0.0,1.0,1.0,0.0,0.0,1.0,0.0,0.0,0.0,0.0,1.0,1.0,0.0,0.0,0.0,1.0,0.0,0.0,1.0,0.0,0.0,1.0,4.0,1.0,0.0,0.0,0.7592208784751505,1.0,0.0,0.0,1.0,0.0,0.0,1.0,0.0,0.0
8469-SNFFH,0,1.5322605130033284,0.48651791112970877,1.4319178422356589,0.0,1.0,0.0,1.0,1.0,0.0,0.0,1.0,0.0,0.0,1.0,1.0,0.0,0.0,0.0,0.0,1.0,0.0,0.0,1.0,0.0,0.0,1.0,0.0,0.0,1.0,0.0,0.0,1.0,1.0,0.0,0.0,0.0,1.0,0.0,1.0,0.0,1.0,0.0,0.0,0.0,1.0,0.0,8.0,0.0,1.0,0.0,0.934513308986217,0.0,1.0,0.0,0.0,1.0,0.0,0.0,1.0,0.0
2144-ESWKO,0,0.43281069256250915,-0.9825106370171443,-0.36159744089011875,0.0,1.0,1.0,0.0,1.0,0.0,1.0,0.0,0.0,1.0,0.0,1.0,0.0,0.0,0.0,0.0,1.0,1.0,0.0,0.0,0.0,0.0,1.0,1.0,0.0,0.0,1.0,0.0,0.0,1.0,0.0,0.0,0.0,1.0,0.0,0.0,1.0,0.0,1.0,0.0,0.0,1.0,0.0,3.0,0.0,0.0,1.0,-0.8354632801450362,0.0,0.0,1.0,0.0,0.0,1.0,0.0,0.0,1.0
1241-FPMOF,0,0.7992939660427822,-1.4993295040688086,-0.5551243224563696,0.0,1.0,1.0,0.0,1.0,0.0,0.0,1.0,1.0,0.0,0.0,0.0,0.0,1.0,0.0,1.0,0.0,0.0,1.0,0.0,0.0,1.0,0.0,0.0,1.0,0.0,0.0,1.0,0.0,0.0,1.0,0.0,0.0,0.0,1.0,1.0,0.0,0.0,0.0,0.0,1.0,1.0,0.0,1.0,0.0,1.0,0.0,-0.6945183449898038,0.0,1.0,0.0,0.0,1.0,0.0,0.0,1.0,0.0
9928-BZVLZ,0,-0.8295205827584317,-0.49560411596847015,-0.7637839340755609,1.0,0.0,1.0,0.0,1.0,0.0,1.0,0.0,0.0,1.0,0.0,1.0,0.0,0.0,0.0,0.0,1.0,1.0,0.0,0.0,0.0,0.0,1.0,0.0,0.0,1.0,1.0,0.0,0.0,0.0,0.0,1.0,0.0,0.0,1.0,1.0,0.0,0.0,0.0,0.0,1.0,1.0,0.0,5.0,1.0,0.0,0.0,0.9207534447617025,1.0,0.0,0.0,1.0,0.0,0.0,1.0,0.0,0.0
4114-QMKVN,0,0.9621754209229036,0.13255515009432434,0.6759431207862789,1.0,0.0,0.0,1.0,0.0,1.0,0.0,1.0,0.0,0.0,1.0,1.0,0.0,0.0,0.0,0.0,1.0,0.0,0.0,1.0,1.0,0.0,0.0,1.0,0.0,0.0,1.0,0.0,0.0,0.0,0.0,1.0,0.0,1.0,0.0,1.0,0.0,1.0,0.0,0.0,0.0,1.0,0.0,6.0,0.0,1.0,0.0,0.7025154728416622,0.0,1.0,0.0,0.0,1.0,0.0,0.0,1.0,0.0
2775-SEFEE,0,-1.318164947398796,-0.09511103892843457,,0.0,1.0,1.0,0.0,0.0,1.0,0.0,1.0,0.0,0.0,1.0,1.0,0.0,0.0,0.0,0.0,1.0,0.0,0.0,1.0,1.0,0.0,0.0,0.0,0.0,1.0,1.0,0.0,0.0,1.0,0.0,0.0,0.0,0.0,1.0,0.0,1.0,1.0,0.0,0.0,0.0,1.0,0.0,6.0,1.0,0.0,0.0,,1.0,0.0,0.0,1.0,0.0,0.0,1.0,0.0,0.0
9003-CPATH,0,0.3920903288424788,0.50313588113137,0.4544670133059236,0.0,1.0,1.0,0.0,1.0,0.0,0.0,1.0,0.0,0.0,1.0,0.0,1.0,0.0,1.0,0.0,0.0,1.0,0.0,0.0,0.0,0.0,1.0,1.0,0.0,0.0,1.0,0.0,0.0,1.0,0.0,0.0,1.0,0.0,0.0,1.0,0.0,0.0,0.0,1.0,0.0,1.0,0.0,4.0,0.0,0.0,1.0,1.1590875364041546,0.0,0.0,1.0,0.0,0.0,1.0,0.0,0.0,1.0
1754-GKYPY,1,-0.4223169455581282,0.830509890164096,-0.1519451574744517,0.0,1.0,0.0,1.0,1.0,0.0,0.0,1.0,1.0,0.0,0.0,0.0,1.0,0.0,1.0,0.0,0.0,1.0,0.0,0.0,1.0,0.0,0.0,1.0,0.0,0.0,0.0,0.0,1.0,0.0,0.0,1.0,1.0,0.0,0.0,0.0,1.0,1.0,0.0,0.0,0.0,1.0,0.0,4.0,0.0,0.0,1.0,0.35978939294903994,0.0,0.0,1.0,0.0,0.0,1.0,0.0,0.0,1.0
5294-CDGWY,0,0.758573602322752,-0.18152448293707302,0.32266225810720617,0.0,1.0,0.0,1.0,0.0,1.0,1.0,0.0,0.0,1.0,0.0,1.0,0.0,0.0,0.0,0.0,1.0,0.0,0.0,1.0,0.0,0.0,1.0,1.0,0.0,0.0,0.0,0.0,1.0,0.0,0.0,1.0,0.0,1.0,0.0,1.0,0.0,0.0,0.0,1.0,0.0,0.0,1.0,6.0,0.0,1.0,0.0,0.4253539236261511,0.0,1.0,0.0,0.0,1.0,0.0,0.0,1.0,0.0
7956-XQWGU,0,-0.21871512695797646,-1.5076384890696393,-0.8043070027450243,0.0,1.0,1.0,0.0,1.0,0.0,0.0,1.0,1.0,0.0,0.0,0.0,0.0,1.0,0.0,1.0,0.0,0.0,1.0,0.0,0.0,1.0,0.0,0.0,1.0,0.0,0.0,1.0,0.0,0.0,1.0,0.0,1.0,0.0,0.0,0.0,1.0,0.0,1.0,0.0,0.0,1.0,0.0,1.0,0.0,0.0,1.0,3.677418265173595,0.0,0.0,1.0,0.0,0.0,1.0,0.0,0.0,1.0
1591-MQJTP,1,0.758573602322752,0.9601300561770538,1.1276087881827206,0.0,1.0,0.0,1.0,1.0,0.0,0.0,1.0,0.0,0.0,1.0,0.0,1.0,0.0,0.0,0.0,1.0,1.0,0.0,0.0,0.0,0.0,1.0,1.0,0.0,0.0,1.0,0.0,0.0,0.0,0.0,1.0,0.0,1.0,0.0,0.0,1.0,1.0,0.0,0.0,0.0,1.0,0.0,6.0,0.0,1.0,0.0,1.486485668272641,0.0,1.0,0.0,0.0,1.0,0.0,0.0,1.0,0.0
5295-PCJOO,0,-1.1552834925186746,-0.5105602889699654,-0.9260085649929446,0.0,1.0,1.0,0.0,0.0,1.0,0.0,1.0,1.0,0.0,0.0,1.0,0.0,0.0,0.0,0.0,1.0,1.0,0.0,0.0,1.0,0.0,0.0,1.0,0.0,0.0,1.0,0.0,0.0,1.0,0.0,0.0,1.0,0.0,0.0,0.0,1.0,0.0,0.0,1.0,0.0,0.0,1.0,3.0,1.0,0.0,0.0,0.801542280305694,1.0,0.0,0.0,1.0,0.0,0.0,1.0,0.0,0.0
2369-FEVNO,0,-1.2774445836787656,-1.491020519067978,-0.9985839030019455,0.0,1.0,1.0,0.0,1.0,0.0,0.0,1.0,1.0,0.0,0.0,0.0,0.0,1.0,0.0,1.0,0.0,0.0,1.0,0.0,0.0,1.0,0.0,0.0,1.0,0.0,0.0,1.0,0.0,0.0,1.0,0.0,1.0,0.0,0.0,0.0,1.0,0.0,0.0,0.0,1.0,1.0,0.0,1.0,1.0,0.0,0.0,0.7817042835049945,1.0,0.0,0.0,1.0,0.0,0.0,1.0,0.0,0.0
9863-JZAIC,0,0.10704778280226633,-0.3244390249513595,-0.12033407560001459,0.0,1.0,1.0,0.0,1.0,0.0,0.0,1.0,1.0,0.0,0.0,1.0,0.0,0.0,1.0,0.0,0.0,1.0,0.0,0.0,1.0,0.0,0.0,1.0,0.0,0.0,0.0,0.0,1.0,1.0,0.0,0.0,1.0,0.0,0.0,1.0,0.0,0.0,0.0,0.0,1.0,0.0,1.0,3.0,0.0,0.0,1.0,-1.1241155346700649,0.0,0.0,1.0,0.0,0.0,1.0,0.0,0.0,1.0
7471-MQPOS,1,1.5729808767233588,0.2704843011081128,1.2601856214453635,0.0,1.0,0.0,1.0,0.0,1.0,0.0,1.0,0.0,0.0,1.0,1.0,0.0,0.0,1.0,0.0,0.0,0.0,0.0,1.0,0.0,0.0,1.0,0.0,0.0,1.0,1.0,0.0,0.0,0.0,0.0,1.0,0.0,1.0,0.0,0.0,1.0,1.0,0.0,0.0,0.0,1.0,0.0,7.0,0.0,1.0,0.0,0.8011449090661724,0.0,1.0,0.0,0.0,1.0,0.0,0.0,1.0,0.0
7660-HDPJV,0,-1.2774445836787656,0.14751132309581955,-0.9768333609725004,1.0,0.0,1.0,0.0,1.0,0.0,0.0,1.0,1.0,0.0,0.0,0.0,1.0,0.0,1.0,0.0,0.0,1.0,0.0,0.0,1.0,0.0,0.0,1.0,0.0,0.0,1.0,0.0,0.0,1.0,0.0,0.0,1.0,0.0,0.0,0.0,1.0,0.0,0.0,1.0,0.0,0.0,1.0,2.0,1.0,0.0,0.0,0.7646776803103509,1.0,0.0,0.0,1.0,0.0,0.0,1.0,0.0,0.0
5115-SQAAU,0,1.4915401492832983,-1.3015756610490399,-0.26908042945858385,1.0,0.0,0.0,1.0,0.0,1.0,0.0,1.0,0.0,0.0,1.0,0.0,0.0,1.0,0.0,1.0,0.0,0.0,1.0,0.0,0.0,1.0,0.0,0.0,1.0,0.0,0.0,1.0,0.0,0.0,1.0,0.0,0.0,0.0,1.0,0.0,1.0,1.0,0.0,0.0,0.0,1.0,0.0,2.0,0.0,1.0,0.0,-0.1804044159239562,0.0,1.0,0.0,0.0,1.0,0.0,0.0,1.0,0.0
9845-QOMAD,0,-0.748079855318371,-1.4960059100684764,-0.8708821912286611,0.0,1.0,0.0,1.0,0.0,1.0,0.0,1.0,1.0,0.0,0.0,0.0,0.0,1.0,0.0,1.0,0.0,0.0,1.0,0.0,0.0,1.0,0.0,0.0,1.0,0.0,0.0,1.0,0.0,0.0,1.0,0.0,0.0,1.0,0.0,1.0,0.0,0.0,0.0,0.0,1.0,1.0,0.0,1.0,1.0,0.0,0.0,1.1641567207527963,1.0,0.0,0.0,1.0,0.0,0.0,1.0,0.0,0.0
7672-VFMXZ,0,1.002895784642934,-0.3011738669490337,0.39190663075469967,0.0,1.0,0.0,1.0,1.0,0.0,0.0,1.0,1.0,0.0,0.0,1.0,0.0,0.0,0.0,0.0,1.0,1.0,0.0,0.0,1.0,0.0,0.0,0.0,0.0,1.0,1.0,0.0,0.0,1.0,0.0,0.0,1.0,0.0,0.0,1.0,0.0,0.0,0.0,1.0,0.0,1.0,0.0,4.0,0.0,1.0,0.0,0.39077503042275935,0.0,1.0,0.0,0.0,1.0,0.0,0.0,1.0,0.0
9739-JLPQJ,0,1.6137012404433893,1.7528072252562945,2.8177759076087514,1.0,0.0,0.0,1.0,0.0,1.0,0.0,1.0,0.0,0.0,1.0,0.0,1.0,0.0,0.0,0.0,1.0,0.0,0.0,1.0,0.0,0.0,1.0,0.0,0.0,1.0,0.0,0.0,1.0,0.0,0.0,1.0,0.0,0.0,1.0,1.0,0.0,0.0,1.0,0.0,0.0,1.0,0.0,9.0,0.0,1.0,0.0,1.7461571181754338,0.0,1.0,0.0,0.0,1.0,0.0,0.0,1.0,0.0
9916-AYHTC,0,0.6364125111626608,-1.4926823160681442,-0.6032358155255583,0.0,1.0,1.0,0.0,1.0,0.0,0.0,1.0,1.0,0.0,0.0,0.0,0.0,1.0,0.0,1.0,0.0,0.0,1.0,0.0,0.0,1.0,0.0,0.0,1.0,0.0,0.0,1.0,0.0,0.0,1.0,0.0,0.0,0.0,1.0,1.0,0.0,0.0,1.0,0.0,0.0,1.0,0.0,1.0,0.0,1.0,0.0,-0.9478691963857026,0.0,1.0,0.0,0.0,1.0,0.0,0.0,1.0,0.0
3855-ONCAR,0,-1.1552834925186746,0.46989994112804756,-0.875117590893624,1.0,0.0,0.0,1.0,0.0,1.0,0.0,1.0,1.0,0.0,0.0,0.0,1.0,0.0,1.0,0.0,0.0,1.0,0.0,0.0,1.0,0.0,0.0,1.0,0.0,0.0,0.0,0.0,1.0,1.0,0.0,0.0,1.0,0.0,0.0,0.0,1.0,0.0,0.0,0.0,1.0,1.0,0.0,3.0,1.0,0.0,0.0,0.7574916430128755,1.0,0.0,0.0,1.0,0.0,0.0,1.0,0.0,0.0
1488-SYSFC,0,-0.055833672077855064,-1.4660935640654862,-0.6976278736837694,0.0,1.0,0.0,1.0,0.0,1.0,0.0,1.0,1.0,0.0,0.0,0.0,0.0,1.0,0.0,1.0,0.0,0.0,1.0,0.0,0.0,1.0,0.0,0.0,1.0,0.0,0.0,1.0,0.0,0.0,1.0,0.0,1.0,0.0,0.0,0.0,1.0,0.0,0.0,1.0,0.0,1.0,0.0,1.0,0.0,0.0,1.0,12.494751781881545,0.0,0.0,1.0,0.0,0.0,1.0,0.0,0.0,1.0
7931-PXHFC,0,0.22920887396235737,-0.08181666292710564,0.03154470926076702,0.0,1.0,1.0,0.0,1.0,0.0,0.0,1.0,1.0,0.0,0.0,1.0,0.0,0.0,1.0,0.0,0.0,1.0,0.0,0.0,0.0,0.0,1.0,0.0,0.0,1.0,1.0,0.0,0.0,0.0,0.0,1.0,0.0,1.0,0.0,0.0,1.0,0.0,0.0,0.0,1.0,0.0,1.0,5.0,0.0,0.0,1.0,0.13762429314123137,0.0,0.0,1.0,0.0,0.0,1.0,0.0,0.0,1.0
3990-QYKBE,1,0.18848851024232702,0.9219087251732329,0.5250570077219732,0.0,1.0,0.0,1.0,1.0,0.0,0.0,1.0,0.0,0.0,1.0,0.0,1.0,0.0,1.0,0.0,0.0,1.0,0.0,0.0,1.0,0.0,0.0,1.0,0.0,0.0,0.0,0.0,1.0,0.0,0.0,1.0,1.0,0.0,0.0,0.0,1.0,0.0,0.0,1.0,0.0,0.0,1.0,5.0,0.0,0.0,1.0,2.785618110339684,0.0,0.0,1.0,0.0,0.0,1.0,0.0,0.0,1.0
0970-QXPXW,0,-1.2774445836787656,-1.4993295040688086,-0.9986941998682206,1.0,0.0,1.0,0.0,1.0,0.0,0.0,1.0,1.0,0.0,0.0,0.0,0.0,1.0,0.0,1.0,0.0,0.0,1.0,0.0,0.0,1.0,0.0,0.0,1.0,0.0,0.0,1.0,0.0,0.0,1.0,0.0,1.0,0.0,0.0,1.0,0.0,0.0,0.0,0.0,1.0,1.0,0.0,1.0,1.0,0.0,0.0,0.7817906253061845,1.0,0.0,0.0,1.0,0.0,0.0,1.0,0.0,0.0
3259-KNMRR,1,1.002895784642934,0.4981504901308714,0.9507146740507515,0.0,1.0,1.0,0.0,1.0,0.0,0.0,1.0,0.0,0.0,1.0,1.0,0.0,0.0,1.0,0.0,0.0,0.0,0.0,1.0,0.0,0.0,1.0,1.0,0.0,0.0,0.0,0.0,1.0,0.0,0.0,1.0,0.0,0.0,1.0,0.0,1.0,1.0,0.0,0.0,0.0,1.0,0.0,7.0,0.0,1.0,0.0,0.9479695583616787,0.0,1.0,0.0,0.0,1.0,0.0,0.0,1.0,0.0
6120-RJKLU,1,1.2064976032430856,0.5047976781315361,1.1190497513597746,1.0,0.0,0.0,1.0,1.0,0.0,0.0,1.0,1.0,0.0,0.0,1.0,0.0,0.0,0.0,0.0,1.0,1.0,0.0,0.0,0.0,0.0,1.0,0.0,0.0,1.0,0.0,0.0,1.0,0.0,0.0,1.0,0.0,0.0,1.0,0.0,1.0,0.0,1.0,0.0,0.0,1.0,0.0,7.0,0.0,1.0,0.0,0.9275192493973882,0.0,1.0,0.0,0.0,1.0,0.0,0.0,1.0,0.0
9572-WUKSB,0,-1.1960038562387048,-1.1586611190347533,-0.9666639899019381,0.0,1.0,0.0,1.0,1.0,0.0,1.0,0.0,0.0,1.0,0.0,1.0,0.0,0.0,1.0,0.0,0.0,1.0,0.0,0.0,1.0,0.0,0.0,0.0,0.0,1.0,1.0,0.0,0.0,1.0,0.0,0.0,1.0,0.0,0.0,0.0,1.0,0.0,0.0,1.0,0.0,1.0,0.0,2.0,1.0,0.0,0.0,0.8082448771879263,1.0,0.0,0.0,1.0,0.0,0.0,1.0,0.0,0.0
5893-KCLGT,0,1.6137012404433893,-1.4960059100684764,-0.31602277574525683,1.0,0.0,1.0,0.0,0.0,1.0,0.0,1.0,1.0,0.0,0.0,0.0,0.0,1.0,0.0,1.0,0.0,0.0,1.0,0.0,0.0,1.0,0.0,0.0,1.0,0.0,0.0,1.0,0.0,0.0,1.0,0.0,0.0,0.0,1.0,0.0,1.0,0.0,0.0,0.0,1.0,1.0,0.0,1.0,0.0,1.0,0.0,-0.19583722675854467,0.0,1.0,0.0,0.0,1.0,0.0,0.0,1.0,0.0
0076-LVEPS,0,-0.13727439951791576,-0.6567984249845842,-0.45921016754356225,0.0,1.0,1.0,0.0,0.0,1.0,1.0,0.0,0.0,1.0,0.0,1.0,0.0,0.0,0.0,0.0,1.0,0.0,0.0,1.0,0.0,0.0,1.0,0.0,0.0,1.0,1.0,0.0,0.0,1.0,0.0,0.0,1.0,0.0,0.0,0.0,1.0,0.0,0.0,0.0,1.0,1.0,0.0,5.0,0.0,0.0,1.0,3.345198880171612,0.0,0.0,1.0,0.0,0.0,1.0,0.0,0.0,1.0
3640-JQGJG,0,-0.7888002190384014,-0.6634456129852487,-0.7606515030733486,0.0,1.0,0.0,1.0,0.0,1.0,0.0,1.0,1.0,0.0,0.0,1.0,0.0,0.0,1.0,0.0,0.0,1.0,0.0,0.0,1.0,0.0,0.0,1.0,0.0,0.0,1.0,0.0,0.0,1.0,0.0,0.0,1.0,0.0,0.0,1.0,0.0,1.0,0.0,0.0,0.0,1.0,0.0,2.0,1.0,0.0,0.0,0.964314518067239,1.0,0.0,0.0,1.0,0.0,0.0,1.0,0.0,0.0
4919-MOAVT,0,-1.1960038562387048,0.16246749609731476,-0.9102581724888636,0.0,1.0,1.0,0.0,0.0,1.0,0.0,1.0,1.0,0.0,0.0,0.0,1.0,0.0,1.0,0.0,0.0,1.0,0.0,0.0,1.0,0.0,0.0,1.0,0.0,0.0,1.0,0.0,0.0,1.0,0.0,0.0,1.0,0.0,0.0,1.0,0.0,0.0,0.0,1.0,0.0,0.0,1.0,2.0,1.0,0.0,0.0,0.7610829745578926,1.0,0.0,0.0,1.0,0.0,0.0,1.0,0.0,0.0
1596-OQSPS,0,-0.8702409464784621,-0.45405919096431707,-0.7730268114694123,1.0,0.0,1.0,0.0,1.0,0.0,0.0,1.0,1.0,0.0,0.0,1.0,0.0,0.0,1.0,0.0,0.0,0.0,0.0,1.0,1.0,0.0,0.0,1.0,0.0,0.0,1.0,0.0,0.0,1.0,0.0,0.0,1.0,0.0,0.0,1.0,0.0,0.0,0.0,1.0,0.0,1.0,0.0,3.0,1.0,0.0,0.0,0.8882905528607464,1.0,0.0,0.0,1.0,0.0,0.0,1.0,0.0,0.0
9867-XOBQA,0,-0.46303730927815856,-0.3859255139575061,-0.4853505248507556,1.0,0.0,1.0,0.0,0.0,1.0,1.0,0.0,0.0,1.0,0.0,1.0,0.0,0.0,0.0,0.0,1.0,0.0,0.0,1.0,0.0,0.0,1.0,0.0,0.0,1.0,0.0,0.0,1.0,1.0,0.0,0.0,0.0,0.0,1.0,1.0,0.0,0.0,0.0,0.0,1.0,1.0,0.0,6.0,0.0,0.0,1.0,1.0481888070906893,0.0,0.0,1.0,0.0,0.0,1.0,0.0,0.0,1.0
9546-KDTRB,0,-0.5444780367182193,-1.33148800705203,-0.8018363529404626,1.0,0.0,1.0,0.0,1.0,0.0,0.0,1.0,0.0,0.0,1.0,0.0,0.0,1.0,0.0,1.0,0.0,0.0,1.0,0.0,0.0,1.0,0.0,0.0,1.0,0.0,0.0,1.0,0.0,0.0,1.0,0.0,1.0,0.0,0.0,1.0,0.0,1.0,0.0,0.0,0.0,1.0,0.0,2.0,1.0,0.0,0.0,1.4726697843928507,1.0,0.0,0.0,1.0,0.0,0.0,1.0,0.0,0.0
3090-HAWSU,0,1.1657772395230555,1.5567151792366918,2.026263535845541,0.0,1.0,1.0,0.0,1.0,0.0,0.0,1.0,0.0,0.0,1.0,0.0,1.0,0.0,0.0,0.0,1.0,1.0,0.0,0.0,0.0,0.0,1.0,0.0,0.0,1.0,0.0,0.0,1.0,0.0,0.0,1.0,0.0,0.0,1.0,0.0,1.0,0.0,1.0,0.0,0.0,0.0,1.0,8.0,0.0,1.0,0.0,1.738122402076171,0.0,1.0,0.0,0.0,1.0,0.0,0.0,1.0,0.0
9820-RMCQV,0,-0.8702409464784621,-0.5388108379727895,-0.7863286135421866,1.0,0.0,1.0,0.0,1.0,0.0,0.0,1.0,1.0,0.0,0.0,1.0,0.0,0.0,0.0,0.0,1.0,1.0,0.0,0.0,1.0,0.0,0.0,1.0,0.0,0.0,1.0,0.0,0.0,1.0,0.0,0.0,1.0,0.0,0.0,1.0,0.0,0.0,1.0,0.0,0.0,0.0,1.0,3.0,1.0,0.0,0.0,0.9035757472963815,1.0,0.0,0.0,1.0,0.0,0.0,1.0,0.0,0.0
3174-RKMOW,0,0.10704778280226633,1.5018758782312098,0.6613839344379687,0.0,1.0,0.0,1.0,0.0,1.0,0.0,1.0,0.0,0.0,1.0,0.0,1.0,0.0,1.0,0.0,0.0,0.0,0.0,1.0,0.0,0.0,1.0,0.0,0.0,1.0,0.0,0.0,1.0,0.0,0.0,1.0,1.0,0.0,0.0,0.0,1.0,0.0,0.0,1.0,0.0,1.0,0.0,8.0,0.0,0.0,1.0,6.1783991888897525,0.0,0.0,1.0,0.0,0.0,1.0,0.0,0.0,1.0
1760-CAZHT,0,-0.30015585439803716,-1.461108173064988,-0.8043290621182793,0.0,1.0,1.0,0.0,0.0,1.0,0.0,1.0,1.0,0.0,0.0,0.0,0.0,1.0,0.0,1.0,0.0,0.0,1.0,0.0,0.0,1.0,0.0,0.0,1.0,0.0,0.0,1.0,0.0,0.0,1.0,0.0,1.0,0.0,0.0,1.0,0.0,0.0,0.0,0.0,1.0,1.0,0.0,1.0,0.0,0.0,1.0,2.679704727836683,0.0,0.0,1.0,0.0,0.0,1.0,0.0,0.0,1.0
7839-QRKXN,0,-1.2774445836787656,-1.481049737066981,-0.9984515467624155,1.0,0.0,1.0,0.0,1.0,0.0,0.0,1.0,1.0,0.0,0.0,0.0,0.0,1.0,0.0,1.0,0.0,0.0,1.0,0.0,0.0,1.0,0.0,0.0,1.0,0.0,0.0,1.0,0.0,0.0,1.0,0.0,1.0,0.0,0.0,0.0,1.0,0.0,0.0,0.0,1.0,0.0,1.0,1.0,1.0,0.0,0.0,0.7816006733435669,1.0,0.0,0.0,1.0,0.0,0.0,1.0,0.0,0.0
8441-SHIPE,0,1.4100994218432374,-1.3015756610490399,-0.21748355541510275,1.0,0.0,1.0,0.0,1.0,0.0,0.0,1.0,0.0,0.0,1.0,0.0,0.0,1.0,0.0,1.0,0.0,0.0,1.0,0.0,0.0,1.0,0.0,0.0,1.0,0.0,0.0,1.0,0.0,0.0,1.0,0.0,0.0,0.0,1.0,0.0,1.0,1.0,0.0,0.0,0.0,1.0,0.0,2.0,0.0,1.0,0.0,-0.15423278106930582,0.0,1.0,0.0,0.0,1.0,0.0,0.0,1.0,0.0
5204-QZXPU,0,-0.5444780367182193,-0.8346107040023594,-0.6838187060261298,0.0,1.0,1.0,0.0,1.0,0.0,1.0,0.0,0.0,1.0,0.0,1.0,0.0,0.0,1.0,0.0,0.0,1.0,0.0,0.0,0.0,0.0,1.0,1.0,0.0,0.0,0.0,0.0,1.0,1.0,0.0,0.0,1.0,0.0,0.0,0.0,1.0,0.0,0.0,1.0,0.0,0.0,1.0,3.0,1.0,0.0,0.0,1.2559160515413457,1.0,0.0,0.0,1.0,0.0,0.0,1.0,0.0,0.0
4597-ELFTS,0,0.9621754209229036,-1.3248408190513656,-0.41881945511362895,0.0,1.0,1.0,0.0,1.0,0.0,0.0,1.0,0.0,0.0,1.0,0.0,0.0,1.0,0.0,1.0,0.0,0.0,1.0,0.0,0.0,1.0,0.0,0.0,1.0,0.0,0.0,1.0,0.0,0.0,1.0,0.0,0.0,1.0,0.0,1.0,0.0,0.0,0.0,1.0,0.0,0.0,1.0,2.0,0.0,1.0,0.0,-0.4352838848366173,0.0,1.0,0.0,0.0,1.0,0.0,0.0,1.0,0.0
1320-GVNHT,0,1.6137012404433893,1.4503601712260603,2.419449804742937,0.0,1.0,0.0,1.0,0.0,1.0,0.0,1.0,0.0,0.0,1.0,0.0,1.0,0.0,0.0,0.0,1.0,0.0,0.0,1.0,0.0,0.0,1.0,1.0,0.0,0.0,0.0,0.0,1.0,0.0,0.0,1.0,0.0,0.0,1.0,0.0,1.0,0.0,1.0,0.0,0.0,1.0,0.0,8.0,0.0,1.0,0.0,1.4993170632242656,0.0,1.0,0.0,0.0,1.0,0.0,0.0,1.0,0.0
1047-RNXZV,0,0.43281069256250915,-1.502653098069141,-0.6208171360098056,0.0,1.0,1.0,0.0,1.0,0.0,0.0,1.0,1.0,0.0,0.0,0.0,0.0,1.0,0.0,1.0,0.0,0.0,1.0,0.0,0.0,1.0,0.0,0.0,1.0,0.0,0.0,1.0,0.0,0.0,1.0,0.0,0.0,0.0,1.0,1.0,0.0,0.0,0.0,0.0,1.0,1.0,0.0,1.0,0.0,0.0,1.0,-1.4343849324382008,0.0,0.0,1.0,0.0,0.0,1.0,0.0,0.0,1.0
3541-ZNUHK,0,0.9214550572028734,0.6759627691486464,1.0225179339958268,1.0,0.0,0.0,1.0,0.0,1.0,0.0,1.0,0.0,0.0,1.0,0.0,1.0,0.0,0.0,0.0,1.0,0.0,0.0,1.0,1.0,0.0,0.0,1.0,0.0,0.0,1.0,0.0,0.0,1.0,0.0,0.0,1.0,0.0,0.0,0.0,1.0,0.0,0.0,1.0,0.0,1.0,0.0,5.0,0.0,1.0,0.0,1.1096774888834353,0.0,1.0,0.0,0.0,1.0,0.0,0.0,1.0,0.0
8450-JOVAH,0,-1.2367242199587352,-0.2679379269457112,-0.9572666968953015,0.0,1.0,0.0,1.0,0.0,1.0,0.0,1.0,0.0,0.0,1.0,1.0,0.0,0.0,0.0,0.0,1.0,1.0,0.0,0.0,1.0,0.0,0.0,1.0,0.0,0.0,1.0,0.0,0.0,1.0,0.0,0.0,1.0,0.0,0.0,1.0,0.0,0.0,0.0,0.0,1.0,0.0,1.0,4.0,1.0,0.0,0.0,0.7740340824951596,1.0,0.0,0.0,1.0,0.0,0.0,1.0,0.0,0.0
8725-JEDFD,0,-0.21871512695797646,0.142525932095321,-0.21620411176631182,0.0,1.0,1.0,0.0,1.0,0.0,0.0,1.0,1.0,0.0,0.0,0.0,1.0,0.0,1.0,0.0,0.0,1.0,0.0,0.0,1.0,0.0,0.0,1.0,0.0,0.0,1.0,0.0,0.0,1.0,0.0,0.0,1.0,0.0,0.0,0.0,1.0,0.0,0.0,0.0,1.0,1.0,0.0,2.0,0.0,0.0,1.0,0.9885192431516312,0.0,0.0,1.0,0.0,0.0,1.0,0.0,0.0,1.0
7562-UXTPG,0,-0.7888002190384014,0.179085466098976,-0.6161626082529973,1.0,0.0,1.0,0.0,1.0,0.0,0.0,1.0,1.0,0.0,0.0,0.0,1.0,0.0,1.0,0.0,0.0,1.0,0.0,0.0,1.0,0.0,0.0,1.0,0.0,0.0,1.0,0.0,0.0,1.0,0.0,0.0,1.0,0.0,0.0,0.0,1.0,0.0,0.0,0.0,1.0,1.0,0.0,2.0,1.0,0.0,0.0,0.7811389923346364,1.0,0.0,0.0,1.0,0.0,0.0,1.0,0.0,0.0
8071-SBTRN,0,1.5322605130033284,1.541759006235197,2.4063465370294574,1.0,0.0,1.0,0.0,1.0,0.0,0.0,1.0,0.0,0.0,1.0,0.0,1.0,0.0,0.0,0.0,1.0,0.0,0.0,1.0,0.0,0.0,1.0,1.0,0.0,0.0,0.0,0.0,1.0,0.0,0.0,1.0,0.0,0.0,1.0,0.0,1.0,0.0,0.0,0.0,1.0,1.0,0.0,8.0,0.0,1.0,0.0,1.5704552304313217,0.0,1.0,0.0,0.0,1.0,0.0,0.0,1.0,0.0
1113-IUJYX,0,-0.748079855318371,1.3689321182179202,-0.41224576188363427,1.0,0.0,0.0,1.0,1.0,0.0,0.0,1.0,1.0,0.0,0.0,0.0,1.0,0.0,0.0,0.0,1.0,0.0,0.0,1.0,1.0,0.0,0.0,0.0,0.0,1.0,0.0,0.0,1.0,0.0,0.0,1.0,0.0,1.0,0.0,1.0,0.0,0.0,0.0,0.0,1.0,0.0,1.0,7.0,1.0,0.0,0.0,0.5510718661287691,1.0,0.0,0.0,1.0,0.0,0.0,1.0,0.0,0.0
6668-CNMFP,0,-0.5444780367182193,0.8172155141627669,-0.26314645805298476,1.0,0.0,0.0,1.0,0.0,1.0,0.0,1.0,0.0,0.0,1.0,0.0,1.0,0.0,1.0,0.0,0.0,1.0,0.0,0.0,1.0,0.0,0.0,0.0,0.0,1.0,1.0,0.0,0.0,0.0,0.0,1.0,0.0,1.0,0.0,0.0,1.0,1.0,0.0,0.0,0.0,1.0,0.0,5.0,1.0,0.0,0.0,0.4833004093958881,1.0,0.0,0.0,1.0,0.0,0.0,1.0,0.0,0.0
5626-MGTUK,0,-0.5037576729981889,0.8089065291619363,-0.1782619897676852,1.0,0.0,1.0,0.0,1.0,0.0,0.0,1.0,0.0,0.0,1.0,0.0,1.0,0.0,0.0,0.0,1.0,1.0,0.0,0.0,1.0,0.0,0.0,1.0,0.0,0.0,0.0,0.0,1.0,1.0,0.0,0.0,1.0,0.0,0.0,0.0,1.0,1.0,0.0,0.0,0.0,1.0,0.0,5.0,1.0,0.0,0.0,0.3538645648943318,1.0,0.0,0.0,1.0,0.0,0.0,1.0,0.0,0.0
5681-LLOEI,0,0.43281069256250915,0.8803638001690798,0.7634747138621804,0.0,1.0,0.0,1.0,0.0,1.0,0.0,1.0,0.0,0.0,1.0,0.0,1.0,0.0,0.0,0.0,1.0,1.0,0.0,0.0,0.0,0.0,1.0,0.0,0.0,1.0,1.0,0.0,0.0,1.0,0.0,0.0,0.0,1.0,0.0,0.0,1.0,0.0,1.0,0.0,0.0,1.0,0.0,6.0,0.0,0.0,1.0,1.7639922649367419,0.0,0.0,1.0,0.0,0.0,1.0,0.0,0.0,1.0
8212-DJRCH,0,-1.1145631287986442,0.8504514541660894,-0.8156675799713573,0.0,1.0,0.0,1.0,0.0,1.0,0.0,1.0,1.0,0.0,0.0,0.0,1.0,0.0,0.0,0.0,1.0,1.0,0.0,0.0,0.0,0.0,1.0,1.0,0.0,0.0,1.0,0.0,0.0,0.0,0.0,1.0,1.0,0.0,0.0,0.0,1.0,0.0,0.0,0.0,1.0,1.0,0.0,5.0,1.0,0.0,0.0,0.7318271696736839,1.0,0.0,0.0,1.0,0.0,0.0,1.0,0.0,0.0
4323-OHFOW,1,1.5322605130033284,1.3556377422165908,2.16713469345207,1.0,0.0,0.0,1.0,1.0,0.0,0.0,1.0,0.0,0.0,1.0,0.0,1.0,0.0,1.0,0.0,0.0,0.0,0.0,1.0,1.0,0.0,0.0,0.0,0.0,1.0,0.0,0.0,1.0,0.0,0.0,1.0,0.0,1.0,0.0,0.0,1.0,1.0,0.0,0.0,0.0,1.0,0.0,7.0,0.0,1.0,0.0,1.4143382767231583,0.0,1.0,0.0,0.0,1.0,0.0,0.0,1.0,0.0
4933-BSAIP,0,0.3106496014024181,-1.517609271070636,-0.6631931920326903,1.0,0.0,0.0,1.0,1.0,0.0,0.0,1.0,1.0,0.0,0.0,0.0,0.0,1.0,0.0,1.0,0.0,0.0,1.0,0.0,0.0,1.0,0.0,0.0,1.0,0.0,0.0,1.0,0.0,0.0,1.0,0.0,0.0,0.0,1.0,1.0,0.0,0.0,0.0,0.0,1.0,1.0,0.0,1.0,0.0,0.0,1.0,-2.134859304627223,0.0,0.0,1.0,0.0,0.0,1.0,0.0,0.0,1.0
2030-BTZRO,0,-1.0738427650786138,-1.4744025490663168,-0.9598917623126485,0.0,1.0,0.0,1.0,0.0,1.0,0.0,1.0,1.0,0.0,0.0,0.0,0.0,1.0,0.0,1.0,0.0,0.0,1.0,0.0,0.0,1.0,0.0,0.0,1.0,0.0,0.0,1.0,0.0,0.0,1.0,0.0,0.0,0.0,1.0,0.0,1.0,0.0,1.0,0.0,0.0,1.0,0.0,1.0,1.0,0.0,0.0,0.893884834473301,1.0,0.0,0.0,1.0,0.0,0.0,1.0,0.0,0.0
1116-DXXDF,0,0.26992923768238775,1.1861344481996465,0.6698988525144046,0.0,1.0,1.0,0.0,1.0,0.0,0.0,1.0,1.0,0.0,0.0,0.0,1.0,0.0,0.0,0.0,1.0,1.0,0.0,0.0,0.0,0.0,1.0,1.0,0.0,0.0,0.0,0.0,1.0,0.0,0.0,1.0,0.0,0.0,1.0,0.0,1.0,0.0,0.0,1.0,0.0,1.0,0.0,6.0,0.0,0.0,1.0,2.4817572867102347,0.0,0.0,1.0,0.0,0.0,1.0,0.0,0.0,1.0
9274-CNFMO,1,-1.1552834925186746,0.3386179781149237,-0.8711689630809761,0.0,1.0,0.0,1.0,1.0,0.0,0.0,1.0,0.0,0.0,1.0,0.0,1.0,0.0,1.0,0.0,0.0,1.0,0.0,0.0,1.0,0.0,0.0,1.0,0.0,0.0,1.0,0.0,0.0,1.0,0.0,0.0,1.0,0.0,0.0,1.0,0.0,0.0,0.0,1.0,0.0,0.0,1.0,3.0,1.0,0.0,0.0,0.7540737565475897,1.0,0.0,0.0,1.0,0.0,0.0,1.0,0.0,0.0
7758-XKCBS,0,-0.7073594915983407,-1.1653083070354178,-0.814013126977231,0.0,1.0,1.0,0.0,1.0,0.0,1.0,0.0,0.0,1.0,0.0,1.0,0.0,0.0,1.0,0.0,0.0,1.0,0.0,0.0,1.0,0.0,0.0,0.0,0.0,1.0,1.0,0.0,0.0,1.0,0.0,0.0,1.0,0.0,0.0,0.0,1.0,0.0,0.0,1.0,0.0,0.0,1.0,2.0,1.0,0.0,0.0,1.150777131919015,1.0,0.0,0.0,1.0,0.0,0.0,1.0,0.0,0.0
8992-JQYUN,0,-1.2774445836787656,-0.47898614596680894,-0.9851497446896411,0.0,1.0,0.0,1.0,1.0,0.0,1.0,0.0,0.0,1.0,0.0,1.0,0.0,0.0,1.0,0.0,0.0,1.0,0.0,0.0,0.0,0.0,1.0,1.0,0.0,0.0,0.0,0.0,1.0,0.0,0.0,1.0,1.0,0.0,0.0,0.0,1.0,0.0,0.0,1.0,0.0,0.0,1.0,4.0,1.0,0.0,0.0,0.7711878521200676,1.0,0.0,0.0,1.0,0.0,0.0,1.0,0.0,0.0
6563-VNPMN,1,0.5142514200025698,0.6959043331506402,0.6594868283380373,1.0,0.0,1.0,0.0,1.0,0.0,0.0,1.0,1.0,0.0,0.0,0.0,1.0,0.0,0.0,0.0,1.0,0.0,0.0,1.0,1.0,0.0,0.0,0.0,0.0,1.0,1.0,0.0,0.0,1.0,0.0,0.0,1.0,0.0,0.0,0.0,1.0,1.0,0.0,0.0,0.0,1.0,0.0,5.0,0.0,1.0,0.0,1.2824210156478355,0.0,1.0,0.0,0.0,1.0,0.0,0.0,1.0,0.0
0617-AQNWT,0,1.2879383306831464,-0.562075995975115,0.3812740128457822,1.0,0.0,0.0,1.0,1.0,0.0,1.0,0.0,0.0,1.0,0.0,1.0,0.0,0.0,0.0,0.0,1.0,1.0,0.0,0.0,0.0,0.0,1.0,0.0,0.0,1.0,1.0,0.0,0.0,0.0,0.0,1.0,0.0,0.0,1.0,1.0,0.0,0.0,0.0,1.0,0.0,0.0,1.0,5.0,0.0,1.0,0.0,0.29603437040618813,0.0,1.0,0.0,0.0,1.0,0.0,0.0,1.0,0.0
2267-WTPYD,1,1.002895784642934,0.9717626351782166,1.3922330297498862,1.0,0.0,0.0,1.0,1.0,0.0,0.0,1.0,0.0,0.0,1.0,0.0,1.0,0.0,1.0,0.0,0.0,0.0,0.0,1.0,0.0,0.0,1.0,1.0,0.0,0.0,1.0,0.0,0.0,0.0,0.0,1.0,1.0,0.0,0.0,1.0,0.0,0.0,1.0,0.0,0.0,1.0,0.0,6.0,0.0,1.0,0.0,1.3882130636789642,0.0,1.0,0.0,0.0,1.0,0.0,0.0,1.0,0.0
0270-THENM,0,1.6137012404433893,0.16911468409797886,1.2437293289971223,0.0,1.0,0.0,1.0,0.0,1.0,0.0,1.0,0.0,0.0,1.0,1.0,0.0,0.0,0.0,0.0,1.0,0.0,0.0,1.0,0.0,0.0,1.0,0.0,0.0,1.0,1.0,0.0,0.0,1.0,0.0,0.0,0.0,0.0,1.0,1.0,0.0,1.0,0.0,0.0,0.0,1.0,0.0,7.0,0.0,1.0,0.0,0.7707308501884702,0.0,1.0,0.0,0.0,1.0,0.0,0.0,1.0,0.0
2446-PLQVO,0,-1.2774445836787656,0.18407085709947407,-0.9763480547608898,0.0,1.0,1.0,0.0,1.0,0.0,0.0,1.0,1.0,0.0,0.0,0.0,1.0,0.0,1.0,0.0,0.0,1.0,0.0,0.0,1.0,0.0,0.0,1.0,0.0,0.0,1.0,0.0,0.0,1.0,0.0,0.0,1.0,0.0,0.0,0.0,1.0,0.0,0.0,1.0,0.0,0.0,1.0,2.0,1.0,0.0,0.0,0.7642977763851152,1.0,0.0,0.0,1.0,0.0,0.0,1.0,0.0,0.0
4707-MAXGU,0,1.6137012404433893,-1.2932666760482092,-0.18137236139664237,0.0,1.0,0.0,1.0,1.0,0.0,0.0,1.0,0.0,0.0,1.0,0.0,0.0,1.0,0.0,1.0,0.0,0.0,1.0,0.0,0.0,1.0,0.0,0.0,1.0,0.0,0.0,1.0,0.0,0.0,1.0,0.0,0.0,0.0,1.0,1.0,0.0,0.0,1.0,0.0,0.0,1.0,0.0,2.0,0.0,1.0,0.0,-0.11239525436989038,0.0,1.0,0.0,0.0,1.0,0.0,0.0,1.0,0.0
2710-WYVXG,0,-1.1960038562387048,0.21065960910213194,-0.9132361878782908,1.0,0.0,1.0,0.0,1.0,0.0,0.0,1.0,1.0,0.0,0.0,1.0,0.0,0.0,0.0,0.0,1.0,0.0,0.0,1.0,1.0,0.0,0.0,0.0,0.0,1.0,1.0,0.0,0.0,0.0,0.0,1.0,0.0,0.0,1.0,1.0,0.0,0.0,0.0,0.0,1.0,1.0,0.0,6.0,1.0,0.0,0.0,0.763572945952126,1.0,0.0,0.0,1.0,0.0,0.0,1.0,0.0,0.0
3005-NFMTA,1,0.9214550572028734,1.1312951471941644,1.4711173485098217,0.0,1.0,1.0,0.0,1.0,0.0,0.0,1.0,0.0,0.0,1.0,0.0,1.0,0.0,0.0,0.0,1.0,1.0,0.0,0.0,1.0,0.0,0.0,1.0,0.0,0.0,0.0,0.0,1.0,0.0,0.0,1.0,1.0,0.0,0.0,0.0,1.0,0.0,0.0,1.0,0.0,0.0,1.0,6.0,0.0,1.0,0.0,1.5965155728543918,0.0,1.0,0.0,0.0,1.0,0.0,0.0,1.0,0.0
6300-BWMJX,0,1.0843365120829946,0.9501592741760567,1.369092747205375,1.0,0.0,0.0,1.0,1.0,0.0,0.0,1.0,0.0,0.0,1.0,0.0,1.0,0.0,1.0,0.0,0.0,1.0,0.0,0.0,0.0,0.0,1.0,0.0,0.0,1.0,0.0,0.0,1.0,1.0,0.0,0.0,1.0,0.0,0.0,1.0,0.0,0.0,0.0,1.0,0.0,1.0,0.0,6.0,0.0,1.0,0.0,1.2626087307300644,0.0,1.0,0.0,0.0,1.0,0.0,0.0,1.0,0.0
8784-CGILN,0,-0.5851984004382496,1.1661928841976528,-0.22339546744744684,1.0,0.0,1.0,0.0,1.0,0.0,0.0,1.0,0.0,0.0,1.0,0.0,1.0,0.0,1.0,0.0,0.0,1.0,0.0,0.0,1.0,0.0,0.0,0.0,0.0,1.0,0.0,0.0,1.0,0.0,0.0,1.0,1.0,0.0,0.0,0.0,1.0,1.0,0.0,0.0,0.0,0.0,1.0,6.0,1.0,0.0,0.0,0.3817431272541895,1.0,0.0,0.0,1.0,0.0,0.0,1.0,0.0,0.0
5389-FFVKB,1,-0.015113308357824713,0.5164302571326987,0.08812700165988172,0.0,1.0,0.0,1.0,1.0,0.0,0.0,1.0,1.0,0.0,0.0,0.0,1.0,0.0,1.0,0.0,0.0,1.0,0.0,0.0,1.0,0.0,0.0,1.0,0.0,0.0,1.0,0.0,0.0,0.0,0.0,1.0,1.0,0.0,0.0,0.0,1.0,0.0,1.0,0.0,0.0,0.0,1.0,3.0,0.0,0.0,1.0,-5.83108605828552,0.0,0.0,1.0,0.0,0.0,1.0,0.0,0.0,1.0
7009-LGECI,0,-1.1552834925186746,-0.47233895796614456,-0.9033977074065538,1.0,0.0,1.0,0.0,1.0,0.0,0.0,1.0,1.0,0.0,0.0,1.0,0.0,0.0,0.0,0.0,1.0,1.0,0.0,0.0,1.0,0.0,0.0,1.0,0.0,0.0,1.0,0.0,0.0,1.0,0.0,0.0,1.0,0.0,0.0,0.0,1.0,1.0,0.0,0.0,0.0,1.0,0.0,3.0,1.0,0.0,0.0,0.7819705840659286,1.0,0.0,0.0,1.0,0.0,0.0,1.0,0.0,0.0
8444-WRIDW,1,1.369379058123207,0.5214156481331973,1.29755419973936,1.0,0.0,1.0,0.0,1.0,0.0,0.0,1.0,0.0,0.0,1.0,0.0,1.0,0.0,1.0,0.0,0.0,0.0,0.0,1.0,1.0,0.0,0.0,1.0,0.0,0.0,1.0,0.0,0.0,1.0,0.0,0.0,1.0,0.0,0.0,0.0,1.0,0.0,1.0,0.0,0.0,0.0,1.0,4.0,0.0,1.0,0.0,0.9475493232076397,0.0,1.0,0.0,0.0,1.0,0.0,0.0,1.0,0.0
5022-KVDQT,0,-0.21871512695797646,0.5496661971360212,-0.004632662877458348,0.0,1.0,1.0,0.0,1.0,0.0,0.0,1.0,0.0,0.0,1.0,0.0,1.0,0.0,1.0,0.0,0.0,1.0,0.0,0.0,0.0,0.0,1.0,1.0,0.0,0.0,1.0,0.0,0.0,1.0,0.0,0.0,1.0,0.0,0.0,0.0,1.0,0.0,0.0,1.0,0.0,1.0,0.0,4.0,0.0,0.0,1.0,0.021181264148905712,0.0,0.0,1.0,0.0,0.0,1.0,0.0,0.0,1.0
7976-CICYS,0,-1.1552834925186746,-1.46443176706532,-0.9704140833552908,0.0,1.0,1.0,0.0,1.0,0.0,0.0,1.0,1.0,0.0,0.0,0.0,0.0,1.0,0.0,1.0,0.0,0.0,1.0,0.0,0.0,1.0,0.0,0.0,1.0,0.0,0.0,1.0,0.0,0.0,1.0,0.0,1.0,0.0,0.0,0.0,1.0,0.0,1.0,0.0,0.0,1.0,0.0,1.0,1.0,0.0,0.0,0.8399791822868139,1.0,0.0,0.0,1.0,0.0,0.0,1.0,0.0,0.0
1036-GUDCL,0,1.125056875803025,0.4748853321285456,1.0500700911913412,0.0,1.0,0.0,1.0,0.0,1.0,0.0,1.0,1.0,0.0,0.0,1.0,0.0,0.0,0.0,0.0,1.0,0.0,0.0,1.0,1.0,0.0,0.0,0.0,0.0,1.0,0.0,0.0,1.0,0.0,0.0,1.0,1.0,0.0,0.0,0.0,1.0,0.0,1.0,0.0,0.0,1.0,0.0,7.0,0.0,1.0,0.0,0.9333484499988848,0.0,1.0,0.0,0.0,1.0,0.0,0.0,1.0,0.0
2005-DWQZJ,0,-0.9924020376385531,-1.5192710680708021,-0.9183760218467094,1.0,0.0,0.0,1.0,0.0,1.0,0.0,1.0,1.0,0.0,0.0,0.0,0.0,1.0,0.0,1.0,0.0,0.0,1.0,0.0,0.0,1.0,0.0,0.0,1.0,0.0,0.0,1.0,0.0,0.0,1.0,0.0,0.0,0.0,1.0,1.0,0.0,0.0,0.0,0.0,1.0,1.0,0.0,1.0,1.0,0.0,0.0,0.9254072311580592,1.0,0.0,0.0,1.0,0.0,0.0,1.0,0.0,0.0
8148-WOCMK,0,-0.9924020376385531,-1.5009913010689746,-0.952215100419903,0.0,1.0,0.0,1.0,0.0,1.0,0.0,1.0,1.0,0.0,0.0,0.0,0.0,1.0,0.0,1.0,0.0,0.0,1.0,0.0,0.0,1.0,0.0,0.0,1.0,0.0,0.0,1.0,0.0,0.0,1.0,0.0,0.0,0.0,1.0,1.0,0.0,0.0,1.0,0.0,0.0,1.0,0.0,1.0,1.0,0.0,0.0,0.9595053862300847,1.0,0.0,0.0,1.0,0.0,0.0,1.0,0.0,0.0
7815-PDTHL,0,0.10704778280226633,-1.481049737066981,-0.7054148324427899,0.0,1.0,1.0,0.0,1.0,0.0,0.0,1.0,1.0,0.0,0.0,0.0,0.0,1.0,0.0,1.0,0.0,0.0,1.0,0.0,0.0,1.0,0.0,0.0,1.0,0.0,0.0,1.0,0.0,0.0,1.0,0.0,0.0,0.0,1.0,0.0,1.0,0.0,0.0,0.0,1.0,1.0,0.0,1.0,0.0,0.0,1.0,-6.589719226093634,0.0,0.0,1.0,0.0,0.0,1.0,0.0,0.0,1.0
9451-LPGOO,0,-1.0331224013585834,0.7324638671542947,-0.7336728895824648,0.0,1.0,1.0,0.0,1.0,0.0,0.0,1.0,0.0,0.0,1.0,0.0,1.0,0.0,1.0,0.0,0.0,1.0,0.0,0.0,1.0,0.0,0.0,1.0,0.0,0.0,1.0,0.0,0.0,0.0,0.0,1.0,1.0,0.0,0.0,0.0,1.0,0.0,0.0,1.0,0.0,0.0,1.0,4.0,1.0,0.0,0.0,0.710150983675957,1.0,0.0,0.0,1.0,0.0,0.0,1.0,0.0,0.0
9173-IVZVP,0,0.8400143297628127,-1.4577845790646555,-0.5017406391792321,1.0,0.0,0.0,1.0,0.0,1.0,0.0,1.0,1.0,0.0,0.0,0.0,0.0,1.0,0.0,1.0,0.0,0.0,1.0,0.0,0.0,1.0,0.0,0.0,1.0,0.0,0.0,1.0,0.0,0.0,1.0,0.0,0.0,0.0,1.0,1.0,0.0,0.0,0.0,0.0,1.0,1.0,0.0,1.0,0.0,1.0,0.0,-0.5973000952506419,0.0,1.0,0.0,0.0,1.0,0.0,0.0,1.0,0.0
9129-UXERG,1,-0.5851984004382496,1.290827659210112,-0.2104245559734978,1.0,0.0,1.0,0.0,1.0,0.0,0.0,1.0,0.0,0.0,1.0,0.0,1.0,0.0,1.0,0.0,0.0,0.0,0.0,1.0,1.0,0.0,0.0,0.0,0.0,1.0,0.0,0.0,1.0,0.0,0.0,1.0,1.0,0.0,0.0,0.0,1.0,0.0,1.0,0.0,0.0,1.0,0.0,7.0,1.0,0.0,0.0,0.3595781461738666,1.0,0.0,0.0,1.0,0.0,0.0,1.0,0.0,0.0
3635-JBPSG,0,-0.7073594915983407,-0.8628612530051836,-0.7413274921019551,1.0,0.0,1.0,0.0,1.0,0.0,1.0,0.0,0.0,1.0,0.0,1.0,0.0,0.0,1.0,0.0,0.0,0.0,0.0,1.0,1.0,0.0,0.0,1.0,0.0,0.0,1.0,0.0,0.0,0.0,0.0,1.0,0.0,0.0,1.0,0.0,1.0,0.0,0.0,0.0,1.0,1.0,0.0,3.0,1.0,0.0,0.0,1.048020844997585,1.0,0.0,0.0,1.0,0.0,0.0,1.0,0.0,0.0
7964-ZRKKG,0,1.4100994218432374,0.785641371159611,1.5507737453336825,0.0,1.0,0.0,1.0,1.0,0.0,0.0,1.0,0.0,0.0,1.0,0.0,1.0,0.0,1.0,0.0,0.0,0.0,0.0,1.0,1.0,0.0,0.0,1.0,0.0,0.0,0.0,0.0,1.0,1.0,0.0,0.0,0.0,1.0,0.0,0.0,1.0,1.0,0.0,0.0,0.0,1.0,0.0,5.0,0.0,1.0,0.0,1.0997619893401276,0.0,1.0,0.0,0.0,1.0,0.0,0.0,1.0,0.0
5868-YWPDW,1,-1.0738427650786138,0.6460504231456565,-0.778321061050616,0.0,1.0,0.0,1.0,1.0,0.0,0.0,1.0,1.0,0.0,0.0,0.0,1.0,0.0,1.0,0.0,0.0,0.0,0.0,1.0,1.0,0.0,0.0,1.0,0.0,0.0,1.0,0.0,0.0,0.0,0.0,1.0,1.0,0.0,0.0,0.0,1.0,0.0,0.0,1.0,0.0,0.0,1.0,4.0,1.0,0.0,0.0,0.7247998369608951,1.0,0.0,0.0,1.0,0.0,0.0,1.0,0.0,0.0
6229-LSCKB,1,-1.0738427650786138,0.4964886931307054,-0.7878286509235277,0.0,1.0,1.0,0.0,1.0,0.0,0.0,1.0,1.0,0.0,0.0,0.0,1.0,0.0,1.0,0.0,0.0,1.0,0.0,0.0,1.0,0.0,0.0,1.0,0.0,0.0,0.0,0.0,1.0,1.0,0.0,0.0,1.0,0.0,0.0,0.0,1.0,0.0,0.0,1.0,0.0,1.0,0.0,3.0,1.0,0.0,0.0,0.7336536377053791,1.0,0.0,0.0,1.0,0.0,0.0,1.0,0.0,0.0
2025-JKFWI,0,-0.7888002190384014,1.1379423351948288,-0.43306981023636887,0.0,1.0,1.0,0.0,1.0,0.0,0.0,1.0,0.0,0.0,1.0,0.0,1.0,0.0,1.0,0.0,0.0,1.0,0.0,0.0,1.0,0.0,0.0,0.0,0.0,1.0,0.0,0.0,1.0,0.0,0.0,1.0,1.0,0.0,0.0,0.0,1.0,0.0,0.0,0.0,1.0,0.0,1.0,6.0,1.0,0.0,0.0,0.5490234406429413,1.0,0.0,0.0,1.0,0.0,0.0,1.0,0.0,0.0
4078-SAYYN,0,-0.8702409464784621,1.1961052302006432,-0.5089319948603671,1.0,0.0,1.0,0.0,1.0,0.0,0.0,1.0,0.0,0.0,1.0,0.0,1.0,0.0,1.0,0.0,0.0,1.0,0.0,0.0,0.0,0.0,1.0,1.0,0.0,0.0,0.0,0.0,1.0,0.0,0.0,1.0,1.0,0.0,0.0,0.0,1.0,0.0,0.0,1.0,0.0,0.0,1.0,6.0,1.0,0.0,0.0,0.5848173392895653,1.0,0.0,0.0,1.0,0.0,0.0,1.0,0.0,0.0
1724-IQWNM,0,-1.2774445836787656,-1.5109620830699715,-0.9988486154810057,0.0,1.0,1.0,0.0,0.0,1.0,0.0,1.0,1.0,0.0,0.0,0.0,0.0,1.0,0.0,1.0,0.0,0.0,1.0,0.0,0.0,1.0,0.0,0.0,1.0,0.0,0.0,1.0,0.0,0.0,1.0,0.0,1.0,0.0,0.0,0.0,1.0,0.0,0.0,0.0,1.0,1.0,0.0,1.0,1.0,0.0,0.0,0.7819115038278502,1.0,0.0,0.0,1.0,0.0,0.0,1.0,0.0,0.0
8217-QYOHV,0,-1.1145631287986442,-0.2995120699488677,-0.889588539748914,0.0,1.0,1.0,0.0,1.0,0.0,0.0,1.0,1.0,0.0,0.0,1.0,0.0,0.0,0.0,0.0,1.0,1.0,0.0,0.0,1.0,0.0,0.0,0.0,0.0,1.0,1.0,0.0,0.0,1.0,0.0,0.0,1.0,0.0,0.0,0.0,1.0,0.0,0.0,0.0,1.0,1.0,0.0,4.0,1.0,0.0,0.0,0.798149980708384,1.0,0.0,0.0,1.0,0.0,0.0,1.0,0.0,0.0
5546-QUERU,0,-0.7888002190384014,-1.4893587220678117,-0.8939783550266622,0.0,1.0,1.0,0.0,1.0,0.0,0.0,1.0,1.0,0.0,0.0,0.0,0.0,1.0,0.0,1.0,0.0,0.0,1.0,0.0,0.0,1.0,0.0,0.0,1.0,0.0,0.0,1.0,0.0,0.0,1.0,0.0,0.0,1.0,0.0,0.0,1.0,0.0,0.0,0.0,1.0,1.0,0.0,1.0,1.0,0.0,0.0,1.1333393848653843,1.0,0.0,0.0,1.0,0.0,0.0,1.0,0.0,0.0
9940-HPQPG,0,-0.9516816739185228,0.896981770170741,-0.6253834262735938,1.0,0.0,0.0,1.0,1.0,0.0,0.0,1.0,0.0,0.0,1.0,0.0,1.0,0.0,0.0,0.0,1.0,0.0,0.0,1.0,0.0,0.0,1.0,1.0,0.0,0.0,1.0,0.0,0.0,1.0,0.0,0.0,1.0,0.0,0.0,1.0,0.0,1.0,0.0,0.0,0.0,0.0,1.0,6.0,1.0,0.0,0.0,0.6571350940263407,1.0,0.0,0.0,1.0,0.0,0.0,1.0,0.0,0.0
6897-UUBNU,0,-0.13727439951791576,0.827186296163764,0.15015795925298517,0.0,1.0,1.0,0.0,1.0,0.0,0.0,1.0,1.0,0.0,0.0,0.0,1.0,0.0,1.0,0.0,0.0,0.0,0.0,1.0,1.0,0.0,0.0,0.0,0.0,1.0,0.0,0.0,1.0,1.0,0.0,0.0,1.0,0.0,0.0,1.0,0.0,0.0,0.0,0.0,1.0,1.0,0.0,5.0,0.0,0.0,1.0,-1.0938526031096423,0.0,0.0,1.0,0.0,0.0,1.0,0.0,0.0,1.0
6127-IYJOZ,1,-1.2774445836787656,-0.62854787598176,-0.9871350882825926,0.0,1.0,1.0,0.0,1.0,0.0,0.0,1.0,1.0,0.0,0.0,1.0,0.0,0.0,1.0,0.0,0.0,1.0,0.0,0.0,1.0,0.0,0.0,1.0,0.0,0.0,1.0,0.0,0.0,1.0,0.0,0.0,1.0,0.0,0.0,0.0,1.0,0.0,0.0,0.0,1.0,1.0,0.0,2.0,1.0,0.0,0.0,0.7727420045414853,1.0,0.0,0.0,1.0,0.0,0.0,1.0,0.0,0.0
6618-RYATB,0,-1.2774445836787656,0.4915033021302069,-0.972267070708712,1.0,0.0,1.0,0.0,1.0,0.0,0.0,1.0,0.0,0.0,1.0,0.0,1.0,0.0,1.0,0.0,0.0,1.0,0.0,0.0,0.0,0.0,1.0,1.0,0.0,0.0,1.0,0.0,0.0,1.0,0.0,0.0,1.0,0.0,0.0,0.0,1.0,0.0,0.0,0.0,1.0,0.0,1.0,4.0,1.0,0.0,0.0,0.7611031297410898,1.0,0.0,0.0,1.0,0.0,0.0,1.0,0.0,0.0
8930-XOTDP,0,-0.5851984004382496,-0.2928648819482031,-0.5296457463468267,1.0,0.0,0.0,1.0,0.0,1.0,0.0,1.0,1.0,0.0,0.0,1.0,0.0,0.0,1.0,0.0,0.0,1.0,0.0,0.0,1.0,0.0,0.0,1.0,0.0,0.0,0.0,0.0,1.0,1.0,0.0,0.0,1.0,0.0,0.0,1.0,0.0,0.0,0.0,0.0,1.0,1.0,0.0,3.0,1.0,0.0,0.0,0.9050703931353538,1.0,0.0,0.0,1.0,0.0,0.0,1.0,0.0,0.0
5916-QEWPT,0,-1.2367242199587352,0.14086413509515497,-0.9421560262156159,1.0,0.0,0.0,1.0,1.0,0.0,0.0,1.0,1.0,0.0,0.0,1.0,0.0,0.0,1.0,0.0,0.0,1.0,0.0,0.0,0.0,0.0,1.0,1.0,0.0,0.0,0.0,0.0,1.0,0.0,0.0,1.0,1.0,0.0,0.0,1.0,0.0,0.0,1.0,0.0,0.0,1.0,0.0,5.0,1.0,0.0,0.0,0.7618157799537977,1.0,0.0,0.0,1.0,0.0,0.0,1.0,0.0,0.0
5060-TQUQN,0,-0.0965540357978854,0.6244470621434968,0.1265764892433735,0.0,1.0,0.0,1.0,0.0,1.0,0.0,1.0,0.0,0.0,1.0,0.0,1.0,0.0,1.0,0.0,0.0,0.0,0.0,1.0,1.0,0.0,0.0,0.0,0.0,1.0,1.0,0.0,0.0,1.0,0.0,0.0,1.0,0.0,0.0,0.0,1.0,1.0,0.0,0.0,0.0,1.0,0.0,5.0,0.0,0.0,1.0,-1.3109393946860335,0.0,0.0,1.0,0.0,0.0,1.0,0.0,0.0,1.0
0531-XBKMM,0,1.369379058123207,0.03118553308419093,0.9245522573703031,0.0,1.0,1.0,0.0,0.0,1.0,0.0,1.0,0.0,0.0,1.0,1.0,0.0,0.0,0.0,0.0,1.0,0.0,0.0,1.0,1.0,0.0,0.0,0.0,0.0,1.0,1.0,0.0,0.0,1.0,0.0,0.0,0.0,0.0,1.0,1.0,0.0,1.0,0.0,0.0,0.0,1.0,0.0,6.0,0.0,1.0,0.0,0.6751616741075636,0.0,1.0,0.0,0.0,1.0,0.0,0.0,1.0,0.0
8465-SBRXP,0,0.22920887396235737,1.001674981181207,0.5880806371115522,0.0,1.0,0.0,1.0,0.0,1.0,0.0,1.0,0.0,0.0,1.0,0.0,1.0,0.0,1.0,0.0,0.0,1.0,0.0,0.0,0.0,0.0,1.0,0.0,0.0,1.0,0.0,0.0,1.0,1.0,0.0,0.0,0.0,0.0,1.0,0.0,1.0,1.0,0.0,0.0,0.0,1.0,0.0,6.0,0.0,0.0,1.0,2.5656975096353896,0.0,0.0,1.0,0.0,0.0,1.0,0.0,0.0,1.0
2408-PSJVE,0,0.47353105628253944,-0.09511103892843457,0.28269067376911816,0.0,1.0,0.0,1.0,0.0,1.0,0.0,1.0,1.0,0.0,0.0,1.0,0.0,0.0,1.0,0.0,0.0,0.0,0.0,1.0,0.0,0.0,1.0,0.0,0.0,1.0,1.0,0.0,0.0,1.0,0.0,0.0,1.0,0.0,0.0,0.0,1.0,0.0,0.0,0.0,1.0,1.0,0.0,5.0,0.0,0.0,1.0,0.5969844427699933,0.0,0.0,1.0,0.0,0.0,1.0,0.0,0.0,1.0
9079-YEXQJ,0,0.880734693482843,1.5400972092350305,1.6463128909011546,1.0,0.0,1.0,0.0,1.0,0.0,0.0,1.0,0.0,0.0,1.0,0.0,1.0,0.0,1.0,0.0,0.0,0.0,0.0,1.0,0.0,0.0,1.0,0.0,0.0,1.0,0.0,0.0,1.0,0.0,0.0,1.0,1.0,0.0,0.0,1.0,0.0,0.0,0.0,1.0,0.0,0.0,1.0,8.0,0.0,1.0,0.0,1.8692495062171925,0.0,1.0,0.0,0.0,1.0,0.0,0.0,1.0,0.0
9700-ZCLOT,0,-1.2367242199587352,-1.4876969250676457,-0.9929367034486617,0.0,1.0,1.0,0.0,1.0,0.0,0.0,1.0,1.0,0.0,0.0,0.0,0.0,1.0,0.0,1.0,0.0,0.0,1.0,0.0,0.0,1.0,0.0,0.0,1.0,0.0,0.0,1.0,0.0,0.0,1.0,0.0,1.0,0.0,0.0,1.0,0.0,0.0,0.0,0.0,1.0,1.0,0.0,1.0,1.0,0.0,0.0,0.8028764112679804,1.0,0.0,0.0,1.0,0.0,0.0,1.0,0.0,0.0
8738-JOKAR,0,0.3920903288424788,0.09765741309083585,0.26424903772792513,1.0,0.0,1.0,0.0,1.0,0.0,0.0,1.0,1.0,0.0,0.0,1.0,0.0,0.0,0.0,0.0,1.0,0.0,0.0,1.0,1.0,0.0,0.0,0.0,0.0,1.0,1.0,0.0,0.0,0.0,0.0,1.0,0.0,1.0,0.0,0.0,1.0,0.0,0.0,0.0,1.0,1.0,0.0,6.0,0.0,0.0,1.0,0.6739493894379793,0.0,0.0,1.0,0.0,0.0,1.0,0.0,0.0,1.0
4534-WGCIR,0,1.0436161483629645,-1.3165318340505352,-0.34121458000248445,1.0,0.0,0.0,1.0,0.0,1.0,0.0,1.0,0.0,0.0,1.0,0.0,0.0,1.0,0.0,1.0,0.0,0.0,1.0,0.0,0.0,1.0,0.0,0.0,1.0,0.0,0.0,1.0,0.0,0.0,1.0,0.0,0.0,0.0,1.0,1.0,0.0,0.0,1.0,0.0,0.0,1.0,0.0,2.0,0.0,1.0,0.0,-0.3269541014076104,0.0,1.0,0.0,0.0,1.0,0.0,0.0,1.0,0.0
1930-WNXSB,0,1.0436161483629645,0.9335413041743955,1.333158028172955,0.0,1.0,0.0,1.0,0.0,1.0,0.0,1.0,1.0,0.0,0.0,0.0,1.0,0.0,1.0,0.0,0.0,0.0,0.0,1.0,1.0,0.0,0.0,1.0,0.0,0.0,0.0,0.0,1.0,0.0,0.0,1.0,1.0,0.0,0.0,0.0,1.0,0.0,0.0,1.0,0.0,1.0,0.0,5.0,0.0,1.0,0.0,1.2774409731625667,0.0,1.0,0.0,0.0,1.0,0.0,0.0,1.0,0.0
2685-SREOM,0,-0.30015585439803716,0.8089065291619363,0.037544858786131195,1.0,0.0,0.0,1.0,0.0,1.0,0.0,1.0,0.0,0.0,1.0,0.0,1.0,0.0,1.0,0.0,0.0,1.0,0.0,0.0,0.0,0.0,1.0,1.0,0.0,0.0,1.0,0.0,0.0,0.0,0.0,1.0,1.0,0.0,0.0,0.0,1.0,0.0,0.0,1.0,0.0,0.0,1.0,5.0,0.0,0.0,1.0,-0.1250845460316856,0.0,0.0,1.0,0.0,0.0,1.0,0.0,0.0,1.0
3508-CFVZL,0,1.5729808767233588,1.5467443972356951,2.515915443987119,1.0,0.0,1.0,0.0,1.0,0.0,0.0,1.0,0.0,0.0,1.0,0.0,1.0,0.0,0.0,0.0,1.0,0.0,0.0,1.0,0.0,0.0,1.0,0.0,0.0,1.0,0.0,0.0,1.0,0.0,0.0,1.0,0.0,0.0,1.0,1.0,0.0,0.0,0.0,0.0,1.0,1.0,0.0,9.0,0.0,1.0,0.0,1.5994571079770317,0.0,1.0,0.0,0.0,1.0,0.0,0.0,1.0,0.0
0402-CQAJN,0,0.18848851024232702,1.2343265612044643,0.5568004458359403,1.0,0.0,1.0,0.0,1.0,0.0,0.0,1.0,0.0,0.0,1.0,0.0,1.0,0.0,1.0,0.0,0.0,0.0,0.0,1.0,0.0,0.0,1.0,1.0,0.0,0.0,0.0,0.0,1.0,0.0,0.0,1.0,1.0,0.0,0.0,0.0,1.0,1.0,0.0,0.0,0.0,0.0,1.0,7.0,0.0,0.0,1.0,2.9540285777637023,0.0,0.0,1.0,0.0,0.0,1.0,0.0,0.0,1.0
6692-UDPJC,0,-0.748079855318371,0.893658176170409,-0.4333786414619391,1.0,0.0,0.0,1.0,0.0,1.0,0.0,1.0,0.0,0.0,1.0,0.0,1.0,0.0,1.0,0.0,0.0,1.0,0.0,0.0,1.0,0.0,0.0,0.0,0.0,1.0,0.0,0.0,1.0,1.0,0.0,0.0,1.0,0.0,0.0,0.0,1.0,0.0,0.0,1.0,0.0,0.0,1.0,5.0,1.0,0.0,0.0,0.5793213630615678,1.0,0.0,0.0,1.0,0.0,0.0,1.0,0.0,0.0
1273-MTETI,1,-1.1552834925186746,0.8005975441611056,-0.8430432621808315,1.0,0.0,1.0,0.0,1.0,0.0,0.0,1.0,0.0,0.0,1.0,0.0,1.0,0.0,1.0,0.0,0.0,1.0,0.0,0.0,0.0,0.0,1.0,1.0,0.0,0.0,1.0,0.0,0.0,0.0,0.0,1.0,1.0,0.0,0.0,0.0,1.0,0.0,0.0,1.0,0.0,0.0,1.0,5.0,1.0,0.0,0.0,0.729728475859101,1.0,0.0,0.0,1.0,0.0,0.0,1.0,0.0,0.0
0657-DOGUM,0,0.6364125111626608,-0.1383177609327537,0.30969134663325704,1.0,0.0,0.0,1.0,1.0,0.0,0.0,1.0,0.0,0.0,1.0,1.0,0.0,0.0,0.0,0.0,1.0,1.0,0.0,0.0,1.0,0.0,0.0,0.0,0.0,1.0,1.0,0.0,0.0,1.0,0.0,0.0,0.0,1.0,0.0,0.0,1.0,1.0,0.0,0.0,0.0,1.0,0.0,5.0,0.0,1.0,0.0,0.48662045638839263,0.0,1.0,0.0,0.0,1.0,0.0,0.0,1.0,0.0
5480-HPRRX,1,-1.1960038562387048,-1.3115464430500368,-0.9730612081458926,1.0,0.0,1.0,0.0,1.0,0.0,1.0,0.0,0.0,1.0,0.0,1.0,0.0,0.0,1.0,0.0,0.0,1.0,0.0,0.0,1.0,0.0,0.0,1.0,0.0,0.0,1.0,0.0,0.0,1.0,0.0,0.0,1.0,0.0,0.0,1.0,0.0,0.0,0.0,1.0,0.0,0.0,1.0,1.0,1.0,0.0,0.0,0.8135937046273903,1.0,0.0,0.0,1.0,0.0,0.0,1.0,0.0,0.0
8792-AOROI,0,-0.9924020376385531,0.02453834508352634,-0.7583793876280821,1.0,0.0,0.0,1.0,1.0,0.0,0.0,1.0,1.0,0.0,0.0,1.0,0.0,0.0,0.0,0.0,1.0,1.0,0.0,0.0,1.0,0.0,0.0,0.0,0.0,1.0,1.0,0.0,0.0,0.0,0.0,1.0,0.0,0.0,1.0,1.0,0.0,0.0,0.0,0.0,1.0,1.0,0.0,5.0,1.0,0.0,0.0,0.7641856413683571,1.0,0.0,0.0,1.0,0.0,0.0,1.0,0.0,0.0
0295-PPHDO,0,-1.2774445836787656,1.0199547481830342,-0.9652521900136173,0.0,1.0,1.0,0.0,1.0,0.0,0.0,1.0,0.0,0.0,1.0,0.0,1.0,0.0,1.0,0.0,0.0,1.0,0.0,0.0,1.0,0.0,0.0,1.0,0.0,0.0,0.0,0.0,1.0,0.0,0.0,1.0,1.0,0.0,0.0,0.0,1.0,0.0,0.0,1.0,0.0,0.0,1.0,5.0,1.0,0.0,0.0,0.7556117911854138,1.0,0.0,0.0,1.0,0.0,0.0,1.0,0.0,0.0
5146-YYFRZ,0,1.4100994218432374,-1.4893587220678117,-0.4286358762121108,0.0,1.0,1.0,0.0,1.0,0.0,0.0,1.0,1.0,0.0,0.0,0.0,0.0,1.0,0.0,1.0,0.0,0.0,1.0,0.0,0.0,1.0,0.0,0.0,1.0,0.0,0.0,1.0,0.0,0.0,1.0,0.0,0.0,0.0,1.0,1.0,0.0,1.0,0.0,0.0,0.0,1.0,0.0,1.0,0.0,1.0,0.0,-0.3039756414138597,0.0,1.0,0.0,0.0,1.0,0.0,0.0,1.0,0.0
1195-OIYEJ,0,-0.7888002190384014,0.8753784091685812,-0.5063069294430202,0.0,1.0,1.0,0.0,1.0,0.0,0.0,1.0,1.0,0.0,0.0,0.0,1.0,0.0,1.0,0.0,0.0,1.0,0.0,0.0,1.0,0.0,0.0,1.0,0.0,0.0,0.0,0.0,1.0,0.0,0.0,1.0,1.0,0.0,0.0,0.0,1.0,0.0,0.0,1.0,0.0,0.0,1.0,4.0,1.0,0.0,0.0,0.6418696613196193,1.0,0.0,0.0,1.0,0.0,0.0,1.0,0.0,0.0
5906-CVLHP,0,0.5142514200025698,-0.35268957395418365,0.016103147982256195,1.0,0.0,0.0,1.0,0.0,1.0,0.0,1.0,1.0,0.0,0.0,1.0,0.0,0.0,1.0,0.0,0.0,0.0,0.0,1.0,1.0,0.0,0.0,0.0,0.0,1.0,1.0,0.0,0.0,1.0,0.0,0.0,0.0,1.0,0.0,0.0,1.0,0.0,1.0,0.0,0.0,0.0,1.0,4.0,0.0,1.0,0.0,0.03131376473822031,0.0,1.0,0.0,0.0,1.0,0.0,0.0,1.0,0.0
3452-SRFEG,0,0.6771328748826912,0.32698539911376057,0.6340082522284944,0.0,1.0,1.0,0.0,1.0,0.0,0.0,1.0,0.0,0.0,1.0,0.0,1.0,0.0,1.0,0.0,0.0,1.0,0.0,0.0,1.0,0.0,0.0,1.0,0.0,0.0,1.0,0.0,0.0,1.0,0.0,0.0,1.0,0.0,0.0,0.0,1.0,1.0,0.0,0.0,0.0,1.0,0.0,3.0,0.0,1.0,0.0,0.9363129095428016,0.0,1.0,0.0,0.0,1.0,0.0,0.0,1.0,0.0
4070-OKWVH,0,0.7992939660427822,0.9917041991802098,1.2099564285436935,1.0,0.0,0.0,1.0,1.0,0.0,0.0,1.0,0.0,0.0,1.0,0.0,1.0,0.0,1.0,0.0,0.0,0.0,0.0,1.0,0.0,0.0,1.0,1.0,0.0,0.0,0.0,0.0,1.0,1.0,0.0,0.0,1.0,0.0,0.0,1.0,0.0,1.0,0.0,0.0,0.0,1.0,0.0,6.0,0.0,1.0,0.0,1.5137815121188223,0.0,1.0,0.0,0.0,1.0,0.0,0.0,1.0,0.0
5297-MDOIR,0,1.247217966963116,0.544680806135523,1.2976203778591249,1.0,0.0,0.0,1.0,1.0,0.0,0.0,1.0,1.0,0.0,0.0,0.0,1.0,0.0,0.0,0.0,1.0,1.0,0.0,0.0,0.0,0.0,1.0,1.0,0.0,0.0,1.0,0.0,0.0,1.0,0.0,0.0,0.0,1.0,0.0,0.0,1.0,0.0,1.0,0.0,0.0,1.0,0.0,4.0,0.0,1.0,0.0,1.0404118704437324,0.0,1.0,0.0,0.0,1.0,0.0,0.0,1.0,0.0
6369-MCAKO,0,1.4508197855632678,0.8072447321617703,1.7217338880600523,1.0,0.0,0.0,1.0,0.0,1.0,0.0,1.0,0.0,0.0,1.0,1.0,0.0,0.0,0.0,0.0,1.0,0.0,0.0,1.0,0.0,0.0,1.0,0.0,0.0,1.0,0.0,0.0,1.0,0.0,0.0,1.0,0.0,0.0,1.0,0.0,1.0,1.0,0.0,0.0,0.0,1.0,0.0,9.0,0.0,1.0,0.0,1.1867317396637271,0.0,1.0,0.0,0.0,1.0,0.0,0.0,1.0,0.0
4926-UMJZD,0,-0.055833672077855064,-0.5172074769706297,-0.34622205773137305,1.0,0.0,0.0,1.0,1.0,0.0,0.0,1.0,1.0,0.0,0.0,1.0,0.0,0.0,1.0,0.0,0.0,1.0,0.0,0.0,1.0,0.0,0.0,0.0,0.0,1.0,1.0,0.0,0.0,1.0,0.0,0.0,1.0,0.0,0.0,0.0,1.0,0.0,0.0,0.0,1.0,1.0,0.0,3.0,0.0,0.0,1.0,6.200954457170528,0.0,0.0,1.0,0.0,0.0,1.0,0.0,0.0,1.0
6848-HJTXY,0,1.2879383306831464,-1.505976692069473,-0.47414436323720777,1.0,0.0,0.0,1.0,1.0,0.0,0.0,1.0,1.0,0.0,0.0,0.0,0.0,1.0,0.0,1.0,0.0,0.0,1.0,0.0,0.0,1.0,0.0,0.0,1.0,0.0,0.0,1.0,0.0,0.0,1.0,0.0,0.0,0.0,1.0,1.0,0.0,0.0,1.0,0.0,0.0,1.0,0.0,1.0,0.0,1.0,0.0,-0.36814213222904296,0.0,1.0,0.0,0.0,1.0,0.0,0.0,1.0,0.0
6341-AEVKX,0,1.2064976032430856,1.3140928172124378,1.9104959450032195,1.0,0.0,0.0,1.0,1.0,0.0,0.0,1.0,1.0,0.0,0.0,0.0,1.0,0.0,0.0,0.0,1.0,1.0,0.0,0.0,0.0,0.0,1.0,0.0,0.0,1.0,0.0,0.0,1.0,0.0,0.0,1.0,0.0,1.0,0.0,0.0,1.0,0.0,0.0,1.0,0.0,1.0,0.0,7.0,0.0,1.0,0.0,1.5835057938513717,0.0,1.0,0.0,0.0,1.0,0.0,0.0,1.0,0.0
4501-EQDRN,0,-1.2774445836787656,0.16412929309748078,-0.9766127672399502,1.0,0.0,1.0,0.0,1.0,0.0,0.0,1.0,1.0,0.0,0.0,0.0,1.0,0.0,1.0,0.0,0.0,1.0,0.0,0.0,1.0,0.0,0.0,1.0,0.0,0.0,1.0,0.0,0.0,1.0,0.0,0.0,1.0,0.0,0.0,1.0,0.0,1.0,0.0,0.0,0.0,0.0,1.0,2.0,1.0,0.0,0.0,0.7645049967079711,1.0,0.0,0.0,1.0,0.0,0.0,1.0,0.0,0.0
2990-HWIML,0,-1.0738427650786138,0.8222009051632655,-0.7544307598154343,1.0,0.0,1.0,0.0,1.0,0.0,0.0,1.0,1.0,0.0,0.0,0.0,1.0,0.0,1.0,0.0,0.0,1.0,0.0,0.0,1.0,0.0,0.0,1.0,0.0,0.0,0.0,0.0,1.0,0.0,0.0,1.0,1.0,0.0,0.0,0.0,1.0,0.0,0.0,1.0,0.0,0.0,1.0,4.0,1.0,0.0,0.0,0.7025523515635029,1.0,0.0,0.0,1.0,0.0,0.0,1.0,0.0,0.0
0682-USIXD,0,-0.46303730927815856,0.7075369121518029,-0.20488765328648884,1.0,0.0,0.0,1.0,1.0,0.0,0.0,1.0,1.0,0.0,0.0,0.0,1.0,0.0,1.0,0.0,0.0,1.0,0.0,0.0,1.0,0.0,0.0,0.0,0.0,1.0,0.0,0.0,1.0,1.0,0.0,0.0,1.0,0.0,0.0,0.0,1.0,0.0,0.0,1.0,0.0,1.0,0.0,4.0,0.0,0.0,1.0,0.44248627309512867,0.0,0.0,1.0,0.0,0.0,1.0,0.0,0.0,1.0
6976-BWGLQ,0,1.6137012404433893,-1.3148700370503688,-0.21880711781040368,1.0,0.0,0.0,1.0,0.0,1.0,0.0,1.0,0.0,0.0,1.0,0.0,0.0,1.0,0.0,1.0,0.0,0.0,1.0,0.0,0.0,1.0,0.0,0.0,1.0,0.0,0.0,1.0,0.0,0.0,1.0,0.0,0.0,0.0,1.0,1.0,0.0,1.0,0.0,0.0,0.0,1.0,0.0,2.0,0.0,1.0,0.0,-0.1355933256581516,0.0,1.0,0.0,0.0,1.0,0.0,0.0,1.0,0.0
7078-NVFAM,0,-0.015113308357824713,-0.9841724340173105,-0.5436534483637615,1.0,0.0,0.0,1.0,0.0,1.0,1.0,0.0,0.0,1.0,0.0,1.0,0.0,0.0,0.0,0.0,1.0,0.0,0.0,1.0,1.0,0.0,0.0,1.0,0.0,0.0,1.0,0.0,0.0,1.0,0.0,0.0,1.0,0.0,0.0,0.0,1.0,0.0,0.0,1.0,0.0,1.0,0.0,3.0,0.0,0.0,1.0,35.97183591389454,0.0,0.0,1.0,0.0,0.0,1.0,0.0,0.0,1.0
8065-QBYTO,1,1.5729808767233588,1.1595456961969886,2.160913950194155,1.0,0.0,1.0,0.0,1.0,0.0,0.0,1.0,0.0,0.0,1.0,0.0,1.0,0.0,0.0,0.0,1.0,0.0,0.0,1.0,1.0,0.0,0.0,0.0,0.0,1.0,0.0,0.0,1.0,1.0,0.0,0.0,0.0,1.0,0.0,0.0,1.0,0.0,1.0,0.0,0.0,1.0,0.0,7.0,0.0,1.0,0.0,1.3737700071061936,0.0,1.0,0.0,0.0,1.0,0.0,0.0,1.0,0.0
2133-TSRRM,0,0.06632741908223598,1.3489905542159264,0.6200005502115596,1.0,0.0,1.0,0.0,0.0,1.0,0.0,1.0,1.0,0.0,0.0,0.0,1.0,0.0,0.0,0.0,1.0,0.0,0.0,1.0,0.0,0.0,1.0,1.0,0.0,0.0,0.0,0.0,1.0,0.0,0.0,1.0,1.0,0.0,0.0,0.0,1.0,1.0,0.0,0.0,0.0,1.0,0.0,7.0,0.0,0.0,1.0,9.347575388737086,0.0,0.0,1.0,0.0,0.0,1.0,0.0,0.0,1.0
7384-GHBPI,0,-1.1960038562387048,-0.9841724340173105,-0.9633550839136859,0.0,1.0,0.0,1.0,1.0,0.0,1.0,0.0,0.0,1.0,0.0,1.0,0.0,0.0,1.0,0.0,0.0,1.0,0.0,0.0,1.0,0.0,0.0,1.0,0.0,0.0,1.0,0.0,0.0,0.0,0.0,1.0,1.0,0.0,0.0,0.0,1.0,0.0,0.0,1.0,0.0,0.0,1.0,2.0,1.0,0.0,0.0,0.8054782423054448,1.0,0.0,0.0,1.0,0.0,0.0,1.0,0.0,0.0
7603-USHJS,0,-0.8295205827584317,0.29873485011093664,-0.622912776469032,0.0,1.0,1.0,0.0,0.0,1.0,0.0,1.0,0.0,0.0,1.0,0.0,1.0,0.0,1.0,0.0,0.0,1.0,0.0,0.0,1.0,0.0,0.0,1.0,0.0,0.0,1.0,0.0,0.0,1.0,0.0,0.0,1.0,0.0,0.0,0.0,1.0,0.0,1.0,0.0,0.0,0.0,1.0,3.0,1.0,0.0,0.0,0.7509310671926186,1.0,0.0,0.0,1.0,0.0,0.0,1.0,0.0,0.0
7234-FECYN,1,-0.9924020376385531,1.2160467942026365,-0.6630167170466502,1.0,0.0,1.0,0.0,1.0,0.0,0.0,1.0,0.0,0.0,1.0,0.0,1.0,0.0,1.0,0.0,0.0,1.0,0.0,0.0,0.0,0.0,1.0,1.0,0.0,0.0,0.0,0.0,1.0,0.0,0.0,1.0,1.0,0.0,0.0,1.0,0.0,0.0,0.0,1.0,0.0,0.0,1.0,6.0,1.0,0.0,0.0,0.6680928614619898,1.0,0.0,0.0,1.0,0.0,0.0,1.0,0.0,0.0
2511-ALLCS,0,0.10704778280226633,-1.3447823830533592,-0.6448839122310275,1.0,0.0,0.0,1.0,0.0,1.0,0.0,1.0,0.0,0.0,1.0,0.0,0.0,1.0,0.0,1.0,0.0,0.0,1.0,0.0,0.0,1.0,0.0,0.0,1.0,0.0,0.0,1.0,0.0,0.0,1.0,0.0,0.0,0.0,1.0,1.0,0.0,1.0,0.0,0.0,0.0,1.0,0.0,2.0,0.0,0.0,1.0,-6.0242622065533755,0.0,0.0,1.0,0.0,0.0,1.0,0.0,0.0,1.0
3191-CSNMG,0,-1.1960038562387048,0.5297246331340278,-0.9017211950391726,1.0,0.0,0.0,1.0,0.0,1.0,0.0,1.0,1.0,0.0,0.0,0.0,1.0,0.0,1.0,0.0,0.0,1.0,0.0,0.0,1.0,0.0,0.0,1.0,0.0,0.0,0.0,0.0,1.0,1.0,0.0,0.0,1.0,0.0,0.0,0.0,1.0,0.0,0.0,1.0,0.0,1.0,0.0,3.0,1.0,0.0,0.0,0.7539450565610905,1.0,0.0,0.0,1.0,0.0,0.0,1.0,0.0,0.0
7952-OBOYL,0,-1.1960038562387048,0.8338334841644282,-0.899515257713671,0.0,1.0,1.0,0.0,1.0,0.0,0.0,1.0,1.0,0.0,0.0,0.0,1.0,0.0,1.0,0.0,0.0,1.0,0.0,0.0,0.0,0.0,1.0,0.0,0.0,1.0,0.0,0.0,1.0,1.0,0.0,0.0,1.0,0.0,0.0,0.0,1.0,0.0,0.0,0.0,1.0,1.0,0.0,5.0,1.0,0.0,0.0,0.7521006333061029,1.0,0.0,0.0,1.0,0.0,0.0,1.0,0.0,0.0
7470-DYNOE,0,0.8400143297628127,-0.12169979093109246,0.47409985550288736,0.0,1.0,1.0,0.0,1.0,0.0,0.0,1.0,1.0,0.0,0.0,1.0,0.0,0.0,1.0,0.0,0.0,1.0,0.0,0.0,0.0,0.0,1.0,1.0,0.0,0.0,1.0,0.0,0.0,0.0,0.0,1.0,0.0,1.0,0.0,0.0,1.0,0.0,0.0,1.0,0.0,1.0,0.0,4.0,0.0,1.0,0.0,0.5643949617344679,0.0,1.0,0.0,0.0,1.0,0.0,0.0,1.0,0.0
7853-OETYL,0,-1.1552834925186746,-1.1869116680375775,-0.9501856380804417,1.0,0.0,0.0,1.0,1.0,0.0,1.0,0.0,0.0,1.0,0.0,1.0,0.0,0.0,0.0,0.0,1.0,1.0,0.0,0.0,1.0,0.0,0.0,1.0,0.0,0.0,1.0,0.0,0.0,1.0,0.0,0.0,1.0,0.0,0.0,0.0,1.0,0.0,0.0,1.0,0.0,1.0,0.0,2.0,1.0,0.0,0.0,0.822469674528897,1.0,0.0,0.0,1.0,0.0,0.0,1.0,0.0,0.0
1545-ACTAS,0,0.6364125111626608,1.1612074931971548,1.1885147177398183,1.0,0.0,0.0,1.0,0.0,1.0,0.0,1.0,1.0,0.0,0.0,0.0,1.0,0.0,0.0,0.0,1.0,1.0,0.0,0.0,0.0,0.0,1.0,1.0,0.0,0.0,0.0,0.0,1.0,0.0,0.0,1.0,0.0,1.0,0.0,0.0,1.0,1.0,0.0,0.0,0.0,1.0,0.0,6.0,0.0,1.0,0.0,1.8675225532077033,0.0,1.0,0.0,0.0,1.0,0.0,0.0,1.0,0.0
5876-HZVZM,0,-1.0738427650786138,-0.29452667894836937,-0.8461756931830436,1.0,0.0,0.0,1.0,0.0,1.0,0.0,1.0,1.0,0.0,0.0,1.0,0.0,0.0,0.0,0.0,1.0,0.0,0.0,1.0,1.0,0.0,0.0,1.0,0.0,0.0,1.0,0.0,0.0,1.0,0.0,0.0,1.0,0.0,0.0,1.0,0.0,0.0,1.0,0.0,0.0,0.0,1.0,4.0,1.0,0.0,0.0,0.7879884473786039,1.0,0.0,0.0,1.0,0.0,0.0,1.0,0.0,0.0
1400-MMYXY,1,-1.1960038562387048,1.3672703212177542,-0.8597201483616231,0.0,1.0,0.0,1.0,1.0,0.0,0.0,1.0,0.0,0.0,1.0,0.0,1.0,0.0,1.0,0.0,0.0,0.0,0.0,1.0,0.0,0.0,1.0,1.0,0.0,0.0,0.0,0.0,1.0,0.0,0.0,1.0,1.0,0.0,0.0,0.0,1.0,0.0,0.0,1.0,0.0,0.0,1.0,7.0,1.0,0.0,0.0,0.718827237786126,1.0,0.0,0.0,1.0,0.0,0.0,1.0,0.0,0.0
5126-RCXYW,0,0.880734693482843,-0.6235624849812617,0.062096941218963454,0.0,1.0,0.0,1.0,0.0,1.0,1.0,0.0,0.0,1.0,0.0,1.0,0.0,0.0,1.0,0.0,0.0,1.0,0.0,0.0,0.0,0.0,1.0,0.0,0.0,1.0,1.0,0.0,0.0,0.0,0.0,1.0,0.0,0.0,1.0,1.0,0.0,0.0,1.0,0.0,0.0,1.0,0.0,4.0,0.0,1.0,0.0,0.07050584208668184,0.0,1.0,0.0,0.0,1.0,0.0,0.0,1.0,0.0
3085-QUOZK,0,-1.2774445836787656,-0.6916961619880726,-0.9879733444662832,1.0,0.0,1.0,0.0,1.0,0.0,0.0,1.0,1.0,0.0,0.0,1.0,0.0,0.0,1.0,0.0,0.0,1.0,0.0,0.0,1.0,0.0,0.0,1.0,0.0,0.0,1.0,0.0,0.0,1.0,0.0,0.0,1.0,0.0,0.0,1.0,0.0,0.0,0.0,0.0,1.0,0.0,1.0,2.0,1.0,0.0,0.0,0.7733982022305285,1.0,0.0,0.0,1.0,0.0,0.0,1.0,0.0,0.0
2363-BJLSL,0,1.2064976032430856,0.5197538511330312,1.1902574082269644,0.0,1.0,1.0,0.0,1.0,0.0,0.0,1.0,1.0,0.0,0.0,1.0,0.0,0.0,1.0,0.0,0.0,0.0,0.0,1.0,0.0,0.0,1.0,0.0,0.0,1.0,0.0,0.0,1.0,0.0,0.0,1.0,1.0,0.0,0.0,0.0,1.0,1.0,0.0,0.0,0.0,1.0,0.0,7.0,0.0,1.0,0.0,0.9865393889117828,0.0,1.0,0.0,0.0,1.0,0.0,0.0,1.0,0.0
1956-YIFGE,0,-0.4223169455581282,1.1728400721983174,-0.08517143463151991,0.0,1.0,0.0,1.0,0.0,1.0,0.0,1.0,1.0,0.0,0.0,0.0,1.0,0.0,1.0,0.0,0.0,0.0,0.0,1.0,0.0,0.0,1.0,1.0,0.0,0.0,0.0,0.0,1.0,0.0,0.0,1.0,0.0,1.0,0.0,0.0,1.0,0.0,0.0,0.0,1.0,1.0,0.0,6.0,0.0,0.0,1.0,0.20167657378502424,0.0,0.0,1.0,0.0,0.0,1.0,0.0,0.0,1.0
3926-CUQZX,0,-1.2774445836787656,-0.6534748309842519,-0.9874659788814177,0.0,1.0,1.0,0.0,1.0,0.0,0.0,1.0,1.0,0.0,0.0,1.0,0.0,0.0,1.0,0.0,0.0,1.0,0.0,0.0,1.0,0.0,0.0,1.0,0.0,0.0,1.0,0.0,0.0,1.0,0.0,0.0,1.0,0.0,0.0,0.0,1.0,1.0,0.0,0.0,0.0,0.0,1.0,2.0,1.0,0.0,0.0,0.7730010299450549,1.0,0.0,0.0,1.0,0.0,0.0,1.0,0.0,0.0
7921-LMDFQ,1,0.758573602322752,0.9717626351782166,1.1569918733584013,0.0,1.0,1.0,0.0,1.0,0.0,0.0,1.0,1.0,0.0,0.0,0.0,1.0,0.0,1.0,0.0,0.0,1.0,0.0,0.0,0.0,0.0,1.0,1.0,0.0,0.0,0.0,0.0,1.0,0.0,0.0,1.0,0.0,1.0,0.0,0.0,1.0,1.0,0.0,0.0,0.0,1.0,0.0,5.0,0.0,1.0,0.0,1.5252203211602575,0.0,1.0,0.0,0.0,1.0,0.0,0.0,1.0,0.0
2925-MXLSX,0,-0.0965540357978854,0.13920233809498894,-0.10791464845744085,1.0,0.0,1.0,0.0,1.0,0.0,0.0,1.0,0.0,0.0,1.0,1.0,0.0,0.0,1.0,0.0,0.0,0.0,0.0,1.0,0.0,0.0,1.0,1.0,0.0,0.0,0.0,0.0,1.0,1.0,0.0,0.0,0.0,1.0,0.0,0.0,1.0,0.0,1.0,0.0,0.0,1.0,0.0,6.0,0.0,0.0,1.0,1.1176606712052553,0.0,0.0,1.0,0.0,0.0,1.0,0.0,0.0,1.0
5820-PTRYM,1,0.9621754209229036,0.1225843680933277,0.7635629513552004,1.0,0.0,0.0,1.0,1.0,0.0,0.0,1.0,0.0,0.0,1.0,1.0,0.0,0.0,0.0,0.0,1.0,0.0,0.0,1.0,0.0,0.0,1.0,0.0,0.0,1.0,1.0,0.0,0.0,1.0,0.0,0.0,0.0,1.0,0.0,0.0,1.0,0.0,1.0,0.0,0.0,1.0,0.0,7.0,0.0,1.0,0.0,0.793579772202872,0.0,1.0,0.0,0.0,1.0,0.0,0.0,1.0,0.0
9609-BENEA,0,0.10704778280226633,0.14086413509515497,0.06988389997798375,0.0,1.0,0.0,1.0,1.0,0.0,0.0,1.0,0.0,0.0,1.0,1.0,0.0,0.0,1.0,0.0,0.0,0.0,0.0,1.0,1.0,0.0,0.0,0.0,0.0,1.0,0.0,0.0,1.0,1.0,0.0,0.0,0.0,1.0,0.0,0.0,1.0,0.0,0.0,1.0,0.0,1.0,0.0,6.0,0.0,0.0,1.0,0.6528290278283486,0.0,0.0,1.0,0.0,0.0,1.0,0.0,0.0,1.0
6211-WHMYA,1,1.2879383306831464,-0.6950197559884049,0.20634318293350953,1.0,0.0,1.0,0.0,1.0,0.0,1.0,0.0,0.0,1.0,0.0,1.0,0.0,0.0,1.0,0.0,0.0,0.0,0.0,1.0,1.0,0.0,0.0,0.0,0.0,1.0,0.0,0.0,1.0,1.0,0.0,0.0,1.0,0.0,0.0,0.0,1.0,0.0,0.0,1.0,0.0,1.0,0.0,4.0,0.0,1.0,0.0,0.16021200551121206,0.0,1.0,0.0,0.0,1.0,0.0,0.0,1.0,0.0
4459-BBGHE,0,-0.0965540357978854,-0.6734163949862454,-0.43037856669925706,0.0,1.0,1.0,0.0,0.0,1.0,1.0,0.0,0.0,1.0,0.0,1.0,0.0,0.0,1.0,0.0,0.0,1.0,0.0,0.0,1.0,0.0,0.0,1.0,0.0,0.0,0.0,0.0,1.0,0.0,0.0,1.0,1.0,0.0,0.0,0.0,1.0,0.0,0.0,1.0,0.0,1.0,0.0,3.0,0.0,0.0,1.0,4.457385578373541,0.0,0.0,1.0,0.0,0.0,1.0,0.0,0.0,1.0
9945-PSVIP,0,-0.30015585439803716,-1.5309036470719648,-0.838101962571708,1.0,0.0,0.0,1.0,0.0,1.0,0.0,1.0,1.0,0.0,0.0,0.0,0.0,1.0,0.0,1.0,0.0,0.0,1.0,0.0,0.0,1.0,0.0,0.0,1.0,0.0,0.0,1.0,0.0,0.0,1.0,0.0,0.0,0.0,1.0,0.0,1.0,0.0,0.0,0.0,1.0,1.0,0.0,1.0,0.0,0.0,1.0,2.7922226079931782,0.0,0.0,1.0,0.0,0.0,1.0,0.0,0.0,1.0
1041-RXHRA,0,0.35136996512244845,0.18240906009930805,0.25798417572350085,1.0,0.0,1.0,0.0,1.0,0.0,0.0,1.0,1.0,0.0,0.0,0.0,1.0,0.0,1.0,0.0,0.0,1.0,0.0,0.0,1.0,0.0,0.0,1.0,0.0,0.0,1.0,0.0,0.0,1.0,0.0,0.0,1.0,0.0,0.0,1.0,0.0,1.0,0.0,0.0,0.0,0.0,1.0,2.0,0.0,0.0,1.0,0.7342237565285248,0.0,0.0,1.0,0.0,0.0,1.0,0.0,0.0,1.0
1750-CSKKM,0,-0.9516816739185228,-0.31280644595019663,-0.8089394711285776,0.0,1.0,1.0,0.0,0.0,1.0,0.0,1.0,1.0,0.0,0.0,1.0,0.0,0.0,1.0,0.0,0.0,1.0,0.0,0.0,1.0,0.0,0.0,1.0,0.0,0.0,0.0,0.0,1.0,1.0,0.0,0.0,1.0,0.0,0.0,1.0,0.0,0.0,0.0,1.0,0.0,0.0,1.0,3.0,1.0,0.0,0.0,0.8500105584651976,1.0,0.0,0.0,1.0,0.0,0.0,1.0,0.0,0.0
9108-EJFJP,0,-1.2774445836787656,-0.3726311379561772,-0.98373794480132,1.0,0.0,0.0,1.0,1.0,0.0,0.0,1.0,1.0,0.0,0.0,1.0,0.0,0.0,0.0,0.0,1.0,0.0,0.0,1.0,1.0,0.0,0.0,1.0,0.0,0.0,1.0,0.0,0.0,1.0,0.0,0.0,1.0,0.0,0.0,0.0,1.0,0.0,0.0,0.0,1.0,1.0,0.0,4.0,1.0,0.0,0.0,0.770082677064837,1.0,0.0,0.0,1.0,0.0,0.0,1.0,0.0,0.0
0530-IJVDB,0,1.5322605130033284,1.656422999246659,2.470296660095747,0.0,1.0,1.0,0.0,0.0,1.0,0.0,1.0,0.0,0.0,1.0,0.0,1.0,0.0,0.0,0.0,1.0,0.0,0.0,1.0,0.0,0.0,1.0,0.0,0.0,1.0,0.0,0.0,1.0,0.0,0.0,1.0,0.0,0.0,1.0,0.0,1.0,0.0,0.0,1.0,0.0,1.0,0.0,9.0,0.0,1.0,0.0,1.6121910335298062,0.0,1.0,0.0,0.0,1.0,0.0,0.0,1.0,0.0
0508-SQWPL,0,1.002895784642934,-1.4843733310673135,-0.5274839277678351,1.0,0.0,0.0,1.0,0.0,1.0,0.0,1.0,1.0,0.0,0.0,0.0,0.0,1.0,0.0,1.0,0.0,0.0,1.0,0.0,0.0,1.0,0.0,0.0,1.0,0.0,0.0,1.0,0.0,0.0,1.0,0.0,0.0,0.0,1.0,0.0,1.0,1.0,0.0,0.0,0.0,1.0,0.0,1.0,0.0,1.0,0.0,-0.5259608583913211,0.0,1.0,0.0,0.0,1.0,0.0,0.0,1.0,0.0
2215-ZAFGX,0,-0.9516816739185228,0.6892571451499756,-0.6580754174375267,0.0,1.0,1.0,0.0,1.0,0.0,0.0,1.0,0.0,0.0,1.0,0.0,1.0,0.0,1.0,0.0,0.0,1.0,0.0,0.0,1.0,0.0,0.0,1.0,0.0,0.0,0.0,0.0,1.0,1.0,0.0,0.0,1.0,0.0,0.0,0.0,1.0,0.0,0.0,1.0,0.0,1.0,0.0,4.0,1.0,0.0,0.0,0.6914869073058006,1.0,0.0,0.0,1.0,0.0,0.0,1.0,0.0,0.0
8213-TAZPM,0,1.4915401492832983,1.461992750227223,2.298476201812432,1.0,0.0,0.0,1.0,0.0,1.0,0.0,1.0,0.0,0.0,1.0,0.0,1.0,0.0,1.0,0.0,0.0,0.0,0.0,1.0,0.0,0.0,1.0,0.0,0.0,1.0,0.0,0.0,1.0,0.0,0.0,1.0,0.0,1.0,0.0,0.0,1.0,1.0,0.0,0.0,0.0,1.0,0.0,8.0,0.0,1.0,0.0,1.5410086030314878,0.0,1.0,0.0,0.0,1.0,0.0,0.0,1.0,0.0
7142-HVGBG,1,0.43281069256250915,1.2708860952081187,0.9401702936348543,0.0,1.0,0.0,1.0,1.0,0.0,0.0,1.0,0.0,0.0,1.0,0.0,1.0,0.0,1.0,0.0,0.0,0.0,0.0,1.0,0.0,0.0,1.0,1.0,0.0,0.0,0.0,0.0,1.0,0.0,0.0,1.0,1.0,0.0,0.0,0.0,1.0,0.0,0.0,1.0,0.0,0.0,1.0,7.0,0.0,0.0,1.0,2.172243684804689,0.0,0.0,1.0,0.0,0.0,1.0,0.0,0.0,1.0
1304-SEGFY,0,1.6137012404433893,1.099721004191008,2.010932271433305,1.0,0.0,0.0,1.0,1.0,0.0,0.0,1.0,0.0,0.0,1.0,0.0,1.0,0.0,1.0,0.0,0.0,1.0,0.0,0.0,0.0,0.0,1.0,1.0,0.0,0.0,0.0,0.0,1.0,0.0,0.0,1.0,0.0,0.0,1.0,0.0,1.0,0.0,0.0,1.0,0.0,1.0,0.0,6.0,0.0,1.0,0.0,1.2461614461427635,0.0,1.0,0.0,0.0,1.0,0.0,0.0,1.0,0.0
7242-EDTYC,0,0.47353105628253944,-1.502653098069141,-0.645611871548443,0.0,1.0,1.0,0.0,0.0,1.0,0.0,1.0,1.0,0.0,0.0,0.0,0.0,1.0,0.0,1.0,0.0,0.0,1.0,0.0,0.0,1.0,0.0,0.0,1.0,0.0,0.0,1.0,0.0,0.0,1.0,0.0,0.0,0.0,1.0,1.0,0.0,1.0,0.0,0.0,0.0,1.0,0.0,1.0,0.0,0.0,1.0,-1.3633992173962692,0.0,0.0,1.0,0.0,0.0,1.0,0.0,0.0,1.0
2904-GGUAZ,0,1.6137012404433893,0.641065032145158,1.662813302095906,1.0,0.0,0.0,1.0,1.0,0.0,0.0,1.0,0.0,0.0,1.0,0.0,1.0,0.0,0.0,0.0,1.0,0.0,0.0,1.0,1.0,0.0,0.0,1.0,0.0,0.0,1.0,0.0,0.0,1.0,0.0,0.0,0.0,0.0,1.0,0.0,1.0,1.0,0.0,0.0,0.0,1.0,0.0,5.0,0.0,1.0,0.0,1.0304344202146256,0.0,1.0,0.0,0.0,1.0,0.0,0.0,1.0,0.0
8267-ZNYVZ,0,0.025607055362205634,1.2958130502106107,0.4754895960179534,1.0,0.0,0.0,1.0,1.0,0.0,0.0,1.0,1.0,0.0,0.0,0.0,1.0,0.0,0.0,0.0,1.0,1.0,0.0,0.0,0.0,0.0,1.0,0.0,0.0,1.0,0.0,0.0,1.0,0.0,0.0,1.0,0.0,1.0,0.0,0.0,1.0,0.0,0.0,1.0,0.0,0.0,1.0,7.0,0.0,0.0,1.0,18.56869481056168,0.0,0.0,1.0,0.0,0.0,1.0,0.0,0.0,1.0
5136-GFPMB,0,0.880734693482843,0.8188773111629334,1.140998827748515,0.0,1.0,1.0,0.0,1.0,0.0,0.0,1.0,0.0,0.0,1.0,0.0,1.0,0.0,1.0,0.0,0.0,1.0,0.0,0.0,0.0,0.0,1.0,1.0,0.0,0.0,1.0,0.0,0.0,0.0,0.0,1.0,1.0,0.0,0.0,1.0,0.0,0.0,1.0,0.0,0.0,1.0,0.0,5.0,0.0,1.0,0.0,1.2955079846309496,0.0,1.0,0.0,0.0,1.0,0.0,0.0,1.0,0.0
2595-KIWPV,0,-0.21871512695797646,-1.4976677070686424,-0.7826667575818541,0.0,1.0,1.0,0.0,0.0,1.0,0.0,1.0,1.0,0.0,0.0,0.0,0.0,1.0,0.0,1.0,0.0,0.0,1.0,0.0,0.0,1.0,0.0,0.0,1.0,0.0,0.0,1.0,0.0,0.0,1.0,0.0,0.0,0.0,1.0,1.0,0.0,0.0,1.0,0.0,0.0,1.0,0.0,1.0,0.0,0.0,1.0,3.5784756567488554,0.0,0.0,1.0,0.0,0.0,1.0,0.0,0.0,1.0
5243-SAOTC,0,0.880734693482843,0.5014740841312035,0.8933823629609664,0.0,1.0,1.0,0.0,1.0,0.0,0.0,1.0,0.0,0.0,1.0,0.0,1.0,0.0,1.0,0.0,0.0,0.0,0.0,1.0,1.0,0.0,0.0,1.0,0.0,0.0,1.0,0.0,0.0,1.0,0.0,0.0,1.0,0.0,0.0,0.0,1.0,1.0,0.0,0.0,0.0,1.0,0.0,4.0,0.0,1.0,0.0,1.0143603625151958,0.0,1.0,0.0,0.0,1.0,0.0,0.0,1.0,0.0
9398-MMQTO,0,-1.1960038562387048,0.32200000811326246,-0.9098169850237633,0.0,1.0,1.0,0.0,1.0,0.0,0.0,1.0,1.0,0.0,0.0,0.0,1.0,0.0,1.0,0.0,0.0,0.0,0.0,1.0,1.0,0.0,0.0,1.0,0.0,0.0,1.0,0.0,0.0,1.0,0.0,0.0,1.0,0.0,0.0,1.0,0.0,0.0,1.0,0.0,0.0,1.0,0.0,3.0,1.0,0.0,0.0,0.7607140899068952,1.0,0.0,0.0,1.0,0.0,0.0,1.0,0.0,0.0
7619-PLRLP,0,0.8400143297628127,0.31036742911209936,0.6841271482638895,1.0,0.0,0.0,1.0,1.0,0.0,0.0,1.0,0.0,0.0,1.0,1.0,0.0,0.0,0.0,0.0,1.0,0.0,0.0,1.0,0.0,0.0,1.0,1.0,0.0,0.0,1.0,0.0,0.0,0.0,0.0,1.0,0.0,1.0,0.0,1.0,0.0,1.0,0.0,0.0,0.0,1.0,0.0,7.0,0.0,1.0,0.0,0.8144231878247368,0.0,1.0,0.0,0.0,1.0,0.0,0.0,1.0,0.0
6457-GIRWB,0,-1.2774445836787656,0.15249671409631763,-0.9767671828527352,0.0,1.0,1.0,0.0,1.0,0.0,0.0,1.0,1.0,0.0,0.0,0.0,1.0,0.0,1.0,0.0,0.0,1.0,0.0,0.0,1.0,0.0,0.0,1.0,0.0,0.0,1.0,0.0,0.0,1.0,0.0,0.0,1.0,0.0,0.0,0.0,1.0,0.0,0.0,1.0,0.0,0.0,1.0,2.0,1.0,0.0,0.0,0.7646258752296369,1.0,0.0,0.0,1.0,0.0,0.0,1.0,0.0,0.0
6508-NJYRO,0,-0.7073594915983407,-1.5275800530716328,-0.8772352907261054,0.0,1.0,0.0,1.0,1.0,0.0,0.0,1.0,1.0,0.0,0.0,0.0,0.0,1.0,0.0,1.0,0.0,0.0,1.0,0.0,0.0,1.0,0.0,0.0,1.0,0.0,0.0,1.0,0.0,0.0,1.0,0.0,0.0,1.0,0.0,1.0,0.0,0.0,0.0,0.0,1.0,1.0,0.0,1.0,1.0,0.0,0.0,1.2401548309529509,1.0,0.0,0.0,1.0,0.0,0.0,1.0,0.0,0.0
1450-SKCVI,0,0.9621754209229036,0.3020584441112687,0.7983505829783597,1.0,0.0,1.0,0.0,1.0,0.0,0.0,1.0,1.0,0.0,0.0,0.0,1.0,0.0,1.0,0.0,0.0,0.0,0.0,1.0,1.0,0.0,0.0,1.0,0.0,0.0,1.0,0.0,0.0,1.0,0.0,0.0,1.0,0.0,0.0,0.0,1.0,0.0,0.0,1.0,0.0,0.0,1.0,3.0,0.0,1.0,0.0,0.8297349585303211,0.0,1.0,0.0,0.0,1.0,0.0,0.0,1.0,0.0
4710-NKCAW,0,-1.1145631287986442,-0.012021188920128179,-0.8675512258671536,0.0,1.0,0.0,1.0,0.0,1.0,0.0,1.0,0.0,0.0,1.0,1.0,0.0,0.0,0.0,0.0,1.0,0.0,0.0,1.0,1.0,0.0,0.0,0.0,0.0,1.0,1.0,0.0,0.0,1.0,0.0,0.0,1.0,0.0,0.0,1.0,0.0,0.0,1.0,0.0,0.0,1.0,0.0,6.0,1.0,0.0,0.0,0.7783778266577528,1.0,0.0,0.0,1.0,0.0,0.0,1.0,0.0,0.0
5306-BVTKJ,0,0.6364125111626608,-0.29785027294870164,0.1623126739164986,0.0,1.0,0.0,1.0,0.0,1.0,0.0,1.0,1.0,0.0,0.0,1.0,0.0,0.0,1.0,0.0,0.0,0.0,0.0,1.0,0.0,0.0,1.0,1.0,0.0,0.0,1.0,0.0,0.0,1.0,0.0,0.0,0.0,1.0,0.0,0.0,1.0,0.0,1.0,0.0,0.0,1.0,0.0,4.0,0.0,1.0,0.0,0.25504318515041424,0.0,1.0,0.0,0.0,1.0,0.0,0.0,1.0,0.0
0357-NVCRI,0,-0.30015585439803716,-1.4860351280674797,-0.7992554062696258,1.0,0.0,1.0,0.0,0.0,1.0,0.0,1.0,1.0,0.0,0.0,0.0,0.0,1.0,0.0,1.0,0.0,0.0,1.0,0.0,0.0,1.0,0.0,0.0,1.0,0.0,0.0,1.0,0.0,0.0,1.0,0.0,1.0,0.0,0.0,1.0,0.0,0.0,1.0,0.0,0.0,1.0,0.0,1.0,0.0,0.0,1.0,2.6628013232409984,0.0,0.0,1.0,0.0,0.0,1.0,0.0,0.0,1.0
5570-PTWEH,0,-1.1960038562387048,0.34526516611558833,-0.9117361504969497,1.0,0.0,0.0,1.0,1.0,0.0,0.0,1.0,0.0,0.0,1.0,0.0,1.0,0.0,1.0,0.0,0.0,1.0,0.0,0.0,1.0,0.0,0.0,1.0,0.0,0.0,1.0,0.0,0.0,1.0,0.0,0.0,1.0,0.0,0.0,0.0,1.0,0.0,1.0,0.0,0.0,0.0,1.0,3.0,1.0,0.0,0.0,0.7623187381387344,1.0,0.0,0.0,1.0,0.0,0.0,1.0,0.0,0.0
2371-KFUOG,0,1.0436161483629645,1.1429277261953275,1.5166478949081734,0.0,1.0,1.0,0.0,1.0,0.0,0.0,1.0,1.0,0.0,0.0,0.0,1.0,0.0,0.0,0.0,1.0,0.0,0.0,1.0,1.0,0.0,0.0,1.0,0.0,0.0,0.0,0.0,1.0,0.0,0.0,1.0,0.0,1.0,0.0,1.0,0.0,1.0,0.0,0.0,0.0,1.0,0.0,6.0,0.0,1.0,0.0,1.4532621953840168,0.0,1.0,0.0,0.0,1.0,0.0,0.0,1.0,0.0
0463-ZSDNT,0,-0.9109613101984924,-0.2662761299455452,-0.785335941745711,0.0,1.0,1.0,0.0,1.0,0.0,0.0,1.0,1.0,0.0,0.0,1.0,0.0,0.0,1.0,0.0,0.0,1.0,0.0,0.0,1.0,0.0,0.0,1.0,0.0,0.0,1.0,0.0,0.0,0.0,0.0,1.0,1.0,0.0,0.0,0.0,1.0,1.0,0.0,0.0,0.0,1.0,0.0,3.0,1.0,0.0,0.0,0.8620958244369253,1.0,0.0,0.0,1.0,0.0,0.0,1.0,0.0,0.0
6502-MJQAE,0,-1.2774445836787656,0.16080569909714826,-0.9766568859864602,0.0,1.0,1.0,0.0,1.0,0.0,0.0,1.0,1.0,0.0,0.0,0.0,1.0,0.0,1.0,0.0,0.0,1.0,0.0,0.0,1.0,0.0,0.0,1.0,0.0,0.0,1.0,0.0,0.0,1.0,0.0,0.0,1.0,0.0,0.0,0.0,1.0,0.0,0.0,1.0,0.0,0.0,1.0,2.0,1.0,0.0,0.0,0.764539533428447,1.0,0.0,0.0,1.0,0.0,0.0,1.0,0.0,0.0
6257-DTAYD,0,1.5729808767233588,1.3091074262119398,2.2421145031458676,0.0,1.0,0.0,1.0,1.0,0.0,0.0,1.0,0.0,0.0,1.0,0.0,1.0,0.0,1.0,0.0,0.0,0.0,0.0,1.0,1.0,0.0,0.0,0.0,0.0,1.0,0.0,0.0,1.0,0.0,0.0,1.0,0.0,0.0,1.0,0.0,1.0,0.0,1.0,0.0,0.0,1.0,0.0,7.0,0.0,1.0,0.0,1.425392092379639,0.0,1.0,0.0,0.0,1.0,0.0,0.0,1.0,0.0
4616-ULAOA,0,1.3286586944031769,1.5301264272340338,2.1894367198128903,1.0,0.0,0.0,1.0,0.0,1.0,0.0,1.0,0.0,0.0,1.0,0.0,1.0,0.0,1.0,0.0,0.0,0.0,0.0,1.0,0.0,0.0,1.0,0.0,0.0,1.0,0.0,0.0,1.0,0.0,0.0,1.0,0.0,0.0,1.0,0.0,1.0,0.0,1.0,0.0,0.0,1.0,0.0,8.0,0.0,1.0,0.0,1.6478548848064916,0.0,1.0,0.0,0.0,1.0,0.0,0.0,1.0,0.0
7693-LCKZL,0,-1.1145631287986442,0.5114448661322006,-0.8375063594938226,0.0,1.0,0.0,1.0,0.0,1.0,0.0,1.0,0.0,0.0,1.0,0.0,1.0,0.0,1.0,0.0,0.0,0.0,0.0,1.0,1.0,0.0,0.0,1.0,0.0,0.0,1.0,0.0,0.0,1.0,0.0,0.0,1.0,0.0,0.0,0.0,1.0,0.0,0.0,1.0,0.0,0.0,1.0,4.0,1.0,0.0,0.0,0.7514211962103455,1.0,0.0,0.0,1.0,0.0,0.0,1.0,0.0,0.0
7746-AWNQW,0,-0.1779947632379461,-0.9642308700153169,-0.5832059046100042,1.0,0.0,1.0,0.0,1.0,0.0,1.0,0.0,0.0,1.0,0.0,1.0,0.0,0.0,1.0,0.0,0.0,1.0,0.0,0.0,0.0,0.0,1.0,0.0,0.0,1.0,1.0,0.0,0.0,1.0,0.0,0.0,1.0,0.0,0.0,0.0,1.0,0.0,0.0,0.0,1.0,1.0,0.0,3.0,0.0,0.0,1.0,3.27653406201825,0.0,0.0,1.0,0.0,0.0,1.0,0.0,0.0,1.0
5996-EBTKM,0,1.4100994218432374,0.17077648109814536,1.0291136865990764,1.0,0.0,0.0,1.0,0.0,1.0,0.0,1.0,0.0,0.0,1.0,1.0,0.0,0.0,1.0,0.0,0.0,1.0,0.0,0.0,0.0,0.0,1.0,0.0,0.0,1.0,1.0,0.0,0.0,0.0,0.0,1.0,0.0,0.0,1.0,0.0,1.0,1.0,0.0,0.0,0.0,1.0,0.0,6.0,0.0,1.0,0.0,0.7298164020618145,0.0,1.0,0.0,0.0,1.0,0.0,0.0,1.0,0.0
2758-RNWXS,0,0.10704778280226633,0.8122301231622688,0.4270692717231944,0.0,1.0,1.0,0.0,1.0,0.0,0.0,1.0,1.0,0.0,0.0,0.0,1.0,0.0,0.0,0.0,1.0,1.0,0.0,0.0,1.0,0.0,0.0,0.0,0.0,1.0,1.0,0.0,0.0,0.0,0.0,1.0,0.0,1.0,0.0,0.0,1.0,0.0,0.0,1.0,0.0,1.0,0.0,5.0,0.0,0.0,1.0,3.98952001193763,0.0,0.0,1.0,0.0,0.0,1.0,0.0,0.0,1.0
2314-TNDJQ,0,1.6137012404433893,-0.3028356639492,0.704465890405014,1.0,0.0,0.0,1.0,0.0,1.0,1.0,0.0,0.0,1.0,0.0,1.0,0.0,0.0,0.0,0.0,1.0,0.0,0.0,1.0,0.0,0.0,1.0,0.0,0.0,1.0,1.0,0.0,0.0,0.0,0.0,1.0,0.0,0.0,1.0,1.0,0.0,0.0,1.0,0.0,0.0,1.0,0.0,6.0,0.0,1.0,0.0,0.4365528591968183,0.0,1.0,0.0,0.0,1.0,0.0,0.0,1.0,0.0
2405-LBMUW,0,1.1657772395230555,-0.467353566965646,0.35535424927113907,1.0,0.0,0.0,1.0,0.0,1.0,1.0,0.0,0.0,1.0,0.0,1.0,0.0,0.0,0.0,0.0,1.0,0.0,0.0,1.0,1.0,0.0,0.0,0.0,0.0,1.0,1.0,0.0,0.0,0.0,0.0,1.0,0.0,1.0,0.0,0.0,1.0,1.0,0.0,0.0,0.0,1.0,0.0,5.0,0.0,1.0,0.0,0.3048217422880225,0.0,1.0,0.0,0.0,1.0,0.0,0.0,1.0,0.0
3454-JFUBC,1,1.4508197855632678,-1.4876969250676457,-0.3914658322774097,0.0,1.0,1.0,0.0,1.0,0.0,0.0,1.0,1.0,0.0,0.0,0.0,0.0,1.0,0.0,1.0,0.0,0.0,1.0,0.0,0.0,1.0,0.0,0.0,1.0,0.0,0.0,1.0,0.0,0.0,1.0,0.0,0.0,0.0,1.0,0.0,1.0,0.0,1.0,0.0,0.0,1.0,0.0,1.0,0.0,1.0,0.0,-0.2698238858973285,0.0,1.0,0.0,0.0,1.0,0.0,0.0,1.0,0.0
0032-PGELS,0,-1.2774445836787656,-1.1387195550327598,-0.9939073158718823,1.0,0.0,0.0,1.0,0.0,1.0,1.0,0.0,0.0,1.0,0.0,1.0,0.0,0.0,0.0,0.0,1.0,1.0,0.0,0.0,1.0,0.0,0.0,1.0,0.0,0.0,1.0,0.0,0.0,1.0,0.0,0.0,1.0,0.0,0.0,1.0,0.0,1.0,0.0,0.0,0.0,0.0,1.0,2.0,1.0,0.0,0.0,0.7780433911345438,1.0,0.0,0.0,1.0,0.0,0.0,1.0,0.0,0.0
9039-ZVJDC,0,-1.1960038562387048,-1.517609271070636,-0.9839585385338702,0.0,1.0,1.0,0.0,1.0,0.0,0.0,1.0,1.0,0.0,0.0,0.0,0.0,1.0,0.0,1.0,0.0,0.0,1.0,0.0,0.0,1.0,0.0,0.0,1.0,0.0,0.0,1.0,0.0,0.0,1.0,0.0,1.0,0.0,0.0,0.0,1.0,0.0,0.0,0.0,1.0,1.0,0.0,1.0,1.0,0.0,0.0,0.8227051555070292,1.0,0.0,0.0,1.0,0.0,0.0,1.0,0.0,0.0
6797-LNAQX,0,1.5322605130033284,1.114677177192503,2.0189618832981306,0.0,1.0,0.0,1.0,0.0,1.0,0.0,1.0,0.0,0.0,1.0,0.0,1.0,0.0,1.0,0.0,0.0,0.0,0.0,1.0,1.0,0.0,0.0,1.0,0.0,0.0,0.0,0.0,1.0,0.0,0.0,1.0,0.0,0.0,1.0,1.0,0.0,1.0,0.0,0.0,0.0,0.0,1.0,6.0,0.0,1.0,0.0,1.3176361762014193,0.0,1.0,0.0,0.0,1.0,0.0,0.0,1.0,0.0
9013-AQORL,0,0.6364125111626608,-0.6385186579827569,-0.07718594151320435,1.0,0.0,1.0,0.0,0.0,1.0,1.0,0.0,0.0,1.0,0.0,1.0,0.0,0.0,1.0,0.0,0.0,0.0,0.0,1.0,0.0,0.0,1.0,1.0,0.0,0.0,1.0,0.0,0.0,0.0,0.0,1.0,1.0,0.0,0.0,1.0,0.0,0.0,1.0,0.0,0.0,1.0,0.0,4.0,0.0,1.0,0.0,-0.12128287888651575,0.0,1.0,0.0,0.0,1.0,0.0,0.0,1.0,0.0
2898-MRKPI,0,1.4508197855632678,1.2060760122016398,1.9796961989042032,0.0,1.0,0.0,1.0,0.0,1.0,0.0,1.0,0.0,0.0,1.0,0.0,1.0,0.0,1.0,0.0,0.0,0.0,0.0,1.0,1.0,0.0,0.0,1.0,0.0,0.0,0.0,0.0,1.0,0.0,0.0,1.0,0.0,1.0,0.0,0.0,1.0,0.0,1.0,0.0,0.0,1.0,0.0,6.0,0.0,1.0,0.0,1.3645362564004486,0.0,1.0,0.0,0.0,1.0,0.0,0.0,1.0,0.0
2750-BJLSB,0,0.5956921474426305,1.2941512532104444,1.0797178888460823,1.0,0.0,1.0,0.0,1.0,0.0,0.0,1.0,1.0,0.0,0.0,0.0,1.0,0.0,0.0,0.0,1.0,1.0,0.0,0.0,0.0,0.0,1.0,0.0,0.0,1.0,0.0,0.0,1.0,0.0,0.0,1.0,0.0,1.0,0.0,0.0,1.0,0.0,0.0,1.0,0.0,1.0,0.0,7.0,0.0,1.0,0.0,1.812543431168978,0.0,1.0,0.0,0.0,1.0,0.0,0.0,1.0,0.0
3648-GZPHF,0,-0.015113308357824713,-0.9476129000136557,-0.49953470185373056,0.0,1.0,0.0,1.0,0.0,1.0,1.0,0.0,0.0,1.0,0.0,1.0,0.0,0.0,1.0,0.0,0.0,1.0,0.0,0.0,0.0,0.0,1.0,0.0,0.0,1.0,1.0,0.0,0.0,1.0,0.0,0.0,0.0,1.0,0.0,0.0,1.0,0.0,0.0,0.0,1.0,1.0,0.0,3.0,0.0,0.0,1.0,33.05263745215012,0.0,0.0,1.0,0.0,0.0,1.0,0.0,0.0,1.0
2075-RMJIK,0,-1.1145631287986442,-0.5105602889699654,-0.9047653885483646,1.0,0.0,0.0,1.0,0.0,1.0,0.0,1.0,1.0,0.0,0.0,1.0,0.0,0.0,0.0,0.0,1.0,1.0,0.0,0.0,1.0,0.0,0.0,1.0,0.0,0.0,1.0,0.0,0.0,1.0,0.0,0.0,1.0,0.0,0.0,0.0,1.0,0.0,0.0,0.0,1.0,1.0,0.0,3.0,1.0,0.0,0.0,0.811766839554064,1.0,0.0,0.0,1.0,0.0,0.0,1.0,0.0,0.0
9588-YRFHY,0,0.6771328748826912,-1.491020519067978,-0.5562052317458653,0.0,1.0,1.0,0.0,1.0,0.0,0.0,1.0,1.0,0.0,0.0,0.0,0.0,1.0,0.0,1.0,0.0,0.0,1.0,0.0,0.0,1.0,0.0,0.0,1.0,0.0,0.0,1.0,0.0,0.0,1.0,0.0,0.0,0.0,1.0,0.0,1.0,0.0,1.0,0.0,0.0,1.0,0.0,1.0,0.0,1.0,0.0,-0.8214122403113631,0.0,1.0,0.0,0.0,1.0,0.0,0.0,1.0,0.0
6394-MFYNG,0,0.6364125111626608,1.4171242312227377,1.2520898314607731,1.0,0.0,1.0,0.0,1.0,0.0,0.0,1.0,0.0,0.0,1.0,0.0,1.0,0.0,1.0,0.0,0.0,0.0,0.0,1.0,0.0,0.0,1.0,1.0,0.0,0.0,0.0,0.0,1.0,0.0,0.0,1.0,1.0,0.0,0.0,0.0,1.0,1.0,0.0,0.0,0.0,0.0,1.0,7.0,0.0,1.0,0.0,1.9674186309966353,0.0,1.0,0.0,0.0,1.0,0.0,0.0,1.0,0.0
1564-NTYXF,1,-0.7888002190384014,0.572931355138347,-0.5100570228963729,1.0,0.0,1.0,0.0,1.0,0.0,0.0,1.0,0.0,0.0,1.0,0.0,1.0,0.0,1.0,0.0,0.0,1.0,0.0,0.0,1.0,0.0,0.0,1.0,0.0,0.0,1.0,0.0,0.0,0.0,0.0,1.0,1.0,0.0,0.0,0.0,1.0,0.0,0.0,1.0,0.0,0.0,1.0,4.0,1.0,0.0,0.0,0.6466238352699312,1.0,0.0,0.0,1.0,0.0,0.0,1.0,0.0,0.0
9364-YKUVW,0,-0.7073594915983407,-1.4943441130683104,-0.8708601318554059,0.0,1.0,1.0,0.0,1.0,0.0,0.0,1.0,1.0,0.0,0.0,0.0,0.0,1.0,0.0,1.0,0.0,0.0,1.0,0.0,0.0,1.0,0.0,0.0,1.0,0.0,0.0,1.0,0.0,0.0,1.0,0.0,1.0,0.0,0.0,0.0,1.0,0.0,0.0,0.0,1.0,1.0,0.0,1.0,1.0,0.0,0.0,1.2311422158026342,1.0,0.0,0.0,1.0,0.0,0.0,1.0,0.0,0.0
5392-AKEMH,0,-0.8295205827584317,-0.6551366279844181,-0.7765783705634699,1.0,0.0,1.0,0.0,1.0,0.0,0.0,1.0,1.0,0.0,0.0,1.0,0.0,0.0,1.0,0.0,0.0,1.0,0.0,0.0,1.0,0.0,0.0,1.0,0.0,0.0,1.0,0.0,0.0,1.0,0.0,0.0,1.0,0.0,0.0,0.0,1.0,0.0,0.0,1.0,0.0,1.0,0.0,2.0,1.0,0.0,0.0,0.9361773374942532,1.0,0.0,0.0,1.0,0.0,0.0,1.0,0.0,0.0
2451-YMUXS,1,1.4100994218432374,-0.007035797919630092,0.8677273118653835,0.0,1.0,1.0,0.0,1.0,0.0,0.0,1.0,0.0,0.0,1.0,1.0,0.0,0.0,0.0,0.0,1.0,0.0,0.0,1.0,1.0,0.0,0.0,0.0,0.0,1.0,1.0,0.0,0.0,1.0,0.0,0.0,0.0,0.0,1.0,0.0,1.0,1.0,0.0,0.0,0.0,1.0,0.0,6.0,0.0,1.0,0.0,0.615366050381836,0.0,1.0,0.0,0.0,1.0,0.0,0.0,1.0,0.0
3914-FDRHP,0,-0.9516816739185228,0.7141841001524675,-0.6674285916976533,0.0,1.0,1.0,0.0,1.0,0.0,0.0,1.0,1.0,0.0,0.0,0.0,1.0,0.0,1.0,0.0,0.0,1.0,0.0,0.0,1.0,0.0,0.0,0.0,0.0,1.0,0.0,0.0,1.0,1.0,0.0,0.0,1.0,0.0,0.0,1.0,0.0,0.0,0.0,1.0,0.0,1.0,0.0,4.0,1.0,0.0,0.0,0.701314956449182,1.0,0.0,0.0,1.0,0.0,0.0,1.0,0.0,0.0
3078-ZKNTS,0,-0.7888002190384014,-1.4960059100684764,-0.8985225859171954,1.0,0.0,0.0,1.0,0.0,1.0,0.0,1.0,1.0,0.0,0.0,0.0,0.0,1.0,0.0,1.0,0.0,0.0,1.0,0.0,0.0,1.0,0.0,0.0,1.0,0.0,0.0,1.0,0.0,0.0,1.0,0.0,0.0,0.0,1.0,0.0,1.0,1.0,0.0,0.0,0.0,1.0,0.0,1.0,1.0,0.0,0.0,1.1391003250639975,1.0,0.0,0.0,1.0,0.0,0.0,1.0,0.0,0.0
1024-KPRBB,0,0.22920887396235737,0.8089065291619363,0.46708497480779243,1.0,0.0,1.0,0.0,1.0,0.0,0.0,1.0,1.0,0.0,0.0,0.0,1.0,0.0,1.0,0.0,0.0,1.0,0.0,0.0,1.0,0.0,0.0,1.0,0.0,0.0,0.0,0.0,1.0,0.0,0.0,1.0,0.0,1.0,0.0,0.0,1.0,0.0,0.0,0.0,1.0,1.0,0.0,4.0,0.0,0.0,1.0,2.037813661981085,0.0,0.0,1.0,0.0,0.0,1.0,0.0,0.0,1.0
4690-PKDQG,1,0.3920903288424788,1.0232783421833662,0.7267679167658345,1.0,0.0,0.0,1.0,1.0,0.0,0.0,1.0,0.0,0.0,1.0,0.0,1.0,0.0,1.0,0.0,0.0,0.0,0.0,1.0,0.0,0.0,1.0,1.0,0.0,0.0,0.0,0.0,1.0,1.0,0.0,0.0,1.0,0.0,0.0,0.0,1.0,0.0,0.0,1.0,0.0,1.0,0.0,6.0,0.0,0.0,1.0,1.8535726675824526,0.0,0.0,1.0,0.0,0.0,1.0,0.0,0.0,1.0
8155-IBNHG,0,-0.3408762181180675,0.35357415111641893,-0.2362340226818659,1.0,0.0,0.0,1.0,1.0,0.0,0.0,1.0,0.0,0.0,1.0,0.0,1.0,0.0,1.0,0.0,0.0,1.0,0.0,0.0,1.0,0.0,0.0,1.0,0.0,0.0,1.0,0.0,0.0,1.0,0.0,0.0,1.0,0.0,0.0,0.0,1.0,0.0,1.0,0.0,0.0,0.0,1.0,3.0,0.0,0.0,1.0,0.6930199589343096,0.0,0.0,1.0,0.0,0.0,1.0,0.0,0.0,1.0
0886-QGENL,1,-0.21871512695797646,1.2127232002023045,0.20786527968810553,1.0,0.0,0.0,1.0,1.0,0.0,0.0,1.0,1.0,0.0,0.0,0.0,1.0,0.0,0.0,0.0,1.0,1.0,0.0,0.0,0.0,0.0,1.0,1.0,0.0,0.0,0.0,0.0,1.0,0.0,0.0,1.0,1.0,0.0,0.0,0.0,1.0,0.0,0.0,1.0,0.0,0.0,1.0,6.0,0.0,0.0,1.0,-0.9503927898322478,0.0,0.0,1.0,0.0,0.0,1.0,0.0,0.0,1.0
9547-ITEFG,0,-0.9516816739185228,1.2575917192067896,-0.6112874867636389,0.0,1.0,0.0,1.0,0.0,1.0,0.0,1.0,0.0,0.0,1.0,0.0,1.0,0.0,1.0,0.0,0.0,0.0,0.0,1.0,0.0,0.0,1.0,1.0,0.0,0.0,0.0,0.0,1.0,0.0,0.0,1.0,1.0,0.0,0.0,0.0,1.0,0.0,1.0,0.0,0.0,1.0,0.0,7.0,1.0,0.0,0.0,0.6423234822277072,1.0,0.0,0.0,1.0,0.0,0.0,1.0,0.0,0.0
1264-FUHCX,0,0.6771328748826912,-0.28123230294704044,0.21940233190047867,1.0,0.0,0.0,1.0,1.0,0.0,1.0,0.0,0.0,1.0,0.0,1.0,0.0,0.0,1.0,0.0,0.0,0.0,0.0,1.0,1.0,0.0,0.0,0.0,0.0,1.0,0.0,0.0,1.0,0.0,0.0,1.0,0.0,1.0,0.0,0.0,1.0,0.0,1.0,0.0,0.0,1.0,0.0,5.0,0.0,1.0,0.0,0.32401665912098665,0.0,1.0,0.0,0.0,1.0,0.0,0.0,1.0,0.0
7789-CRUVC,1,1.1657772395230555,0.9784098231788811,1.5936351075681774,1.0,0.0,0.0,1.0,1.0,0.0,0.0,1.0,0.0,0.0,1.0,0.0,1.0,0.0,0.0,0.0,1.0,0.0,0.0,1.0,0.0,0.0,1.0,0.0,0.0,1.0,1.0,0.0,0.0,1.0,0.0,0.0,1.0,0.0,0.0,0.0,1.0,0.0,1.0,0.0,0.0,1.0,0.0,7.0,0.0,1.0,0.0,1.36701511535786,0.0,1.0,0.0,0.0,1.0,0.0,0.0,1.0,0.0
6598-KELSS,0,0.7178532386027215,-0.721608507991063,-0.033199551242703386,0.0,1.0,1.0,0.0,0.0,1.0,1.0,0.0,0.0,1.0,0.0,1.0,0.0,0.0,0.0,0.0,1.0,0.0,0.0,1.0,1.0,0.0,0.0,1.0,0.0,0.0,0.0,0.0,1.0,1.0,0.0,0.0,0.0,1.0,0.0,0.0,1.0,1.0,0.0,0.0,0.0,1.0,0.0,4.0,0.0,1.0,0.0,-0.04624838261832635,0.0,1.0,0.0,0.0,1.0,0.0,0.0,1.0,0.0
8739-WWKDU,1,-0.30015585439803716,0.8222009051632655,-0.03844968207739711,0.0,1.0,1.0,0.0,1.0,0.0,0.0,1.0,0.0,0.0,1.0,0.0,1.0,0.0,1.0,0.0,0.0,0.0,0.0,1.0,1.0,0.0,0.0,1.0,0.0,0.0,0.0,0.0,1.0,1.0,0.0,0.0,1.0,0.0,0.0,0.0,1.0,0.0,0.0,1.0,0.0,0.0,1.0,5.0,0.0,0.0,1.0,0.1280990575862929,0.0,0.0,1.0,0.0,0.0,1.0,0.0,0.0,1.0
8685-WHQPW,1,-0.4223169455581282,0.32033821111309646,-0.260609630128658,1.0,0.0,1.0,0.0,1.0,0.0,0.0,1.0,0.0,0.0,1.0,0.0,1.0,0.0,1.0,0.0,0.0,1.0,0.0,0.0,1.0,0.0,0.0,1.0,0.0,0.0,1.0,0.0,0.0,1.0,0.0,0.0,1.0,0.0,0.0,0.0,1.0,1.0,0.0,0.0,0.0,0.0,1.0,3.0,0.0,0.0,1.0,0.6170948925202135,0.0,0.0,1.0,0.0,0.0,1.0,0.0,0.0,1.0
4745-LSPLO,0,-1.2774445836787656,-1.4710789550659844,-0.9983191905228853,0.0,1.0,1.0,0.0,1.0,0.0,0.0,1.0,1.0,0.0,0.0,0.0,0.0,1.0,0.0,1.0,0.0,0.0,1.0,0.0,0.0,1.0,0.0,0.0,1.0,0.0,0.0,1.0,0.0,0.0,1.0,0.0,1.0,0.0,0.0,1.0,0.0,0.0,0.0,0.0,1.0,0.0,1.0,1.0,1.0,0.0,0.0,0.7814970631821389,1.0,0.0,0.0,1.0,0.0,0.0,1.0,0.0,0.0
8083-YTZES,0,-1.1552834925186746,0.31867641411292996,-0.8902944396930746,0.0,1.0,1.0,0.0,1.0,0.0,0.0,1.0,0.0,0.0,1.0,0.0,1.0,0.0,1.0,0.0,0.0,1.0,0.0,0.0,1.0,0.0,0.0,1.0,0.0,0.0,1.0,0.0,0.0,1.0,0.0,0.0,1.0,0.0,0.0,0.0,1.0,0.0,0.0,1.0,0.0,0.0,1.0,3.0,1.0,0.0,0.0,0.7706285474157621,1.0,0.0,0.0,1.0,0.0,0.0,1.0,0.0,0.0
7240-FQLHE,1,-0.5851984004382496,1.1628692901973208,-0.1972330507669985,1.0,0.0,0.0,1.0,1.0,0.0,0.0,1.0,0.0,0.0,1.0,0.0,1.0,0.0,1.0,0.0,0.0,1.0,0.0,0.0,1.0,0.0,0.0,0.0,0.0,1.0,0.0,0.0,1.0,0.0,0.0,1.0,1.0,0.0,0.0,1.0,0.0,1.0,0.0,0.0,0.0,0.0,1.0,6.0,1.0,0.0,0.0,0.3370362096329938,1.0,0.0,0.0,1.0,0.0,0.0,1.0,0.0,0.0
6664-FPDAC,1,0.9621754209229036,1.5683477582378549,1.8245746861749343,1.0,0.0,1.0,0.0,1.0,0.0,0.0,1.0,0.0,0.0,1.0,0.0,1.0,0.0,1.0,0.0,0.0,0.0,0.0,1.0,0.0,0.0,1.0,0.0,0.0,1.0,0.0,0.0,1.0,0.0,0.0,1.0,0.0,1.0,0.0,0.0,1.0,0.0,0.0,1.0,0.0,0.0,1.0,8.0,0.0,1.0,0.0,1.896301491909688,0.0,1.0,0.0,0.0,1.0,0.0,0.0,1.0,0.0
9972-VAFJJ,1,0.8400143297628127,0.9717626351782166,1.1418591433054606,1.0,0.0,0.0,1.0,1.0,0.0,0.0,1.0,1.0,0.0,0.0,0.0,1.0,0.0,1.0,0.0,0.0,0.0,0.0,1.0,0.0,0.0,1.0,0.0,0.0,1.0,0.0,0.0,1.0,1.0,0.0,0.0,0.0,1.0,0.0,0.0,1.0,0.0,0.0,1.0,0.0,1.0,0.0,6.0,0.0,1.0,0.0,1.3593329337939712,0.0,1.0,0.0,0.0,1.0,0.0,0.0,1.0,0.0
0422-UXFAP,0,0.758573602322752,1.1329569441943304,1.1754335093995942,1.0,0.0,0.0,1.0,1.0,0.0,0.0,1.0,0.0,0.0,1.0,0.0,1.0,0.0,1.0,0.0,0.0,1.0,0.0,0.0,0.0,0.0,1.0,1.0,0.0,0.0,0.0,0.0,1.0,0.0,0.0,1.0,0.0,1.0,0.0,0.0,1.0,0.0,0.0,1.0,0.0,1.0,0.0,6.0,0.0,1.0,0.0,1.549531259459092,0.0,1.0,0.0,0.0,1.0,0.0,0.0,1.0,0.0
1904-WAJAA,0,-0.3408762181180675,-0.013682985920294679,-0.31970669107884436,1.0,0.0,0.0,1.0,0.0,1.0,0.0,1.0,0.0,0.0,1.0,1.0,0.0,0.0,0.0,0.0,1.0,0.0,0.0,1.0,0.0,0.0,1.0,1.0,0.0,0.0,1.0,0.0,0.0,1.0,0.0,0.0,0.0,0.0,1.0,1.0,0.0,0.0,0.0,1.0,0.0,1.0,0.0,6.0,0.0,0.0,1.0,0.9378967322622349,0.0,0.0,1.0,0.0,0.0,1.0,0.0,0.0,1.0
5130-YPIRV,0,1.2064976032430856,0.24057195510512236,0.8827718044253039,1.0,0.0,0.0,1.0,1.0,0.0,0.0,1.0,1.0,0.0,0.0,1.0,0.0,0.0,0.0,0.0,1.0,0.0,0.0,1.0,0.0,0.0,1.0,1.0,0.0,0.0,0.0,0.0,1.0,1.0,0.0,0.0,0.0,0.0,1.0,0.0,1.0,0.0,1.0,0.0,0.0,1.0,0.0,6.0,0.0,1.0,0.0,0.7316813577187378,0.0,1.0,0.0,0.0,1.0,0.0,0.0,1.0,0.0
2843-CQMEG,0,-0.3408762181180675,-0.5005895069689685,-0.46988690419898976,0.0,1.0,1.0,0.0,1.0,0.0,0.0,1.0,1.0,0.0,0.0,1.0,0.0,0.0,1.0,0.0,0.0,0.0,0.0,1.0,1.0,0.0,0.0,1.0,0.0,0.0,1.0,0.0,0.0,1.0,0.0,0.0,1.0,0.0,0.0,0.0,1.0,0.0,0.0,0.0,1.0,1.0,0.0,3.0,0.0,0.0,1.0,1.378467840300427,0.0,0.0,1.0,0.0,0.0,1.0,0.0,0.0,1.0
6439-PKTRR,0,1.5322605130033284,0.5297246331340278,1.4712055860028417,1.0,0.0,0.0,1.0,0.0,1.0,0.0,1.0,0.0,0.0,1.0,1.0,0.0,0.0,0.0,0.0,1.0,0.0,0.0,1.0,0.0,0.0,1.0,0.0,0.0,1.0,0.0,0.0,1.0,1.0,0.0,0.0,0.0,0.0,1.0,1.0,0.0,0.0,0.0,1.0,0.0,1.0,0.0,8.0,0.0,1.0,0.0,0.9601536902619678,0.0,1.0,0.0,0.0,1.0,0.0,0.0,1.0,0.0
5351-QESIO,0,-1.2774445836787656,-1.3481059770536914,-0.9966867969020143,0.0,1.0,1.0,0.0,0.0,1.0,1.0,0.0,0.0,1.0,0.0,1.0,0.0,0.0,1.0,0.0,0.0,1.0,0.0,0.0,1.0,0.0,0.0,1.0,0.0,0.0,1.0,0.0,0.0,1.0,0.0,0.0,1.0,0.0,0.0,1.0,0.0,0.0,0.0,0.0,1.0,1.0,0.0,1.0,1.0,0.0,0.0,0.7802192045245288,1.0,0.0,0.0,1.0,0.0,0.0,1.0,0.0,0.0
0786-VSSUD,1,-0.6666391278783103,-0.8562140650045189,-0.7074222354089964,0.0,1.0,1.0,0.0,1.0,0.0,1.0,0.0,0.0,1.0,0.0,1.0,0.0,0.0,1.0,0.0,0.0,0.0,0.0,1.0,1.0,0.0,0.0,1.0,0.0,0.0,0.0,0.0,1.0,1.0,0.0,0.0,1.0,0.0,0.0,0.0,1.0,0.0,0.0,0.0,1.0,0.0,1.0,3.0,1.0,0.0,0.0,1.0611771884144952,1.0,0.0,0.0,1.0,0.0,0.0,1.0,0.0,0.0
5568-DMXZS,0,-0.9924020376385531,0.022876548083360315,-0.7627471435325751,1.0,0.0,1.0,0.0,1.0,0.0,0.0,1.0,1.0,0.0,0.0,1.0,0.0,0.0,1.0,0.0,0.0,0.0,0.0,1.0,1.0,0.0,0.0,0.0,0.0,1.0,0.0,0.0,1.0,1.0,0.0,0.0,1.0,0.0,0.0,0.0,1.0,0.0,0.0,1.0,0.0,1.0,0.0,5.0,1.0,0.0,0.0,0.7685868373946029,1.0,0.0,0.0,1.0,0.0,0.0,1.0,0.0,0.0
8468-FZTOE,0,1.6137012404433893,0.31867641411292996,1.3033116961589188,1.0,0.0,0.0,1.0,0.0,1.0,0.0,1.0,1.0,0.0,0.0,1.0,0.0,0.0,0.0,0.0,1.0,0.0,0.0,1.0,0.0,0.0,1.0,0.0,0.0,1.0,1.0,0.0,0.0,0.0,0.0,1.0,0.0,0.0,1.0,0.0,1.0,0.0,0.0,1.0,0.0,1.0,0.0,7.0,0.0,1.0,0.0,0.8076536495694915,0.0,1.0,0.0,0.0,1.0,0.0,0.0,1.0,0.0
6633-SYEUS,0,-0.38159658183809786,0.612814483142334,-0.11073824823408286,1.0,0.0,1.0,0.0,1.0,0.0,0.0,1.0,1.0,0.0,0.0,0.0,1.0,0.0,1.0,0.0,0.0,0.0,0.0,1.0,0.0,0.0,1.0,0.0,0.0,1.0,1.0,0.0,0.0,1.0,0.0,0.0,1.0,0.0,0.0,1.0,0.0,1.0,0.0,0.0,0.0,1.0,0.0,5.0,0.0,0.0,1.0,0.29019717026990144,0.0,0.0,1.0,0.0,0.0,1.0,0.0,0.0,1.0
6447-GORXK,0,-0.055833672077855064,-1.3215172250510334,-0.6591783861002775,0.0,1.0,1.0,0.0,0.0,1.0,1.0,0.0,0.0,1.0,0.0,1.0,0.0,0.0,1.0,0.0,0.0,1.0,0.0,0.0,1.0,0.0,0.0,1.0,0.0,0.0,1.0,0.0,0.0,1.0,0.0,0.0,1.0,0.0,0.0,1.0,0.0,0.0,1.0,0.0,0.0,1.0,0.0,1.0,0.0,0.0,1.0,11.806108421117496,0.0,0.0,1.0,0.0,0.0,1.0,0.0,0.0,1.0
6967-PEJLL,0,0.18848851024232702,-0.8163309370005319,-0.33439823366668475,0.0,1.0,0.0,1.0,0.0,1.0,1.0,0.0,0.0,1.0,0.0,1.0,0.0,0.0,0.0,0.0,1.0,1.0,0.0,0.0,0.0,0.0,1.0,0.0,0.0,1.0,1.0,0.0,0.0,1.0,0.0,0.0,0.0,1.0,0.0,0.0,1.0,0.0,0.0,1.0,0.0,1.0,0.0,4.0,0.0,0.0,1.0,-1.7741040726396076,0.0,0.0,1.0,0.0,0.0,1.0,0.0,0.0,1.0
3976-BWUCK,0,-0.0965540357978854,0.9750862291785486,0.229924652943121,1.0,0.0,0.0,1.0,1.0,0.0,0.0,1.0,0.0,0.0,1.0,0.0,1.0,0.0,1.0,0.0,0.0,0.0,0.0,1.0,1.0,0.0,0.0,0.0,0.0,1.0,0.0,0.0,1.0,1.0,0.0,0.0,1.0,0.0,0.0,0.0,1.0,0.0,1.0,0.0,0.0,0.0,1.0,6.0,0.0,0.0,1.0,-2.3813054632373687,0.0,0.0,1.0,0.0,0.0,1.0,0.0,0.0,1.0
5981-ZVXOT,1,0.10704778280226633,1.4486983742258936,0.6365671395260764,1.0,0.0,1.0,0.0,1.0,0.0,0.0,1.0,0.0,0.0,1.0,0.0,1.0,0.0,0.0,0.0,1.0,0.0,0.0,1.0,0.0,0.0,1.0,1.0,0.0,0.0,0.0,0.0,1.0,0.0,0.0,1.0,0.0,1.0,0.0,0.0,1.0,0.0,0.0,1.0,0.0,1.0,0.0,8.0,0.0,0.0,1.0,5.946570053691943,0.0,0.0,1.0,0.0,0.0,1.0,0.0,0.0,1.0
1684-FLBGS,0,-0.38159658183809786,0.1574821050968162,-0.2784777224652205,1.0,0.0,0.0,1.0,0.0,1.0,0.0,1.0,0.0,0.0,1.0,1.0,0.0,0.0,1.0,0.0,0.0,0.0,0.0,1.0,1.0,0.0,0.0,0.0,0.0,1.0,0.0,0.0,1.0,1.0,0.0,0.0,1.0,0.0,0.0,0.0,1.0,0.0,1.0,0.0,0.0,1.0,0.0,6.0,0.0,0.0,1.0,0.7297699605269835,0.0,0.0,1.0,0.0,0.0,1.0,0.0,0.0,1.0
1389-WNUIB,0,-0.5037576729981889,0.3735157151184122,-0.3064269483793251,1.0,0.0,0.0,1.0,0.0,1.0,0.0,1.0,0.0,0.0,1.0,1.0,0.0,0.0,0.0,0.0,1.0,1.0,0.0,0.0,1.0,0.0,0.0,1.0,0.0,0.0,0.0,0.0,1.0,0.0,0.0,1.0,0.0,1.0,0.0,1.0,0.0,1.0,0.0,0.0,0.0,1.0,0.0,6.0,1.0,0.0,0.0,0.6082824437304934,1.0,0.0,0.0,1.0,0.0,0.0,1.0,0.0,0.0
0376-OIWME,0,0.14776814652229667,0.9584682591768874,0.47769553334345494,0.0,1.0,0.0,1.0,1.0,0.0,0.0,1.0,1.0,0.0,0.0,0.0,1.0,0.0,0.0,0.0,1.0,1.0,0.0,0.0,1.0,0.0,0.0,1.0,0.0,0.0,0.0,0.0,1.0,0.0,0.0,1.0,1.0,0.0,0.0,0.0,1.0,0.0,0.0,1.0,0.0,1.0,0.0,5.0,0.0,0.0,1.0,3.2327368555805474,0.0,0.0,1.0,0.0,0.0,1.0,0.0,0.0,1.0
3585-ISXZP,0,-0.9924020376385531,1.0266019361836989,-0.6640755669628909,1.0,0.0,1.0,0.0,1.0,0.0,0.0,1.0,0.0,0.0,1.0,0.0,1.0,0.0,1.0,0.0,0.0,1.0,0.0,0.0,1.0,0.0,0.0,1.0,0.0,0.0,0.0,0.0,1.0,0.0,0.0,1.0,1.0,0.0,0.0,1.0,0.0,1.0,0.0,0.0,0.0,0.0,1.0,5.0,1.0,0.0,0.0,0.669159818074413,1.0,0.0,0.0,1.0,0.0,0.0,1.0,0.0,0.0
0218-QNVAS,0,1.5729808767233588,1.1894580421999785,2.1311337962998844,0.0,1.0,0.0,1.0,0.0,1.0,0.0,1.0,0.0,0.0,1.0,0.0,1.0,0.0,1.0,0.0,0.0,0.0,0.0,1.0,1.0,0.0,0.0,1.0,0.0,0.0,0.0,0.0,1.0,0.0,0.0,1.0,0.0,1.0,0.0,1.0,0.0,1.0,0.0,0.0,0.0,1.0,0.0,6.0,0.0,1.0,0.0,1.354837701993683,0.0,1.0,0.0,0.0,1.0,0.0,0.0,1.0,0.0
6583-QGCSI,1,0.7178532386027215,0.7740087921584478,0.9194565421483949,1.0,0.0,0.0,1.0,1.0,0.0,0.0,1.0,0.0,0.0,1.0,0.0,1.0,0.0,1.0,0.0,0.0,0.0,0.0,1.0,1.0,0.0,0.0,1.0,0.0,0.0,0.0,0.0,1.0,1.0,0.0,0.0,1.0,0.0,0.0,0.0,1.0,0.0,0.0,1.0,0.0,0.0,1.0,5.0,0.0,1.0,0.0,1.2808419502823276,0.0,1.0,0.0,0.0,1.0,0.0,0.0,1.0,0.0
0804-YGEQV,0,0.43281069256250915,-1.3397969920528607,-0.5691982025930693,1.0,0.0,0.0,1.0,0.0,1.0,0.0,1.0,0.0,0.0,1.0,0.0,0.0,1.0,0.0,1.0,0.0,0.0,1.0,0.0,0.0,1.0,0.0,0.0,1.0,0.0,0.0,1.0,0.0,0.0,1.0,0.0,0.0,1.0,0.0,0.0,1.0,1.0,0.0,0.0,0.0,1.0,0.0,2.0,0.0,0.0,1.0,-1.315120472701497,0.0,0.0,1.0,0.0,0.0,1.0,0.0,0.0,1.0
7164-BPTUT,0,1.002895784642934,0.8238627021634315,1.2040224571380944,0.0,1.0,1.0,0.0,0.0,1.0,0.0,1.0,0.0,0.0,1.0,1.0,0.0,0.0,0.0,0.0,1.0,0.0,0.0,1.0,0.0,0.0,1.0,0.0,0.0,1.0,0.0,0.0,1.0,0.0,0.0,1.0,0.0,0.0,1.0,1.0,0.0,0.0,0.0,0.0,1.0,1.0,0.0,9.0,0.0,1.0,0.0,1.2005459346573766,0.0,1.0,0.0,0.0,1.0,0.0,0.0,1.0,0.0
4174-LPGTI,0,0.35136996512244845,0.05777428508684881,0.19646058371526257,1.0,0.0,0.0,1.0,0.0,1.0,0.0,1.0,1.0,0.0,0.0,1.0,0.0,0.0,1.0,0.0,0.0,0.0,0.0,1.0,1.0,0.0,0.0,0.0,0.0,1.0,1.0,0.0,0.0,0.0,0.0,1.0,0.0,1.0,0.0,0.0,1.0,1.0,0.0,0.0,0.0,0.0,1.0,5.0,0.0,0.0,1.0,0.5591274246983469,0.0,0.0,1.0,0.0,0.0,1.0,0.0,0.0,1.0
2523-EWWZL,0,-0.21871512695797646,0.37683930911874425,-0.0837816941164539,1.0,0.0,0.0,1.0,1.0,0.0,0.0,1.0,1.0,0.0,0.0,0.0,1.0,0.0,1.0,0.0,0.0,0.0,0.0,1.0,1.0,0.0,0.0,1.0,0.0,0.0,1.0,0.0,0.0,1.0,0.0,0.0,1.0,0.0,0.0,0.0,1.0,0.0,0.0,1.0,0.0,1.0,0.0,3.0,0.0,0.0,1.0,0.383063098020429,0.0,0.0,1.0,0.0,0.0,1.0,0.0,0.0,1.0
0928-XUTSN,0,-0.7888002190384014,0.5230774451333633,-0.5609700563689486,1.0,0.0,1.0,0.0,1.0,0.0,0.0,1.0,1.0,0.0,0.0,0.0,1.0,0.0,1.0,0.0,0.0,1.0,0.0,0.0,1.0,0.0,0.0,1.0,0.0,0.0,1.0,0.0,0.0,0.0,0.0,1.0,1.0,0.0,0.0,0.0,1.0,0.0,0.0,1.0,0.0,1.0,0.0,3.0,1.0,0.0,0.0,0.7111687380776941,1.0,0.0,0.0,1.0,0.0,0.0,1.0,0.0,0.0
2108-XWMPY,0,-1.1960038562387048,-0.9742016520163136,-0.9602226529114737,0.0,1.0,1.0,0.0,1.0,0.0,1.0,0.0,0.0,1.0,0.0,1.0,0.0,0.0,0.0,0.0,1.0,0.0,0.0,1.0,1.0,0.0,0.0,1.0,0.0,0.0,1.0,0.0,0.0,1.0,0.0,0.0,1.0,0.0,0.0,0.0,1.0,0.0,0.0,0.0,1.0,0.0,1.0,3.0,1.0,0.0,0.0,0.8028591612833624,1.0,0.0,0.0,1.0,0.0,0.0,1.0,0.0,0.0
0052-YNYOT,0,1.4100994218432374,-1.4694171580658184,-0.41467229294168595,1.0,0.0,1.0,0.0,1.0,0.0,0.0,1.0,1.0,0.0,0.0,0.0,0.0,1.0,0.0,1.0,0.0,0.0,1.0,0.0,0.0,1.0,0.0,0.0,1.0,0.0,0.0,1.0,0.0,0.0,1.0,0.0,0.0,1.0,0.0,1.0,0.0,0.0,0.0,1.0,0.0,1.0,0.0,1.0,0.0,1.0,0.0,-0.29407308911568764,0.0,1.0,0.0,0.0,1.0,0.0,0.0,1.0,0.0
6304-IJFSQ,0,-1.1960038562387048,-0.49394231896830415,-0.9499650443478915,0.0,1.0,1.0,0.0,1.0,0.0,0.0,1.0,1.0,0.0,0.0,1.0,0.0,0.0,1.0,0.0,0.0,0.0,0.0,1.0,1.0,0.0,0.0,1.0,0.0,0.0,1.0,0.0,0.0,1.0,0.0,0.0,1.0,0.0,0.0,0.0,1.0,0.0,0.0,0.0,1.0,0.0,1.0,3.0,1.0,0.0,0.0,0.79428259314767,1.0,0.0,0.0,1.0,0.0,0.0,1.0,0.0,0.0
9586-JGQKH,0,1.2879383306831464,1.3506523512160928,1.9903949949328859,1.0,0.0,0.0,1.0,1.0,0.0,0.0,1.0,0.0,0.0,1.0,0.0,1.0,0.0,1.0,0.0,0.0,0.0,0.0,1.0,1.0,0.0,0.0,0.0,0.0,1.0,0.0,0.0,1.0,0.0,0.0,1.0,0.0,0.0,1.0,0.0,1.0,1.0,0.0,0.0,0.0,1.0,0.0,7.0,0.0,1.0,0.0,1.5454117231507065,0.0,1.0,0.0,0.0,1.0,0.0,0.0,1.0,0.0
4501-VCPFK,0,-0.2594354906780068,-0.9642308700153169,-0.5562493504923753,0.0,1.0,1.0,0.0,1.0,0.0,1.0,0.0,0.0,1.0,0.0,1.0,0.0,0.0,1.0,0.0,0.0,1.0,0.0,0.0,0.0,0.0,1.0,0.0,0.0,1.0,1.0,0.0,0.0,1.0,0.0,0.0,1.0,0.0,0.0,1.0,0.0,0.0,0.0,1.0,0.0,1.0,0.0,3.0,0.0,0.0,1.0,2.1440757740534164,0.0,0.0,1.0,0.0,0.0,1.0,0.0,0.0,1.0
6075-SLNIL,0,0.22920887396235737,1.0083221691818711,0.6211476376208204,0.0,1.0,1.0,0.0,1.0,0.0,0.0,1.0,0.0,0.0,1.0,0.0,1.0,0.0,1.0,0.0,0.0,0.0,0.0,1.0,0.0,0.0,1.0,1.0,0.0,0.0,1.0,0.0,0.0,0.0,0.0,1.0,1.0,0.0,0.0,0.0,1.0,0.0,1.0,0.0,0.0,1.0,0.0,6.0,0.0,0.0,1.0,2.7099633050107412,0.0,0.0,1.0,0.0,0.0,1.0,0.0,0.0,1.0
9347-AERRL,0,-0.38159658183809786,-1.5109620830699715,-0.7928581880256712,0.0,1.0,0.0,1.0,1.0,0.0,0.0,1.0,1.0,0.0,0.0,0.0,0.0,1.0,0.0,1.0,0.0,0.0,1.0,0.0,0.0,1.0,0.0,0.0,1.0,0.0,0.0,1.0,0.0,0.0,1.0,0.0,0.0,1.0,0.0,1.0,0.0,0.0,1.0,0.0,0.0,1.0,0.0,1.0,0.0,0.0,1.0,2.077739229755631,0.0,0.0,1.0,0.0,0.0,1.0,0.0,0.0,1.0
0093-XWZFY,0,0.3106496014024181,1.3207400052131024,0.7736440849327424,0.0,1.0,1.0,0.0,1.0,0.0,0.0,1.0,0.0,0.0,1.0,0.0,1.0,0.0,1.0,0.0,0.0,0.0,0.0,1.0,0.0,0.0,1.0,1.0,0.0,0.0,0.0,0.0,1.0,0.0,0.0,1.0,1.0,0.0,0.0,0.0,1.0,0.0,1.0,0.0,0.0,0.0,1.0,7.0,0.0,0.0,1.0,2.4904074604961663,0.0,0.0,1.0,0.0,0.0,1.0,0.0,0.0,1.0
2274-XUATA,1,1.6137012404433893,-0.055227910924447524,1.0598423935433132,0.0,1.0,0.0,1.0,1.0,0.0,1.0,0.0,0.0,1.0,0.0,1.0,0.0,0.0,0.0,0.0,1.0,0.0,0.0,1.0,0.0,0.0,1.0,0.0,0.0,1.0,0.0,0.0,1.0,0.0,0.0,1.0,0.0,0.0,1.0,0.0,1.0,1.0,0.0,0.0,0.0,1.0,0.0,7.0,0.0,1.0,0.0,0.6567773308844364,0.0,1.0,0.0,0.0,1.0,0.0,0.0,1.0,0.0
1980-KXVPM,1,-1.1960038562387048,0.3419415721152558,-0.8943092456254874,1.0,0.0,1.0,0.0,1.0,0.0,0.0,1.0,0.0,0.0,1.0,0.0,1.0,0.0,1.0,0.0,0.0,1.0,0.0,0.0,1.0,0.0,0.0,1.0,0.0,0.0,1.0,0.0,0.0,1.0,0.0,0.0,1.0,0.0,0.0,0.0,1.0,0.0,1.0,0.0,0.0,0.0,1.0,3.0,1.0,0.0,0.0,0.747747794424332,1.0,0.0,0.0,1.0,0.0,0.0,1.0,0.0,0.0
7703-ZEKEF,0,-0.38159658183809786,0.5396954151350245,-0.16156304421363854,0.0,1.0,1.0,0.0,1.0,0.0,0.0,1.0,0.0,0.0,1.0,0.0,1.0,0.0,1.0,0.0,0.0,1.0,0.0,0.0,0.0,0.0,1.0,1.0,0.0,0.0,1.0,0.0,0.0,1.0,0.0,0.0,1.0,0.0,0.0,0.0,1.0,0.0,0.0,1.0,0.0,0.0,1.0,4.0,0.0,0.0,1.0,0.4233870320206008,0.0,0.0,1.0,0.0,0.0,1.0,0.0,0.0,1.0
0723-DRCLG,1,-1.2774445836787656,0.32200000811326246,-0.9745171267807238,1.0,0.0,0.0,1.0,1.0,0.0,0.0,1.0,0.0,0.0,1.0,0.0,1.0,0.0,1.0,0.0,0.0,1.0,0.0,0.0,1.0,0.0,0.0,1.0,0.0,0.0,1.0,0.0,0.0,1.0,0.0,0.0,1.0,0.0,0.0,0.0,1.0,0.0,0.0,1.0,0.0,0.0,1.0,3.0,1.0,0.0,0.0,0.7628645024853635,1.0,0.0,0.0,1.0,0.0,0.0,1.0,0.0,0.0
5482-NUPNA,0,-1.1552834925186746,-0.14496494893341827,-0.8872943649303925,1.0,0.0,1.0,0.0,1.0,0.0,0.0,1.0,1.0,0.0,0.0,1.0,0.0,0.0,0.0,0.0,1.0,0.0,0.0,1.0,1.0,0.0,0.0,0.0,0.0,1.0,1.0,0.0,0.0,1.0,0.0,0.0,1.0,0.0,0.0,0.0,1.0,0.0,0.0,0.0,1.0,0.0,1.0,5.0,1.0,0.0,0.0,0.7680317174756566,1.0,0.0,0.0,1.0,0.0,0.0,1.0,0.0,0.0
6691-CCIHA,0,1.2064976032430856,0.6709773781481484,1.2649945648149572,1.0,0.0,0.0,1.0,1.0,0.0,0.0,1.0,0.0,0.0,1.0,1.0,0.0,0.0,0.0,0.0,1.0,0.0,0.0,1.0,1.0,0.0,0.0,0.0,0.0,1.0,0.0,0.0,1.0,0.0,0.0,1.0,0.0,0.0,1.0,0.0,1.0,0.0,0.0,1.0,0.0,1.0,0.0,8.0,0.0,1.0,0.0,1.0484849380675358,0.0,1.0,0.0,0.0,1.0,0.0,0.0,1.0,0.0
1685-BQULA,0,0.3106496014024181,0.9518210711762233,0.6499130603453607,1.0,0.0,1.0,0.0,1.0,0.0,0.0,1.0,0.0,0.0,1.0,0.0,1.0,0.0,1.0,0.0,0.0,0.0,0.0,1.0,0.0,0.0,1.0,1.0,0.0,0.0,0.0,0.0,1.0,1.0,0.0,0.0,1.0,0.0,0.0,0.0,1.0,1.0,0.0,0.0,0.0,1.0,0.0,6.0,0.0,0.0,1.0,2.0921097513447564,0.0,0.0,1.0,0.0,0.0,1.0,0.0,0.0,1.0
9053-EJUNL,0,0.35136996512244845,0.8122301231622688,0.6010956673320114,0.0,1.0,1.0,0.0,1.0,0.0,0.0,1.0,0.0,0.0,1.0,0.0,1.0,0.0,1.0,0.0,0.0,0.0,0.0,1.0,1.0,0.0,0.0,1.0,0.0,0.0,0.0,0.0,1.0,1.0,0.0,0.0,1.0,0.0,0.0,0.0,1.0,0.0,0.0,1.0,0.0,1.0,0.0,5.0,0.0,0.0,1.0,1.7107201155412823,0.0,0.0,1.0,0.0,0.0,1.0,0.0,0.0,1.0
0666-UXTJO,1,0.06632741908223598,0.6792863631489789,0.26080777550014267,0.0,1.0,0.0,1.0,1.0,0.0,0.0,1.0,1.0,0.0,0.0,0.0,1.0,0.0,1.0,0.0,0.0,1.0,0.0,0.0,0.0,0.0,1.0,1.0,0.0,0.0,0.0,0.0,1.0,1.0,0.0,0.0,1.0,0.0,0.0,0.0,1.0,0.0,1.0,0.0,0.0,1.0,0.0,4.0,0.0,0.0,1.0,3.9321260967018845,0.0,0.0,1.0,0.0,0.0,1.0,0.0,0.0,1.0
1471-GIQKQ,0,-1.2774445836787656,-0.4922805219681379,-0.9853262196756813,1.0,0.0,1.0,0.0,1.0,0.0,0.0,1.0,1.0,0.0,0.0,1.0,0.0,0.0,1.0,0.0,0.0,0.0,0.0,1.0,1.0,0.0,0.0,1.0,0.0,0.0,1.0,0.0,0.0,1.0,0.0,0.0,1.0,0.0,0.0,1.0,0.0,0.0,0.0,1.0,0.0,1.0,0.0,3.0,1.0,0.0,0.0,0.7713259990019714,1.0,0.0,0.0,1.0,0.0,0.0,1.0,0.0,0.0
4807-IZYOZ,0,0.758573602322752,-1.4660935640654862,-0.5570214285563009,1.0,0.0,1.0,0.0,1.0,0.0,0.0,1.0,1.0,0.0,0.0,0.0,0.0,1.0,0.0,1.0,0.0,0.0,1.0,0.0,0.0,1.0,0.0,0.0,1.0,0.0,0.0,1.0,0.0,0.0,1.0,0.0,0.0,0.0,1.0,1.0,0.0,1.0,0.0,0.0,0.0,1.0,0.0,1.0,0.0,1.0,0.0,-0.7343010972840363,0.0,1.0,0.0,0.0,1.0,0.0,0.0,1.0,0.0
1122-JWTJW,0,-1.2774445836787656,0.19570343610063723,-0.9761936391481048,0.0,1.0,0.0,1.0,0.0,1.0,0.0,1.0,1.0,0.0,0.0,0.0,1.0,0.0,1.0,0.0,0.0,1.0,0.0,0.0,1.0,0.0,0.0,1.0,0.0,0.0,1.0,0.0,0.0,1.0,0.0,0.0,1.0,0.0,0.0,0.0,1.0,0.0,0.0,0.0,1.0,0.0,1.0,2.0,1.0,0.0,0.0,0.7641768978634494,1.0,0.0,0.0,1.0,0.0,0.0,1.0,0.0,0.0
9710-NJERN,0,0.26992923768238775,-1.4827115340671475,-0.6429426873845862,1.0,0.0,1.0,0.0,1.0,0.0,0.0,1.0,1.0,0.0,0.0,0.0,0.0,1.0,0.0,1.0,0.0,0.0,1.0,0.0,0.0,1.0,0.0,0.0,1.0,0.0,0.0,1.0,0.0,0.0,1.0,0.0,0.0,0.0,1.0,1.0,0.0,0.0,0.0,0.0,1.0,1.0,0.0,1.0,0.0,0.0,1.0,-2.3818934655055957,0.0,0.0,1.0,0.0,0.0,1.0,0.0,0.0,1.0
9837-FWLCH,0,-0.8295205827584317,-1.5142856770703037,-0.9019197293984678,0.0,1.0,0.0,1.0,0.0,1.0,0.0,1.0,1.0,0.0,0.0,0.0,0.0,1.0,0.0,1.0,0.0,0.0,1.0,0.0,0.0,1.0,0.0,0.0,1.0,0.0,0.0,1.0,0.0,0.0,1.0,0.0,1.0,0.0,0.0,0.0,1.0,0.0,0.0,1.0,0.0,1.0,0.0,1.0,1.0,0.0,0.0,1.087278300436241,1.0,0.0,0.0,1.0,0.0,0.0,1.0,0.0,0.0
1699-HPSBG,0,-0.8295205827584317,-0.16490651293541178,-0.6862672964574366,0.0,1.0,1.0,0.0,1.0,0.0,0.0,1.0,1.0,0.0,0.0,1.0,0.0,0.0,1.0,0.0,0.0,1.0,0.0,0.0,1.0,0.0,0.0,0.0,0.0,1.0,0.0,0.0,1.0,1.0,0.0,0.0,0.0,1.0,0.0,0.0,1.0,0.0,0.0,1.0,0.0,0.0,1.0,4.0,1.0,0.0,0.0,0.827305929137249,1.0,0.0,0.0,1.0,0.0,0.0,1.0,0.0,0.0
7203-OYKCT,0,1.6137012404433893,1.3356961782145975,2.3210870593988226,0.0,1.0,1.0,0.0,1.0,0.0,0.0,1.0,0.0,0.0,1.0,0.0,1.0,0.0,1.0,0.0,0.0,0.0,0.0,1.0,0.0,0.0,1.0,1.0,0.0,0.0,0.0,0.0,1.0,0.0,0.0,1.0,0.0,1.0,0.0,0.0,1.0,0.0,0.0,1.0,0.0,1.0,0.0,7.0,0.0,1.0,0.0,1.4383623196330122,0.0,1.0,0.0,0.0,1.0,0.0,0.0,1.0,0.0
1035-IPQPU,1,1.247217966963116,1.28750406520978,1.851266527813503,1.0,0.0,0.0,1.0,1.0,0.0,0.0,1.0,0.0,0.0,1.0,0.0,1.0,0.0,1.0,0.0,0.0,0.0,0.0,1.0,0.0,0.0,1.0,1.0,0.0,0.0,0.0,0.0,1.0,0.0,0.0,1.0,1.0,0.0,0.0,0.0,1.0,0.0,0.0,1.0,0.0,1.0,0.0,7.0,0.0,1.0,0.0,1.4843167568546183,0.0,1.0,0.0,0.0,1.0,0.0,0.0,1.0,0.0
7398-LXGYX,0,0.47353105628253944,0.6659919871476498,0.5925366305090654,0.0,1.0,0.0,1.0,1.0,0.0,0.0,1.0,0.0,0.0,1.0,0.0,1.0,0.0,0.0,0.0,1.0,1.0,0.0,0.0,0.0,0.0,1.0,1.0,0.0,0.0,1.0,0.0,0.0,1.0,0.0,0.0,1.0,0.0,0.0,0.0,1.0,0.0,1.0,0.0,0.0,1.0,0.0,5.0,0.0,0.0,1.0,1.2513152466931745,0.0,0.0,1.0,0.0,0.0,1.0,0.0,0.0,1.0
2823-LKABH,0,-0.5851984004382496,1.0066603721817051,-0.266433304667982,1.0,0.0,1.0,0.0,1.0,0.0,0.0,1.0,0.0,0.0,1.0,0.0,1.0,0.0,1.0,0.0,0.0,1.0,0.0,0.0,0.0,0.0,1.0,0.0,0.0,1.0,1.0,0.0,0.0,0.0,0.0,1.0,1.0,0.0,0.0,0.0,1.0,1.0,0.0,0.0,0.0,1.0,0.0,6.0,1.0,0.0,0.0,0.4552871376074381,1.0,0.0,0.0,1.0,0.0,0.0,1.0,0.0,0.0
8775-CEBBJ,0,-0.9516816739185228,-0.683387176987242,-0.829410569509232,1.0,0.0,1.0,0.0,1.0,0.0,0.0,1.0,1.0,0.0,0.0,1.0,0.0,0.0,1.0,0.0,0.0,1.0,0.0,0.0,1.0,0.0,0.0,1.0,0.0,0.0,1.0,0.0,0.0,1.0,0.0,0.0,1.0,0.0,0.0,0.0,1.0,1.0,0.0,0.0,0.0,0.0,1.0,2.0,1.0,0.0,0.0,0.8715210056469377,1.0,0.0,0.0,1.0,0.0,0.0,1.0,0.0,0.0
0550-DCXLH,0,-0.7888002190384014,0.2854404741096075,-0.5963753504432485,0.0,1.0,1.0,0.0,1.0,0.0,0.0,1.0,1.0,0.0,0.0,1.0,0.0,0.0,1.0,0.0,0.0,0.0,0.0,1.0,1.0,0.0,0.0,0.0,0.0,1.0,0.0,0.0,1.0,0.0,0.0,1.0,1.0,0.0,0.0,1.0,0.0,0.0,0.0,0.0,1.0,1.0,0.0,6.0,1.0,0.0,0.0,0.7560537333144618,1.0,0.0,0.0,1.0,0.0,0.0,1.0,0.0,0.0
9281-CEDRU,0,1.4508197855632678,-0.021991970921125294,0.9013237373327719,1.0,0.0,0.0,1.0,1.0,0.0,0.0,1.0,1.0,0.0,0.0,1.0,0.0,0.0,1.0,0.0,0.0,0.0,0.0,1.0,1.0,0.0,0.0,0.0,0.0,1.0,0.0,0.0,1.0,1.0,0.0,0.0,0.0,0.0,1.0,1.0,0.0,1.0,0.0,0.0,0.0,1.0,0.0,5.0,0.0,1.0,0.0,0.6212513410015573,0.0,1.0,0.0,0.0,1.0,0.0,0.0,1.0,0.0
2235-DWLJU,1,-1.0738427650786138,-0.6767399889865777,-0.8913091708628054,1.0,0.0,1.0,0.0,1.0,0.0,1.0,0.0,0.0,1.0,0.0,1.0,0.0,0.0,1.0,0.0,0.0,1.0,0.0,0.0,1.0,0.0,0.0,1.0,0.0,0.0,0.0,0.0,1.0,0.0,0.0,1.0,1.0,0.0,0.0,0.0,1.0,0.0,0.0,1.0,0.0,1.0,0.0,3.0,1.0,0.0,0.0,0.8300183228384972,1.0,0.0,0.0,1.0,0.0,0.0,1.0,0.0,0.0
0871-OPBXW,0,-1.2367242199587352,-1.4860351280674797,-0.9900469255522546,1.0,0.0,1.0,0.0,1.0,0.0,0.0,1.0,1.0,0.0,0.0,0.0,0.0,1.0,0.0,1.0,0.0,0.0,1.0,0.0,0.0,1.0,0.0,0.0,1.0,0.0,0.0,1.0,0.0,0.0,1.0,0.0,1.0,0.0,0.0,0.0,1.0,0.0,0.0,0.0,1.0,1.0,0.0,1.0,1.0,0.0,0.0,0.8005397723878075,1.0,0.0,0.0,1.0,0.0,0.0,1.0,0.0,0.0
3605-JISKB,1,0.9214550572028734,-0.1582593249347472,0.4556582194616944,0.0,1.0,0.0,1.0,1.0,0.0,0.0,1.0,0.0,0.0,1.0,1.0,0.0,0.0,0.0,0.0,1.0,0.0,0.0,1.0,1.0,0.0,0.0,1.0,0.0,0.0,1.0,0.0,0.0,1.0,0.0,0.0,0.0,1.0,0.0,1.0,0.0,0.0,1.0,0.0,0.0,1.0,0.0,5.0,0.0,1.0,0.0,0.49449858232355853,0.0,1.0,0.0,0.0,1.0,0.0,0.0,1.0,0.0
6894-LFHLY,1,-1.2774445836787656,0.3652067301175816,-0.9739435830760933,0.0,1.0,1.0,0.0,1.0,0.0,0.0,1.0,0.0,0.0,1.0,0.0,1.0,0.0,1.0,0.0,0.0,1.0,0.0,0.0,1.0,0.0,0.0,1.0,0.0,0.0,1.0,0.0,0.0,1.0,0.0,0.0,1.0,0.0,0.0,0.0,1.0,0.0,0.0,1.0,0.0,0.0,1.0,3.0,1.0,0.0,0.0,0.7624155251191761,1.0,0.0,0.0,1.0,0.0,0.0,1.0,0.0,0.0
9767-FFLEM,0,0.22920887396235737,0.1574821050968162,0.15086385919714562,0.0,1.0,1.0,0.0,1.0,0.0,0.0,1.0,1.0,0.0,0.0,0.0,1.0,0.0,1.0,0.0,0.0,1.0,0.0,0.0,1.0,0.0,0.0,1.0,0.0,0.0,1.0,0.0,0.0,1.0,0.0,0.0,1.0,0.0,0.0,0.0,1.0,0.0,1.0,0.0,0.0,1.0,0.0,2.0,0.0,0.0,1.0,0.6581937976010552,0.0,0.0,1.0,0.0,0.0,1.0,0.0,0.0,1.0
0639-TSIQW,0,1.4100994218432374,1.2692242982079527,2.030763647989564,1.0,0.0,1.0,0.0,1.0,0.0,0.0,1.0,0.0,0.0,1.0,0.0,1.0,0.0,0.0,0.0,1.0,0.0,0.0,1.0,0.0,0.0,1.0,1.0,0.0,0.0,0.0,0.0,1.0,1.0,0.0,0.0,1.0,0.0,0.0,0.0,1.0,0.0,1.0,0.0,0.0,0.0,1.0,7.0,0.0,1.0,0.0,1.440156358148856,0.0,1.0,0.0,0.0,1.0,0.0,0.0,1.0,0.0
8456-QDAVC,0,-0.5444780367182193,0.46325275312738295,-0.3477441544859691,0.0,1.0,1.0,0.0,1.0,0.0,0.0,1.0,1.0,0.0,0.0,0.0,1.0,0.0,1.0,0.0,0.0,1.0,0.0,0.0,1.0,0.0,0.0,1.0,0.0,0.0,0.0,0.0,1.0,1.0,0.0,0.0,1.0,0.0,0.0,0.0,1.0,1.0,0.0,0.0,0.0,1.0,0.0,3.0,1.0,0.0,0.0,0.6386743468698174,1.0,0.0,0.0,1.0,0.0,0.0,1.0,0.0,0.0
7750-EYXWZ,0,-0.8295205827584317,-0.13665596393258767,-0.6794288907483818,1.0,0.0,1.0,0.0,1.0,0.0,1.0,0.0,0.0,1.0,0.0,1.0,0.0,0.0,1.0,0.0,0.0,0.0,0.0,1.0,0.0,0.0,1.0,0.0,0.0,1.0,0.0,0.0,1.0,0.0,0.0,1.0,0.0,1.0,0.0,1.0,0.0,0.0,0.0,1.0,0.0,1.0,0.0,6.0,1.0,0.0,0.0,0.8190621244008857,1.0,0.0,0.0,1.0,0.0,0.0,1.0,0.0,0.0
2569-WGERO,0,1.6137012404433893,-1.4494755940638249,-0.38114204559406245,1.0,0.0,1.0,0.0,1.0,0.0,0.0,1.0,1.0,0.0,0.0,0.0,0.0,1.0,0.0,1.0,0.0,0.0,1.0,0.0,0.0,1.0,0.0,0.0,1.0,0.0,0.0,1.0,0.0,0.0,1.0,0.0,0.0,0.0,1.0,0.0,1.0,1.0,0.0,0.0,0.0,1.0,0.0,1.0,0.0,1.0,0.0,-0.2361912081627562,0.0,1.0,0.0,0.0,1.0,0.0,0.0,1.0,0.0
6840-RESVB,0,-0.3408762181180675,0.6659919871476498,-0.12917988427527577,0.0,1.0,0.0,1.0,0.0,1.0,0.0,1.0,0.0,0.0,1.0,1.0,0.0,0.0,0.0,0.0,1.0,1.0,0.0,0.0,0.0,0.0,1.0,0.0,0.0,1.0,0.0,0.0,1.0,0.0,0.0,1.0,0.0,1.0,0.0,0.0,1.0,0.0,0.0,0.0,1.0,1.0,0.0,8.0,0.0,0.0,1.0,0.37896420286654436,0.0,0.0,1.0,0.0,0.0,1.0,0.0,0.0,1.0
2234-XADUH,0,1.6137012404433893,1.2775332832087833,2.2410556532296266,1.0,0.0,0.0,1.0,0.0,1.0,0.0,1.0,0.0,0.0,1.0,0.0,1.0,0.0,1.0,0.0,0.0,0.0,0.0,1.0,0.0,0.0,1.0,1.0,0.0,0.0,0.0,0.0,1.0,0.0,0.0,1.0,0.0,1.0,0.0,0.0,1.0,0.0,1.0,0.0,0.0,1.0,0.0,7.0,0.0,1.0,0.0,1.3887673858476195,0.0,1.0,0.0,0.0,1.0,0.0,0.0,1.0,0.0
4801-JZAZL,0,-0.8702409464784621,-1.16863190103575,-0.8545141362734395,1.0,0.0,0.0,1.0,0.0,1.0,1.0,0.0,0.0,1.0,0.0,1.0,0.0,0.0,0.0,0.0,1.0,1.0,0.0,0.0,1.0,0.0,0.0,1.0,0.0,0.0,1.0,0.0,0.0,1.0,0.0,0.0,1.0,0.0,0.0,0.0,1.0,0.0,0.0,1.0,0.0,1.0,0.0,2.0,1.0,0.0,0.0,0.981928211642232,1.0,0.0,0.0,1.0,0.0,0.0,1.0,0.0,0.0
8361-LTMKD,1,-1.1552834925186746,0.32033821111309646,-0.8720954567576868,0.0,1.0,0.0,1.0,1.0,0.0,0.0,1.0,0.0,0.0,1.0,0.0,1.0,0.0,1.0,0.0,0.0,1.0,0.0,0.0,1.0,0.0,0.0,1.0,0.0,0.0,1.0,0.0,0.0,1.0,0.0,0.0,1.0,0.0,0.0,0.0,1.0,0.0,0.0,0.0,1.0,0.0,1.0,3.0,1.0,0.0,0.0,0.7548757187349753,1.0,0.0,0.0,1.0,0.0,0.0,1.0,0.0,0.0
3186-AJIEK,0,1.369379058123207,1.3589613362169235,2.012344071321626,0.0,1.0,1.0,0.0,1.0,0.0,0.0,1.0,1.0,0.0,0.0,0.0,1.0,0.0,0.0,0.0,1.0,1.0,0.0,0.0,0.0,0.0,1.0,0.0,0.0,1.0,0.0,0.0,1.0,0.0,0.0,1.0,0.0,0.0,1.0,0.0,1.0,1.0,0.0,0.0,0.0,1.0,0.0,7.0,0.0,1.0,0.0,1.4695303388673333,0.0,1.0,0.0,0.0,1.0,0.0,0.0,1.0,0.0
